-0.5 1 0 0 0 0 255
-0.475 1 0 0 0 0 255
-0.45 1 0 0 0 0 255
-0.425 1 0 0 0 0 255
-0.4 1 0 0 0 0 255
-0.375 1 0 0 0 0 255
-0.35 1 0 0 0 0 255
-0.325 1 0 0 0 0 255
-0.3 1 0 0 0 0 255
-0.275 1 0 0 0 0 255
-0.25 1 0 0 0 0 255
-0.225 1 0 0 0 0 255
-0.2 1 0 0 0 0 255
-0.175 1 0 0 0 0 255
-0.15 1 0 0 0 0 255
-0.125 1 0 0 0 0 255
-0.1 1 0 0 0 0 255
-0.075 1 0 0 0 0 255
-0.05 1 0 0 0 0 255
-0.025 1 0 0 0 0 255
0 1 0 0 0 0 255
0.025 1 0 0 0 0 255
0.05 1 0 0 0 0 255
0.075 1 0 0 0 0 255
0.1 1 0 0 0 0 255
0.125 1 0 0 0 0 255
0.15 1 0 0 0 0 255
0.175 1 0 0 0 0 255
0.2 1 0 0 0 0 255
0.225 1 0 0 0 0 255
0.25 1 0 0 0 0 255
0.275 1 0 0 0 0 255
0.3 1 0 0 0 0 255
0.325 1 0 0 0 0 255
0.35 1 0 0 0 0 255
0.375 1 0 0 0 0 255
0.4 1 0 0 0 0 255
0.425 1 0 0 0 0 255
0.45 1 0 0 0 0 255
0.475 1 0 0 0 0 255
0.5 1 0 0 0 0 255
-0.5 0.975 0 0 0 0 255
-0.475 0.975 1.11876e+08 -1.37999e+07 255 0 0
-0.45 0.975 4.77947e+08 -2.10484e+07 255 0 0
-0.425 0.975 8.91774e+08 -3.23011e+07 255 0 0
-0.4 0.975 0 0 0 0 255
-0.375 0.975 0 0 0 0 255
-0.35 0.975 0 0 0 0 255
-0.325 0.975 0 0 0 0 255
-0.3 0.975 0 0 0 0 255
-0.275 0.975 0 0 0 0 255
-0.25 0.975 0 0 0 0 255
-0.225 0.975 0 0 0 0 255
-0.2 0.975 0 0 0 0 255
-0.175 0.975 0 0 0 0 255
-0.15 0.975 0 0 0 0 255
-0.125 0.975 0 0 0 0 255
-0.1 0.975 0 0 0 0 255
-0.075 0.975 0 0 0 0 255
-0.05 0.975 0 0 0 0 255
-0.025 0.975 0 0 0 0 255
0 0.975 0 0 0 0 255
0.025 0.975 0 0 0 0 255
0.05 0.975 0 0 0 0 255
0.075 0.975 0 0 0 0 255
0.1 0.975 0 0 0 0 255
0.125 0.975 0 0 0 0 255
0.15 0.975 0 0 0 0 255
0.175 0.975 0 0 0 0 255
0.2 0.975 0 0 0 0 255
0.225 0.975 0 0 0 0 255
0.25 0.975 0 0 0 0 255
0.275 0.975 0 0 0 0 255
0.3 0.975 0 0 0 0 255
0.325 0.975 0 0 0 0 255
0.35 0.975 0 0 0 0 255
0.375 0.975 0 0 0 0 255
0.4 0.975 0 0 0 0 255
0.425 0.975 0 0 0 0 255
0.45 0.975 0 0 0 0 255
0.475 0.975 0 0 0 0 255
0.5 0.975 0 0 0 0 255
-0.5 0.95 0 0 0 0 255
-0.475 0.95 -8.32149e+08 8.44034e+07 255 0 0
-0.45 0.95 -4.64779e+08 4.8604e+07 255 0 0
-0.425 0.95 -9.57112e+07 1.07216e+07 255 0 0
-0.4 0.95 0 0 0 0 255
-0.375 0.95 0 0 0 0 255
-0.35 0.95 0 0 0 0 255
-0.325 0.95 0 0 0 0 255
-0.3 0.95 0 0 0 0 255
-0.275 0.95 0 0 0 0 255
-0.25 0.95 0 0 0 0 255
-0.225 0.95 0 0 255 0 0
-0.2 0.95 0 0 255 0 0
-0.175 0.95 0 0 255 0 0
-0.15 0.95 0 0 0 0 255
-0.125 0.95 0 0 0 0 255
-0.1 0.95 0 0 0 0 255
-0.075 0.95 0 0 0 0 255
-0.05 0.95 0 0 0 0 255
-0.025 0.95 0 0 0 0 255
0 0.95 0 0 0 0 255
0.025 0.95 0 0 0 0 255
0.05 0.95 0 0 0 0 255
0.075 0.95 0 0 0 0 255
0.1 0.95 0 0 0 0 255
0.125 0.95 0 0 0 0 255
0.15 0.95 0 0 0 0 255
0.175 0.95 0 0 0 0 255
0.2 0.95 0 0 0 0 255
0.225 0.95 0 0 0 0 255
0.25 0.95 0 0 0 0 255
0.275 0.95 0 0 0 0 255
0.3 0.95 0 0 0 0 255
0.325 0.95 0 0 0 0 255
0.35 0.95 0 0 0 0 255
0.375 0.95 0 0 0 0 255
0.4 0.95 0 0 0 0 255
0.425 0.95 0 0 255 0 0
0.45 0.95 0 0 255 0 0
0.475 0.95 0 0 255 0 0
0.5 0.95 0 0 0 0 255
-0.5 0.925 0 0 0 0 255
-0.475 0.925 -1.95313e+08 3.82286e+07 255 0 0
-0.45 0.925 -1.00483e+08 2.25617e+07 255 0 0
-0.425 0.925 -2.2203e+07 4.93733e+06 255 0 0
-0.4 0.925 0 0 0 0 255
-0.375 0.925 0 0 0 0 255
-0.35 0.925 0 0 0 0 255
-0.325 0.925 0 0 0 0 255
-0.3 0.925 0 0 0 0 255
-0.275 0.925 0 0 0 0 255
-0.25 0.925 0 0 0 0 255
-0.225 0.925 0 0 255 0 0
-0.2 0.925 0 0 255 0 0
-0.175 0.925 0 0 255 0 0
-0.15 0.925 0 0 255 0 0
-0.125 0.925 0 0 0 0 255
-0.1 0.925 0 0 0 0 255
-0.075 0.925 0 0 0 0 255
-0.05 0.925 0 0 0 0 255
-0.025 0.925 0 0 0 0 255
0 0.925 0 0 0 0 255
0.025 0.925 0 0 0 0 255
0.05 0.925 0 0 0 0 255
0.075 0.925 0 0 0 0 255
0.1 0.925 0 0 0 0 255
0.125 0.925 0 0 0 0 255
0.15 0.925 0 0 0 0 255
0.175 0.925 0 0 0 0 255
0.2 0.925 0 0 0 0 255
0.225 0.925 0 0 0 0 255
0.25 0.925 0 0 0 0 255
0.275 0.925 0 0 0 0 255
0.3 0.925 0 0 0 0 255
0.325 0.925 0 0 0 0 255
0.35 0.925 0 0 0 0 255
0.375 0.925 0 0 0 0 255
0.4 0.925 0 0 0 0 255
0.425 0.925 0 0 255 0 0
0.45 0.925 0 0 255 0 0
0.475 0.925 0 0 255 0 0
0.5 0.925 0 0 0 0 255
-0.5 0.9 0 0 0 0 255
-0.475 0.9 -2.06915e+08 5.11031e+07 255 0 0
-0.45 0.9 -1.30537e+08 3.24326e+07 255 0 0
-0.425 0.9 -4.28991e+07 1.00088e+07 255 0 0
-0.4 0.9 0 0 0 0 255
-0.375 0.9 0 0 0 0 255
-0.35 0.9 0 0 0 0 255
-0.325 0.9 0 0 0 0 255
-0.3 0.9 0 0 0 0 255
-0.275 0.9 0 0 0 0 255
-0.25 0.9 0 0 0 0 255
-0.225 0.9 0 0 255 0 0
-0.2 0.9 0 0 255 0 0
-0.175 0.9 0 0 255 0 0
-0.15 0.9 0 0 255 0 0
-0.125 0.9 0 0 0 0 255
-0.1 0.9 0 0 0 0 255
-0.075 0.9 0 0 0 0 255
-0.05 0.9 0 0 0 0 255
-0.025 0.9 0 0 0 0 255
0 0.9 0 0 0 0 255
0.025 0.9 0 0 0 0 255
0.05 0.9 0 0 0 0 255
0.075 0.9 0 0 0 0 255
0.1 0.9 0 0 255 0 0
0.125 0.9 0 0 255 0 0
0.15 0.9 0 0 255 0 0
0.175 0.9 0 0 255 0 0
0.2 0.9 0 0 0 0 255
0.225 0.9 0 0 0 0 255
0.25 0.9 0 0 0 0 255
0.275 0.9 0 0 0 0 255
0.3 0.9 0 0 0 0 255
0.325 0.9 0 0 0 0 255
0.35 0.9 0 0 0 0 255
0.375 0.9 0 0 0 0 255
0.4 0.9 0 0 0 0 255
0.425 0.9 0 0 255 0 0
0.45 0.9 0 0 255 0 0
0.475 0.9 0 0 255 0 0
0.5 0.9 0 0 0 0 255
-0.5 0.875 0 0 0 0 255
-0.475 0.875 0 0 0 0 255
-0.45 0.875 0 0 0 0 255
-0.425 0.875 0 0 0 0 255
-0.4 0.875 0 0 0 0 255
-0.375 0.875 0 0 0 0 255
-0.35 0.875 0 0 0 0 255
-0.325 0.875 0 0 0 0 255
-0.3 0.875 0 0 0 0 255
-0.275 0.875 0 0 0 0 255
-0.25 0.875 0 0 0 0 255
-0.225 0.875 0 0 255 0 0
-0.2 0.875 0 0 255 0 0
-0.175 0.875 0 0 255 0 0
-0.15 0.875 0 0 0 0 255
-0.125 0.875 0 0 255 0 0
-0.1 0.875 0 0 255 0 0
-0.075 0.875 0 0 0 0 255
-0.05 0.875 0 0 0 0 255
-0.025 0.875 0 0 0 0 255
0 0.875 0 0 0 0 255
0.025 0.875 0 0 0 0 255
0.05 0.875 0 0 0 0 255
0.075 0.875 0 0 0 0 255
0.1 0.875 0 0 255 0 0
0.125 0.875 0 0 255 0 0
0.15 0.875 0 0 255 0 0
0.175 0.875 0 0 255 0 0
0.2 0.875 0 0 0 0 255
0.225 0.875 0 0 0 0 255
0.25 0.875 0 0 0 0 255
0.275 0.875 0 0 0 0 255
0.3 0.875 0 0 0 0 255
0.325 0.875 0 0 0 0 255
0.35 0.875 0 0 0 0 255
0.375 0.875 0 0 0 0 255
0.4 0.875 0 0 0 0 255
0.425 0.875 0 0 255 0 0
0.45 0.875 0 0 255 0 0
0.475 0.875 0 0 255 0 0
0.5 0.875 0 0 0 0 255
-0.5 0.85 0 0 0 0 255
-0.475 0.85 0 0 0 0 255
-0.45 0.85 0 0 0 0 255
-0.425 0.85 0 0 0 0 255
-0.4 0.85 0 0 0 0 255
-0.375 0.85 0 0 0 0 255
-0.35 0.85 0 0 0 0 255
-0.325 0.85 0 0 0 0 255
-0.3 0.85 0 0 0 0 255
-0.275 0.85 0 0 0 0 255
-0.25 0.85 0 0 0 0 255
-0.225 0.85 0 0 0 0 255
-0.2 0.85 0 0 0 0 255
-0.175 0.85 0 0 0 0 255
-0.15 0.85 0 0 255 0 0
-0.125 0.85 0 0 255 0 0
-0.1 0.85 0 0 255 0 0
-0.075 0.85 -2.00734e+09 -1.55933e+08 255 0 0
-0.05 0.85 0 0 0 0 255
-0.025 0.85 0 0 0 0 255
0 0.85 0 0 0 0 255
0.025 0.85 0 0 0 0 255
0.05 0.85 0 0 0 0 255
0.075 0.85 0 0 0 0 255
0.1 0.85 0 0 255 0 0
0.125 0.85 0 0 255 0 0
0.15 0.85 0 0 255 0 0
0.175 0.85 0 0 255 0 0
0.2 0.85 0 0 0 0 255
0.225 0.85 0 0 0 0 255
0.25 0.85 0 0 0 0 255
0.275 0.85 0 0 0 0 255
0.3 0.85 0 0 0 0 255
0.325 0.85 0 0 0 0 255
0.35 0.85 0 0 0 0 255
0.375 0.85 0 0 0 0 255
0.4 0.85 0 0 0 0 255
0.425 0.85 0 0 255 0 0
0.45 0.85 0 0 255 0 0
0.475 0.85 0 0 255 0 0
0.5 0.85 0 0 0 0 255
-0.5 0.825 0 0 0 0 255
-0.475 0.825 0 0 0 0 255
-0.45 0.825 0 0 0 0 255
-0.425 0.825 0 0 0 0 255
-0.4 0.825 0 0 0 0 255
-0.375 0.825 0 0 0 0 255
-0.35 0.825 0 0 0 0 255
-0.325 0.825 0 0 0 0 255
-0.3 0.825 0 0 0 0 255
-0.275 0.825 0 0 0 0 255
-0.25 0.825 0 0 0 0 255
-0.225 0.825 0 0 0 0 255
-0.2 0.825 0 0 0 0 255
-0.175 0.825 0 0 0 0 255
-0.15 0.825 0 0 255 0 0
-0.125 0.825 -2.07309e+06 208503 255 0 0
-0.1 0.825 1.28647e+10 1.004e+09 255 0 0
-0.075 0.825 2.57285e+10 2.00733e+09 255 0 0
-0.05 0.825 0 0 0 0 255
-0.025 0.825 0 0 0 0 255
0 0.825 0 0 0 0 255
0.025 0.825 0 0 0 0 255
0.05 0.825 0 0 0 0 255
0.075 0.825 0 0 0 0 255
0.1 0.825 0 0 255 0 0
0.125 0.825 0 0 255 0 0
0.15 0.825 0 0 255 0 0
0.175 0.825 0 0 255 0 0
0.2 0.825 0 0 0 0 255
0.225 0.825 0 0 0 0 255
0.25 0.825 0 0 0 0 255
0.275 0.825 0 0 0 0 255
0.3 0.825 0 0 0 0 255
0.325 0.825 0 0 0 0 255
0.35 0.825 0 0 0 0 255
0.375 0.825 0 0 0 0 255
0.4 0.825 0 0 0 0 255
0.425 0.825 -3.14572e+06 -8.457e+06 255 0 0
0.45 0.825 -2.69745e+06 -1.66677e+07 255 0 0
0.475 0.825 -3.93254e+07 -2.6358e+08 255 0 0
0.5 0.825 0 0 0 0 255
-0.5 0.8 0 0 0 0 255
-0.475 0.8 0 0 0 0 255
-0.45 0.8 0 0 0 0 255
-0.425 0.8 0 0 0 0 255
-0.4 0.8 0 0 0 0 255
-0.375 0.8 0 0 0 0 255
-0.35 0.8 0 0 0 0 255
-0.325 0.8 0 0 0 0 255
-0.3 0.8 0 0 0 0 255
-0.275 0.8 0 0 0 0 255
-0.25 0.8 0 0 0 0 255
-0.225 0.8 0 0 0 0 255
-0.2 0.8 0 0 0 0 255
-0.175 0.8 0 0 0 0 255
-0.15 0.8 5.19384e+07 4.14618e+06 255 0 0
-0.125 0.8 2.9401e+06 605347 255 0 0
-0.1 0.8 -1.30737e+07 -526834 255 0 0
-0.075 0.8 1.02191e+09 7.95473e+07 255 0 0
-0.05 0.8 -3.82598e+06 -606541 255 0 0
-0.025 0.8 2.01953e+08 1.19507e+07 255 0 0
0 0.8 7.82676e+08 4.70431e+07 255 0 0
0.025 0.8 1.1612e+09 6.97246e+07 255 0 0
0.05 0.8 0 0 0 0 255
0.075 0.8 0 0 0 0 255
0.1 0.8 0 0 0 0 255
0.125 0.8 0 0 0 0 255
0.15 0.8 0 0 0 0 255
0.175 0.8 0 0 0 0 255
0.2 0.8 0 0 0 0 255
0.225 0.8 0 0 0 0 255
0.25 0.8 0 0 0 0 255
0.275 0.8 0 0 0 0 255
0.3 0.8 0 0 0 0 255
0.325 0.8 0 0 0 0 255
0.35 0.8 0 0 0 0 255
0.375 0.8 0 0 0 0 255
0.4 0.8 0 0 0 0 255
0.425 0.8 639147 -3.69936e+06 255 0 0
0.45 0.8 9.2115e+06 3.09962e+07 255 0 0
0.475 0.8 3.97689e+07 4.15852e+07 255 0 0
0.5 0.8 0 0 0 0 255
-0.5 0.775 0 0 0 0 255
-0.475 0.775 0 0 0 0 255
-0.45 0.775 0 0 0 0 255
-0.425 0.775 0 0 0 0 255
-0.4 0.775 0 0 0 0 255
-0.375 0.775 0 0 0 0 255
-0.35 0.775 0 0 0 0 255
-0.325 0.775 0 0 0 0 255
-0.3 0.775 0 0 0 0 255
-0.275 0.775 0 0 0 0 255
-0.25 0.775 0 0 0 0 255
-0.225 0.775 0 0 0 0 255
-0.2 0.775 0 0 0 0 255
-0.175 0.775 0 0 0 0 255
-0.15 0.775 0 0 0 0 255
-0.125 0.775 6.5189e+06 431229 255 0 0
-0.1 0.775 -238666 -100833 255 0 0
-0.075 0.775 8.96198e+06 222782 255 0 0
-0.05 0.775 959398 -85270.4 255 0 0
-0.025 0.775 -5.852e+06 -325189 255 0 0
0 0.775 1.14032e+08 6.89201e+06 255 0 0
0.025 0.775 2.3978e+08 1.4439e+07 255 0 0
0.05 0.775 0 0 0 0 255
0.075 0.775 0 0 0 0 255
0.1 0.775 0 0 0 0 255
0.125 0.775 0 0 0 0 255
0.15 0.775 0 0 0 0 255
0.175 0.775 0 0 0 0 255
0.2 0.775 0 0 0 0 255
0.225 0.775 0 0 0 0 255
0.25 0.775 0 0 0 0 255
0.275 0.775 0 0 0 0 255
0.3 0.775 0 0 0 0 255
0.325 0.775 0 0 0 0 255
0.35 0.775 0 0 0 0 255
0.375 0.775 0 0 0 0 255
0.4 0.775 0 0 0 0 255
0.425 0.775 1.86792e+07 820872 255 0 0
0.45 0.775 4.53978e+07 -1.50566e+07 255 0 0
0.475 0.775 1.66295e+08 1.91502e+08 255 0 0
0.5 0.775 0 0 0 0 255
-0.5 0.75 0 0 0 0 255
-0.475 0.75 0 0 0 0 255
-0.45 0.75 0 0 0 0 255
-0.425 0.75 0 0 0 0 255
-0.4 0.75 0 0 0 0 255
-0.375 0.75 0 0 0 0 255
-0.35 0.75 0 0 0 0 255
-0.325 0.75 0 0 0 0 255
-0.3 0.75 0 0 0 0 255
-0.275 0.75 0 0 0 0 255
-0.25 0.75 0 0 0 0 255
-0.225 0.75 0 0 0 0 255
-0.2 0.75 2.71641e+08 2.45555e+07 255 0 0
-0.175 0.75 6.86253e+07 5.55246e+06 255 0 0
-0.15 0.75 -1.62e+08 -1.4484e+07 255 0 0
-0.125 0.75 -6.88612e+07 -5.92572e+06 255 0 0
-0.1 0.75 -4.80083e+06 -615023 255 0 0
-0.075 0.75 -1.66818e+07 -2.31177e+06 255 0 0
-0.05 0.75 5.85966e+06 606188 255 0 0
-0.025 0.75 -650835 -107100 255 0 0
0 0.75 -6.5843e+06 -427282 255 0 0
0.025 0.75 2.47254e+07 1.45548e+06 255 0 0
0.05 0.75 0 0 0 0 255
0.075 0.75 0 0 0 0 255
0.1 0.75 0 0 0 0 255
0.125 0.75 0 0 0 0 255
0.15 0.75 0 0 0 0 255
0.175 0.75 0 0 0 0 255
0.2 0.75 0 0 0 0 255
0.225 0.75 0 0 0 0 255
0.25 0.75 0 0 0 0 255
0.275 0.75 0 0 0 0 255
0.3 0.75 0 0 0 0 255
0.325 0.75 0 0 0 0 255
0.35 0.75 0 0 0 0 255
0.375 0.75 0 0 0 0 255
0.4 0.75 0 0 0 0 255
0.425 0.75 5.31029e+07 -1.25206e+07 255 0 0
0.45 0.75 2.60274e+08 -6.80728e+07 255 0 0
0.475 0.75 4.89686e+08 -1.03595e+08 255 0 0
0.5 0.75 0 0 0 0 255
-0.5 0.725 0 0 0 0 255
-0.475 0.725 0 0 0 0 255
-0.45 0.725 0 0 0 0 255
-0.425 0.725 0 0 0 0 255
-0.4 0.725 0 0 0 0 255
-0.375 0.725 0 0 0 0 255
-0.35 0.725 0 0 0 0 255
-0.325 0.725 0 0 0 0 255
-0.3 0.725 0 0 0 0 255
-0.275 0.725 0 0 0 0 255
-0.25 0.725 0 0 0 0 255
-0.225 0.725 5.7386e+07 5.50828e+06 255 0 0
-0.2 0.725 9.55147e+07 9.97375e+06 255 0 0
-0.175 0.725 7.25658e+07 6.22051e+06 255 0 0
-0.15 0.725 -7.19371e+07 -8.30363e+06 255 0 0
-0.125 0.725 -9.08402e+07 -7.82533e+06 255 0 0
-0.1 0.725 -2.67248e+07 -8.06036e+06 255 0 0
-0.075 0.725 2.07329e+08 7.83618e+06 255 0 0
-0.05 0.725 1.34672e+06 232119 255 0 0
-0.025 0.725 -2.24211e+08 -1.13652e+07 255 0 0
0 0.725 -1.66672e+06 -619890 255 0 0
0.025 0.725 4.70247e+06 216260 255 0 0
0.05 0.725 0 0 0 0 255
0.075 0.725 0 0 0 0 255
0.1 0.725 0 0 0 0 255
0.125 0.725 0 0 0 0 255
0.15 0.725 0 0 0 0 255
0.175 0.725 0 0 0 0 255
0.2 0.725 0 0 0 0 255
0.225 0.725 0 0 0 0 255
0.25 0.725 0 0 0 0 255
0.275 0.725 0 0 0 0 255
0.3 0.725 0 0 0 0 255
0.325 0.725 0 0 0 0 255
0.35 0.725 0 0 0 0 255
0.375 0.725 0 0 0 0 255
0.4 0.725 0 0 0 0 255
0.425 0.725 1.94965e+08 -2.20488e+07 255 0 0
0.45 0.725 6.9759e+08 -6.80499e+07 255 0 0
0.475 0.725 1.18773e+09 -1.07722e+08 255 0 0
0.5 0.725 0 0 0 0 255
-0.5 0.7 0 0 0 0 255
-0.475 0.7 1.63109e+09 1.83339e+08 255 0 0
-0.45 0.7 2.01642e+08 2.16325e+07 255 0 0
-0.425 0.7 -7.27865e+08 -8.57923e+07 255 0 0
-0.4 0.7 -6.91889e+06 -590425 255 0 0
-0.375 0.7 -7.88206e+07 -6.06319e+06 255 0 0
-0.35 0.7 -3.20471e+07 -2.41934e+06 255 0 0
-0.325 0.7 9.33696e+06 835086 255 0 0
-0.3 0.7 8.32939e+06 959546 255 0 0
-0.275 0.7 0 0 0 0 255
-0.25 0.7 -1.8194e+08 -1.25369e+07 255 0 0
-0.225 0.7 -1.12093e+08 -8.1978e+06 255 0 0
-0.2 0.7 3.09157e+07 2.83392e+06 255 0 0
-0.175 0.7 4.69834e+07 4.64044e+06 255 0 0
-0.15 0.7 -1.06332e+07 -1.3157e+06 255 0 0
-0.125 0.7 -2.95582e+07 499849 255 0 0
-0.1 0.7 -4.73023e+07 -3.66847e+06 255 0 0
-0.075 0.7 -7.9303e+06 -5.12809e+06 255 0 0
-0.05 0.7 8.05442e+06 -551557 255 0 0
-0.025 0.7 -2.85668e+06 778810 255 0 0
0 0.7 6.28331e+06 -1.47315e+06 255 0 0
0.025 0.7 3.70061e+06 -1.23892e+06 255 0 0
0.05 0.7 2.60116e+07 -79748 255 0 0
0.075 0.7 5.27027e+07 -2.54369e+06 255 0 0
0.1 0.7 0 0 0 0 255
0.125 0.7 0 0 0 0 255
0.15 0.7 0 0 0 0 255
0.175 0.7 0 0 0 0 255
0.2 0.7 0 0 0 0 255
0.225 0.7 0 0 0 0 255
0.25 0.7 0 0 0 0 255
0.275 0.7 0 0 0 0 255
0.3 0.7 0 0 0 0 255
0.325 0.7 0 0 0 0 255
0.35 0.7 0 0 0 0 255
0.375 0.7 0 0 0 0 255
0.4 0.7 0 0 0 0 255
0.425 0.7 2.25868e+08 -5.64829e+07 255 0 0
0.45 0.7 4.67231e+08 -1.15412e+08 255 0 0
0.475 0.7 9.18958e+08 -2.45948e+08 255 0 0
0.5 0.7 0 0 0 0 255
-0.5 0.675 0 0 0 0 255
-0.475 0.675 -4.31171e+07 -2.42507e+07 255 0 0
-0.45 0.675 8.96824e+07 1.14311e+07 255 0 0
-0.425 0.675 1.28757e+08 1.0523e+07 255 0 0
-0.4 0.675 4.06306e+07 3.42553e+06 255 0 0
-0.375 0.675 -1.7037e+08 -1.3915e+07 255 0 0
-0.35 0.675 -4.05913e+07 -3.30398e+06 255 0 0
-0.325 0.675 -1.44395e+08 -1.03639e+07 255 0 0
-0.3 0.675 1.01682e+08 7.83581e+06 255 0 0
-0.275 0.675 0 0 0 0 255
-0.25 0.675 -5.05462e+08 -4.303e+07 255 0 0
-0.225 0.675 -2.2729e+08 -1.87108e+07 255 0 0
-0.2 0.675 -1.10863e+07 -766665 255 0 0
-0.175 0.675 -1.60084e+07 -1.71405e+06 255 0 0
-0.15 0.675 2.14828e+07 1.48996e+06 255 0 0
-0.125 0.675 -1.78531e+07 -2.03098e+06 255 0 0
-0.1 0.675 -1.1014e+07 4.46154e+06 255 0 0
-0.075 0.675 1.10069e+07 2.84817e+06 255 0 0
-0.05 0.675 898552 -633905 255 0 0
-0.025 0.675 -1.31851e+07 -3.27514e+06 255 0 0
0 0.675 -504913 -854204 255 0 0
0.025 0.675 2.11567e+07 184045 255 0 0
0.05 0.675 1.2636e+07 -1.63635e+06 255 0 0
0.075 0.675 -2.76969e+07 893799 255 0 0
0.1 0.675 -8.10668e+06 1.59519e+06 255 0 0
0.125 0.675 2.92172e+06 -480663 255 0 0
0.15 0.675 4.6859e+06 -1.63429e+06 255 0 0
0.175 0.675 6.50489e+06 -1.08335e+06 255 0 0
0.2 0.675 0 0 0 0 255
0.225 0.675 0 0 0 0 255
0.25 0.675 0 0 0 0 255
0.275 0.675 0 0 0 0 255
0.3 0.675 0 0 0 0 255
0.325 0.675 0 0 0 0 255
0.35 0.675 0 0 0 0 255
0.375 0.675 0 0 0 0 255
0.4 0.675 0 0 0 0 255
0.425 0.675 3.18676e+08 -9.99911e+07 255 0 0
0.45 0.675 1.17257e+09 -3.55468e+08 255 0 0
0.475 0.675 1.93365e+09 -5.84915e+08 255 0 0
0.5 0.675 0 0 0 0 255
-0.5 0.65 0 0 0 0 255
-0.475 0.65 4.56337e+07 -2.25693e+08 255 0 0
-0.45 0.65 -5.26145e+07 -4.80873e+07 255 0 0
-0.425 0.65 9.81679e+06 -615050 255 0 0
-0.4 0.65 2.99539e+09 2.34258e+08 255 0 0
-0.375 0.65 4.00418e+06 247833 255 0 0
-0.35 0.65 -2.9621e+09 -2.31762e+08 255 0 0
-0.325 0.65 -2.00886e+07 -1.60314e+06 255 0 0
-0.3 0.65 5.0752e+06 -290021 255 0 0
-0.275 0.65 0 0 0 0 255
-0.25 0.65 -4.88789e+08 -4.62351e+07 255 0 0
-0.225 0.65 -2.65943e+08 -2.65389e+07 255 0 0
-0.2 0.65 -1.19337e+07 -2.86325e+06 255 0 0
-0.175 0.65 3.17879e+06 -42103.9 255 0 0
-0.15 0.65 2.98204e+08 2.07494e+07 255 0 0
-0.125 0.65 5.31243e+06 297921 255 0 0
-0.1 0.65 -3.50918e+08 -2.455e+07 255 0 0
-0.075 0.65 -4.50695e+06 -875156 255 0 0
-0.05 0.65 5.58903e+07 -800711 255 0 0
-0.025 0.65 6.5493e+07 -2.62536e+06 255 0 0
0 0.65 -2.65896e+07 -5.06816e+06 255 0 0
0.025 0.65 1.35e+08 -9.1929e+06 255 0 0
0.05 0.65 -2.81249e+07 682099 255 0 0
0.075 0.65 -1.84654e+08 6.69413e+06 255 0 0
0.1 0.65 -9.19975e+06 -636198 255 0 0
0.125 0.65 258635 -2.49632e+06 255 0 0
0.15 0.65 578594 -8931.97 255 0 0
0.175 0.65 -3.84631e+06 773310 255 0 0
0.2 0.65 -3.64531e+06 613391 255 0 0
0.225 0.65 -809533 460665 255 0 0
0.25 0.65 -735161 66633.9 255 0 0
0.275 0.65 -3.18923e+06 -115280 255 0 0
0.3 0.65 0 0 0 0 255
0.325 0.65 0 0 0 0 255
0.35 0.65 0 0 0 0 255
0.375 0.65 0 0 0 0 255
0.4 0.65 0 0 0 0 255
0.425 0.65 4.77699e+07 -1.20074e+07 255 0 0
0.45 0.65 -1.9795e+08 5.64344e+07 255 0 0
0.475 0.65 -6.66076e+08 1.95457e+08 255 0 0
0.5 0.65 0 0 0 0 255
-0.5 0.625 0 0 0 0 255
-0.475 0.625 -3.17866e+08 3.39969e+08 255 0 0
-0.45 0.625 -1.64695e+08 1.66646e+08 255 0 0
-0.425 0.625 1.06882e+07 1.00303e+06 255 0 0
-0.4 0.625 3.67753e+07 -6.50286e+06 255 0 0
-0.375 0.625 3.26247e+08 1.95954e+07 255 0 0
-0.35 0.625 2.57525e+08 1.9412e+07 255 0 0
-0.325 0.625 -5.1349e+06 1.30266e+06 255 0 0
-0.3 0.625 -1.345e+08 -6.90345e+07 255 0 0
-0.275 0.625 0 0 0 0 255
-0.25 0.625 0 0 0 0 255
-0.225 0.625 -3.12579e+08 -3.05394e+07 255 0 0
-0.2 0.625 -6.0893e+07 -2.29141e+06 255 0 0
-0.175 0.625 2.86202e+06 2.35168e+06 255 0 0
-0.15 0.625 -7.28508e+06 1.73496e+06 255 0 0
-0.125 0.625 9.53603e+08 4.69029e+07 255 0 0
-0.1 0.625 -2.97946e+07 -3.30217e+06 255 0 0
-0.075 0.625 -9.31351e+08 -4.56479e+07 255 0 0
-0.05 0.625 2.30627e+07 -436831 255 0 0
-0.025 0.625 1.66568e+08 -839417 255 0 0
0 0.625 5.95733e+07 -5.10101e+06 255 0 0
0.025 0.625 -1.8673e+08 -1.75719e+06 255 0 0
0.05 0.625 2.49242e+08 -1.40457e+07 255 0 0
0.075 0.625 1.09233e+07 -1.74384e+06 255 0 0
0.1 0.625 -3.32488e+08 1.35852e+07 255 0 0
0.125 0.625 134602 -346266 255 0 0
0.15 0.625 1.64521e+07 -2.52618e+06 255 0 0
0.175 0.625 -6.93392e+06 1.05636e+06 255 0 0
0.2 0.625 3.14079e+06 -712863 255 0 0
0.225 0.625 -194445 -36636.6 255 0 0
0.25 0.625 -8.20705e+06 1.37165e+06 255 0 0
0.275 0.625 -560431 144954 255 0 0
0.3 0.625 0 0 255 0 0
0.325 0.625 0 0 0 0 255
0.35 0.625 0 0 0 0 255
0.375 0.625 0 0 0 0 255
0.4 0.625 0 0 0 0 255
0.425 0.625 -3.45624e+08 -6.58732e+07 255 0 0
0.45 0.625 4.29225e+08 -1.98742e+08 255 0 0
0.475 0.625 0 0 255 0 0
0.5 0.625 0 0 0 0 255
-0.5 0.6 0 0 0 0 255
-0.475 0.6 -6.74901e+07 1.41274e+08 255 0 0
-0.45 0.6 -2.27315e+07 -5.8253e+06 255 0 0
-0.425 0.6 -8.06483e+07 -5.38651e+06 255 0 0
-0.4 0.6 -3.03245e+06 3.41148e+06 255 0 0
-0.375 0.6 2.43302e+07 8.08773e+06 255 0 0
-0.35 0.6 437293 2.2316e+07 255 0 0
-0.325 0.6 0 0 0 0 255
-0.3 0.6 -5.43058e+08 1.36821e+08 255 0 0
-0.275 0.6 -8.38332e+08 1.9054e+08 255 0 0
-0.25 0.6 0 0 0 0 255
-0.225 0.6 -1.21933e+09 -2.63259e+08 255 0 0
-0.2 0.6 -7.05563e+08 -1.5369e+08 255 0 0
-0.175 0.6 -9.16917e+07 -2.30466e+07 255 0 0
-0.15 0.6 -6.86736e+07 -1.6585e+07 255 0 0
-0.125 0.6 -8.00123e+06 -1.20573e+07 255 0 0
-0.1 0.6 1.61532e+08 -4.6673e+06 255 0 0
-0.075 0.6 -3.35183e+07 -3.15439e+06 255 0 0
-0.05 0.6 -1.13302e+08 2.27968e+06 255 0 0
-0.025 0.6 -1.27088e+07 -3.13909e+06 255 0 0
0 0.6 -5.40021e+07 -6.12174e+06 255 0 0
0.025 0.6 -3.84826e+06 -1.93303e+06 255 0 0
0.05 0.6 0 0 255 0 0
0.075 0.6 1.66968e+08 -2.86441e+07 255 0 0
0.1 0.6 1.34458e+08 -2.40103e+07 255 0 0
0.125 0.6 -2.28628e+07 3.66675e+06 255 0 0
0.15 0.6 1.29983e+07 -2.24633e+06 255 0 0
0.175 0.6 -6.80764e+07 1.03674e+07 255 0 0
0.2 0.6 1.33611e+07 -1.84061e+06 255 0 0
0.225 0.6 2.29465e+06 318617 255 0 0
0.25 0.6 -2.97615e+08 -1.47768e+07 255 0 0
0.275 0.6 -1.0191e+08 -5.67339e+06 255 0 0
0.3 0.6 0 0 255 0 0
0.325 0.6 0 0 0 0 255
0.35 0.6 0 0 0 0 255
0.375 0.6 0 0 0 0 255
0.4 0.6 0 0 0 0 255
0.425 0.6 2.6918e+09 -7.53323e+08 255 0 0
0.45 0.6 -1.78376e+09 4.93848e+08 255 0 0
0.475 0.6 -6.29151e+09 1.74612e+09 255 0 0
0.5 0.6 0 0 0 0 255
-0.5 0.575 0 0 0 0 255
-0.475 0.575 7.00481e+07 -1.67912e+07 255 0 0
-0.45 0.575 1.33504e+08 -3.21297e+07 255 0 0
-0.425 0.575 -5.30121e+07 1.59675e+07 255 0 0
-0.4 0.575 -8.27753e+07 2.20813e+07 255 0 0
-0.375 0.575 1.97257e+08 -6.50188e+06 255 0 0
-0.35 0.575 -695583 -806249 255 0 0
-0.325 0.575 -2.11794e+08 1.42291e+07 255 0 0
-0.3 0.575 -2.17134e+08 4.62632e+07 255 0 0
-0.275 0.575 -1.47906e+08 2.77138e+07 255 0 0
-0.25 0.575 1.73518e+08 3.88581e+07 255 0 0
-0.225 0.575 2.66997e+08 5.81326e+07 255 0 0
-0.2 0.575 -1.03212e+08 -2.28056e+07 255 0 0
-0.175 0.575 1.48397e+08 3.10477e+07 255 0 0
-0.15 0.575 1.59912e+08 2.42023e+07 255 0 0
-0.125 0.575 9.66753e+07 -1.9138e+07 255 0 0
-0.1 0.575 -1.7021e+08 -3.72185e+07 255 0 0
-0.075 0.575 -3.86148e+08 -5.20832e+07 255 0 0
-0.05 0.575 -5.33905e+07 -3.03447e+06 255 0 0
-0.025 0.575 6.57258e+07 3.63933e+06 255 0 0
0 0.575 1.34929e+08 -8.71841e+06 255 0 0
0.025 0.575 -7.71786e+07 -5.21407e+06 255 0 0
0.05 0.575 -1.12592e+07 -2.66696e+07 255 0 0
0.075 0.575 6.50742e+08 -1.16155e+08 255 0 0
0.1 0.575 1.29829e+08 -1.60856e+07 255 0 0
0.125 0.575 -4.62653e+08 8.29414e+07 255 0 0
0.15 0.575 -1.1201e+08 1.2008e+07 255 0 0
0.175 0.575 4.98017e+07 -6.87169e+06 255 0 0
0.2 0.575 -6.70604e+07 1.32711e+07 255 0 0
0.225 0.575 5.86824e+09 3.01499e+08 255 0 0
0.25 0.575 1.73681e+09 7.50254e+07 255 0 0
0.275 0.575 -8.29675e+09 -4.20388e+08 255 0 0
0.3 0.575 0 0 0 0 255
0.325 0.575 0 0 0 0 255
0.35 0.575 0 0 0 0 255
0.375 0.575 0 0 0 0 255
0.4 0.575 0 0 0 0 255
0.425 0.575 -4.55404e+08 1.26503e+08 255 0 0
0.45 0.575 -7.34293e+08 2.05108e+08 255 0 0
0.475 0.575 7.06444e+08 -1.89403e+08 255 0 0
0.5 0.575 0 0 0 0 255
-0.5 0.55 0 0 0 0 255
-0.475 0.55 4.3231e+08 -1.19502e+08 255 0 0
-0.45 0.55 1.07066e+08 -2.96842e+07 255 0 0
-0.425 0.55 -2.3264e+08 6.29494e+07 255 0 0
-0.4 0.55 -7.24207e+06 223373 255 0 0
-0.375 0.55 2.25465e+07 -2.46834e+06 255 0 0
-0.35 0.55 -1.5373e+07 -1.83745e+06 255 0 0
-0.325 0.55 -3.56943e+07 5.0241e+06 255 0 0
-0.3 0.55 -3.15405e+06 119126 255 0 0
-0.275 0.55 -1.63619e+06 -2.15406e+06 255 0 0
-0.25 0.55 5.21975e+07 1.24074e+07 255 0 0
-0.225 0.55 -831677 52889.4 255 0 0
-0.2 0.55 -729686 28974.1 255 0 0
-0.175 0.55 9.41331e+06 -30558.1 255 0 0
-0.15 0.55 7.242e+07 1.42003e+07 255 0 0
-0.125 0.55 -7.77328e+07 -1.75343e+07 255 0 0
-0.1 0.55 7.72029e+06 -8.71799e+06 255 0 0
-0.075 0.55 4.04682e+07 4.74439e+06 255 0 0
-0.05 0.55 -3.61567e+07 -1.33142e+07 255 0 0
-0.025 0.55 3.08366e+07 -1.34501e+07 255 0 0
0 0.55 -2.58582e+07 643661 255 0 0
0.025 0.55 8.81882e+06 1.44138e+07 255 0 0
0.05 0.55 4.81897e+07 -1.42005e+07 255 0 0
0.075 0.55 -1.05011e+08 -176038 255 0 0
0.1 0.55 -4.7197e+07 3.29892e+06 255 0 0
0.125 0.55 1.28386e+08 -2.30822e+07 255 0 0
0.15 0.55 3.1494e+08 -5.02429e+07 255 0 0
0.175 0.55 1.39824e+08 -2.55786e+07 255 0 0
0.2 0.55 -8.7864e+07 -7.67795e+06 255 0 0
0.225 0.55 -2.71892e+08 3.37304e+07 255 0 0
0.25 0.55 2.27297e+08 2.37394e+06 255 0 0
0.275 0.55 6.54922e+07 2.21356e+07 255 0 0
0.3 0.55 -4.73952e+08 1.40137e+08 255 0 0
0.325 0.55 0 0 0 0 255
0.35 0.55 0 0 0 0 255
0.375 0.55 0 0 0 0 255
0.4 0.55 0 0 0 0 255
0.425 0.55 7.82803e+08 -2.11071e+08 255 0 0
0.45 0.55 2.54681e+09 -6.82872e+08 255 0 0
0.475 0.55 4.90067e+09 -1.3144e+09 255 0 0
0.5 0.55 0 0 0 0 255
-0.5 0.525 0 0 0 0 255
-0.475 0.525 0 0 0 0 255
-0.45 0.525 0 0 0 0 255
-0.425 0.525 -1.11043e+07 -363009 255 0 0
-0.4 0.525 -3.97307e+06 563643 255 0 0
-0.375 0.525 -1.33084e+07 -2.13811e+06 255 0 0
-0.35 0.525 -4.49084e+07 -9.51866e+06 255 0 0
-0.325 0.525 -7.31358e+07 -1.90551e+07 255 0 0
-0.3 0.525 -3.30777e+06 2.443e+06 255 0 0
-0.275 0.525 8.83311e+06 2.67067e+06 255 0 0
-0.25 0.525 2.69915e+08 5.59214e+07 255 0 0
-0.225 0.525 6.60176e+06 3.8959e+06 255 0 0
-0.2 0.525 -9.01838e+07 -2.0035e+07 255 0 0
-0.175 0.525 2.93658e+07 5.70991e+06 255 0 0
-0.15 0.525 -1.52558e+08 -4.26604e+07 255 0 0
-0.125 0.525 1.53366e+08 3.32564e+07 255 0 0
-0.1 0.525 -1.24764e+08 -3.3896e+07 255 0 0
-0.075 0.525 -7.22006e+07 -3.45258e+07 255 0 0
-0.05 0.525 1.55345e+08 7.35756e+06 255 0 0
-0.025 0.525 1.00157e+08 -1.88323e+07 255 0 0
0 0.525 -1.61095e+08 2.40306e+06 255 0 0
0.025 0.525 -8.16137e+07 -1.4765e+07 255 0 0
0.05 0.525 5.36842e+07 5.15921e+06 255 0 0
0.075 0.525 -1.36931e+08 1.4829e+07 255 0 0
0.1 0.525 2.16008e+07 -1.82681e+07 255 0 0
0.125 0.525 8.73097e+07 -1.49936e+07 255 0 0
0.15 0.525 3.58243e+07 -2.78421e+06 255 0 0
0.175 0.525 -1.49415e+08 2.52128e+07 255 0 0
0.2 0.525 -1.34132e+08 2.16926e+07 255 0 0
0.225 0.525 6.7501e+07 -1.29144e+07 255 0 0
0.25 0.525 -4.28946e+07 3.12418e+07 255 0 0
0.275 0.525 -2.15973e+08 5.47122e+07 255 0 0
0.3 0.525 0 0 255 0 0
0.325 0.525 0 0 255 0 0
0.35 0.525 3.12563e+08 -7.47487e+07 255 0 0
0.375 0.525 1.82039e+08 -4.2683e+07 255 0 0
0.4 0.525 1.53024e+08 -4.53718e+07 255 0 0
0.425 0.525 1.55196e+08 -4.22331e+07 255 0 0
0.45 0.525 2.23268e+09 -5.96523e+08 255 0 0
0.475 0.525 3.85199e+09 -1.03412e+09 255 0 0
0.5 0.525 0 0 0 0 255
-0.5 0.5 0 0 0 0 255
-0.475 0.5 0 0 0 0 255
-0.45 0.5 0 0 0 0 255
-0.425 0.5 2.54269e+07 5.18676e+06 255 0 0
-0.4 0.5 1.2878e+08 3.17094e+07 255 0 0
-0.375 0.5 -1.88408e+08 -4.65885e+07 255 0 0
-0.35 0.5 4.42241e+07 1.06645e+07 255 0 0
-0.325 0.5 -1.51085e+08 -3.58166e+07 255 0 0
-0.3 0.5 -2.38756e+08 -5.63532e+07 255 0 0
-0.275 0.5 1.74535e+07 2.09239e+07 255 0 0
-0.25 0.5 5.98603e+07 1.24056e+07 255 0 0
-0.225 0.5 8.34673e+07 -1.76014e+07 255 0 0
-0.2 0.5 -4.01796e+07 -7.13084e+06 255 0 0
-0.175 0.5 2.394e+08 6.25413e+07 255 0 0
-0.15 0.5 -6.18162e+07 -1.68899e+07 255 0 0
-0.125 0.5 -1.51836e+08 -5.07457e+07 255 0 0
-0.1 0.5 1.86749e+08 3.1019e+07 255 0 0
-0.075 0.5 -1.25675e+08 -2.37643e+07 255 0 0
-0.05 0.5 -1.40564e+08 -1.51257e+07 255 0 0
-0.025 0.5 4.7797e+06 5.14197e+06 255 0 0
0 0.5 -6.74152e+06 4.32901e+06 255 0 0
0.025 0.5 2.48923e+08 -7.06389e+06 255 0 0
0.05 0.5 2.79176e+07 6.69459e+06 255 0 0
0.075 0.5 -1.64787e+08 1.11752e+07 255 0 0
0.1 0.5 -2.32911e+07 3.64838e+06 255 0 0
0.125 0.5 1.43325e+07 -1.69833e+07 255 0 0
0.15 0.5 -2.36943e+07 -1.99151e+06 255 0 0
0.175 0.5 -8.43734e+07 1.41302e+07 255 0 0
0.2 0.5 1.25772e+08 -2.25531e+07 255 0 0
0.225 0.5 -1.66648e+07 3.87014e+06 255 0 0
0.25 0.5 -1.75814e+08 3.97967e+07 255 0 0
0.275 0.5 0 0 255 0 0
0.3 0.5 0 0 255 0 0
0.325 0.5 7.91599e+08 -1.85664e+08 255 0 0
0.35 0.5 2.24144e+08 -4.94503e+07 255 0 0
0.375 0.5 -4.74091e+08 1.09715e+08 255 0 0
0.4 0.5 1.31416e+08 -2.89021e+07 255 0 0
0.425 0.5 -2.03291e+08 4.91331e+07 255 0 0
0.45 0.5 -3.80967e+08 8.63805e+07 255 0 0
0.475 0.5 -6.44648e+08 1.73219e+08 255 0 0
0.5 0.5 0 0 0 0 255
-0.5 0.475 0 0 0 0 255
-0.475 0.475 -6.24587e+09 7.94141e+08 255 0 0
-0.45 0.475 -2.92967e+09 3.72356e+08 255 0 0
-0.425 0.475 -1.05316e+08 2.21004e+07 255 0 0
-0.4 0.475 1.48591e+09 3.479e+08 255 0 0
-0.375 0.475 -4.79673e+08 -1.10554e+08 255 0 0
-0.35 0.475 -1.47806e+09 -3.47037e+08 255 0 0
-0.325 0.475 2.72872e+07 8.09314e+06 255 0 0
-0.3 0.475 3.18413e+07 6.56875e+06 255 0 0
-0.275 0.475 -6.40098e+07 -1.67722e+07 255 0 0
-0.25 0.475 1.29977e+07 -1.15978e+07 255 0 0
-0.225 0.475 3.7219e+07 4.52645e+06 255 0 0
-0.2 0.475 4.76966e+07 4.21406e+07 255 0 0
-0.175 0.475 1.27697e+08 4.08479e+07 255 0 0
-0.15 0.475 7.78556e+07 1.90696e+07 255 0 0
-0.125 0.475 -1.1296e+08 -4.15454e+07 255 0 0
-0.1 0.475 1.04666e+08 -6.16228e+06 255 0 0
-0.075 0.475 -9.81775e+07 -7.29472e+06 255 0 0
-0.05 0.475 -2.34198e+08 -2.61948e+07 255 0 0
-0.025 0.475 -7.95832e+06 -2.44853e+06 255 0 0
0 0.475 0 0 255 0 0
0.025 0.475 4.25315e+08 -589981 255 0 0
0.05 0.475 4.37796e+08 -1.64208e+07 255 0 0
0.075 0.475 -1.97182e+08 1.34483e+07 255 0 0
0.1 0.475 -4.27239e+08 9.53054e+06 255 0 0
0.125 0.475 -1.51193e+08 -2.47202e+07 255 0 0
0.15 0.475 -2.73924e+06 -177420 255 0 0
0.175 0.475 -5.36216e+07 1.17619e+07 255 0 0
0.2 0.475 3.29816e+07 -5.52177e+06 255 0 0
0.225 0.475 1.27583e+07 -4.68262e+06 255 0 0
0.25 0.475 -5.17077e+07 8.15575e+06 255 0 0
0.275 0.475 -8.09917e+06 -3.10886e+06 255 0 0
0.3 0.475 5.3706e+08 -1.35303e+08 255 0 0
0.325 0.475 0 0 255 0 0
0.35 0.475 -4.28505e+08 1.01493e+08 255 0 0
0.375 0.475 1.65827e+08 -3.66429e+07 255 0 0
0.4 0.475 -1.41693e+08 3.04507e+07 255 0 0
0.425 0.475 -2.77035e+08 6.19099e+07 255 0 0
0.45 0.475 1.12527e+08 -2.53e+07 255 0 0
0.475 0.475 2.27322e+08 -5.24221e+07 255 0 0
0.5 0.475 0 0 0 0 255
-0.5 0.45 0 0 0 0 255
-0.475 0.45 -8.90357e+08 7.74626e+07 255 0 0
-0.45 0.45 -3.07043e+08 2.08233e+07 255 0 0
-0.425 0.45 -5.62656e+07 4.0644e+06 255 0 0
-0.4 0.45 0 0 0 0 255
-0.375 0.45 0 0 0 0 255
-0.35 0.45 0 0 0 0 255
-0.325 0.45 0 0 0 0 255
-0.3 0.45 2.68616e+06 2.43086e+06 255 0 0
-0.275 0.45 1.62739e+07 3.32399e+06 255 0 0
-0.25 0.45 1.8131e+07 4.97473e+06 255 0 0
-0.225 0.45 -6.75488e+07 1.76828e+07 255 0 0
-0.2 0.45 7.60501e+06 5.28604e+06 255 0 0
-0.175 0.45 1.76928e+08 4.63385e+07 255 0 0
-0.15 0.45 2.64201e+07 9.00603e+06 255 0 0
-0.125 0.45 -1.39286e+08 -3.71368e+07 255 0 0
-0.1 0.45 2.66411e+08 3.24168e+07 255 0 0
-0.075 0.45 1.50387e+08 -1.48292e+07 255 0 0
-0.05 0.45 -1.04505e+08 -3.88656e+07 255 0 0
-0.025 0.45 -1.69276e+08 -1.65982e+07 255 0 0
0 0.45 -2.03647e+08 -1.11499e+07 255 0 0
0.025 0.45 2.97924e+08 -1.23426e+07 255 0 0
0.05 0.45 5.56708e+07 2.11417e+06 255 0 0
0.075 0.45 -2.90862e+08 -3.71123e+06 255 0 0
0.1 0.45 -1.11616e+07 -4.20084e+06 255 0 0
0.125 0.45 8.54616e+07 -1.5071e+07 255 0 0
0.15 0.45 -1.84104e+06 995372 255 0 0
0.175 0.45 -4.23312e+06 460285 255 0 0
0.2 0.45 4.65987e+07 -7.87727e+06 255 0 0
0.225 0.45 7.07982e+07 -1.36254e+07 255 0 0
0.25 0.45 4.46296e+07 -1.99755e+07 255 0 0
0.275 0.45 1.16688e+08 -3.36683e+07 255 0 0
0.3 0.45 -1.04581e+08 2.77063e+07 255 0 0
0.325 0.45 4.01661e+08 -9.29816e+07 255 0 0
0.35 0.45 6.4797e+07 -1.7416e+07 255 0 0
0.375 0.45 -4.56878e+08 1.08124e+08 255 0 0
0.4 0.45 7.56485e+06 -8.14093e+06 255 0 0
0.425 0.45 -4.19547e+07 2.6814e+06 255 0 0
0.45 0.45 3.68027e+06 -8.73815e+06 255 0 0
0.475 0.45 2.16177e+07 -1.82209e+07 255 0 0
0.5 0.45 0 0 0 0 255
-0.5 0.425 0 0 0 0 255
-0.475 0.425 1.46108e+07 3.42095e+06 255 0 0
-0.45 0.425 2.85125e+06 2.19525e+06 255 0 0
-0.425 0.425 4.44186e+06 -128512 255 0 0
-0.4 0.425 0 0 0 0 255
-0.375 0.425 0 0 0 0 255
-0.35 0.425 0 0 0 0 255
-0.325 0.425 1.14688e+08 2.24397e+07 255 0 0
-0.3 0.425 7.79166e+06 1.17217e+06 255 0 0
-0.275 0.425 -4.81653e+07 -9.32943e+06 255 0 0
-0.25 0.425 1.76479e+08 3.508e+07 255 0 0
-0.225 0.425 3.97624e+07 1.0856e+07 255 0 0
-0.2 0.425 -7.81597e+07 -1.24209e+07 255 0 0
-0.175 0.425 4.63346e+07 6.76014e+06 255 0 0
-0.15 0.425 -3.25342e+08 -7.03922e+07 255 0 0
-0.125 0.425 -1.00097e+08 -2.05039e+07 255 0 0
-0.1 0.425 -2.91199e+07 -3.76071e+06 255 0 0
-0.075 0.425 3.05029e+07 6.46621e+06 255 0 0
-0.05 0.425 2.78928e+07 -509168 255 0 0
-0.025 0.425 2.51761e+07 -2.21624e+06 255 0 0
0 0.425 5.00912e+07 -8.44392e+06 255 0 0
0.025 0.425 -6.09151e+07 -1.80658e+06 255 0 0
0.05 0.425 -8.37257e+07 -5.3832e+06 255 0 0
0.075 0.425 4.31486e+07 -8.46009e+06 255 0 0
0.1 0.425 4.08321e+08 -7.56897e+07 255 0 0
0.125 0.425 4.63205e+07 -9.75133e+06 255 0 0
0.15 0.425 -4.02587e+08 7.57107e+07 255 0 0
0.175 0.425 -5.38555e+07 1.10578e+07 255 0 0
0.2 0.425 3.89424e+08 -7.37337e+07 255 0 0
0.225 0.425 1.15367e+08 -2.21525e+07 255 0 0
0.25 0.425 -1.66487e+08 8.19075e+06 255 0 0
0.275 0.425 1.55999e+08 -4.59743e+07 255 0 0
0.3 0.425 -2.3337e+08 8.43844e+07 255 0 0
0.325 0.425 1.8658e+08 -4.25004e+07 255 0 0
0.35 0.425 2.17746e+08 -5.38708e+07 255 0 0
0.375 0.425 -2.18186e+08 4.71865e+07 255 0 0
0.4 0.425 -3.52971e+08 8.66223e+07 255 0 0
0.425 0.425 -5.85225e+07 1.42495e+07 255 0 0
0.45 0.425 -1.11064e+07 -1.28487e+06 255 0 0
0.475 0.425 -1.6396e+07 -4.29682e+06 255 0 0
0.5 0.425 0 0 0 0 255
-0.5 0.4 0 0 0 0 255
-0.475 0.4 -8.45464e+08 -2.98094e+07 255 0 0
-0.45 0.4 -4.87451e+08 1.80716e+07 255 0 0
-0.425 0.4 -9.32948e+07 1.21793e+06 255 0 0
-0.4 0.4 0 0 0 0 255
-0.375 0.4 0 0 0 0 255
-0.35 0.4 0 0 0 0 255
-0.325 0.4 0 0 0 0 255
-0.3 0.4 1.82464e+07 1.18055e+06 255 0 0
-0.275 0.4 1.25162e+07 1.78539e+06 255 0 0
-0.25 0.4 5.34848e+07 9.60635e+06 255 0 0
-0.225 0.4 1.51585e+08 2.72252e+07 255 0 0
-0.2 0.4 0 0 0 0 255
-0.175 0.4 2.80127e+09 5.83475e+08 255 0 0
-0.15 0.4 -2.62117e+08 -5.81631e+07 255 0 0
-0.125 0.4 -1.25695e+09 -2.6388e+08 255 0 0
-0.1 0.4 -2.47169e+08 -5.42646e+07 255 0 0
-0.075 0.4 -7.79979e+07 7.65346e+06 255 0 0
-0.05 0.4 1.39433e+08 1.67332e+07 255 0 0
-0.025 0.4 5.67673e+08 3.31899e+07 255 0 0
0 0.4 -1.64393e+08 -2.05314e+07 255 0 0
0.025 0.4 -5.65177e+08 -3.88858e+07 255 0 0
0.05 0.4 9.25439e+07 -2.05626e+07 255 0 0
0.075 0.4 5.29457e+07 -9.64373e+06 255 0 0
0.1 0.4 1.64368e+07 -2.12883e+06 255 0 0
0.125 0.4 -1.27799e+08 2.17302e+07 255 0 0
0.15 0.4 -7.86062e+07 1.33968e+07 255 0 0
0.175 0.4 -5.58817e+06 1.38588e+06 255 0 0
0.2 0.4 0 0 0 0 255
0.225 0.4 0 0 0 0 255
0.25 0.4 0 0 0 0 255
0.275 0.4 0 0 0 0 255
0.3 0.4 0 0 0 0 255
0.325 0.4 0 0 0 0 255
0.35 0.4 -1.29594e+08 3.48319e+07 255 0 0
0.375 0.4 -1.48783e+08 3.86255e+07 255 0 0
0.4 0.4 1.13685e+07 2.31905e+07 255 0 0
0.425 0.4 1.08979e+07 1.2254e+07 255 0 0
0.45 0.4 1.48195e+06 -1.74644e+06 255 0 0
0.475 0.4 -4.38787e+06 9.34439e+06 255 0 0
0.5 0.4 0 0 0 0 255
-0.5 0.375 0 0 0 0 255
-0.475 0.375 -8.00157e+07 7.84703e+07 255 0 0
-0.45 0.375 5.16491e+06 3.76013e+07 255 0 0
-0.425 0.375 5.80062e+07 -1.39995e+06 255 0 0
-0.4 0.375 0 0 0 0 255
-0.375 0.375 0 0 0 0 255
-0.35 0.375 0 0 0 0 255
-0.325 0.375 0 0 0 0 255
-0.3 0.375 0 0 0 0 255
-0.275 0.375 1.05203e+07 1.88602e+06 255 0 0
-0.25 0.375 0 0 0 0 255
-0.225 0.375 0 0 0 0 255
-0.2 0.375 0 0 0 0 255
-0.175 0.375 0 0 0 0 255
-0.15 0.375 0 0 0 0 255
-0.125 0.375 1.96314e+08 3.88906e+07 255 0 0
-0.1 0.375 4.99972e+07 3.14429e+06 255 0 0
-0.075 0.375 -2.5414e+07 -5.76157e+06 255 0 0
-0.05 0.375 4.83705e+08 2.81222e+07 255 0 0
-0.025 0.375 1.43627e+08 3.30691e+06 255 0 0
0 0.375 -3.87642e+08 -2.71681e+07 255 0 0
0.025 0.375 1.91758e+07 -2.74415e+07 255 0 0
0.05 0.375 1.3614e+08 -2.83403e+07 255 0 0
0.075 0.375 -1.25553e+08 2.1736e+07 255 0 0
0.1 0.375 -1.62344e+08 2.89716e+07 255 0 0
0.125 0.375 1.99669e+07 -2.36805e+06 255 0 0
0.15 0.375 -822143 -2.17355e+06 255 0 0
0.175 0.375 4.67997e+06 -1.00942e+06 255 0 0
0.2 0.375 -1.95967e+07 4.05141e+06 255 0 0
0.225 0.375 -5.21563e+07 9.27502e+06 255 0 0
0.25 0.375 0 0 0 0 255
0.275 0.375 0 0 0 0 255
0.3 0.375 0 0 0 0 255
0.325 0.375 0 0 0 0 255
0.35 0.375 0 0 0 0 255
0.375 0.375 0 0 0 0 255
0.4 0.375 0 0 0 0 255
0.425 0.375 7.29582e+07 4.31872e+06 255 0 0
0.45 0.375 -1.69666e+08 -3.37789e+06 255 0 0
0.475 0.375 -4.08772e+08 -6.08154e+06 255 0 0
0.5 0.375 0 0 0 0 255
-0.5 0.35 0 0 0 0 255
-0.475 0.35 -2.03139e+08 9.0434e+07 255 0 0
-0.45 0.35 -1.02248e+08 1.47168e+07 255 0 0
-0.425 0.35 -3.70365e+07 5.88763e+06 255 0 0
-0.4 0.35 0 0 0 0 255
-0.375 0.35 0 0 0 0 255
-0.35 0.35 0 0 0 0 255
-0.325 0.35 0 0 0 0 255
-0.3 0.35 0 0 0 0 255
-0.275 0.35 0 0 0 0 255
-0.25 0.35 0 0 0 0 255
-0.225 0.35 0 0 0 0 255
-0.2 0.35 0 0 0 0 255
-0.175 0.35 0 0 0 0 255
-0.15 0.35 0 0 0 0 255
-0.125 0.35 0 0 0 0 255
-0.1 0.35 7.23533e+07 1.1216e+07 255 0 0
-0.075 0.35 8.32293e+07 1.57774e+06 255 0 0
-0.05 0.35 2.45208e+08 6.31461e+06 255 0 0
-0.025 0.35 -1.0026e+08 -192924 255 0 0
0 0.35 -3.24084e+08 -5.78111e+06 255 0 0
0.025 0.35 3.47614e+08 -4.95594e+07 255 0 0
0.05 0.35 3.09213e+08 -4.71414e+07 255 0 0
0.075 0.35 -2.1454e+08 3.58752e+07 255 0 0
0.1 0.35 -2.24357e+08 3.44069e+07 255 0 0
0.125 0.35 -9.68925e+07 1.28669e+07 255 0 0
0.15 0.35 -6.83973e+07 1.14741e+07 255 0 0
0.175 0.35 1.32085e+06 4.31726e+06 255 0 0
0.2 0.35 5.04666e+08 -8.16232e+07 255 0 0
0.225 0.35 0 0 255 0 0
0.25 0.35 0 0 0 0 255
0.275 0.35 0 0 0 0 255
0.3 0.35 0 0 0 0 255
0.325 0.35 0 0 0 0 255
0.35 0.35 0 0 0 0 255
0.375 0.35 0 0 0 0 255
0.4 0.35 0 0 0 0 255
0.425 0.35 2.22695e+08 3.64321e+07 255 0 0
0.45 0.35 2.14432e+08 3.86881e+07 255 0 0
0.475 0.35 2.05801e+08 3.59314e+07 255 0 0
0.5 0.35 0 0 0 0 255
-0.5 0.325 0 0 0 0 255
-0.475 0.325 -2.69357e+07 6.40008e+06 255 0 0
-0.45 0.325 -1.10811e+07 3.85191e+06 255 0 0
-0.425 0.325 1.25547e+06 1.17972e+06 255 0 0
-0.4 0.325 0 0 0 0 255
-0.375 0.325 0 0 0 0 255
-0.35 0.325 0 0 0 0 255
-0.325 0.325 0 0 0 0 255
-0.3 0.325 0 0 0 0 255
-0.275 0.325 0 0 0 0 255
-0.25 0.325 0 0 0 0 255
-0.225 0.325 0 0 0 0 255
-0.2 0.325 0 0 0 0 255
-0.175 0.325 0 0 0 0 255
-0.15 0.325 0 0 0 0 255
-0.125 0.325 0 0 0 0 255
-0.1 0.325 2.84109e+08 -1.13276e+07 255 0 0
-0.075 0.325 -6.36835e+07 -1.9322e+06 255 0 0
-0.05 0.325 -1.84869e+08 3.92021e+06 255 0 0
-0.025 0.325 4.61834e+07 5.42648e+06 255 0 0
0 0.325 -1.59212e+07 -1.72732e+06 255 0 0
0.025 0.325 -1.78287e+07 -1.42896e+07 255 0 0
0.05 0.325 9.38187e+07 -1.83609e+07 255 0 0
0.075 0.325 -2.88492e+07 7.76197e+06 255 0 0
0.1 0.325 -1.42792e+08 1.8477e+07 255 0 0
0.125 0.325 -4.68876e+06 -2.89378e+06 255 0 0
0.15 0.325 1.774e+08 -2.37746e+07 255 0 0
0.175 0.325 3.25463e+09 -5.26539e+08 255 0 0
0.2 0.325 8.148e+08 -1.31882e+08 255 0 0
0.225 0.325 -6.5143e+09 1.05464e+09 255 0 0
0.25 0.325 0 0 0 0 255
0.275 0.325 0 0 0 0 255
0.3 0.325 0 0 0 0 255
0.325 0.325 0 0 0 0 255
0.35 0.325 0 0 0 0 255
0.375 0.325 0 0 0 0 255
0.4 0.325 0 0 0 0 255
0.425 0.325 -2.89634e+06 -2.70954e+06 255 0 0
0.45 0.325 2.20694e+07 -370723 255 0 0
0.475 0.325 4.70003e+07 509241 255 0 0
0.5 0.325 0 0 0 0 255
-0.5 0.3 0 0 0 0 255
-0.475 0.3 -1.78112e+08 -1.9725e+07 255 0 0
-0.45 0.3 -1.22069e+08 -1.03147e+07 255 0 0
-0.425 0.3 -1.53954e+07 -2.25677e+06 255 0 0
-0.4 0.3 1.46664e+10 -3.55875e+09 255 0 0
-0.375 0.3 -6.59172e+09 1.60174e+09 255 0 0
-0.35 0.3 -2.8523e+10 6.92387e+09 255 0 0
-0.325 0.3 0 0 0 0 255
-0.3 0.3 0 0 0 0 255
-0.275 0.3 0 0 0 0 255
-0.25 0.3 0 0 0 0 255
-0.225 0.3 0 0 0 0 255
-0.2 0.3 0 0 0 0 255
-0.175 0.3 0 0 0 0 255
-0.15 0.3 0 0 0 0 255
-0.125 0.3 -1.37907e+07 -3.395e+06 255 0 0
-0.1 0.3 -7.60617e+06 -6.23666e+06 255 0 0
-0.075 0.3 1.6801e+07 -446927 255 0 0
-0.05 0.3 -5.97127e+06 -213264 255 0 0
-0.025 0.3 -1.66369e+07 -133943 255 0 0
0 0.3 4.45718e+07 1.20441e+07 255 0 0
0.025 0.3 5.64414e+07 1.06575e+07 255 0 0
0.05 0.3 -4.27613e+07 -1.14989e+07 255 0 0
0.075 0.3 -1.27824e+08 -1.52713e+07 255 0 0
0.1 0.3 0 0 0 0 255
0.125 0.3 0 0 0 0 255
0.15 0.3 0 0 0 0 255
0.175 0.3 0 0 0 0 255
0.2 0.3 0 0 0 0 255
0.225 0.3 0 0 0 0 255
0.25 0.3 0 0 0 0 255
0.275 0.3 0 0 0 0 255
0.3 0.3 0 0 0 0 255
0.325 0.3 0 0 0 0 255
0.35 0.3 0 0 0 0 255
0.375 0.3 0 0 0 0 255
0.4 0.3 0 0 0 0 255
0.425 0.3 367755 282055 255 0 0
0.45 0.3 1.21589e+07 2.23098e+06 255 0 0
0.475 0.3 9.25322e+07 -4.46721e+06 255 0 0
0.5 0.3 0 0 0 0 255
-0.5 0.275 0 0 0 0 255
-0.475 0.275 -1.42579e+09 1.03043e+08 255 0 0
-0.45 0.275 -9.43148e+08 5.36049e+07 255 0 0
-0.425 0.275 -1.50862e+08 6.85363e+06 255 0 0
-0.4 0.275 -4.97109e+06 569716 255 0 0
-0.375 0.275 -3.57164e+09 8.67022e+08 255 0 0
-0.35 0.275 -1.17829e+08 2.89877e+07 255 0 0
-0.325 0.275 0 0 0 0 255
-0.3 0.275 0 0 0 0 255
-0.275 0.275 0 0 0 0 255
-0.25 0.275 0 0 0 0 255
-0.225 0.275 0 0 0 0 255
-0.2 0.275 0 0 0 0 255
-0.175 0.275 0 0 0 0 255
-0.15 0.275 0 0 0 0 255
-0.125 0.275 9.74307e+07 2.67923e+07 255 0 0
-0.1 0.275 3.99861e+06 2.01308e+06 255 0 0
-0.075 0.275 -4.18804e+07 -1.51036e+07 255 0 0
-0.05 0.275 2.39871e+06 -868613 255 0 0
-0.025 0.275 -5.72022e+06 2.2706e+06 255 0 0
0 0.275 -229305 299346 255 0 0
0.025 0.275 3.62834e+06 -130498 255 0 0
0.05 0.275 1.7901e+07 1.46347e+06 255 0 0
0.075 0.275 2.62741e+06 3.71483e+06 255 0 0
0.1 0.275 0 0 0 0 255
0.125 0.275 0 0 0 0 255
0.15 0.275 0 0 0 0 255
0.175 0.275 0 0 0 0 255
0.2 0.275 0 0 0 0 255
0.225 0.275 0 0 0 0 255
0.25 0.275 0 0 0 0 255
0.275 0.275 0 0 0 0 255
0.3 0.275 0 0 0 0 255
0.325 0.275 0 0 0 0 255
0.35 0.275 0 0 0 0 255
0.375 0.275 0 0 0 0 255
0.4 0.275 0 0 0 0 255
0.425 0.275 8.78589e+07 -8.84094e+06 255 0 0
0.45 0.275 6.71222e+08 -7.85542e+07 255 0 0
0.475 0.275 1.25582e+09 -1.47319e+08 255 0 0
0.5 0.275 0 0 0 0 255
-0.5 0.25 0 0 0 0 255
-0.475 0.25 9.55077e+08 1.28627e+08 255 0 0
-0.45 0.25 -2.73212e+06 -569884 255 0 0
-0.425 0.25 -5.04928e+08 -6.31314e+07 255 0 0
-0.4 0.25 -1.16998e+07 2.36876e+06 255 0 0
-0.375 0.25 -5.22308e+06 860459 255 0 0
-0.35 0.25 3.71612e+07 -4.29336e+06 255 0 0
-0.325 0.25 4.72934e+07 -1.39123e+07 255 0 0
-0.3 0.25 -3.51007e+07 3.72503e+06 255 0 0
-0.275 0.25 -6.20987e+07 1.23844e+07 255 0 0
-0.25 0.25 0 0 255 0 0
-0.225 0.25 0 0 0 0 255
-0.2 0.25 0 0 0 0 255
-0.175 0.25 0 0 0 0 255
-0.15 0.25 0 0 0 0 255
-0.125 0.25 0 0 255 0 0
-0.1 0.25 4.73777e+07 1.24769e+07 255 0 0
-0.075 0.25 5.43946e+06 1.67192e+06 255 0 0
-0.05 0.25 -2.81917e+07 -8.77556e+06 255 0 0
-0.025 0.25 4.1432e+06 1.23261e+06 255 0 0
0 0.25 -2.00032e+06 1.1996e+06 255 0 0
0.025 0.25 1.07569e+06 464731 255 0 0
0.05 0.25 2.75837e+08 1.88113e+07 255 0 0
0.075 0.25 7.33507e+08 4.7543e+07 255 0 0
0.1 0.25 0 0 0 0 255
0.125 0.25 0 0 0 0 255
0.15 0.25 0 0 0 0 255
0.175 0.25 0 0 0 0 255
0.2 0.25 0 0 0 0 255
0.225 0.25 0 0 0 0 255
0.25 0.25 0 0 0 0 255
0.275 0.25 0 0 0 0 255
0.3 0.25 0 0 0 0 255
0.325 0.25 0 0 0 0 255
0.35 0.25 0 0 0 0 255
0.375 0.25 0 0 0 0 255
0.4 0.25 0 0 0 0 255
0.425 0.25 -6.58227e+06 2.69277e+06 255 0 0
0.45 0.25 -1.13805e+07 2.17155e+06 255 0 0
0.475 0.25 -8.61618e+07 1.0976e+07 255 0 0
0.5 0.25 0 0 0 0 255
-0.5 0.225 0 0 0 0 255
-0.475 0.225 1.8835e+09 -4.89457e+06 255 0 0
-0.45 0.225 8.47963e+07 9.03401e+06 255 0 0
-0.425 0.225 -9.39299e+08 2.87e+06 255 0 0
-0.4 0.225 -1.78505e+07 -653567 255 0 0
-0.375 0.225 -14154.7 22444.4 255 0 0
-0.35 0.225 7.05511e+06 3.05233e+06 255 0 0
-0.325 0.225 6.50537e+07 -1.39889e+07 255 0 0
-0.3 0.225 8.51859e+07 -2.13789e+07 255 0 0
-0.275 0.225 -6.78504e+07 1.38119e+07 255 0 0
-0.25 0.225 0 0 255 0 0
-0.225 0.225 0 0 0 0 255
-0.2 0.225 0 0 0 0 255
-0.175 0.225 0 0 0 0 255
-0.15 0.225 0 0 0 0 255
-0.125 0.225 0 0 255 0 0
-0.1 0.225 0 0 255 0 0
-0.075 0.225 1.81046e+07 4.50735e+06 255 0 0
-0.05 0.225 0 0 0 0 255
-0.025 0.225 0 0 0 0 255
0 0.225 0 0 0 0 255
0.025 0.225 2.8994e+09 1.92737e+08 255 0 0
0.05 0.225 -2.00185e+08 -1.34351e+07 255 0 0
0.075 0.225 -2.86679e+09 -1.92538e+08 255 0 0
0.1 0.225 0 0 0 0 255
0.125 0.225 0 0 0 0 255
0.15 0.225 0 0 0 0 255
0.175 0.225 0 0 0 0 255
0.2 0.225 0 0 0 0 255
0.225 0.225 0 0 0 0 255
0.25 0.225 0 0 0 0 255
0.275 0.225 0 0 0 0 255
0.3 0.225 0 0 0 0 255
0.325 0.225 0 0 0 0 255
0.35 0.225 0 0 0 0 255
0.375 0.225 0 0 0 0 255
0.4 0.225 0 0 0 0 255
0.425 0.225 -1.11028e+07 -365946 255 0 0
0.45 0.225 -2.02213e+07 -889809 255 0 0
0.475 0.225 -1.09593e+08 -6.04049e+06 255 0 0
0.5 0.225 0 0 0 0 255
-0.5 0.2 0 0 0 0 255
-0.475 0.2 0 0 255 0 0
-0.45 0.2 -2.44728e+06 379753 255 0 0
-0.425 0.2 8.1304e+07 -4.59581e+06 255 0 0
-0.4 0.2 1.05084e+08 -4.09093e+06 255 0 0
-0.375 0.2 -6.08009e+07 5.00182e+06 255 0 0
-0.35 0.2 -8.21534e+07 -312618 255 0 0
-0.325 0.2 5.25681e+08 -1.0421e+08 255 0 0
-0.3 0.2 -2.67474e+07 5.37525e+06 255 0 0
-0.275 0.2 -5.30128e+08 1.05372e+08 255 0 0
-0.25 0.2 0 0 255 0 0
-0.225 0.2 0 0 0 0 255
-0.2 0.2 0 0 0 0 255
-0.175 0.2 0 0 0 0 255
-0.15 0.2 0 0 0 0 255
-0.125 0.2 0 0 0 0 255
-0.1 0.2 0 0 0 0 255
-0.075 0.2 0 0 0 0 255
-0.05 0.2 0 0 0 0 255
-0.025 0.2 0 0 0 0 255
0 0.2 0 0 0 0 255
0.025 0.2 0 0 0 0 255
0.05 0.2 0 0 0 0 255
0.075 0.2 0 0 0 0 255
0.1 0.2 0 0 0 0 255
0.125 0.2 0 0 0 0 255
0.15 0.2 0 0 0 0 255
0.175 0.2 0 0 0 0 255
0.2 0.2 0 0 0 0 255
0.225 0.2 0 0 0 0 255
0.25 0.2 0 0 0 0 255
0.275 0.2 0 0 0 0 255
0.3 0.2 0 0 0 0 255
0.325 0.2 0 0 0 0 255
0.35 0.2 0 0 0 0 255
0.375 0.2 0 0 0 0 255
0.4 0.2 0 0 0 0 255
0.425 0.2 3.11922e+08 1.84606e+07 255 0 0
0.45 0.2 1.70152e+09 9.8605e+07 255 0 0
0.475 0.2 3.02565e+09 1.76563e+08 255 0 0
0.5 0.2 0 0 0 0 255
-0.5 0.175 0 0 0 0 255
-0.475 0.175 0 0 255 0 0
-0.45 0.175 0 0 255 0 0
-0.425 0.175 0 0 255 0 0
-0.4 0.175 0 0 0 0 255
-0.375 0.175 0 0 0 0 255
-0.35 0.175 0 0 0 0 255
-0.325 0.175 0 0 0 0 255
-0.3 0.175 -2.10743e+08 4.13728e+07 255 0 0
-0.275 0.175 0 0 255 0 0
-0.25 0.175 0 0 0 0 255
-0.225 0.175 0 0 0 0 255
-0.2 0.175 0 0 0 0 255
-0.175 0.175 0 0 0 0 255
-0.15 0.175 0 0 0 0 255
-0.125 0.175 0 0 0 0 255
-0.1 0.175 0 0 0 0 255
-0.075 0.175 0 0 0 0 255
-0.05 0.175 0 0 0 0 255
-0.025 0.175 0 0 0 0 255
0 0.175 0 0 0 0 255
0.025 0.175 0 0 0 0 255
0.05 0.175 0 0 0 0 255
0.075 0.175 0 0 0 0 255
0.1 0.175 0 0 0 0 255
0.125 0.175 0 0 0 0 255
0.15 0.175 0 0 0 0 255
0.175 0.175 0 0 0 0 255
0.2 0.175 0 0 0 0 255
0.225 0.175 0 0 0 0 255
0.25 0.175 0 0 0 0 255
0.275 0.175 0 0 0 0 255
0.3 0.175 0 0 0 0 255
0.325 0.175 0 0 0 0 255
0.35 0.175 0 0 0 0 255
0.375 0.175 0 0 0 0 255
0.4 0.175 0 0 0 0 255
0.425 0.175 2.11081e+08 795725 255 0 0
0.45 0.175 2.18399e+09 6.02672e+07 255 0 0
0.475 0.175 4.22762e+09 1.43531e+08 255 0 0
0.5 0.175 0 0 0 0 255
-0.5 0.15 0 0 0 0 255
-0.475 0.15 0 0 0 0 255
-0.45 0.15 0 0 0 0 255
-0.425 0.15 0 0 0 0 255
-0.4 0.15 0 0 0 0 255
-0.375 0.15 -1.722e+09 -4.22913e+06 255 0 0
-0.35 0.15 -1.72632e+09 -3.48579e+06 255 0 0
-0.325 0.15 0 0 0 0 255
-0.3 0.15 0 0 0 0 255
-0.275 0.15 0 0 0 0 255
-0.25 0.15 0 0 0 0 255
-0.225 0.15 0 0 0 0 255
-0.2 0.15 0 0 0 0 255
-0.175 0.15 0 0 0 0 255
-0.15 0.15 0 0 0 0 255
-0.125 0.15 0 0 0 0 255
-0.1 0.15 0 0 0 0 255
-0.075 0.15 0 0 0 0 255
-0.05 0.15 0 0 0 0 255
-0.025 0.15 0 0 0 0 255
0 0.15 0 0 0 0 255
0.025 0.15 0 0 0 0 255
0.05 0.15 0 0 0 0 255
0.075 0.15 0 0 0 0 255
0.1 0.15 0 0 0 0 255
0.125 0.15 0 0 0 0 255
0.15 0.15 0 0 0 0 255
0.175 0.15 0 0 0 0 255
0.2 0.15 0 0 0 0 255
0.225 0.15 0 0 0 0 255
0.25 0.15 0 0 0 0 255
0.275 0.15 0 0 0 0 255
0.3 0.15 0 0 0 0 255
0.325 0.15 0 0 0 0 255
0.35 0.15 0 0 0 0 255
0.375 0.15 0 0 0 0 255
0.4 0.15 0 0 0 0 255
0.425 0.15 4.74582e+06 -6.3356e+06 255 0 0
0.45 0.15 91792.3 3.22337e+06 255 0 0
0.475 0.15 6.68386e+07 1.48735e+07 255 0 0
0.5 0.15 0 0 0 0 255
-0.5 0.125 0 0 0 0 255
-0.475 0.125 0 0 0 0 255
-0.45 0.125 0 0 0 0 255
-0.425 0.125 -2.18568e+07 5.28929e+06 255 0 0
-0.4 0.125 -3.76947e+07 9.35583e+06 255 0 0
-0.375 0.125 1.44441e+07 108309 255 0 0
-0.35 0.125 -547176 311519 255 0 0
-0.325 0.125 -2.47755e+07 -145987 255 0 0
-0.3 0.125 0 0 0 0 255
-0.275 0.125 0 0 0 0 255
-0.25 0.125 0 0 255 0 0
-0.225 0.125 0 0 255 0 0
-0.2 0.125 0 0 255 0 0
-0.175 0.125 0 0 255 0 0
-0.15 0.125 0 0 0 0 255
-0.125 0.125 0 0 0 0 255
-0.1 0.125 0 0 0 0 255
-0.075 0.125 0 0 0 0 255
-0.05 0.125 0 0 0 0 255
-0.025 0.125 0 0 0 0 255
0 0.125 0 0 0 0 255
0.025 0.125 0 0 0 0 255
0.05 0.125 0 0 0 0 255
0.075 0.125 0 0 0 0 255
0.1 0.125 0 0 0 0 255
0.125 0.125 0 0 0 0 255
0.15 0.125 0 0 0 0 255
0.175 0.125 0 0 0 0 255
0.2 0.125 0 0 0 0 255
0.225 0.125 0 0 0 0 255
0.25 0.125 0 0 0 0 255
0.275 0.125 0 0 0 0 255
0.3 0.125 0 0 0 0 255
0.325 0.125 0 0 0 0 255
0.35 0.125 0 0 0 0 255
0.375 0.125 0 0 0 0 255
0.4 0.125 0 0 0 0 255
0.425 0.125 9.30491e+07 1.03808e+07 255 0 0
0.45 0.125 -3.20503e+07 1.05027e+07 255 0 0
0.475 0.125 -1.85892e+08 -7.89858e+06 255 0 0
0.5 0.125 0 0 0 0 255
-0.5 0.1 0 0 0 0 255
-0.475 0.1 2.01555e+08 -5.07477e+07 255 0 0
-0.45 0.1 9.66221e+07 -2.44279e+07 255 0 0
-0.425 0.1 2.56271e+09 -6.46141e+08 255 0 0
-0.4 0.1 -1.45582e+08 3.6488e+07 255 0 0
-0.375 0.1 1.79581e+06 -13891.8 255 0 0
-0.35 0.1 78587.9 39714.9 255 0 0
-0.325 0.1 -4.43838e+06 281956 255 0 0
-0.3 0.1 0 0 0 0 255
-0.275 0.1 0 0 0 0 255
-0.25 0.1 0 0 255 0 0
-0.225 0.1 0 0 255 0 0
-0.2 0.1 0 0 255 0 0
-0.175 0.1 -460523 185658 255 0 0
-0.15 0.1 0 0 0 0 255
-0.125 0.1 0 0 0 0 255
-0.1 0.1 0 0 0 0 255
-0.075 0.1 0 0 0 0 255
-0.05 0.1 0 0 0 0 255
-0.025 0.1 0 0 0 0 255
0 0.1 0 0 0 0 255
0.025 0.1 0 0 0 0 255
0.05 0.1 0 0 0 0 255
0.075 0.1 0 0 0 0 255
0.1 0.1 0 0 0 0 255
0.125 0.1 0 0 0 0 255
0.15 0.1 0 0 0 0 255
0.175 0.1 0 0 0 0 255
0.2 0.1 0 0 0 0 255
0.225 0.1 0 0 0 0 255
0.25 0.1 0 0 0 0 255
0.275 0.1 0 0 0 0 255
0.3 0.1 0 0 0 0 255
0.325 0.1 0 0 0 0 255
0.35 0.1 0 0 0 0 255
0.375 0.1 0 0 0 0 255
0.4 0.1 0 0 0 0 255
0.425 0.1 1.02425e+09 -3.52316e+07 255 0 0
0.45 0.1 -4.45236e+08 2.78637e+06 255 0 0
0.475 0.1 -1.91309e+09 4.12146e+07 255 0 0
0.5 0.1 0 0 0 0 255
-0.5 0.075 0 0 0 0 255
-0.475 0.075 0 0 255 0 0
-0.45 0.075 1.05743e+10 -2.66623e+09 255 0 0
-0.425 0.075 2.48103e+07 -7.76145e+06 255 0 0
-0.4 0.075 -1.05224e+10 2.65316e+09 255 0 0
-0.375 0.075 1.55191e+07 -2.40621e+06 255 0 0
-0.35 0.075 -774754 161707 255 0 0
-0.325 0.075 -2.94902e+06 -1891.04 255 0 0
-0.3 0.075 0 0 0 0 255
-0.275 0.075 0 0 0 0 255
-0.25 0.075 0 0 255 0 0
-0.225 0.075 0 0 255 0 0
-0.2 0.075 6.86117e+06 460523 255 0 0
-0.175 0.075 6.15381e+07 -1.96022e+07 255 0 0
-0.15 0.075 -4.68082e+07 1.20278e+07 255 0 0
-0.125 0.075 -6.24591e+07 1.99735e+07 255 0 0
-0.1 0.075 0 0 255 0 0
-0.075 0.075 0 0 0 0 255
-0.05 0.075 0 0 0 0 255
-0.025 0.075 0 0 0 0 255
0 0.075 0 0 0 0 255
0.025 0.075 0 0 0 0 255
0.05 0.075 0 0 0 0 255
0.075 0.075 -1.78935e+08 2.55734e+07 255 0 0
0.1 0.075 -9.18671e+07 1.30928e+07 255 0 0
0.125 0.075 2.71383e+08 -3.52576e+07 255 0 0
0.15 0.075 5.42089e+08 -6.94345e+07 255 0 0
0.175 0.075 0 0 0 0 255
0.2 0.075 0 0 0 0 255
0.225 0.075 0 0 0 0 255
0.25 0.075 0 0 0 0 255
0.275 0.075 0 0 0 0 255
0.3 0.075 0 0 0 0 255
0.325 0.075 0 0 0 0 255
0.35 0.075 0 0 0 0 255
0.375 0.075 0 0 0 0 255
0.4 0.075 0 0 0 0 255
0.425 0.075 0 0 0 0 255
0.45 0.075 -4.09259e+07 380327 255 0 0
0.475 0.075 0 0 0 0 255
0.5 0.075 0 0 0 0 255
-0.5 0.05 0 0 0 0 255
-0.475 0.05 0 0 255 0 0
-0.45 0.05 2.28691e+08 -5.46181e+07 255 0 0
-0.425 0.05 -2.36698e+09 5.96641e+08 255 0 0
-0.4 0.05 2.95407e+07 -4.38631e+06 255 0 0
-0.375 0.05 -3.52283e+08 1.02549e+08 255 0 0
-0.35 0.05 0 0 0 0 255
-0.325 0.05 0 0 0 0 255
-0.3 0.05 0 0 0 0 255
-0.275 0.05 0 0 0 0 255
-0.25 0.05 0 0 0 0 255
-0.225 0.05 0 0 0 0 255
-0.2 0.05 0 0 0 0 255
-0.175 0.05 0 0 0 0 255
-0.15 0.05 -1.99735e+07 6.24416e+06 255 0 0
-0.125 0.05 0 0 255 0 0
-0.1 0.05 -12222.1 -98123.8 255 0 0
-0.075 0.05 -24444.2 -196248 255 0 0
-0.05 0.05 0 0 0 0 255
-0.025 0.05 0 0 0 0 255
0 0.05 0 0 0 0 255
0.025 0.05 0 0 0 0 255
0.05 0.05 0 0 0 0 255
0.075 0.05 -1.93074e+08 2.87457e+07 255 0 0
0.1 0.05 8.46867e+07 -7.43735e+06 255 0 0
0.125 0.05 2.41502e+08 -3.19281e+07 255 0 0
0.15 0.05 5.07168e+08 -6.48336e+07 255 0 0
0.175 0.05 0 0 0 0 255
0.2 0.05 0 0 0 0 255
0.225 0.05 0 0 0 0 255
0.25 0.05 0 0 0 0 255
0.275 0.05 0 0 0 0 255
0.3 0.05 0 0 0 0 255
0.325 0.05 0 0 0 0 255
0.35 0.05 0 0 0 0 255
0.375 0.05 0 0 0 0 255
0.4 0.05 0 0 0 0 255
0.425 0.05 0 0 0 0 255
0.45 0.05 0 0 0 0 255
0.475 0.05 0 0 0 0 255
0.5 0.05 0 0 0 0 255
-0.5 0.025 0 0 0 0 255
-0.475 0.025 0 0 255 0 0
-0.45 0.025 0 0 255 0 0
-0.425 0.025 -1.09236e+08 2.96944e+07 255 0 0
-0.4 0.025 0 0 0 0 255
-0.375 0.025 0 0 0 0 255
-0.35 0.025 0 0 0 0 255
-0.325 0.025 0 0 0 0 255
-0.3 0.025 0 0 0 0 255
-0.275 0.025 0 0 0 0 255
-0.25 0.025 0 0 0 0 255
-0.225 0.025 0 0 0 0 255
-0.2 0.025 0 0 0 0 255
-0.175 0.025 0 0 0 0 255
-0.15 0.025 0 0 255 0 0
-0.125 0.025 0 0 255 0 0
-0.1 0.025 0 0 255 0 0
-0.075 0.025 0 0 0 0 255
-0.05 0.025 0 0 0 0 255
-0.025 0.025 0 0 0 0 255
0 0.025 0 0 0 0 255
0.025 0.025 0 0 0 0 255
0.05 0.025 0 0 0 0 255
0.075 0.025 3.14507e+09 -3.62492e+08 255 0 0
0.1 0.025 2.53045e+08 -2.69356e+07 255 0 0
0.125 0.025 -1.4966e+09 1.72992e+08 255 0 0
0.15 0.025 4.24486e+08 -5.35258e+07 255 0 0
0.175 0.025 0 0 0 0 255
0.2 0.025 0 0 0 0 255
0.225 0.025 0 0 0 0 255
0.25 0.025 0 0 0 0 255
0.275 0.025 0 0 0 0 255
0.3 0.025 0 0 0 0 255
0.325 0.025 0 0 0 0 255
0.35 0.025 0 0 0 0 255
0.375 0.025 0 0 0 0 255
0.4 0.025 0 0 0 0 255
0.425 0.025 0 0 0 0 255
0.45 0.025 0 0 0 0 255
0.475 0.025 0 0 0 0 255
0.5 0.025 0 0 0 0 255
-0.5 0 0 0 0 0 255
-0.475 0 0 0 0 0 255
-0.45 0 0 0 0 0 255
-0.425 0 0 0 0 0 255
-0.4 0 0 0 0 0 255
-0.375 0 0 0 0 0 255
-0.35 0 0 0 0 0 255
-0.325 0 0 0 0 0 255
-0.3 0 0 0 0 0 255
-0.275 0 0 0 0 0 255
-0.25 0 0 0 0 0 255
-0.225 0 0 0 0 0 255
-0.2 0 0 0 0 0 255
-0.175 0 0 0 0 0 255
-0.15 0 0 0 0 0 255
-0.125 0 0 0 0 0 255
-0.1 0 0 0 0 0 255
-0.075 0 0 0 0 0 255
-0.05 0 0 0 0 0 255
-0.025 0 0 0 0 0 255
0 0 0 0 0 0 255
0.025 0 0 0 0 0 255
0.05 0 0 0 0 0 255
0.075 0 0 0 0 0 255
0.1 0 0 0 0 0 255
0.125 0 0 0 0 0 255
0.15 0 0 0 0 0 255
0.175 0 0 0 0 0 255
0.2 0 0 0 0 0 255
0.225 0 0 0 0 0 255
0.25 0 0 0 0 0 255
0.275 0 0 0 0 0 255
0.3 0 0 0 0 0 255
0.325 0 0 0 0 0 255
0.35 0 0 0 0 0 255
0.375 0 0 0 0 0 255
0.4 0 0 0 0 0 255
0.425 0 0 0 0 0 255
0.45 0 0 0 0 0 255
0.475 0 0 0 0 0 255
0.5 0 0 0 0 0 255
