-0.5 1 0 0 0 0 255
-0.475 1 0 0 0 0 255
-0.45 1 0 0 0 0 255
-0.425 1 0 0 0 0 255
-0.4 1 0 0 0 0 255
-0.375 1 0 0 0 0 255
-0.35 1 0 0 0 0 255
-0.325 1 0 0 0 0 255
-0.3 1 0 0 0 0 255
-0.275 1 0 0 0 0 255
-0.25 1 0 0 0 0 255
-0.225 1 0 0 0 0 255
-0.2 1 0 0 0 0 255
-0.175 1 0 0 0 0 255
-0.15 1 0 0 0 0 255
-0.125 1 0 0 0 0 255
-0.1 1 0 0 0 0 255
-0.075 1 0 0 0 0 255
-0.05 1 0 0 0 0 255
-0.025 1 0 0 0 0 255
0 1 0 0 0 0 255
0.025 1 0 0 0 0 255
0.05 1 0 0 0 0 255
0.075 1 0 0 0 0 255
0.1 1 0 0 0 0 255
0.125 1 0 0 0 0 255
0.15 1 0 0 0 0 255
0.175 1 0 0 0 0 255
0.2 1 0 0 0 0 255
0.225 1 0 0 0 0 255
0.25 1 0 0 0 0 255
0.275 1 0 0 0 0 255
0.3 1 0 0 0 0 255
0.325 1 0 0 0 0 255
0.35 1 0 0 0 0 255
0.375 1 0 0 0 0 255
0.4 1 0 0 0 0 255
0.425 1 0 0 0 0 255
0.45 1 0 0 0 0 255
0.475 1 0 0 0 0 255
0.5 1 0 0 0 0 255
-0.5 0.975 0 0 0 0 255
-0.475 0.975 0 0 0 0 255
-0.45 0.975 0 0 0 0 255
-0.425 0.975 0 0 0 0 255
-0.4 0.975 0 0 0 0 255
-0.375 0.975 0 0 0 0 255
-0.35 0.975 0 0 0 0 255
-0.325 0.975 0 0 0 0 255
-0.3 0.975 0 0 0 0 255
-0.275 0.975 0 0 0 0 255
-0.25 0.975 0 0 0 0 255
-0.225 0.975 0 0 0 0 255
-0.2 0.975 0 0 0 0 255
-0.175 0.975 0 0 0 0 255
-0.15 0.975 0 0 0 0 255
-0.125 0.975 0 0 0 0 255
-0.1 0.975 0 0 0 0 255
-0.075 0.975 0 0 0 0 255
-0.05 0.975 0 0 0 0 255
-0.025 0.975 0 0 0 0 255
0 0.975 0 0 0 0 255
0.025 0.975 0 0 0 0 255
0.05 0.975 0 0 0 0 255
0.075 0.975 0 0 255 0 0
0.1 0.975 1.57675e+07 1.62787e+06 255 0 0
0.125 0.975 5.75065e+07 5.77088e+06 255 0 0
0.15 0.975 0 0 0 0 255
0.175 0.975 0 0 0 0 255
0.2 0.975 0 0 0 0 255
0.225 0.975 0 0 0 0 255
0.25 0.975 0 0 0 0 255
0.275 0.975 0 0 0 0 255
0.3 0.975 0 0 0 0 255
0.325 0.975 3.56323e+07 3.50374e+06 255 0 0
0.35 0.975 1.31737e+08 1.33407e+07 255 0 0
0.375 0.975 2.02484e+08 2.06107e+07 255 0 0
0.4 0.975 0 0 0 0 255
0.425 0.975 0 0 0 0 255
0.45 0.975 0 0 0 0 255
0.475 0.975 0 0 0 0 255
0.5 0.975 0 0 0 0 255
-0.5 0.95 0 0 0 0 255
-0.475 0.95 0 0 0 0 255
-0.45 0.95 0 0 0 0 255
-0.425 0.95 0 0 0 0 255
-0.4 0.95 0 0 0 0 255
-0.375 0.95 0 0 0 0 255
-0.35 0.95 0 0 0 0 255
-0.325 0.95 0 0 0 0 255
-0.3 0.95 0 0 0 0 255
-0.275 0.95 0 0 0 0 255
-0.25 0.95 0 0 0 0 255
-0.225 0.95 0 0 0 0 255
-0.2 0.95 0 0 0 0 255
-0.175 0.95 0 0 0 0 255
-0.15 0.95 0 0 0 0 255
-0.125 0.95 0 0 0 0 255
-0.1 0.95 0 0 0 0 255
-0.075 0.95 0 0 0 0 255
-0.05 0.95 0 0 0 0 255
-0.025 0.95 0 0 0 0 255
0 0.95 0 0 0 0 255
0.025 0.95 0 0 0 0 255
0.05 0.95 1885.62 -54894.7 255 0 0
0.075 0.95 2.79622e+07 3.22386e+06 255 0 0
0.1 0.95 6.78328e+06 1.11806e+06 255 0 0
0.125 0.95 -3.55591e+07 -3.32219e+06 255 0 0
0.15 0.95 -3.17413e+07 -3.52342e+06 255 0 0
0.175 0.95 -4.1086e+07 -4.57641e+06 255 0 0
0.2 0.95 0 0 0 0 255
0.225 0.95 0 0 0 0 255
0.25 0.95 0 0 0 0 255
0.275 0.95 0 0 0 0 255
0.3 0.95 0 0 0 0 255
0.325 0.95 5.20644e+07 5.23598e+06 255 0 0
0.35 0.95 2.74782e+08 2.76493e+07 255 0 0
0.375 0.95 5.02675e+08 5.06136e+07 255 0 0
0.4 0.95 0 0 0 0 255
0.425 0.95 0 0 255 0 0
0.45 0.95 0 0 255 0 0
0.475 0.95 0 0 255 0 0
0.5 0.95 0 0 0 0 255
-0.5 0.925 0 0 0 0 255
-0.475 0.925 0 0 0 0 255
-0.45 0.925 0 0 0 0 255
-0.425 0.925 0 0 0 0 255
-0.4 0.925 0 0 0 0 255
-0.375 0.925 0 0 0 0 255
-0.35 0.925 0 0 0 0 255
-0.325 0.925 0 0 0 0 255
-0.3 0.925 0 0 0 0 255
-0.275 0.925 0 0 0 0 255
-0.25 0.925 0 0 0 0 255
-0.225 0.925 0 0 0 0 255
-0.2 0.925 0 0 0 0 255
-0.175 0.925 0 0 0 0 255
-0.15 0.925 0 0 0 0 255
-0.125 0.925 0 0 0 0 255
-0.1 0.925 0 0 0 0 255
-0.075 0.925 0 0 0 0 255
-0.05 0.925 0 0 0 0 255
-0.025 0.925 0 0 0 0 255
0 0.925 0 0 0 0 255
0.025 0.925 0 0 0 0 255
0.05 0.925 0 0 0 0 255
0.075 0.925 -6.20456e+08 -5.84796e+07 255 0 0
0.1 0.925 -2.59216e+08 -2.39239e+07 255 0 0
0.125 0.925 1.14906e+08 1.24402e+07 255 0 0
0.15 0.925 -6.6055e+08 -7.24995e+07 255 0 0
0.175 0.925 -2.6415e+08 -2.86507e+07 255 0 0
0.2 0.925 0 0 0 0 255
0.225 0.925 0 0 0 0 255
0.25 0.925 0 0 0 0 255
0.275 0.925 0 0 0 0 255
0.3 0.925 0 0 0 0 255
0.325 0.925 7.26205e+07 7.62518e+06 255 0 0
0.35 0.925 1.23837e+08 1.25385e+07 255 0 0
0.375 0.925 1.49805e+08 1.49062e+07 255 0 0
0.4 0.925 0 0 0 0 255
0.425 0.925 0 0 255 0 0
0.45 0.925 0 0 255 0 0
0.475 0.925 0 0 255 0 0
0.5 0.925 0 0 0 0 255
-0.5 0.9 0 0 0 0 255
-0.475 0.9 0 0 255 0 0
-0.45 0.9 6.67475e+06 642255 255 0 0
-0.425 0.9 8.90603e+07 -1.69544e+07 255 0 0
-0.4 0.9 -3.81182e+07 5.41233e+06 255 0 0
-0.375 0.9 -8.73498e+07 1.74017e+07 255 0 0
-0.35 0.9 0 0 255 0 0
-0.325 0.9 0 0 0 0 255
-0.3 0.9 0 0 0 0 255
-0.275 0.9 0 0 0 0 255
-0.25 0.9 0 0 0 0 255
-0.225 0.9 0 0 0 0 255
-0.2 0.9 0 0 0 0 255
-0.175 0.9 0 0 0 0 255
-0.15 0.9 -267849 664007 255 0 0
-0.125 0.9 4.01378e+09 3.5661e+08 255 0 0
-0.1 0.9 8.73983e+09 7.75516e+08 255 0 0
-0.075 0.9 0 0 0 0 255
-0.05 0.9 2.93269e+07 2.11001e+06 255 0 0
-0.025 0.9 1.42041e+10 8.43338e+08 255 0 0
0 0.9 3.00591e+10 1.78457e+09 255 0 0
0.025 0.9 0 0 0 0 255
0.05 0.9 0 0 0 0 255
0.075 0.9 0 0 0 0 255
0.1 0.9 1.78718e+08 1.9427e+07 255 0 0
0.125 0.9 5.81471e+09 6.36289e+08 255 0 0
0.15 0.9 -7.90583e+07 -8.95792e+06 255 0 0
0.175 0.9 -1.16322e+10 -1.27363e+09 255 0 0
0.2 0.9 0 0 0 0 255
0.225 0.9 0 0 0 0 255
0.25 0.9 0 0 0 0 255
0.275 0.9 1.29374e+08 1.65851e+07 255 0 0
0.3 0.9 1.33208e+07 1.5262e+06 255 0 0
0.325 0.9 -5.89822e+07 -7.38362e+06 255 0 0
0.35 0.9 4.9369e+08 4.96139e+07 255 0 0
0.375 0.9 8.94362e+08 8.97763e+07 255 0 0
0.4 0.9 0 0 0 0 255
0.425 0.9 0 0 255 0 0
0.45 0.9 0 0 255 0 0
0.475 0.9 0 0 255 0 0
0.5 0.9 0 0 0 0 255
-0.5 0.875 0 0 0 0 255
-0.475 0.875 -7.33739e+07 -1.16767e+07 255 0 0
-0.45 0.875 -1.0919e+07 -3.1463e+06 255 0 0
-0.425 0.875 8.56076e+06 -3.272e+06 255 0 0
-0.4 0.875 -1.7095e+07 3.40625e+06 255 0 0
-0.375 0.875 -4.68778e+06 1.62328e+06 255 0 0
-0.35 0.875 -6036.68 -69230.8 255 0 0
-0.325 0.875 -12073.4 -138462 255 0 0
-0.3 0.875 0 0 0 0 255
-0.275 0.875 0 0 0 0 255
-0.25 0.875 0 0 0 0 255
-0.225 0.875 0 0 0 0 255
-0.2 0.875 0 0 0 0 255
-0.175 0.875 0 0 0 0 255
-0.15 0.875 -1.43877e+06 149469 255 0 0
-0.125 0.875 -860149 54072.6 255 0 0
-0.1 0.875 3.55995e+08 3.15677e+07 255 0 0
-0.075 0.875 -6.41194e+06 -2.07175e+06 255 0 0
-0.05 0.875 -2.3791e+06 -82399.8 255 0 0
-0.025 0.875 1.76252e+07 1.16303e+06 255 0 0
0 0.875 8.42612e+08 5.00151e+07 255 0 0
0.025 0.875 -3.66902e+07 -1.82696e+06 255 0 0
0.05 0.875 0 0 0 0 255
0.075 0.875 0 0 0 0 255
0.1 0.875 0 0 0 0 255
0.125 0.875 2.03203e+07 1.49492e+06 255 0 0
0.15 0.875 1.27363e+09 1.38706e+08 255 0 0
0.175 0.875 0 0 0 0 255
0.2 0.875 0 0 0 0 255
0.225 0.875 0 0 0 0 255
0.25 0.875 0 0 0 0 255
0.275 0.875 -3.24283e+07 -3.02977e+06 255 0 0
0.3 0.875 -2.62067e+07 -3.13784e+06 255 0 0
0.325 0.875 -1.8175e+07 -2.44399e+06 255 0 0
0.35 0.875 1.33227e+06 156602 255 0 0
0.375 0.875 0 0 0 0 255
0.4 0.875 0 0 0 0 255
0.425 0.875 0 0 255 0 0
0.45 0.875 0 0 255 0 0
0.475 0.875 0 0 255 0 0
0.5 0.875 0 0 0 0 255
-0.5 0.85 0 0 0 0 255
-0.475 0.85 -8.77481e+08 -1.23261e+08 255 0 0
-0.45 0.85 -5.52912e+08 -7.82739e+07 255 0 0
-0.425 0.85 -9.82817e+07 -1.53801e+07 255 0 0
-0.4 0.85 7.36969e+06 -441174 255 0 0
-0.375 0.85 -4.1063e+06 1.48527e+06 255 0 0
-0.35 0.85 -1.73456e+07 3.8382e+06 255 0 0
-0.325 0.85 0 0 0 0 255
-0.3 0.85 0 0 0 0 255
-0.275 0.85 0 0 0 0 255
-0.25 0.85 0 0 0 0 255
-0.225 0.85 0 0 0 0 255
-0.2 0.85 0 0 0 0 255
-0.175 0.85 0 0 0 0 255
-0.15 0.85 5.2679e+06 1.5743e+06 255 0 0
-0.125 0.85 -199897 -54501.2 255 0 0
-0.1 0.85 4.59602e+06 1.52158e+06 255 0 0
-0.075 0.85 7.72995e+07 2.46589e+06 255 0 0
-0.05 0.85 -2.87051e+07 -8.33882e+06 255 0 0
-0.025 0.85 -7.58872e+07 -2.39034e+06 255 0 0
0 0.85 3.01269e+07 1.80278e+06 255 0 0
0.025 0.85 4.0953e+07 1.68354e+06 255 0 0
0.05 0.85 0 0 0 0 255
0.075 0.85 0 0 0 0 255
0.1 0.85 0 0 0 0 255
0.125 0.85 0 0 0 0 255
0.15 0.85 0 0 0 0 255
0.175 0.85 0 0 0 0 255
0.2 0.85 0 0 0 0 255
0.225 0.85 0 0 0 0 255
0.25 0.85 0 0 0 0 255
0.275 0.85 -3.00679e+06 -441817 255 0 0
0.3 0.85 -1.41257e+06 -62768.8 255 0 0
0.325 0.85 -1.25997e+06 -866741 255 0 0
0.35 0.85 1.66126e+06 -257949 255 0 0
0.375 0.85 5.81883e+06 -749430 255 0 0
0.4 0.85 0 0 0 0 255
0.425 0.85 1.26977e+07 -1.06934e+07 255 0 0
0.45 0.85 2.5222e+07 -2.44152e+07 255 0 0
0.475 0.85 0 0 255 0 0
0.5 0.85 0 0 0 0 255
-0.5 0.825 0 0 0 0 255
-0.475 0.825 4.30557e+08 5.9493e+07 255 0 0
-0.45 0.825 5.52393e+07 4.40806e+06 255 0 0
-0.425 0.825 -2.15018e+08 -2.52791e+07 255 0 0
-0.4 0.825 0 0 0 0 255
-0.375 0.825 2.43074e+07 -4.74886e+06 255 0 0
-0.35 0.825 3.38423e+06 559889 255 0 0
-0.325 0.825 2.96183e+10 2.32589e+09 255 0 0
-0.3 0.825 4.84255e+09 3.78855e+08 255 0 0
-0.275 0.825 -6.18264e+10 -4.84631e+09 255 0 0
-0.25 0.825 0 0 0 0 255
-0.225 0.825 0 0 0 0 255
-0.2 0.825 0 0 0 0 255
-0.175 0.825 0 0 0 0 255
-0.15 0.825 4.7231e+06 78265.9 255 0 0
-0.125 0.825 2.94852e+06 -525608 255 0 0
-0.1 0.825 2.02353e+06 -1.27879e+06 255 0 0
-0.075 0.825 8.73133e+07 2.40118e+07 255 0 0
-0.05 0.825 -3.7426e+07 -1.11845e+07 255 0 0
-0.025 0.825 -7.14516e+07 -2.11816e+07 255 0 0
0 0.825 1.26874e+08 1.47757e+07 255 0 0
0.025 0.825 -1.01729e+07 -977530 255 0 0
0.05 0.825 -4.6562e+08 -5.31308e+07 255 0 0
0.075 0.825 -2.01901e+07 -2.89981e+06 255 0 0
0.1 0.825 0 0 0 0 255
0.125 0.825 0 0 0 0 255
0.15 0.825 0 0 0 0 255
0.175 0.825 0 0 0 0 255
0.2 0.825 4.7813e+07 166260 255 0 0
0.225 0.825 -2.02868e+07 -738982 255 0 0
0.25 0.825 -5.66065e+07 438783 255 0 0
0.275 0.825 -1.62603e+07 -503989 255 0 0
0.3 0.825 -1.80547e+06 565138 255 0 0
0.325 0.825 -717522 33463.2 255 0 0
0.35 0.825 8.22233e+06 -2.527e+06 255 0 0
0.375 0.825 1.83633e+07 -3.35032e+06 255 0 0
0.4 0.825 0 0 0 0 255
0.425 0.825 4.12818e+07 -4.64355e+07 255 0 0
0.45 0.825 8.38997e+06 -3.61327e+07 255 0 0
0.475 0.825 -9.99945e+07 5.0444e+07 255 0 0
0.5 0.825 0 0 0 0 255
-0.5 0.8 0 0 0 0 255
-0.475 0.8 2.87459e+08 3.44889e+07 255 0 0
-0.45 0.8 5.39949e+07 -3.29259e+07 255 0 0
-0.425 0.8 -1.02005e+08 -2.38165e+07 255 0 0
-0.4 0.8 -3.78051e+07 -4.03365e+06 255 0 0
-0.375 0.8 -3.394e+07 -3.87856e+06 255 0 0
-0.35 0.8 7.95543e+09 6.15501e+08 255 0 0
-0.325 0.8 -3.2157e+08 -2.51177e+07 255 0 0
-0.3 0.8 -5.77078e+09 -4.5158e+08 255 0 0
-0.275 0.8 -1.73896e+09 -1.35983e+08 255 0 0
-0.25 0.8 0 0 0 0 255
-0.225 0.8 4.9132e+08 3.90959e+07 255 0 0
-0.2 0.8 2.72621e+07 1.71945e+06 255 0 0
-0.175 0.8 -2.49802e+08 -2.07028e+07 255 0 0
-0.15 0.8 272506 -4.98842e+06 255 0 0
-0.125 0.8 1.29729e+07 -3.29423e+06 255 0 0
-0.1 0.8 1.84916e+07 -4.51596e+06 255 0 0
-0.075 0.8 0 0 0 0 255
-0.05 0.8 0 0 0 0 255
-0.025 0.8 0 0 0 0 255
0 0.8 0 0 0 0 255
0.025 0.8 2.90459e+09 3.33852e+08 255 0 0
0.05 0.8 7.72607e+07 9.28737e+06 255 0 0
0.075 0.8 -2.86618e+09 -3.30709e+08 255 0 0
0.1 0.8 0 0 0 0 255
0.125 0.8 0 0 0 0 255
0.15 0.8 9.25438e+06 510351 255 0 0
0.175 0.8 2.1663e+07 246260 255 0 0
0.2 0.8 8.43594e+07 -501035 255 0 0
0.225 0.8 3.69317e+07 -31011.1 255 0 0
0.25 0.8 -6.96774e+07 5.44892e+06 255 0 0
0.275 0.8 -6.47568e+07 -120644 255 0 0
0.3 0.8 -2.95588e+07 -5.06161e+06 255 0 0
0.325 0.8 -1.52932e+06 384309 255 0 0
0.35 0.8 4.45464e+06 -1.08119e+06 255 0 0
0.375 0.8 9.33074e+06 -1.80744e+06 255 0 0
0.4 0.8 0 0 0 0 255
0.425 0.8 0 0 0 0 255
0.45 0.8 0 0 0 0 255
0.475 0.8 0 0 0 0 255
0.5 0.8 0 0 0 0 255
-0.5 0.775 0 0 0 0 255
-0.475 0.775 -2.05764e+07 -5.98531e+06 255 0 0
-0.45 0.775 2.64453e+07 4.55745e+06 255 0 0
-0.425 0.775 2.84525e+07 391211 255 0 0
-0.4 0.775 -4.30721e+07 -4.41325e+06 255 0 0
-0.375 0.775 2.09465e+09 2.29903e+08 255 0 0
-0.35 0.775 4.06984e+09 3.18341e+08 255 0 0
-0.325 0.775 -1.55993e+09 -1.90921e+08 255 0 0
-0.3 0.775 1.81137e+10 1.42042e+09 255 0 0
-0.275 0.775 5.60609e+07 4.68319e+06 255 0 0
-0.25 0.775 -2.23662e+10 -1.75147e+09 255 0 0
-0.225 0.775 2.45458e+07 2.78804e+06 255 0 0
-0.2 0.775 1.11872e+07 248286 255 0 0
-0.175 0.775 -9.35777e+07 -7.69068e+06 255 0 0
-0.15 0.775 -4.19984e+07 -2.76849e+06 255 0 0
-0.125 0.775 -4.88458e+06 141014 255 0 0
-0.1 0.775 -3.33414e+07 -720593 255 0 0
-0.075 0.775 0 0 0 0 255
-0.05 0.775 0 0 0 0 255
-0.025 0.775 0 0 0 0 255
0 0.775 0 0 0 0 255
0.025 0.775 -4.63823e+08 -5.32317e+07 255 0 0
0.05 0.775 7.33986e+08 9.74263e+07 255 0 0
0.075 0.775 -6.73652e+07 -7.58227e+06 255 0 0
0.1 0.775 -8.73412e+08 -1.14166e+08 255 0 0
0.125 0.775 2.1935e+06 -366297 255 0 0
0.15 0.775 -1.91735e+06 -42687.8 255 0 0
0.175 0.775 9.00185e+06 246511 255 0 0
0.2 0.775 2.64528e+07 96896.1 255 0 0
0.225 0.775 4.30964e+07 247067 255 0 0
0.25 0.775 -1.89122e+07 -313733 255 0 0
0.275 0.775 -5.52531e+07 343222 255 0 0
0.3 0.775 -1.45017e+06 1.33059e+06 255 0 0
0.325 0.775 -1.31928e+07 -2.38525e+06 255 0 0
0.35 0.775 1.57979e+07 -4.68877e+06 255 0 0
0.375 0.775 3.54903e+07 -5.09292e+06 255 0 0
0.4 0.775 -2.77804e+07 4.23074e+06 255 0 0
0.425 0.775 -3.65419e+07 6.53121e+06 255 0 0
0.45 0.775 -2.2948e+08 -2.22782e+07 255 0 0
0.475 0.775 0 0 255 0 0
0.5 0.775 0 0 0 0 255
-0.5 0.75 0 0 0 0 255
-0.475 0.75 -1.13858e+09 -4.71421e+06 255 0 0
-0.45 0.75 -6.99871e+08 1.6297e+07 255 0 0
-0.425 0.75 3.61994e+07 9.79122e+06 255 0 0
-0.4 0.75 -5.84614e+07 -4.43846e+06 255 0 0
-0.375 0.75 -1.67411e+08 -1.73827e+07 255 0 0
-0.35 0.75 1.19147e+09 1.02833e+08 255 0 0
-0.325 0.75 3.18539e+08 2.46084e+07 255 0 0
-0.3 0.75 -1.00947e+09 -9.03953e+07 255 0 0
-0.275 0.75 3.44313e+09 2.53522e+08 255 0 0
-0.25 0.75 -1.46143e+08 -1.09007e+07 255 0 0
-0.225 0.75 -1.64937e+09 -1.14524e+08 255 0 0
-0.2 0.75 -1.16634e+06 1.05706e+06 255 0 0
-0.175 0.75 -5.40409e+07 -4.48814e+06 255 0 0
-0.15 0.75 -2.73431e+07 -2.54024e+06 255 0 0
-0.125 0.75 4.19422e+08 3.10237e+07 255 0 0
-0.1 0.75 1.36124e+08 -2.7082e+06 255 0 0
-0.075 0.75 7.33722e+08 -3.25692e+07 255 0 0
-0.05 0.75 2.75418e+08 359284 255 0 0
-0.025 0.75 -1.01309e+09 1.35025e+06 255 0 0
0 0.75 -4.31995e+08 2.55677e+06 255 0 0
0.025 0.75 -9.31373e+07 5.98517e+06 255 0 0
0.05 0.75 -5.84537e+06 -1.95227e+06 255 0 0
0.075 0.75 9.32955e+07 1.25733e+07 255 0 0
0.1 0.75 -5.74608e+06 -188909 255 0 0
0.125 0.75 6.70224e+06 -173919 255 0 0
0.15 0.75 4.6653e+06 -256894 255 0 0
0.175 0.75 -2.42959e+06 41221.2 255 0 0
0.2 0.75 7.93506e+07 436358 255 0 0
0.225 0.75 1.15922e+08 622567 255 0 0
0.25 0.75 1.75531e+08 1.72077e+07 255 0 0
0.275 0.75 -1.1407e+08 -1.41478e+06 255 0 0
0.3 0.75 -2.47516e+08 -1.92513e+07 255 0 0
0.325 0.75 5.26505e+06 -613317 255 0 0
0.35 0.75 1.21775e+06 56893.2 255 0 0
0.375 0.75 5.33178e+06 -830118 255 0 0
0.4 0.75 -2.74139e+06 333490 255 0 0
0.425 0.75 1.18741e+09 1.13765e+08 255 0 0
0.45 0.75 -3.25973e+06 580793 255 0 0
0.475 0.75 -2.38672e+09 -2.2451e+08 255 0 0
0.5 0.75 0 0 0 0 255
-0.5 0.725 0 0 0 0 255
-0.475 0.725 6.79777e+08 9.07837e+07 255 0 0
-0.45 0.725 6.16864e+07 1.34162e+07 255 0 0
-0.425 0.725 -5.50887e+08 -6.62208e+07 255 0 0
-0.4 0.725 0 0 0 0 255
-0.375 0.725 0 0 0 0 255
-0.35 0.725 0 0 0 0 255
-0.325 0.725 7.70852e+09 8.89251e+08 255 0 0
-0.3 0.725 3.79438e+07 3.55245e+06 255 0 0
-0.275 0.725 -3.2508e+09 -4.03906e+08 255 0 0
-0.25 0.725 2.26301e+08 1.25074e+07 255 0 0
-0.225 0.725 -5.39869e+08 -3.6268e+07 255 0 0
-0.2 0.725 -1.2659e+08 -8.25635e+06 255 0 0
-0.175 0.725 2.05202e+07 -5.65976e+06 255 0 0
-0.15 0.725 5.74178e+06 -720275 255 0 0
-0.125 0.725 4.31708e+08 3.84702e+07 255 0 0
-0.1 0.725 8.09082e+06 2.52729e+06 255 0 0
-0.075 0.725 -1.60694e+08 -3.46249e+07 255 0 0
-0.05 0.725 1.08671e+07 -477896 255 0 0
-0.025 0.725 -3.20994e+08 -253039 255 0 0
0 0.725 2.94194e+07 126156 255 0 0
0.025 0.725 -4.76384e+06 1.2023e+06 255 0 0
0.05 0.725 -4.34273e+07 170144 255 0 0
0.075 0.725 -3.20163e+06 -336378 255 0 0
0.1 0.725 -279177 3746.55 255 0 0
0.125 0.725 -1.55952e+06 4744.02 255 0 0
0.15 0.725 2.50215e+07 -668408 255 0 0
0.175 0.725 1.70149e+07 -879647 255 0 0
0.2 0.725 7.43277e+07 -2.89079e+06 255 0 0
0.225 0.725 2.10386e+08 -3.45632e+06 255 0 0
0.25 0.725 -8.12787e+07 3.58168e+06 255 0 0
0.275 0.725 -1.8258e+08 847628 255 0 0
0.3 0.725 2.82204e+06 -5.67588e+06 255 0 0
0.325 0.725 -1.09325e+07 3.72585e+06 255 0 0
0.35 0.725 -1.23459e+07 3.02626e+06 255 0 0
0.375 0.725 6.31218e+06 -1.41252e+06 255 0 0
0.4 0.725 1.63299e+07 -3.04136e+06 255 0 0
0.425 0.725 -1.1429e+08 -9.02815e+06 255 0 0
0.45 0.725 9.60519e+07 1.42405e+07 255 0 0
0.475 0.725 0 0 255 0 0
0.5 0.725 0 0 0 0 255
-0.5 0.7 0 0 0 0 255
-0.475 0.7 -1.61278e+08 -1.65676e+07 255 0 0
-0.45 0.7 -4.69518e+07 -1.55623e+06 255 0 0
-0.425 0.7 2.53591e+07 -1.26454e+07 255 0 0
-0.4 0.7 9.75619e+06 -6.18328e+06 255 0 0
-0.375 0.7 0 0 0 0 255
-0.35 0.7 0 0 0 0 255
-0.325 0.7 -5.63435e+08 -6.08867e+07 255 0 0
-0.3 0.7 1.56693e+08 1.12704e+07 255 0 0
-0.275 0.7 1.22188e+08 9.59183e+06 255 0 0
-0.25 0.7 1.34419e+08 -3.8655e+06 255 0 0
-0.225 0.7 -1.41516e+08 -1.07119e+07 255 0 0
-0.2 0.7 -8.56073e+07 -6.65789e+06 255 0 0
-0.175 0.7 6.79648e+07 1.37443e+06 255 0 0
-0.15 0.7 6.01878e+07 5.13813e+06 255 0 0
-0.125 0.7 -6.57585e+07 -4.5801e+06 255 0 0
-0.1 0.7 -3.67159e+07 -2.9097e+06 255 0 0
-0.075 0.7 2.92393e+07 -2.77224e+06 255 0 0
-0.05 0.7 8.45496e+06 -242933 255 0 0
-0.025 0.7 -2.69981e+07 2.10584e+06 255 0 0
0 0.7 4.30757e+07 -513440 255 0 0
0.025 0.7 5.49757e+06 -1.90116e+06 255 0 0
0.05 0.7 -4.57323e+07 373166 255 0 0
0.075 0.7 -1.53898e+07 465135 255 0 0
0.1 0.7 3.17052e+06 76692.5 255 0 0
0.125 0.7 1.76938e+06 -11747.2 255 0 0
0.15 0.7 6.33265e+07 -4.43173e+06 255 0 0
0.175 0.7 8.89882e+06 -526212 255 0 0
0.2 0.7 5.72401e+07 4.35084e+06 255 0 0
0.225 0.7 -8.51435e+06 512442 255 0 0
0.25 0.7 2.22172e+08 -4.91767e+06 255 0 0
0.275 0.7 9.23661e+06 2.08535e+06 255 0 0
0.3 0.7 -3.36086e+08 1.1778e+06 255 0 0
0.325 0.7 3.04729e+07 -1.27245e+07 255 0 0
0.35 0.7 1.6248e+06 137441 255 0 0
0.375 0.7 -9.00853e+07 2.13896e+07 255 0 0
0.4 0.7 0 0 0 0 255
0.425 0.7 -2.11229e+09 -2.06937e+08 255 0 0
0.45 0.7 -1.0546e+09 -1.03637e+08 255 0 0
0.475 0.7 0 0 255 0 0
0.5 0.7 0 0 0 0 255
-0.5 0.675 0 0 0 0 255
-0.475 0.675 1.99095e+06 -5.26701e+06 255 0 0
-0.45 0.675 4.98983e+07 -2.74606e+07 255 0 0
-0.425 0.675 4.0066e+07 -1.78212e+06 255 0 0
-0.4 0.675 -2.43105e+07 4.18346e+07 255 0 0
-0.375 0.675 0 0 0 0 255
-0.35 0.675 0 0 0 0 255
-0.325 0.675 2.55237e+07 9.33589e+06 255 0 0
-0.3 0.675 -2.87261e+06 -424744 255 0 0
-0.275 0.675 4.36431e+07 -2.07872e+07 255 0 0
-0.25 0.675 2.94228e+08 2.47543e+07 255 0 0
-0.225 0.675 -5.14277e+07 6.58029e+06 255 0 0
-0.2 0.675 -9.42052e+07 -2.56961e+07 255 0 0
-0.175 0.675 1.15115e+08 6.58702e+06 255 0 0
-0.15 0.675 -1.16922e+08 2.68213e+06 255 0 0
-0.125 0.675 -2.79695e+08 -2.16126e+07 255 0 0
-0.1 0.675 -9.78571e+07 -6.93876e+06 255 0 0
-0.075 0.675 -5.56759e+06 -533696 255 0 0
-0.05 0.675 268202 36709.3 255 0 0
-0.025 0.675 1.49362e+08 -2.0427e+06 255 0 0
0 0.675 6.44275e+07 -1.62077e+06 255 0 0
0.025 0.675 -6.99731e+07 -5.30806e+06 255 0 0
0.05 0.675 -3.68645e+07 -836800 255 0 0
0.075 0.675 -2.47964e+07 1.33256e+06 255 0 0
0.1 0.675 -1.16605e+07 407843 255 0 0
0.125 0.675 1.38475e+07 -1.5951e+06 255 0 0
0.15 0.675 5.88626e+07 -3.41459e+06 255 0 0
0.175 0.675 -2.18655e+07 1.34129e+06 255 0 0
0.2 0.675 -7.01577e+07 3.04395e+06 255 0 0
0.225 0.675 2.85035e+06 -204073 255 0 0
0.25 0.675 3.579e+07 -147525 255 0 0
0.275 0.675 6.21928e+07 -853068 255 0 0
0.3 0.675 7.5148e+07 -615950 255 0 0
0.325 0.675 0 0 0 0 255
0.35 0.675 0 0 0 0 255
0.375 0.675 0 0 0 0 255
0.4 0.675 0 0 0 0 255
0.425 0.675 2.07273e+08 2.14645e+07 255 0 0
0.45 0.675 0 0 255 0 0
0.475 0.675 0 0 255 0 0
0.5 0.675 0 0 0 0 255
-0.5 0.65 0 0 0 0 255
-0.475 0.65 -2.74978e+07 -7.12584e+06 255 0 0
-0.45 0.65 -1.30978e+07 -5.37442e+06 255 0 0
-0.425 0.65 -3.36884e+07 1.1982e+07 255 0 0
-0.4 0.65 -4.54132e+06 262253 255 0 0
-0.375 0.65 0 0 0 0 255
-0.35 0.65 0 0 0 0 255
-0.325 0.65 -3.66371e+06 675113 255 0 0
-0.3 0.65 1.47896e+07 7.2166e+06 255 0 0
-0.275 0.65 4.04181e+07 -7.88208e+06 255 0 0
-0.25 0.65 3.14961e+08 4.99296e+07 255 0 0
-0.225 0.65 2.47879e+08 4.90423e+07 255 0 0
-0.2 0.65 -2.83626e+08 -6.02926e+07 255 0 0
-0.175 0.65 -2.79883e+08 -3.67032e+07 255 0 0
-0.15 0.65 1.79835e+09 1.32648e+08 255 0 0
-0.125 0.65 4.00888e+07 2.88113e+06 255 0 0
-0.1 0.65 -1.75029e+09 -1.34074e+08 255 0 0
-0.075 0.65 -1.46511e+07 -2.54999e+06 255 0 0
-0.05 0.65 -4.24292e+07 -2.16965e+06 255 0 0
-0.025 0.65 1.99931e+07 -1.74912e+06 255 0 0
0 0.65 1.24484e+08 -1.48479e+07 255 0 0
0.025 0.65 1.51913e+08 -9.20857e+06 255 0 0
0.05 0.65 7.71185e+08 -3.39137e+07 255 0 0
0.075 0.65 -1.24155e+08 7.68327e+06 255 0 0
0.1 0.65 -7.34098e+08 3.74365e+07 255 0 0
0.125 0.65 -4.5292e+07 499451 255 0 0
0.15 0.65 -1.60381e+08 2.20345e+06 255 0 0
0.175 0.65 -1.3865e+07 509597 255 0 0
0.2 0.65 -2.05853e+06 592417 255 0 0
0.225 0.65 -143183 -107042 255 0 0
0.25 0.65 7.37426e+06 -469344 255 0 0
0.275 0.65 1.60988e+07 -560587 255 0 0
0.3 0.65 0 0 0 0 255
0.325 0.65 0 0 0 0 255
0.35 0.65 0 0 0 0 255
0.375 0.65 0 0 0 0 255
0.4 0.65 0 0 0 0 255
0.425 0.65 0 0 0 0 255
0.45 0.65 0 0 0 0 255
0.475 0.65 0 0 0 0 255
0.5 0.65 0 0 0 0 255
-0.5 0.625 0 0 0 0 255
-0.475 0.625 1.12466e+08 -2.2891e+07 255 0 0
-0.45 0.625 -7.00975e+07 1.55963e+07 255 0 0
-0.425 0.625 -1.46438e+08 3.14178e+07 255 0 0
-0.4 0.625 -9.7904e+07 1.74939e+07 255 0 0
-0.375 0.625 0 0 0 0 255
-0.35 0.625 0 0 0 0 255
-0.325 0.625 3.49428e+07 -6.01549e+06 255 0 0
-0.3 0.625 1.07473e+07 -2.14742e+06 255 0 0
-0.275 0.625 3.19668e+08 -8.19715e+07 255 0 0
-0.25 0.625 7.69178e+07 1.72941e+07 255 0 0
-0.225 0.625 -2.56007e+07 1.29879e+08 255 0 0
-0.2 0.625 3.36394e+06 -1.80602e+06 255 0 0
-0.175 0.625 -1.13189e+08 -2.0069e+07 255 0 0
-0.15 0.625 -6.22924e+07 -9.95151e+06 255 0 0
-0.125 0.625 1.10247e+08 -4.91293e+06 255 0 0
-0.1 0.625 3.42755e+07 -3.07306e+06 255 0 0
-0.075 0.625 -1.09256e+08 -9.83917e+06 255 0 0
-0.05 0.625 -5.26726e+06 -890160 255 0 0
-0.025 0.625 1.92388e+08 1.24767e+07 255 0 0
0 0.625 -5.49858e+07 -6.08874e+06 255 0 0
0.025 0.625 6.78116e+07 -3.38182e+07 255 0 0
0.05 0.625 1.98202e+08 -1.16557e+07 255 0 0
0.075 0.625 -2.01938e+08 1.55451e+07 255 0 0
0.1 0.625 -1.91801e+08 1.08889e+07 255 0 0
0.125 0.625 -1.49541e+08 6.2232e+06 255 0 0
0.15 0.625 -1.57162e+07 1.02305e+06 255 0 0
0.175 0.625 -2.45341e+06 -185136 255 0 0
0.2 0.625 2.16005e+07 -366751 255 0 0
0.225 0.625 1.14922e+07 -1.49499e+06 255 0 0
0.25 0.625 -1.71217e+07 -526134 255 0 0
0.275 0.625 2.48739e+06 -578720 255 0 0
0.3 0.625 0 0 0 0 255
0.325 0.625 0 0 0 0 255
0.35 0.625 0 0 0 0 255
0.375 0.625 0 0 0 0 255
0.4 0.625 0 0 0 0 255
0.425 0.625 6.86231e+08 -5.66317e+07 255 0 0
0.45 0.625 -5.63591e+08 4.77762e+07 255 0 0
0.475 0.625 -1.48107e+09 1.27487e+08 255 0 0
0.5 0.625 0 0 0 0 255
-0.5 0.6 0 0 0 0 255
-0.475 0.6 -7.29543e+08 1.28865e+08 255 0 0
-0.45 0.6 -4.30081e+08 7.62959e+07 255 0 0
-0.425 0.6 -5.64998e+07 1.23305e+07 255 0 0
-0.4 0.6 -5.75809e+06 2.49694e+06 255 0 0
-0.375 0.6 0 0 0 0 255
-0.35 0.6 0 0 0 0 255
-0.325 0.6 -1.57552e+07 -3.50521e+06 255 0 0
-0.3 0.6 -2.93139e+06 -3.44557e+06 255 0 0
-0.275 0.6 8.11216e+06 -1.78975e+06 255 0 0
-0.25 0.6 -5.84919e+07 2.49403e+07 255 0 0
-0.225 0.6 4.39673e+07 4.24363e+06 255 0 0
-0.2 0.6 -1.26473e+07 -1.89643e+06 255 0 0
-0.175 0.6 -3.02602e+06 -6.39906e+06 255 0 0
-0.15 0.6 1.75442e+08 2.98357e+07 255 0 0
-0.125 0.6 3.10006e+07 -1.18021e+06 255 0 0
-0.1 0.6 -1.41017e+08 -3.48321e+07 255 0 0
-0.075 0.6 -9.44636e+07 -1.75372e+07 255 0 0
-0.05 0.6 1.08939e+07 1.6082e+06 255 0 0
-0.025 0.6 2.3921e+08 9.24808e+06 255 0 0
0 0.6 -4.93402e+07 -7.66261e+06 255 0 0
0.025 0.6 -2.58666e+08 -1.89235e+07 255 0 0
0.05 0.6 -2.21926e+07 3.72527e+06 255 0 0
0.075 0.6 -3.27092e+06 -6.42075e+06 255 0 0
0.1 0.6 8.49609e+07 -1.45578e+07 255 0 0
0.125 0.6 3.60136e+07 -5.61983e+06 255 0 0
0.15 0.6 -5.99975e+07 9.06203e+06 255 0 0
0.175 0.6 6.69988e+06 -1.23835e+06 255 0 0
0.2 0.6 1.83363e+08 -2.87031e+07 255 0 0
0.225 0.6 6.38496e+07 -9.9778e+06 255 0 0
0.25 0.6 7.2696e+07 -1.27995e+07 255 0 0
0.275 0.6 0 0 0 0 255
0.3 0.6 0 0 0 0 255
0.325 0.6 0 0 0 0 255
0.35 0.6 0 0 0 0 255
0.375 0.6 0 0 0 0 255
0.4 0.6 0 0 0 0 255
0.425 0.6 1.17284e+08 -6.24484e+06 255 0 0
0.45 0.6 1.25522e+09 -7.05289e+07 255 0 0
0.475 0.6 2.46543e+09 -1.39749e+08 255 0 0
0.5 0.6 0 0 0 0 255
-0.5 0.575 0 0 0 0 255
-0.475 0.575 -8.12428e+07 1.42683e+07 255 0 0
-0.45 0.575 -1.40603e+07 1.84692e+06 255 0 0
-0.425 0.575 -444260 594425 255 0 0
-0.4 0.575 7.08496e+07 1.92086e+07 255 0 0
-0.375 0.575 2.8505e+08 7.35711e+07 255 0 0
-0.35 0.575 5.89534e+07 1.48623e+07 255 0 0
-0.325 0.575 -2.65439e+08 -6.67047e+07 255 0 0
-0.3 0.575 -7.25291e+07 -1.7606e+07 255 0 0
-0.275 0.575 -8.98934e+07 -2.19166e+07 255 0 0
-0.25 0.575 1.26723e+07 3.61844e+06 255 0 0
-0.225 0.575 -3.59761e+07 -1.74061e+07 255 0 0
-0.2 0.575 -2.00533e+07 -1.20034e+07 255 0 0
-0.175 0.575 1.41913e+07 8.9878e+06 255 0 0
-0.15 0.575 2.33388e+08 4.85055e+07 255 0 0
-0.125 0.575 7.5262e+07 4.74579e+06 255 0 0
-0.1 0.575 -1.86235e+08 -4.67966e+07 255 0 0
-0.075 0.575 -1.23877e+08 -1.7618e+07 255 0 0
-0.05 0.575 -4.40498e+07 -1.21085e+06 255 0 0
-0.025 0.575 6.83858e+07 -1.16253e+06 255 0 0
0 0.575 6.93275e+07 -7.1834e+06 255 0 0
0.025 0.575 -7.96795e+07 -1.35397e+07 255 0 0
0.05 0.575 4.1729e+07 -5.86834e+06 255 0 0
0.075 0.575 8.12622e+07 -1.59523e+07 255 0 0
0.1 0.575 3.88563e+07 -1.79816e+07 255 0 0
0.125 0.575 5.57577e+07 -8.87144e+06 255 0 0
0.15 0.575 -6.39686e+07 1.03543e+07 255 0 0
0.175 0.575 5.96585e+08 -9.40994e+07 255 0 0
0.2 0.575 2.55308e+08 -4.21226e+07 255 0 0
0.225 0.575 4.24262e+08 -7.533e+07 255 0 0
0.25 0.575 1.98059e+09 -3.21364e+08 255 0 0
0.275 0.575 0 0 0 0 255
0.3 0.575 0 0 0 0 255
0.325 0.575 0 0 0 0 255
0.35 0.575 0 0 0 0 255
0.375 0.575 0 0 0 0 255
0.4 0.575 0 0 0 0 255
0.425 0.575 1.35266e+08 -1.55614e+07 255 0 0
0.45 0.575 -1.82684e+08 1.18457e+07 255 0 0
0.475 0.575 -5.23373e+08 4.44242e+07 255 0 0
0.5 0.575 0 0 0 0 255
-0.5 0.55 0 0 0 0 255
-0.475 0.55 -2.66804e+07 5.74324e+06 255 0 0
-0.45 0.55 -2.48426e+07 408403 255 0 0
-0.425 0.55 9.85347e+07 2.5784e+07 255 0 0
-0.4 0.55 2.91535e+07 7.17983e+06 255 0 0
-0.375 0.55 -4.98218e+07 -1.26586e+07 255 0 0
-0.35 0.55 8.70831e+07 2.27612e+07 255 0 0
-0.325 0.55 4.14513e+07 9.99736e+06 255 0 0
-0.3 0.55 3.66415e+08 9.02396e+07 255 0 0
-0.275 0.55 -7.63626e+07 -3.87803e+07 255 0 0
-0.25 0.55 -1.51706e+08 -3.92946e+07 255 0 0
-0.225 0.55 1.22628e+08 3.34885e+07 255 0 0
-0.2 0.55 -2.50707e+08 -6.07729e+07 255 0 0
-0.175 0.55 -2.10106e+08 -4.77923e+07 255 0 0
-0.15 0.55 2.17451e+07 5.19037e+06 255 0 0
-0.125 0.55 -1.02612e+08 -2.30073e+07 255 0 0
-0.1 0.55 -597784 -5.76743e+06 255 0 0
-0.075 0.55 2.76322e+07 -1.44669e+06 255 0 0
-0.05 0.55 2.20441e+07 -1.27651e+07 255 0 0
-0.025 0.55 1.00997e+08 -1.03999e+07 255 0 0
0 0.55 3.41537e+07 2.601e+06 255 0 0
0.025 0.55 -1.66013e+08 1.57599e+07 255 0 0
0.05 0.55 -1.005e+07 -1.0215e+07 255 0 0
0.075 0.55 3.0647e+07 1.45179e+06 255 0 0
0.1 0.55 -1.04203e+08 1.14297e+07 255 0 0
0.125 0.55 5.46425e+07 -1.40657e+07 255 0 0
0.15 0.55 2.35588e+07 -8.4566e+06 255 0 0
0.175 0.55 -6.98656e+07 7.25569e+06 255 0 0
0.2 0.55 2.21983e+07 469901 255 0 0
0.225 0.55 2.10263e+08 -2.56896e+07 255 0 0
0.25 0.55 0 0 0 0 255
0.275 0.55 0 0 0 0 255
0.3 0.55 0 0 0 0 255
0.325 0.55 0 0 0 0 255
0.35 0.55 0 0 0 0 255
0.375 0.55 0 0 0 0 255
0.4 0.55 0 0 0 0 255
0.425 0.55 9.24693e+08 3.1488e+07 255 0 0
0.45 0.55 -6.27924e+08 -1.15346e+07 255 0 0
0.475 0.55 -2.17195e+09 -5.83445e+07 255 0 0
0.5 0.55 0 0 0 0 255
-0.5 0.525 0 0 0 0 255
-0.475 0.525 0 0 0 0 255
-0.45 0.525 7.66721e+07 1.95089e+07 255 0 0
-0.425 0.525 -7.46829e+06 -1.81344e+06 255 0 0
-0.4 0.525 -3.95283e+07 -9.96734e+06 255 0 0
-0.375 0.525 3.0782e+07 6.52237e+06 255 0 0
-0.35 0.525 2.40164e+07 7.04006e+06 255 0 0
-0.325 0.525 -3.40927e+07 -7.10781e+06 255 0 0
-0.3 0.525 -1.29773e+06 -8.80322e+06 255 0 0
-0.275 0.525 1.60806e+08 4.00043e+07 255 0 0
-0.25 0.525 3.75268e+07 1.24638e+07 255 0 0
-0.225 0.525 9.09052e+07 2.00809e+07 255 0 0
-0.2 0.525 7.08004e+08 1.67263e+08 255 0 0
-0.175 0.525 -7.28069e+06 -3.71592e+06 255 0 0
-0.15 0.525 -4.8132e+08 -1.14337e+08 255 0 0
-0.125 0.525 -4.00377e+07 -7.23664e+06 255 0 0
-0.1 0.525 -1.40338e+07 -3.10283e+07 255 0 0
-0.075 0.525 -1.11821e+08 -2.03591e+07 255 0 0
-0.05 0.525 -2.6708e+08 -3.37611e+07 255 0 0
-0.025 0.525 -2.09495e+06 3.98724e+06 255 0 0
0 0.525 -9.13649e+06 6.63345e+06 255 0 0
0.025 0.525 -5.19549e+06 1.11262e+07 255 0 0
0.05 0.525 0 0 255 0 0
0.075 0.525 1.08449e+08 -4.93295e+06 255 0 0
0.1 0.525 4.03001e+07 -7.66704e+06 255 0 0
0.125 0.525 -6.06484e+07 -8.51039e+06 255 0 0
0.15 0.525 -3.74233e+07 1.97916e+06 255 0 0
0.175 0.525 -4.18757e+07 1.78166e+07 255 0 0
0.2 0.525 4.13587e+07 -3.39474e+06 255 0 0
0.225 0.525 2.57756e+08 -4.19167e+07 255 0 0
0.25 0.525 4.45136e+08 -7.27374e+07 255 0 0
0.275 0.525 0 0 0 0 255
0.3 0.525 0 0 0 0 255
0.325 0.525 0 0 0 0 255
0.35 0.525 0 0 0 0 255
0.375 0.525 0 0 0 0 255
0.4 0.525 0 0 0 0 255
0.425 0.525 1.90242e+09 -9.78177e+06 255 0 0
0.45 0.525 -1.8421e+09 9.73051e+06 255 0 0
0.475 0.525 -5.62734e+09 2.7848e+07 255 0 0
0.5 0.525 0 0 0 0 255
-0.5 0.5 0 0 0 0 255
-0.475 0.5 0 0 0 0 255
-0.45 0.5 -7.80247e+06 4.17554e+06 255 0 0
-0.425 0.5 1.00382e+07 6.61677e+06 255 0 0
-0.4 0.5 77380.6 1.1486e+06 255 0 0
-0.375 0.5 3.45087e+07 7.14076e+06 255 0 0
-0.35 0.5 1.31362e+07 3.70031e+06 255 0 0
-0.325 0.5 -2.03291e+06 -2.49668e+06 255 0 0
-0.3 0.5 -9.65219e+06 -1.8641e+06 255 0 0
-0.275 0.5 -2.44833e+07 2.05357e+07 255 0 0
-0.25 0.5 3.89018e+07 1.13772e+07 255 0 0
-0.225 0.5 1.13658e+08 2.2298e+07 255 0 0
-0.2 0.5 -3.64529e+07 -7.49984e+06 255 0 0
-0.175 0.5 9.55402e+07 1.87727e+07 255 0 0
-0.15 0.5 3.18469e+08 7.16112e+07 255 0 0
-0.125 0.5 1.32909e+08 3.42215e+07 255 0 0
-0.1 0.5 -3.8803e+08 -8.47339e+07 255 0 0
-0.075 0.5 -9.55122e+07 -1.66525e+07 255 0 0
-0.05 0.5 0 0 255 0 0
-0.025 0.5 0 0 255 0 0
0 0.5 0 0 255 0 0
0.025 0.5 0 0 255 0 0
0.05 0.5 0 0 255 0 0
0.075 0.5 1.87958e+08 -5.80215e+06 255 0 0
0.1 0.5 3.48425e+07 231343 255 0 0
0.125 0.5 -1.42105e+08 764025 255 0 0
0.15 0.5 -6.3701e+07 8.74224e+06 255 0 0
0.175 0.5 6.66124e+07 -1.33495e+07 255 0 0
0.2 0.5 3.71759e+07 -6.08904e+06 255 0 0
0.225 0.5 -5.05624e+07 1.47036e+07 255 0 0
0.25 0.5 2.3633e+07 -5.80256e+06 255 0 0
0.275 0.5 5.45349e+07 -1.1659e+07 255 0 0
0.3 0.5 0 0 0 0 255
0.325 0.5 0 0 255 0 0
0.35 0.5 0 0 255 0 0
0.375 0.5 0 0 255 0 0
0.4 0.5 0 0 0 0 255
0.425 0.5 -1.66177e+07 -541501 255 0 0
0.45 0.5 9.93515e+07 -3.27215e+06 255 0 0
0.475 0.5 2.34465e+08 -5.78692e+06 255 0 0
0.5 0.5 0 0 0 0 255
-0.5 0.475 0 0 0 0 255
-0.475 0.475 -7.96122e+07 -4.07094e+06 255 0 0
-0.45 0.475 -1.76505e+08 9.6729e+06 255 0 0
-0.425 0.475 3.15555e+07 5.95319e+06 255 0 0
-0.4 0.475 -921472 785047 255 0 0
-0.375 0.475 -3.85438e+07 -4.72994e+06 255 0 0
-0.35 0.475 5.37755e+06 1.15274e+06 255 0 0
-0.325 0.475 5.28827e+07 9.02441e+06 255 0 0
-0.3 0.475 1.0659e+07 691243 255 0 0
-0.275 0.475 -5.06309e+07 -8.51753e+06 255 0 0
-0.25 0.475 3.62987e+07 1.35434e+07 255 0 0
-0.225 0.475 6.50152e+08 1.24625e+08 255 0 0
-0.2 0.475 6.95437e+06 -42440.9 255 0 0
-0.175 0.475 -6.50376e+08 -1.30735e+08 255 0 0
-0.15 0.475 8.7142e+06 7.93071e+06 255 0 0
-0.125 0.475 6.54254e+07 1.76093e+07 255 0 0
-0.1 0.475 -4.71293e+07 -7.56544e+06 255 0 0
-0.075 0.475 0 0 255 0 0
-0.05 0.475 0 0 255 0 0
-0.025 0.475 0 0 255 0 0
0 0.475 0 0 255 0 0
0.025 0.475 0 0 255 0 0
0.05 0.475 0 0 255 0 0
0.075 0.475 0 0 255 0 0
0.1 0.475 1.11366e+08 -1.0055e+07 255 0 0
0.125 0.475 4.0126e+07 -5.56664e+06 255 0 0
0.15 0.475 5.62464e+06 -6.14811e+06 255 0 0
0.175 0.475 3.58211e+07 -8.92046e+06 255 0 0
0.2 0.475 -1.6772e+07 5.75019e+06 255 0 0
0.225 0.475 2.14983e+07 -3.35229e+06 255 0 0
0.25 0.475 1.15283e+06 -1.00842e+06 255 0 0
0.275 0.475 -5.8731e+07 1.29516e+07 255 0 0
0.3 0.475 1.89386e+08 -5.73528e+07 255 0 0
0.325 0.475 0 0 255 0 0
0.35 0.475 8.48086e+07 -2.14253e+07 255 0 0
0.375 0.475 3.26202e+07 -5.26727e+06 255 0 0
0.4 0.475 1.8745e+07 -3.56789e+06 255 0 0
0.425 0.475 -84256.3 -15322.1 255 0 0
0.45 0.475 1.45205e+07 377438 255 0 0
0.475 0.475 3.7411e+07 433655 255 0 0
0.5 0.475 0 0 0 0 255
-0.5 0.45 0 0 0 0 255
-0.475 0.45 -3.42297e+09 2.83064e+08 255 0 0
-0.45 0.45 -1.71714e+09 1.42036e+08 255 0 0
-0.425 0.45 -1.56917e+07 1.00943e+06 255 0 0
-0.4 0.45 -2.03646e+06 1.89765e+06 255 0 0
-0.375 0.45 9.84383e+06 2.766e+06 255 0 0
-0.35 0.45 692501 273548 255 0 0
-0.325 0.45 -4.42286e+06 -1.73015e+06 255 0 0
-0.3 0.45 3.23149e+07 4.25606e+06 255 0 0
-0.275 0.45 2.16487e+07 5.67158e+06 255 0 0
-0.25 0.45 1.24172e+07 320324 255 0 0
-0.225 0.45 1.97337e+07 3.39315e+06 255 0 0
-0.2 0.45 2.1457e+08 3.14314e+07 255 0 0
-0.175 0.45 -2.10075e+06 -474465 255 0 0
-0.15 0.45 -1.08968e+08 -1.59757e+07 255 0 0
-0.125 0.45 1.8186e+08 2.44464e+07 255 0 0
-0.1 0.45 -5.73447e+07 -9.81172e+06 255 0 0
-0.075 0.45 -2.31181e+08 -3.16949e+07 255 0 0
-0.05 0.45 -2.54802e+06 -997837 255 0 0
-0.025 0.45 -7.61617e+06 -2.70006e+06 255 0 0
0 0.45 0 0 255 0 0
0.025 0.45 0 0 255 0 0
0.05 0.45 0 0 255 0 0
0.075 0.45 7.9945e+08 -9.27712e+07 255 0 0
0.1 0.45 1.84808e+08 -2.56605e+07 255 0 0
0.125 0.45 -6.68436e+08 7.06097e+07 255 0 0
0.15 0.45 -3.13898e+07 -6.83413e+06 255 0 0
0.175 0.45 -4.67553e+07 9.81668e+06 255 0 0
0.2 0.45 -1.25309e+08 2.77087e+07 255 0 0
0.225 0.45 3.44238e+07 -5.76483e+06 255 0 0
0.25 0.45 4.76714e+06 -789467 255 0 0
0.275 0.45 3.92716e+08 -1.08767e+08 255 0 0
0.3 0.45 -3.2821e+07 6.28373e+06 255 0 0
0.325 0.45 -2.94584e+07 2.52957e+07 255 0 0
0.35 0.45 1.05316e+08 -2.1733e+07 255 0 0
0.375 0.45 -3.59471e+08 7.80449e+07 255 0 0
0.4 0.45 2.76665e+06 1.13967e+07 255 0 0
0.425 0.45 7.32139e+06 -2.22636e+06 255 0 0
0.45 0.45 -5.99928e+07 875464 255 0 0
0.475 0.45 5.76387e+07 -4.19128e+06 255 0 0
0.5 0.45 0 0 0 0 255
-0.5 0.425 0 0 0 0 255
-0.475 0.425 -3.24483e+08 1.83822e+07 255 0 0
-0.45 0.425 -1.12618e+08 4.36928e+06 255 0 0
-0.425 0.425 5.01745e+07 -6.99567e+06 255 0 0
-0.4 0.425 2.09535e+06 1.19491e+06 255 0 0
-0.375 0.425 -5.23118e+07 -1.31675e+07 255 0 0
-0.35 0.425 -1.3278e+06 -241688 255 0 0
-0.325 0.425 1.5683e+07 1.61949e+06 255 0 0
-0.3 0.425 -1.22523e+07 -1.58291e+06 255 0 0
-0.275 0.425 7.14815e+07 2.66011e+07 255 0 0
-0.25 0.425 4.46369e+07 -9.10809e+06 255 0 0
-0.225 0.425 -4.19842e+07 -2.27383e+07 255 0 0
-0.2 0.425 3.20893e+07 5.48267e+06 255 0 0
-0.175 0.425 4.39196e+07 7.26692e+06 255 0 0
-0.15 0.425 6.2681e+07 8.41888e+06 255 0 0
-0.125 0.425 3.78847e+07 5.30441e+06 255 0 0
-0.1 0.425 -7.23077e+07 -2.02857e+07 255 0 0
-0.075 0.425 -1.52315e+06 -1.11714e+07 255 0 0
-0.05 0.425 1.51164e+08 3.31697e+06 255 0 0
-0.025 0.425 -6.51204e+07 -2.54802e+06 255 0 0
0 0.425 -1.97529e+08 -7.61617e+06 255 0 0
0.025 0.425 0 0 255 0 0
0.05 0.425 5.36967e+08 -6.36515e+07 255 0 0
0.075 0.425 1.87742e+07 -4.54458e+06 255 0 0
0.1 0.425 -4.83079e+08 4.35886e+07 255 0 0
0.125 0.425 3.72357e+07 -1.1454e+07 255 0 0
0.15 0.425 -9.8829e+07 1.82657e+07 255 0 0
0.175 0.425 -6.15169e+07 1.25387e+07 255 0 0
0.2 0.425 1.14676e+07 -2.49355e+06 255 0 0
0.225 0.425 -1.13583e+06 825179 255 0 0
0.25 0.425 9.91554e+07 -5.42644e+06 255 0 0
0.275 0.425 -239421 -1.78466e+06 255 0 0
0.3 0.425 -5.80748e+07 1.21793e+07 255 0 0
0.325 0.425 9.59482e+07 -2.07923e+07 255 0 0
0.35 0.425 -1.87771e+08 2.98987e+07 255 0 0
0.375 0.425 -4.17138e+07 5.94567e+06 255 0 0
0.4 0.425 6.55158e+06 5.02127e+06 255 0 0
0.425 0.425 -2.77848e+07 2.64934e+06 255 0 0
0.45 0.425 2.80845e+08 -2.9152e+07 255 0 0
0.475 0.425 6.12179e+08 -5.9836e+07 255 0 0
0.5 0.425 0 0 0 0 255
-0.5 0.4 0 0 0 0 255
-0.475 0.4 -3.37101e+08 1.97487e+07 255 0 0
-0.45 0.4 3.83624e+08 -5.12431e+07 255 0 0
-0.425 0.4 -2.71238e+07 1.47162e+06 255 0 0
-0.4 0.4 -3.59659e+08 1.26829e+08 255 0 0
-0.375 0.4 4.80327e+08 1.2038e+08 255 0 0
-0.35 0.4 0 0 0 0 255
-0.325 0.4 0 0 0 0 255
-0.3 0.4 0 0 0 0 255
-0.275 0.4 0 0 0 0 255
-0.25 0.4 -8.25347e+07 4.90583e+07 255 0 0
-0.225 0.4 5.43873e+07 -1.32873e+07 255 0 0
-0.2 0.4 -5.04929e+07 2.75131e+07 255 0 0
-0.175 0.4 2.14372e+08 2.93287e+07 255 0 0
-0.15 0.4 1.27198e+07 -9.00399e+06 255 0 0
-0.125 0.4 -1.40554e+08 -2.475e+07 255 0 0
-0.1 0.4 3.37829e+07 -8.69842e+06 255 0 0
-0.075 0.4 -1.7919e+07 -1.602e+07 255 0 0
-0.05 0.4 -6.20838e+07 3.95081e+06 255 0 0
-0.025 0.4 -3.06957e+07 -214196 255 0 0
0 0.4 0 0 255 0 0
0.025 0.4 0 0 255 0 0
0.05 0.4 1.38068e+08 -1.87742e+07 255 0 0
0.075 0.4 1.47658e+08 -3.24761e+07 255 0 0
0.1 0.4 -1.79247e+07 1.23952e+06 255 0 0
0.125 0.4 -1.21467e+08 3.11652e+07 255 0 0
0.15 0.4 -2.99656e+07 -298011 255 0 0
0.175 0.4 -5.93957e+07 5.9657e+06 255 0 0
0.2 0.4 -8.20575e+07 1.46064e+07 255 0 0
0.225 0.4 0 0 0 0 255
0.25 0.4 0 0 0 0 255
0.275 0.4 0 0 0 0 255
0.3 0.4 3.70111e+08 -5.98918e+07 255 0 0
0.325 0.4 1.37561e+08 -3.63361e+07 255 0 0
0.35 0.4 -2.19188e+08 3.74252e+07 255 0 0
0.375 0.4 -1.55989e+08 4.76133e+07 255 0 0
0.4 0.4 1.43522e+08 9.0924e+06 255 0 0
0.425 0.4 8.46106e+07 6.90272e+06 255 0 0
0.45 0.4 3.22308e+08 -1.13787e+07 255 0 0
0.475 0.4 6.73459e+08 -1.71011e+07 255 0 0
0.5 0.4 0 0 0 0 255
-0.5 0.375 0 0 0 0 255
-0.475 0.375 -4.43839e+08 8.27552e+07 255 0 0
-0.45 0.375 -2.36034e+08 4.21911e+07 255 0 0
-0.425 0.375 -6.24021e+07 8.26951e+06 255 0 0
-0.4 0.375 -1.40102e+07 -3.48945e+06 255 0 0
-0.375 0.375 4.24141e+07 1.40631e+07 255 0 0
-0.35 0.375 0 0 0 0 255
-0.325 0.375 0 0 0 0 255
-0.3 0.375 0 0 0 0 255
-0.275 0.375 0 0 0 0 255
-0.25 0.375 1.52351e+09 -3.80585e+08 255 0 0
-0.225 0.375 3.90326e+08 -9.97064e+07 255 0 0
-0.2 0.375 -7.75292e+08 2.02037e+08 255 0 0
-0.175 0.375 -1.2439e+07 7.51906e+06 255 0 0
-0.15 0.375 4.40144e+07 1.05526e+06 255 0 0
-0.125 0.375 2.91581e+07 5.1704e+06 255 0 0
-0.1 0.375 1.87816e+07 7.80643e+06 255 0 0
-0.075 0.375 1.17126e+08 8.00423e+06 255 0 0
-0.05 0.375 -1.64904e+07 -69440.5 255 0 0
-0.025 0.375 -1.50532e+08 -6.38566e+06 255 0 0
0 0.375 0 0 255 0 0
0.025 0.375 0 0 255 0 0
0.05 0.375 2.26727e+08 -3.39449e+07 255 0 0
0.075 0.375 3.03697e+08 -4.30204e+07 255 0 0
0.1 0.375 -1.49727e+08 2.72838e+07 255 0 0
0.125 0.375 -1.64126e+08 2.40512e+07 255 0 0
0.15 0.375 3.04198e+07 -3.27152e+06 255 0 0
0.175 0.375 -2.1809e+07 7.08022e+06 255 0 0
0.2 0.375 6.73905e+07 -1.38014e+07 255 0 0
0.225 0.375 8.13499e+07 -1.47658e+07 255 0 0
0.25 0.375 0 0 0 0 255
0.275 0.375 0 0 0 0 255
0.3 0.375 -1.97692e+07 4.7766e+06 255 0 0
0.325 0.375 -3.98305e+07 1.02626e+07 255 0 0
0.35 0.375 -9.9088e+06 1.14632e+07 255 0 0
0.375 0.375 3.5853e+08 3.70321e+06 255 0 0
0.4 0.375 -2.92265e+06 3.61584e+06 255 0 0
0.425 0.375 -3.38517e+08 -1.87607e+06 255 0 0
0.45 0.375 -4.09331e+07 -4.27729e+06 255 0 0
0.475 0.375 -1.08602e+07 -1.2994e+07 255 0 0
0.5 0.375 0 0 0 0 255
-0.5 0.35 0 0 0 0 255
-0.475 0.35 -1.338e+09 7.82322e+07 255 0 0
-0.45 0.35 -8.00507e+08 -2.13132e+07 255 0 0
-0.425 0.35 -4.60121e+07 -1.35793e+07 255 0 0
-0.4 0.35 -1.39633e+08 -3.45273e+07 255 0 0
-0.375 0.35 -1.00631e+08 -2.6194e+07 255 0 0
-0.35 0.35 0 0 0 0 255
-0.325 0.35 0 0 0 0 255
-0.3 0.35 0 0 0 0 255
-0.275 0.35 0 0 0 0 255
-0.25 0.35 0 0 0 0 255
-0.225 0.35 0 0 0 0 255
-0.2 0.35 0 0 0 0 255
-0.175 0.35 -1.12333e+08 3.83635e+07 255 0 0
-0.15 0.35 -8.57978e+07 1.60153e+07 255 0 0
-0.125 0.35 1.68662e+08 6.83959e+06 255 0 0
-0.1 0.35 3.86964e+07 3.9811e+06 255 0 0
-0.075 0.35 -1.3549e+08 -7.75488e+06 255 0 0
-0.05 0.35 -4.11041e+07 -3.75276e+06 255 0 0
-0.025 0.35 -6.5701e+07 -4.16516e+06 255 0 0
0 0.35 0 0 255 0 0
0.025 0.35 -4.36548e+06 -6.51126e+06 255 0 0
0.05 0.35 5.59235e+08 -8.05984e+07 255 0 0
0.075 0.35 1.27264e+08 -2.10363e+07 255 0 0
0.1 0.35 -5.36093e+08 7.57008e+07 255 0 0
0.125 0.35 6.63144e+08 -8.93848e+07 255 0 0
0.15 0.35 -2.06049e+07 4.93968e+06 255 0 0
0.175 0.35 -7.54788e+08 1.03191e+08 255 0 0
0.2 0.35 2.56887e+08 -4.06901e+07 255 0 0
0.225 0.35 5.12611e+08 -7.83784e+07 255 0 0
0.25 0.35 0 0 0 0 255
0.275 0.35 0 0 0 0 255
0.3 0.35 0 0 0 0 255
0.325 0.35 0 0 255 0 0
0.35 0.35 0 0 255 0 0
0.375 0.35 0 0 0 0 255
0.4 0.35 0 0 0 0 255
0.425 0.35 -6.93757e+06 2.33352e+06 255 0 0
0.45 0.35 -9.5186e+06 3.42979e+06 255 0 0
0.475 0.35 -5.2586e+06 1.15978e+07 255 0 0
0.5 0.35 0 0 0 0 255
-0.5 0.325 0 0 0 0 255
-0.475 0.325 8.53905e+08 3.1668e+08 255 0 0
-0.45 0.325 3.34289e+08 8.23727e+07 255 0 0
-0.425 0.325 5.35901e+07 -3.33145e+07 255 0 0
-0.4 0.325 1.55817e+08 1.76684e+07 255 0 0
-0.375 0.325 0 0 0 0 255
-0.35 0.325 0 0 0 0 255
-0.325 0.325 0 0 0 0 255
-0.3 0.325 0 0 255 0 0
-0.275 0.325 5.13965e+07 -2.68005e+06 255 0 0
-0.25 0.325 4.35709e+07 9.49356e+06 255 0 0
-0.225 0.325 3.58769e+07 1.50271e+07 255 0 0
-0.2 0.325 -1.64583e+07 -8.047e+06 255 0 0
-0.175 0.325 -6.07556e+07 -1.38642e+07 255 0 0
-0.15 0.325 2.031e+07 5.36039e+06 255 0 0
-0.125 0.325 8.35021e+07 3.81035e+06 255 0 0
-0.1 0.325 1.52207e+07 509519 255 0 0
-0.075 0.325 -4.92639e+07 -1.94445e+06 255 0 0
-0.05 0.325 7.92328e+07 1.50074e+06 255 0 0
-0.025 0.325 -4.78648e+07 -2.38371e+06 255 0 0
0 0.325 -1.25822e+07 1.24441e+07 255 0 0
0.025 0.325 5.62579e+06 -639775 255 0 0
0.05 0.325 -5.00129e+07 -3.51029e+07 255 0 0
0.075 0.325 -3.62239e+07 3.01312e+06 255 0 0
0.1 0.325 1.45356e+08 -2.1475e+07 255 0 0
0.125 0.325 -2.84831e+07 5.62281e+06 255 0 0
0.15 0.325 -1.07829e+08 2.55131e+06 255 0 0
0.175 0.325 2.07536e+08 -3.37619e+07 255 0 0
0.2 0.325 2.55941e+08 -3.55045e+07 255 0 0
0.225 0.325 2.60384e+08 -3.04105e+07 255 0 0
0.25 0.325 0 0 0 0 255
0.275 0.325 0 0 0 0 255
0.3 0.325 0 0 0 0 255
0.325 0.325 0 0 0 0 255
0.35 0.325 0 0 0 0 255
0.375 0.325 0 0 0 0 255
0.4 0.325 -4.12488e+08 -8.31936e+07 255 0 0
0.425 0.325 -1.42717e+07 2.8891e+06 255 0 0
0.45 0.325 1.82487e+07 4.83279e+06 255 0 0
0.475 0.325 -9.28387e+06 2.09441e+06 255 0 0
0.5 0.325 0 0 0 0 255
-0.5 0.3 0 0 0 0 255
-0.475 0.3 1.10259e+09 -1.00041e+08 255 0 0
-0.45 0.3 4.00464e+08 3.7134e+07 255 0 0
-0.425 0.3 -5.41009e+08 8.4477e+07 255 0 0
-0.4 0.3 0 0 0 0 255
-0.375 0.3 0 0 0 0 255
-0.35 0.3 0 0 0 0 255
-0.325 0.3 0 0 0 0 255
-0.3 0.3 8.70466e+08 -3.33628e+07 255 0 0
-0.275 0.3 4.33228e+07 -3.79954e+07 255 0 0
-0.25 0.3 -4.09658e+08 2.4344e+07 255 0 0
-0.225 0.3 -1.68605e+07 -4.56388e+06 255 0 0
-0.2 0.3 3.19701e+07 7.48806e+06 255 0 0
-0.175 0.3 8.61948e+07 2.58807e+07 255 0 0
-0.15 0.3 0 0 0 0 255
-0.125 0.3 -6.60029e+07 -533634 255 0 0
-0.1 0.3 6.15777e+07 5.11377e+06 255 0 0
-0.075 0.3 -6.32124e+07 -1.05183e+07 255 0 0
-0.05 0.3 -1.66795e+08 -7.41403e+06 255 0 0
-0.025 0.3 -3.73838e+07 1.04399e+06 255 0 0
0 0.3 0 0 255 0 0
0.025 0.3 1.1168e+08 2.30761e+07 255 0 0
0.05 0.3 2.22706e+06 92124.4 255 0 0
0.075 0.3 -2.05519e+08 -2.99577e+07 255 0 0
0.1 0.3 0 0 0 0 255
0.125 0.3 1.17287e+09 -2.90309e+08 255 0 0
0.15 0.3 1.25162e+07 -4.49071e+06 255 0 0
0.175 0.3 -2.6608e+08 6.9869e+07 255 0 0
0.2 0.3 -6.15549e+07 1.74624e+07 255 0 0
0.225 0.3 0 0 0 0 255
0.25 0.3 0 0 0 0 255
0.275 0.3 0 0 0 0 255
0.3 0.3 0 0 0 0 255
0.325 0.3 0 0 0 0 255
0.35 0.3 0 0 0 0 255
0.375 0.3 0 0 0 0 255
0.4 0.3 -1.53736e+09 -3.36103e+08 255 0 0
0.425 0.3 -7.73477e+08 -1.62238e+08 255 0 0
0.45 0.3 -7.91806e+06 2.93928e+06 255 0 0
0.475 0.3 -1.83299e+07 -8.68354e+06 255 0 0
0.5 0.3 0 0 0 0 255
-0.5 0.275 0 0 0 0 255
-0.475 0.275 -4.64081e+08 -5.29375e+07 255 0 0
-0.45 0.275 -3.61846e+08 -3.25388e+07 255 0 0
-0.425 0.275 -8.56732e+07 -1.40138e+07 255 0 0
-0.4 0.275 -4.25476e+07 -2.34036e+06 255 0 0
-0.375 0.275 -1.23429e+08 3.99588e+06 255 0 0
-0.35 0.275 0 0 0 0 255
-0.325 0.275 0 0 0 0 255
-0.3 0.275 -1.44647e+08 -7.35856e+07 255 0 0
-0.275 0.275 -1.34108e+08 4.43626e+06 255 0 0
-0.25 0.275 5.62373e+07 6.68144e+07 255 0 0
-0.225 0.275 4.83392e+06 2.48228e+06 255 0 0
-0.2 0.275 -9.27852e+07 -2.69279e+07 255 0 0
-0.175 0.275 2.30795e+07 5.51123e+06 255 0 0
-0.15 0.275 0 0 0 0 255
-0.125 0.275 0 0 0 0 255
-0.1 0.275 0 0 0 0 255
-0.075 0.275 -4.34298e+08 -7.81684e+07 255 0 0
-0.05 0.275 -1.8923e+08 -2.27799e+07 255 0 0
-0.025 0.275 0 0 255 0 0
0 0.275 0 0 255 0 0
0.025 0.275 0 0 255 0 0
0.05 0.275 3.46266e+07 1.11228e+07 255 0 0
0.075 0.275 0 0 0 0 255
0.1 0.275 0 0 0 0 255
0.125 0.275 -2.03657e+06 761563 255 0 0
0.15 0.275 1.27694e+09 -2.98158e+08 255 0 0
0.175 0.275 2.84561e+09 -6.66037e+08 255 0 0
0.2 0.275 0 0 0 0 255
0.225 0.275 0 0 0 0 255
0.25 0.275 0 0 0 0 255
0.275 0.275 0 0 0 0 255
0.3 0.275 0 0 0 0 255
0.325 0.275 0 0 0 0 255
0.35 0.275 0 0 0 0 255
0.375 0.275 0 0 0 0 255
0.4 0.275 2.45104e+08 6.30778e+07 255 0 0
0.425 0.275 -7.03409e+07 -8.038e+06 255 0 0
0.45 0.275 1.8409e+07 5.06207e+06 255 0 0
0.475 0.275 1.6658e+07 2.33167e+06 255 0 0
0.5 0.275 0 0 0 0 255
-0.5 0.25 0 0 0 0 255
-0.475 0.25 -6.79997e+08 -6.3193e+07 255 0 0
-0.45 0.25 -3.55396e+08 -3.19175e+07 255 0 0
-0.425 0.25 6.41835e+07 3.3961e+06 255 0 0
-0.4 0.25 -7.6873e+06 -255489 255 0 0
-0.375 0.25 -1.50692e+08 -8.42369e+06 255 0 0
-0.35 0.25 0 0 0 0 255
-0.325 0.25 0 0 0 0 255
-0.3 0.25 -1.73333e+07 2.74205e+06 255 0 0
-0.275 0.25 1.10151e+09 -2.61229e+08 255 0 0
-0.25 0.25 -2.97323e+06 1.55067e+06 255 0 0
-0.225 0.25 7.48093e+07 1.15719e+06 255 0 0
-0.2 0.25 1.19765e+07 4.56636e+06 255 0 0
-0.175 0.25 0 0 0 0 255
-0.15 0.25 0 0 0 0 255
-0.125 0.25 0 0 0 0 255
-0.1 0.25 0 0 0 0 255
-0.075 0.25 0 0 0 0 255
-0.05 0.25 0 0 0 0 255
-0.025 0.25 0 0 0 0 255
0 0.25 0 0 0 0 255
0.025 0.25 0 0 0 0 255
0.05 0.25 0 0 0 0 255
0.075 0.25 0 0 0 0 255
0.1 0.25 0 0 0 0 255
0.125 0.25 0 0 255 0 0
0.15 0.25 312863 150768 255 0 0
0.175 0.25 -6.69094e+08 1.56597e+08 255 0 0
0.2 0.25 0 0 0 0 255
0.225 0.25 0 0 0 0 255
0.25 0.25 0 0 0 0 255
0.275 0.25 0 0 0 0 255
0.3 0.25 0 0 255 0 0
0.325 0.25 1.33595e+07 -3.92951e+06 255 0 0
0.35 0.25 0 0 0 0 255
0.375 0.25 0 0 0 0 255
0.4 0.25 0 0 0 0 255
0.425 0.25 6.13324e+08 -7.2972e+07 255 0 0
0.45 0.25 -2.55412e+08 -3.34614e+07 255 0 0
0.475 0.25 -1.18586e+09 -1.42549e+06 255 0 0
0.5 0.25 0 0 0 0 255
-0.5 0.225 0 0 0 0 255
-0.475 0.225 -1.46794e+07 1.38168e+07 255 0 0
-0.45 0.225 -2.20961e+07 5.79086e+06 255 0 0
-0.425 0.225 -755071 41088.1 255 0 0
-0.4 0.225 1.98272e+06 527571 255 0 0
-0.375 0.225 -1.77235e+07 -567996 255 0 0
-0.35 0.225 0 0 0 0 255
-0.325 0.225 0 0 0 0 255
-0.3 0.225 8.44589e+09 -2.20915e+09 255 0 0
-0.275 0.225 -1.23321e+06 354367 255 0 0
-0.25 0.225 -3.90839e+09 1.0221e+09 255 0 0
-0.225 0.225 6.57824e+08 -1.722e+08 255 0 0
-0.2 0.225 0 0 0 0 255
-0.175 0.225 0 0 0 0 255
-0.15 0.225 0 0 0 0 255
-0.125 0.225 0 0 0 0 255
-0.1 0.225 0 0 0 0 255
-0.075 0.225 0 0 0 0 255
-0.05 0.225 0 0 0 0 255
-0.025 0.225 0 0 0 0 255
0 0.225 0 0 0 0 255
0.025 0.225 0 0 0 0 255
0.05 0.225 0 0 0 0 255
0.075 0.225 0 0 0 0 255
0.1 0.225 0 0 0 0 255
0.125 0.225 0 0 0 0 255
0.15 0.225 625726 301536 255 0 0
0.175 0.225 0 0 0 0 255
0.2 0.225 0 0 0 0 255
0.225 0.225 0 0 0 0 255
0.25 0.225 0 0 0 0 255
0.275 0.225 0 0 255 0 0
0.3 0.225 3.70132e+08 -1.12338e+08 255 0 0
0.325 0.225 2.38176e+06 -590825 255 0 0
0.35 0.225 -1.06786e+07 1.08533e+06 255 0 0
0.375 0.225 856884 -631274 255 0 0
0.4 0.225 3.63444e+07 -2.3946e+06 255 0 0
0.425 0.225 0 0 0 0 255
0.45 0.225 0 0 0 0 255
0.475 0.225 0 0 0 0 255
0.5 0.225 0 0 0 0 255
-0.5 0.2 0 0 0 0 255
-0.475 0.2 -6.5161e+08 -1.77648e+07 255 0 0
-0.45 0.2 -3.45823e+08 -1.07217e+07 255 0 0
-0.425 0.2 -3.48503e+08 -5.24907e+07 255 0 0
-0.4 0.2 0 0 0 0 255
-0.375 0.2 0 0 0 0 255
-0.35 0.2 0 0 0 0 255
-0.325 0.2 0 0 0 0 255
-0.3 0.2 0 0 255 0 0
-0.275 0.2 -2.2097e+09 5.77405e+08 255 0 0
-0.25 0.2 0 0 255 0 0
-0.225 0.2 -1.72243e+08 4.43983e+07 255 0 0
-0.2 0.2 0 0 0 0 255
-0.175 0.2 0 0 0 0 255
-0.15 0.2 0 0 0 0 255
-0.125 0.2 0 0 0 0 255
-0.1 0.2 0 0 0 0 255
-0.075 0.2 0 0 0 0 255
-0.05 0.2 0 0 0 0 255
-0.025 0.2 0 0 0 0 255
0 0.2 0 0 0 0 255
0.025 0.2 0 0 0 0 255
0.05 0.2 0 0 0 0 255
0.075 0.2 0 0 0 0 255
0.1 0.2 0 0 0 0 255
0.125 0.2 0 0 0 0 255
0.15 0.2 0 0 0 0 255
0.175 0.2 0 0 0 0 255
0.2 0.2 0 0 0 0 255
0.225 0.2 0 0 0 0 255
0.25 0.2 0 0 0 0 255
0.275 0.2 2.29756e+09 -6.97146e+08 255 0 0
0.3 0.2 5.04247e+07 -1.52445e+07 255 0 0
0.325 0.2 -1.15309e+09 3.49995e+08 255 0 0
0.35 0.2 1.76408e+07 -1.62544e+06 255 0 0
0.375 0.2 4.14734e+08 -2.9349e+07 255 0 0
0.4 0.2 5.67869e+07 -2.11965e+06 255 0 0
0.425 0.2 1.08096e+09 -6.49927e+07 255 0 0
0.45 0.2 -2.82917e+08 7.66581e+06 255 0 0
0.475 0.2 -2.9881e+09 1.86513e+08 255 0 0
0.5 0.2 0 0 0 0 255
-0.5 0.175 0 0 0 0 255
-0.475 0.175 1.2163e+07 354679 255 0 0
-0.45 0.175 1.83852e+09 3.02939e+08 255 0 0
-0.425 0.175 3.67454e+09 6.05917e+08 255 0 0
-0.4 0.175 0 0 0 0 255
-0.375 0.175 0 0 0 0 255
-0.35 0.175 0 0 0 0 255
-0.325 0.175 0 0 0 0 255
-0.3 0.175 0 0 0 0 255
-0.275 0.175 0 0 0 0 255
-0.25 0.175 0 0 0 0 255
-0.225 0.175 0 0 0 0 255
-0.2 0.175 0 0 0 0 255
-0.175 0.175 0 0 0 0 255
-0.15 0.175 0 0 0 0 255
-0.125 0.175 0 0 0 0 255
-0.1 0.175 0 0 0 0 255
-0.075 0.175 0 0 0 0 255
-0.05 0.175 0 0 0 0 255
-0.025 0.175 0 0 0 0 255
0 0.175 0 0 0 0 255
0.025 0.175 0 0 0 0 255
0.05 0.175 0 0 0 0 255
0.075 0.175 0 0 0 0 255
0.1 0.175 0 0 0 0 255
0.125 0.175 0 0 0 0 255
0.15 0.175 0 0 0 0 255
0.175 0.175 0 0 0 0 255
0.2 0.175 0 0 0 0 255
0.225 0.175 0 0 0 0 255
0.25 0.175 0 0 0 0 255
0.275 0.175 0 0 0 0 255
0.3 0.175 -9.10503e+08 2.76542e+08 255 0 0
0.325 0.175 -1.50729e+08 4.8063e+07 255 0 0
0.35 0.175 2.24859e+08 -1.38424e+07 255 0 0
0.375 0.175 8.89706e+07 -1.0931e+07 255 0 0
0.4 0.175 -1.48108e+08 1.15654e+07 255 0 0
0.425 0.175 2.08436e+07 2.69932e+07 255 0 0
0.45 0.175 -1.05933e+08 3.74951e+06 255 0 0
0.475 0.175 -2.35075e+08 -3.42067e+07 255 0 0
0.5 0.175 0 0 0 0 255
-0.5 0.15 0 0 0 0 255
-0.475 0.15 0 0 255 0 0
-0.45 0.15 0 0 255 0 0
-0.425 0.15 3.02934e+08 5.03519e+07 255 0 0
-0.4 0.15 0 0 0 0 255
-0.375 0.15 0 0 0 0 255
-0.35 0.15 0 0 0 0 255
-0.325 0.15 0 0 0 0 255
-0.3 0.15 0 0 0 0 255
-0.275 0.15 0 0 0 0 255
-0.25 0.15 0 0 0 0 255
-0.225 0.15 0 0 0 0 255
-0.2 0.15 0 0 0 0 255
-0.175 0.15 0 0 0 0 255
-0.15 0.15 0 0 0 0 255
-0.125 0.15 0 0 0 0 255
-0.1 0.15 0 0 0 0 255
-0.075 0.15 0 0 0 0 255
-0.05 0.15 0 0 0 0 255
-0.025 0.15 0 0 0 0 255
0 0.15 0 0 0 0 255
0.025 0.15 0 0 0 0 255
0.05 0.15 0 0 0 0 255
0.075 0.15 0 0 0 0 255
0.1 0.15 0 0 0 0 255
0.125 0.15 0 0 0 0 255
0.15 0.15 0 0 0 0 255
0.175 0.15 0 0 0 0 255
0.2 0.15 0 0 255 0 0
0.225 0.15 0 0 255 0 0
0.25 0.15 0 0 255 0 0
0.275 0.15 0 0 0 0 255
0.3 0.15 0 0 0 0 255
0.325 0.15 0 0 0 0 255
0.35 0.15 -2.2807e+09 1.78596e+08 255 0 0
0.375 0.15 -1.26781e+09 1.03567e+08 255 0 0
0.4 0.15 -4.80235e+07 2.54322e+06 255 0 0
0.425 0.15 -1.45962e+07 -2.9736e+06 255 0 0
0.45 0.15 1.82675e+07 2.00376e+06 255 0 0
0.475 0.15 3.19955e+06 -3.18206e+06 255 0 0
0.5 0.15 0 0 0 0 255
-0.5 0.125 0 0 0 0 255
-0.475 0.125 0 0 255 0 0
-0.45 0.125 0 0 255 0 0
-0.425 0.125 0 0 255 0 0
-0.4 0.125 0 0 0 0 255
-0.375 0.125 0 0 0 0 255
-0.35 0.125 0 0 0 0 255
-0.325 0.125 0 0 0 0 255
-0.3 0.125 0 0 0 0 255
-0.275 0.125 0 0 0 0 255
-0.25 0.125 0 0 0 0 255
-0.225 0.125 0 0 0 0 255
-0.2 0.125 0 0 0 0 255
-0.175 0.125 0 0 0 0 255
-0.15 0.125 0 0 0 0 255
-0.125 0.125 0 0 0 0 255
-0.1 0.125 0 0 0 0 255
-0.075 0.125 0 0 0 0 255
-0.05 0.125 -1.7556e+06 421326 255 0 0
-0.025 0.125 -1.32118e+06 446359 255 0 0
0 0.125 0 0 0 0 255
0.025 0.125 0 0 0 0 255
0.05 0.125 0 0 0 0 255
0.075 0.125 0 0 0 0 255
0.1 0.125 0 0 0 0 255
0.125 0.125 0 0 0 0 255
0.15 0.125 0 0 0 0 255
0.175 0.125 0 0 0 0 255
0.2 0.125 1.35991e+07 -3.27188e+06 255 0 0
0.225 0.125 0 0 255 0 0
0.25 0.125 0 0 255 0 0
0.275 0.125 0 0 255 0 0
0.3 0.125 0 0 0 0 255
0.325 0.125 0 0 0 0 255
0.35 0.125 0 0 0 0 255
0.375 0.125 0 0 0 0 255
0.4 0.125 -3.99608e+07 -1.46448e+07 255 0 0
0.425 0.125 -4.24066e+07 -6.09088e+06 255 0 0
0.45 0.125 9.9937e+07 1.13234e+06 255 0 0
0.475 0.125 2.42899e+08 4.52101e+06 255 0 0
0.5 0.125 0 0 0 0 255
-0.5 0.1 0 0 0 0 255
-0.475 0.1 0 0 255 0 0
-0.45 0.1 0 0 255 0 0
-0.425 0.1 0 0 255 0 0
-0.4 0.1 0 0 0 0 255
-0.375 0.1 0 0 0 0 255
-0.35 0.1 0 0 0 0 255
-0.325 0.1 0 0 0 0 255
-0.3 0.1 0 0 0 0 255
-0.275 0.1 0 0 0 0 255
-0.25 0.1 0 0 0 0 255
-0.225 0.1 0 0 0 0 255
-0.2 0.1 0 0 0 0 255
-0.175 0.1 0 0 0 0 255
-0.15 0.1 0 0 0 0 255
-0.125 0.1 0 0 0 0 255
-0.1 0.1 0 0 0 0 255
-0.075 0.1 425828 -1.00187e+06 255 0 0
-0.05 0.1 -910246 312816 255 0 0
-0.025 0.1 2.96463e+06 325583 255 0 0
0 0.1 1.23896e+07 619080 255 0 0
0.025 0.1 0 0 0 0 255
0.05 0.1 0 0 0 0 255
0.075 0.1 0 0 0 0 255
0.1 0.1 0 0 0 0 255
0.125 0.1 0 0 0 0 255
0.15 0.1 0 0 0 0 255
0.175 0.1 0 0 0 0 255
0.2 0.1 -1.00142e+08 2.64998e+07 255 0 0
0.225 0.1 -3.79119e+07 1.04049e+07 255 0 0
0.25 0.1 0 0 255 0 0
0.275 0.1 0 0 255 0 0
0.3 0.1 0 0 0 0 255
0.325 0.1 0 0 0 0 255
0.35 0.1 0 0 0 0 255
0.375 0.1 0 0 0 0 255
0.4 0.1 0 0 0 0 255
0.425 0.1 0 0 0 0 255
0.45 0.1 0 0 255 0 0
0.475 0.1 0 0 0 0 255
0.5 0.1 0 0 0 0 255
-0.5 0.075 0 0 0 0 255
-0.475 0.075 0 0 255 0 0
-0.45 0.075 0 0 255 0 0
-0.425 0.075 0 0 255 0 0
-0.4 0.075 0 0 0 0 255
-0.375 0.075 0 0 0 0 255
-0.35 0.075 0 0 0 0 255
-0.325 0.075 0 0 0 0 255
-0.3 0.075 0 0 0 0 255
-0.275 0.075 0 0 0 0 255
-0.25 0.075 0 0 0 0 255
-0.225 0.075 0 0 0 0 255
-0.2 0.075 0 0 0 0 255
-0.175 0.075 0 0 0 0 255
-0.15 0.075 0 0 255 0 0
-0.125 0.075 5.62712e+06 -1.13519e+06 255 0 0
-0.1 0.075 2.45584e+07 -568076 255 0 0
-0.075 0.075 -1.88099e+06 363489 255 0 0
-0.05 0.075 -7.85307e+06 -2.4655e+06 255 0 0
-0.025 0.075 5.8045e+06 199006 255 0 0
0 0.075 1.19816e+07 1.0102e+06 255 0 0
0.025 0.075 0 0 0 0 255
0.05 0.075 0 0 0 0 255
0.075 0.075 0 0 0 0 255
0.1 0.075 0 0 0 0 255
0.125 0.075 0 0 255 0 0
0.15 0.075 2.69111e+08 -5.37923e+07 255 0 0
0.175 0.075 -9.7628e+07 1.889e+07 255 0 0
0.2 0.075 -1.78733e+08 3.31996e+07 255 0 0
0.225 0.075 1.68347e+07 -3.91488e+06 255 0 0
0.25 0.075 -1.01154e+08 2.67914e+07 255 0 0
0.275 0.075 0 0 0 0 255
0.3 0.075 0 0 0 0 255
0.325 0.075 0 0 0 0 255
0.35 0.075 0 0 0 0 255
0.375 0.075 0 0 0 0 255
0.4 0.075 0 0 0 0 255
0.425 0.075 0 0 255 0 0
0.45 0.075 22396.7 -627.51 255 0 0
0.475 0.075 0 0 255 0 0
0.5 0.075 0 0 0 0 255
-0.5 0.05 0 0 0 0 255
-0.475 0.05 0 0 255 0 0
-0.45 0.05 0 0 255 0 0
-0.425 0.05 0 0 255 0 0
-0.4 0.05 0 0 0 0 255
-0.375 0.05 0 0 0 0 255
-0.35 0.05 0 0 0 0 255
-0.325 0.05 0 0 0 0 255
-0.3 0.05 0 0 0 0 255
-0.275 0.05 0 0 0 0 255
-0.25 0.05 0 0 0 0 255
-0.225 0.05 0 0 0 0 255
-0.2 0.05 0 0 0 0 255
-0.175 0.05 0 0 0 0 255
-0.15 0.05 0 0 255 0 0
-0.125 0.05 4.48013e+07 -8.76227e+06 255 0 0
-0.1 0.05 3.2539e+07 -7.64583e+06 255 0 0
-0.075 0.05 -2.17931e+07 275082 255 0 0
-0.05 0.05 -3.10773e+06 1.49251e+06 255 0 0
-0.025 0.05 2.29199e+06 69091.9 255 0 0
0 0.05 4.94846e+06 533860 255 0 0
0.025 0.05 0 0 0 0 255
0.05 0.05 0 0 0 0 255
0.075 0.05 0 0 0 0 255
0.1 0.05 0 0 0 0 255
0.125 0.05 0 0 255 0 0
0.15 0.05 0 0 255 0 0
0.175 0.05 2.13002e+08 -4.27189e+07 255 0 0
0.2 0.05 5.31116e+08 -1.06103e+08 255 0 0
0.225 0.05 0 0 0 0 255
0.25 0.05 0 0 0 0 255
0.275 0.05 0 0 0 0 255
0.3 0.05 0 0 0 0 255
0.325 0.05 0 0 0 0 255
0.35 0.05 0 0 0 0 255
0.375 0.05 0 0 0 0 255
0.4 0.05 0 0 0 0 255
0.425 0.05 0 0 255 0 0
0.45 0.05 0 0 255 0 0
0.475 0.05 0 0 255 0 0
0.5 0.05 0 0 0 0 255
-0.5 0.025 0 0 0 0 255
-0.475 0.025 0 0 255 0 0
-0.45 0.025 0 0 255 0 0
-0.425 0.025 0 0 255 0 0
-0.4 0.025 0 0 0 0 255
-0.375 0.025 0 0 0 0 255
-0.35 0.025 0 0 0 0 255
-0.325 0.025 0 0 0 0 255
-0.3 0.025 0 0 0 0 255
-0.275 0.025 0 0 0 0 255
-0.25 0.025 0 0 0 0 255
-0.225 0.025 0 0 0 0 255
-0.2 0.025 0 0 0 0 255
-0.175 0.025 0 0 0 0 255
-0.15 0.025 0 0 255 0 0
-0.125 0.025 1.56056e+08 -3.1014e+07 255 0 0
-0.1 0.025 8.57552e+07 -2.88997e+07 255 0 0
-0.075 0.025 -1.1527e+08 1.52463e+07 255 0 0
-0.05 0.025 -2.84131e+07 2.39735e+07 255 0 0
-0.025 0.025 2.62997e+07 6.5434e+06 255 0 0
0 0.025 3.27207e+07 6.36399e+06 255 0 0
0.025 0.025 0 0 0 0 255
0.05 0.025 0 0 0 0 255
0.075 0.025 0 0 0 0 255
0.1 0.025 0 0 0 0 255
0.125 0.025 0 0 255 0 0
0.15 0.025 0 0 255 0 0
0.175 0.025 0 0 255 0 0
0.2 0.025 -1.06801e+08 2.09379e+07 255 0 0
0.225 0.025 0 0 0 0 255
0.25 0.025 0 0 0 0 255
0.275 0.025 0 0 0 0 255
0.3 0.025 0 0 0 0 255
0.325 0.025 0 0 0 0 255
0.35 0.025 0 0 0 0 255
0.375 0.025 0 0 0 0 255
0.4 0.025 0 0 0 0 255
0.425 0.025 0 0 255 0 0
0.45 0.025 0 0 255 0 0
0.475 0.025 0 0 255 0 0
0.5 0.025 0 0 0 0 255
-0.5 0 0 0 0 0 255
-0.475 0 0 0 0 0 255
-0.45 0 0 0 0 0 255
-0.425 0 0 0 0 0 255
-0.4 0 0 0 0 0 255
-0.375 0 0 0 0 0 255
-0.35 0 0 0 0 0 255
-0.325 0 0 0 0 0 255
-0.3 0 0 0 0 0 255
-0.275 0 0 0 0 0 255
-0.25 0 0 0 0 0 255
-0.225 0 0 0 0 0 255
-0.2 0 0 0 0 0 255
-0.175 0 0 0 0 0 255
-0.15 0 0 0 0 0 255
-0.125 0 0 0 0 0 255
-0.1 0 0 0 0 0 255
-0.075 0 0 0 0 0 255
-0.05 0 0 0 0 0 255
-0.025 0 0 0 0 0 255
0 0 0 0 0 0 255
0.025 0 0 0 0 0 255
0.05 0 0 0 0 0 255
0.075 0 0 0 0 0 255
0.1 0 0 0 0 0 255
0.125 0 0 0 0 0 255
0.15 0 0 0 0 0 255
0.175 0 0 0 0 0 255
0.2 0 0 0 0 0 255
0.225 0 0 0 0 0 255
0.25 0 0 0 0 0 255
0.275 0 0 0 0 0 255
0.3 0 0 0 0 0 255
0.325 0 0 0 0 0 255
0.35 0 0 0 0 0 255
0.375 0 0 0 0 0 255
0.4 0 0 0 0 0 255
0.425 0 0 0 0 0 255
0.45 0 0 0 0 0 255
0.475 0 0 0 0 0 255
0.5 0 0 0 0 0 255
