-0.5 1 0 0 0 0 255
-0.475 1 0 0 0 0 255
-0.45 1 0 0 0 0 255
-0.425 1 0 0 0 0 255
-0.4 1 0 0 0 0 255
-0.375 1 0 0 0 0 255
-0.35 1 0 0 0 0 255
-0.325 1 0 0 0 0 255
-0.3 1 0 0 0 0 255
-0.275 1 0 0 0 0 255
-0.25 1 0 0 0 0 255
-0.225 1 0 0 0 0 255
-0.2 1 0 0 0 0 255
-0.175 1 0 0 0 0 255
-0.15 1 0 0 0 0 255
-0.125 1 0 0 0 0 255
-0.1 1 0 0 0 0 255
-0.075 1 0 0 0 0 255
-0.05 1 0 0 0 0 255
-0.025 1 0 0 0 0 255
0 1 0 0 0 0 255
0.025 1 0 0 0 0 255
0.05 1 0 0 0 0 255
0.075 1 0 0 0 0 255
0.1 1 0 0 0 0 255
0.125 1 0 0 0 0 255
0.15 1 0 0 0 0 255
0.175 1 0 0 0 0 255
0.2 1 0 0 0 0 255
0.225 1 0 0 0 0 255
0.25 1 0 0 0 0 255
0.275 1 0 0 0 0 255
0.3 1 0 0 0 0 255
0.325 1 0 0 0 0 255
0.35 1 0 0 0 0 255
0.375 1 0 0 0 0 255
0.4 1 0 0 0 0 255
0.425 1 0 0 0 0 255
0.45 1 0 0 0 0 255
0.475 1 0 0 0 0 255
0.5 1 0 0 0 0 255
-0.5 0.975 0 0 0 0 255
-0.475 0.975 1.61063e+06 -5.89625e+06 255 0 0
-0.45 0.975 6.4873e+06 -7.30216e+06 255 0 0
-0.425 0.975 1.1364e+07 -8.70808e+06 255 0 0
-0.4 0.975 0 0 0 0 255
-0.375 0.975 0 0 0 0 255
-0.35 0.975 0 0 0 0 255
-0.325 0.975 0 0 0 0 255
-0.3 0.975 0 0 0 0 255
-0.275 0.975 0 0 0 0 255
-0.25 0.975 0 0 0 0 255
-0.225 0.975 0 0 0 0 255
-0.2 0.975 0 0 0 0 255
-0.175 0.975 0 0 0 0 255
-0.15 0.975 0 0 0 0 255
-0.125 0.975 0 0 0 0 255
-0.1 0.975 0 0 0 0 255
-0.075 0.975 0 0 0 0 255
-0.05 0.975 0 0 0 0 255
-0.025 0.975 0 0 0 0 255
0 0.975 0 0 0 0 255
0.025 0.975 0 0 0 0 255
0.05 0.975 230778 -140862 255 0 0
0.075 0.975 -2.72325e+06 -276729 255 0 0
0.1 0.975 0 0 0 0 255
0.125 0.975 0 0 0 0 255
0.15 0.975 0 0 0 0 255
0.175 0.975 0 0 0 0 255
0.2 0.975 0 0 0 0 255
0.225 0.975 0 0 0 0 255
0.25 0.975 0 0 0 0 255
0.275 0.975 0 0 0 0 255
0.3 0.975 0 0 0 0 255
0.325 0.975 0 0 0 0 255
0.35 0.975 0 0 0 0 255
0.375 0.975 0 0 0 0 255
0.4 0.975 0 0 0 0 255
0.425 0.975 1.15144e+08 1.66442e+07 255 0 0
0.45 0.975 3.91346e+07 5.7105e+06 255 0 0
0.475 0.975 -3.68749e+07 -5.22321e+06 255 0 0
0.5 0.975 0 0 0 0 255
-0.5 0.95 0 0 0 0 255
-0.475 0.95 3.15725e+06 -1.12307e+06 255 0 0
-0.45 0.95 8.03526e+06 -2.52838e+06 255 0 0
-0.425 0.95 1.29117e+07 -3.93435e+06 255 0 0
-0.4 0.95 0 0 0 0 255
-0.375 0.95 0 0 0 0 255
-0.35 0.95 0 0 0 0 255
-0.325 0.95 0 0 0 0 255
-0.3 0.95 0 0 0 0 255
-0.275 0.95 0 0 0 0 255
-0.25 0.95 0 0 0 0 255
-0.225 0.95 0 0 0 0 255
-0.2 0.95 0 0 0 0 255
-0.175 0.95 0 0 0 0 255
-0.15 0.95 0 0 0 0 255
-0.125 0.95 0 0 0 0 255
-0.1 0.95 0 0 0 0 255
-0.075 0.95 0 0 0 0 255
-0.05 0.95 0 0 0 0 255
-0.025 0.95 0 0 0 0 255
0 0.95 0 0 0 0 255
0.025 0.95 4.19733e+06 327474 255 0 0
0.05 0.95 1.2433e+06 191606 255 0 0
0.075 0.95 -1.71073e+06 55739.1 255 0 0
0.1 0.95 -4.66476e+06 -80128.2 255 0 0
0.125 0.95 0 0 0 0 255
0.15 0.95 0 0 0 0 255
0.175 0.95 0 0 0 0 255
0.2 0.95 0 0 0 0 255
0.225 0.95 0 0 0 0 255
0.25 0.95 0 0 0 0 255
0.275 0.95 0 0 0 0 255
0.3 0.95 0 0 0 0 255
0.325 0.95 0 0 0 0 255
0.35 0.95 0 0 0 0 255
0.375 0.95 0 0 0 0 255
0.4 0.95 0 0 0 0 255
0.425 0.95 6.30954e+07 9.03721e+06 255 0 0
0.45 0.95 -1.29142e+07 -1.89649e+06 255 0 0
0.475 0.95 -8.89237e+07 -1.28302e+07 255 0 0
0.5 0.95 0 0 0 0 255
-0.5 0.925 0 0 0 0 255
-0.475 0.925 4.6895e+06 3.63958e+06 255 0 0
-0.45 0.925 9.58084e+06 2.24396e+06 255 0 0
-0.425 0.925 1.44552e+07 836928 255 0 0
-0.4 0.925 0 0 0 0 255
-0.375 0.925 0 0 0 0 255
-0.35 0.925 0 0 0 0 255
-0.325 0.925 0 0 0 0 255
-0.3 0.925 0 0 0 0 255
-0.275 0.925 0 0 0 0 255
-0.25 0.925 0 0 0 0 255
-0.225 0.925 0 0 0 0 255
-0.2 0.925 0 0 0 0 255
-0.175 0.925 0 0 0 0 255
-0.15 0.925 0 0 0 0 255
-0.125 0.925 0 0 0 0 255
-0.1 0.925 0 0 0 0 255
-0.075 0.925 0 0 0 0 255
-0.05 0.925 0 0 0 0 255
-0.025 0.925 0 0 0 0 255
0 0.925 0 0 0 0 255
0.025 0.925 5.20984e+06 659942 255 0 0
0.05 0.925 2.25581e+06 524075 255 0 0
0.075 0.925 -698216 388208 255 0 0
0.1 0.925 -3.65225e+06 252340 255 0 0
0.125 0.925 0 0 0 0 255
0.15 0.925 0 0 0 0 255
0.175 0.925 0 0 0 0 255
0.2 0.925 0 0 0 0 255
0.225 0.925 0 0 0 0 255
0.25 0.925 0 0 0 0 255
0.275 0.925 0 0 0 0 255
0.3 0.925 0 0 0 0 255
0.325 0.925 0 0 0 0 255
0.35 0.925 0 0 0 0 255
0.375 0.925 0 0 0 0 255
0.4 0.925 0 0 0 0 255
0.425 0.925 6.56555e+06 1.46315e+06 255 0 0
0.45 0.925 -3.86617e+07 -5.31555e+06 255 0 0
0.475 0.925 -8.38889e+07 -1.20943e+07 255 0 0
0.5 0.925 0 0 0 0 255
-0.5 0.9 0 0 0 0 255
-0.475 0.9 5.26525e+06 251876 255 0 0
-0.45 0.9 234312 -358408 255 0 0
-0.425 0.9 -4.76314e+06 -971574 255 0 0
-0.4 0.9 0 0 0 0 255
-0.375 0.9 0 0 0 0 255
-0.35 0.9 0 0 0 0 255
-0.325 0.9 0 0 0 0 255
-0.3 0.9 0 0 0 0 255
-0.275 0.9 0 0 0 0 255
-0.25 0.9 0 0 0 0 255
-0.225 0.9 0 0 0 0 255
-0.2 0.9 0 0 0 0 255
-0.175 0.9 0 0 0 0 255
-0.15 0.9 0 0 0 0 255
-0.125 0.9 0 0 0 0 255
-0.1 0.9 0 0 0 0 255
-0.075 0.9 0 0 0 0 255
-0.05 0.9 0 0 0 0 255
-0.025 0.9 0 0 0 0 255
0 0.9 0 0 0 0 255
0.025 0.9 6.22236e+06 992411 255 0 0
0.05 0.9 3.26833e+06 856543 255 0 0
0.075 0.9 314303 720676 255 0 0
0.1 0.9 -2.63973e+06 584809 255 0 0
0.125 0.9 0 0 0 0 255
0.15 0.9 0 0 0 0 255
0.175 0.9 0 0 0 0 255
0.2 0.9 0 0 0 0 255
0.225 0.9 0 0 0 0 255
0.25 0.9 0 0 0 0 255
0.275 0.9 0 0 0 0 255
0.3 0.9 0 0 0 0 255
0.325 0.9 0 0 0 0 255
0.35 0.9 0 0 0 0 255
0.375 0.9 0 0 0 0 255
0.4 0.9 0 0 0 0 255
0.425 0.9 3.37981e+06 2.09286e+06 255 0 0
0.45 0.9 -2.55197e+06 618259 255 0 0
0.475 0.9 -8.48376e+06 -856339 255 0 0
0.5 0.9 0 0 0 0 255
-0.5 0.875 0 0 0 0 255
-0.475 0.875 6.5566e+06 797929 255 0 0
-0.45 0.875 1.54452e+06 174196 255 0 0
-0.425 0.875 -3.4608e+06 -440259 255 0 0
-0.4 0.875 0 0 0 0 255
-0.375 0.875 0 0 0 0 255
-0.35 0.875 0 0 0 0 255
-0.325 0.875 0 0 0 0 255
-0.3 0.875 0 0 0 0 255
-0.275 0.875 0 0 0 0 255
-0.25 0.875 0 0 0 0 255
-0.225 0.875 0 0 0 0 255
-0.2 0.875 0 0 0 0 255
-0.175 0.875 0 0 0 0 255
-0.15 0.875 0 0 0 0 255
-0.125 0.875 0 0 0 0 255
-0.1 0.875 0 0 0 0 255
-0.075 0.875 0 0 0 0 255
-0.05 0.875 0 0 0 0 255
-0.025 0.875 0 0 0 0 255
0 0.875 0 0 0 0 255
0.025 0.875 0 0 0 0 255
0.05 0.875 0 0 0 0 255
0.075 0.875 0 0 0 0 255
0.1 0.875 0 0 0 0 255
0.125 0.875 0 0 0 0 255
0.15 0.875 0 0 0 0 255
0.175 0.875 0 0 0 0 255
0.2 0.875 0 0 0 0 255
0.225 0.875 0 0 0 0 255
0.25 0.875 0 0 0 0 255
0.275 0.875 0 0 0 0 255
0.3 0.875 0 0 0 0 255
0.325 0.875 0 0 0 0 255
0.35 0.875 0 0 0 0 255
0.375 0.875 0 0 0 0 255
0.4 0.875 0 0 0 0 255
0.425 0.875 5.91444e+06 2.68053e+06 255 0 0
0.45 0.875 -17346.5 1.20594e+06 255 0 0
0.475 0.875 -5.94913e+06 -268662 255 0 0
0.5 0.875 0 0 0 0 255
-0.5 0.85 0 0 0 0 255
-0.475 0.85 7.86269e+06 1.31843e+06 255 0 0
-0.45 0.85 2.85601e+06 703195 255 0 0
-0.425 0.85 -2.15067e+06 87963 255 0 0
-0.4 0.85 0 0 0 0 255
-0.375 0.85 0 0 0 0 255
-0.35 0.85 0 0 0 0 255
-0.325 0.85 0 0 0 0 255
-0.3 0.85 0 0 0 0 255
-0.275 0.85 0 0 0 0 255
-0.25 0.85 0 0 0 0 255
-0.225 0.85 0 0 0 0 255
-0.2 0.85 0 0 0 0 255
-0.175 0.85 0 0 0 0 255
-0.15 0.85 0 0 0 0 255
-0.125 0.85 0 0 0 0 255
-0.1 0.85 0 0 0 0 255
-0.075 0.85 0 0 0 0 255
-0.05 0.85 0 0 0 0 255
-0.025 0.85 0 0 0 0 255
0 0.85 0 0 0 0 255
0.025 0.85 0 0 0 0 255
0.05 0.85 0 0 0 0 255
0.075 0.85 0 0 0 0 255
0.1 0.85 0 0 0 0 255
0.125 0.85 0 0 0 0 255
0.15 0.85 0 0 0 0 255
0.175 0.85 0 0 0 0 255
0.2 0.85 0 0 0 0 255
0.225 0.85 0 0 0 0 255
0.25 0.85 0 0 0 0 255
0.275 0.85 0 0 0 0 255
0.3 0.85 0 0 0 0 255
0.325 0.85 0 0 0 0 255
0.35 0.85 0 0 0 0 255
0.375 0.85 0 0 0 0 255
0.4 0.85 0 0 0 0 255
0.425 0.85 0 0 0 0 255
0.45 0.85 0 0 0 0 255
0.475 0.85 0 0 0 0 255
0.5 0.85 0 0 0 0 255
-0.5 0.825 0 0 0 0 255
-0.475 0.825 3.59088e+07 -6.8627e+06 255 0 0
-0.45 0.825 2.93934e+07 -5.08641e+06 255 0 0
-0.425 0.825 2.2878e+07 -3.31011e+06 255 0 0
-0.4 0.825 0 0 0 0 255
-0.375 0.825 0 0 0 0 255
-0.35 0.825 0 0 0 0 255
-0.325 0.825 0 0 0 0 255
-0.3 0.825 0 0 0 0 255
-0.275 0.825 0 0 0 0 255
-0.25 0.825 0 0 0 0 255
-0.225 0.825 0 0 0 0 255
-0.2 0.825 0 0 0 0 255
-0.175 0.825 0 0 0 0 255
-0.15 0.825 0 0 0 0 255
-0.125 0.825 0 0 0 0 255
-0.1 0.825 0 0 0 0 255
-0.075 0.825 0 0 0 0 255
-0.05 0.825 0 0 0 0 255
-0.025 0.825 0 0 0 0 255
0 0.825 0 0 0 0 255
0.025 0.825 0 0 0 0 255
0.05 0.825 0 0 0 0 255
0.075 0.825 0 0 0 0 255
0.1 0.825 0 0 0 0 255
0.125 0.825 0 0 0 0 255
0.15 0.825 0 0 0 0 255
0.175 0.825 0 0 0 0 255
0.2 0.825 0 0 0 0 255
0.225 0.825 0 0 0 0 255
0.25 0.825 0 0 0 0 255
0.275 0.825 0 0 0 0 255
0.3 0.825 0 0 0 0 255
0.325 0.825 0 0 0 0 255
0.35 0.825 0 0 0 0 255
0.375 0.825 0 0 0 0 255
0.4 0.825 0 0 0 0 255
0.425 0.825 0 0 0 0 255
0.45 0.825 0 0 0 0 255
0.475 0.825 0 0 0 0 255
0.5 0.825 0 0 0 0 255
-0.5 0.8 0 0 0 0 255
-0.475 0.8 1.95762e+07 -2.58224e+06 255 0 0
-0.45 0.8 1.30608e+07 -805944 255 0 0
-0.425 0.8 6.54542e+06 970350 255 0 0
-0.4 0.8 0 0 0 0 255
-0.375 0.8 0 0 0 0 255
-0.35 0.8 0 0 0 0 255
-0.325 0.8 0 0 0 0 255
-0.3 0.8 0 0 0 0 255
-0.275 0.8 0 0 0 0 255
-0.25 0.8 0 0 0 0 255
-0.225 0.8 0 0 0 0 255
-0.2 0.8 0 0 0 0 255
-0.175 0.8 0 0 0 0 255
-0.15 0.8 0 0 0 0 255
-0.125 0.8 0 0 0 0 255
-0.1 0.8 0 0 0 0 255
-0.075 0.8 0 0 0 0 255
-0.05 0.8 0 0 0 0 255
-0.025 0.8 0 0 0 0 255
0 0.8 0 0 0 0 255
0.025 0.8 0 0 0 0 255
0.05 0.8 0 0 0 0 255
0.075 0.8 0 0 0 0 255
0.1 0.8 0 0 0 0 255
0.125 0.8 0 0 0 0 255
0.15 0.8 0 0 0 0 255
0.175 0.8 0 0 0 0 255
0.2 0.8 0 0 0 0 255
0.225 0.8 0 0 0 0 255
0.25 0.8 0 0 0 0 255
0.275 0.8 0 0 0 0 255
0.3 0.8 0 0 0 0 255
0.325 0.8 0 0 0 0 255
0.35 0.8 0 0 0 0 255
0.375 0.8 0 0 0 0 255
0.4 0.8 0 0 0 0 255
0.425 0.8 0 0 0 0 255
0.45 0.8 0 0 0 0 255
0.475 0.8 0 0 0 0 255
0.5 0.8 0 0 0 0 255
-0.5 0.775 0 0 0 0 255
-0.475 0.775 3.24369e+06 1.69823e+06 255 0 0
-0.45 0.775 -3.27171e+06 3.47452e+06 255 0 0
-0.425 0.775 -9.78711e+06 5.25081e+06 255 0 0
-0.4 0.775 0 0 0 0 255
-0.375 0.775 0 0 0 0 255
-0.35 0.775 0 0 0 0 255
-0.325 0.775 0 0 0 0 255
-0.3 0.775 0 0 0 0 255
-0.275 0.775 0 0 0 0 255
-0.25 0.775 0 0 0 0 255
-0.225 0.775 0 0 0 0 255
-0.2 0.775 0 0 0 0 255
-0.175 0.775 0 0 0 0 255
-0.15 0.775 0 0 0 0 255
-0.125 0.775 0 0 0 0 255
-0.1 0.775 0 0 0 0 255
-0.075 0.775 0 0 0 0 255
-0.05 0.775 0 0 0 0 255
-0.025 0.775 0 0 0 0 255
0 0.775 0 0 0 0 255
0.025 0.775 0 0 0 0 255
0.05 0.775 0 0 0 0 255
0.075 0.775 0 0 0 0 255
0.1 0.775 0 0 0 0 255
0.125 0.775 0 0 0 0 255
0.15 0.775 0 0 0 0 255
0.175 0.775 0 0 0 0 255
0.2 0.775 0 0 0 0 255
0.225 0.775 0 0 0 0 255
0.25 0.775 0 0 0 0 255
0.275 0.775 0 0 0 0 255
0.3 0.775 0 0 0 0 255
0.325 0.775 0 0 0 0 255
0.35 0.775 0 0 0 0 255
0.375 0.775 0 0 0 0 255
0.4 0.775 0 0 0 0 255
0.425 0.775 0 0 0 0 255
0.45 0.775 0 0 0 0 255
0.475 0.775 0 0 0 0 255
0.5 0.775 0 0 0 0 255
-0.5 0.75 0 0 0 0 255
-0.475 0.75 -1.30888e+07 5.97869e+06 255 0 0
-0.45 0.75 -1.96042e+07 7.75498e+06 255 0 0
-0.425 0.75 -2.61196e+07 9.53128e+06 255 0 0
-0.4 0.75 0 0 0 0 255
-0.375 0.75 0 0 0 0 255
-0.35 0.75 0 0 0 0 255
-0.325 0.75 0 0 0 0 255
-0.3 0.75 0 0 0 0 255
-0.275 0.75 0 0 0 0 255
-0.25 0.75 0 0 0 0 255
-0.225 0.75 0 0 0 0 255
-0.2 0.75 0 0 0 0 255
-0.175 0.75 0 0 0 0 255
-0.15 0.75 0 0 0 0 255
-0.125 0.75 0 0 0 0 255
-0.1 0.75 0 0 0 0 255
-0.075 0.75 0 0 0 0 255
-0.05 0.75 0 0 0 0 255
-0.025 0.75 0 0 0 0 255
0 0.75 0 0 0 0 255
0.025 0.75 0 0 0 0 255
0.05 0.75 0 0 0 0 255
0.075 0.75 0 0 0 0 255
0.1 0.75 0 0 0 0 255
0.125 0.75 0 0 0 0 255
0.15 0.75 0 0 0 0 255
0.175 0.75 0 0 0 0 255
0.2 0.75 0 0 0 0 255
0.225 0.75 0 0 0 0 255
0.25 0.75 0 0 0 0 255
0.275 0.75 0 0 0 0 255
0.3 0.75 0 0 0 0 255
0.325 0.75 0 0 0 0 255
0.35 0.75 0 0 0 0 255
0.375 0.75 0 0 0 0 255
0.4 0.75 0 0 0 0 255
0.425 0.75 0 0 0 0 255
0.45 0.75 0 0 0 0 255
0.475 0.75 0 0 0 0 255
0.5 0.75 0 0 0 0 255
-0.5 0.725 0 0 0 0 255
-0.475 0.725 0 0 0 0 255
-0.45 0.725 0 0 0 0 255
-0.425 0.725 0 0 0 0 255
-0.4 0.725 0 0 0 0 255
-0.375 0.725 0 0 0 0 255
-0.35 0.725 0 0 0 0 255
-0.325 0.725 0 0 0 0 255
-0.3 0.725 0 0 0 0 255
-0.275 0.725 0 0 0 0 255
-0.25 0.725 0 0 0 0 255
-0.225 0.725 0 0 0 0 255
-0.2 0.725 0 0 0 0 255
-0.175 0.725 0 0 0 0 255
-0.15 0.725 0 0 0 0 255
-0.125 0.725 0 0 0 0 255
-0.1 0.725 0 0 0 0 255
-0.075 0.725 0 0 0 0 255
-0.05 0.725 0 0 0 0 255
-0.025 0.725 0 0 0 0 255
0 0.725 0 0 0 0 255
0.025 0.725 0 0 0 0 255
0.05 0.725 0 0 0 0 255
0.075 0.725 0 0 0 0 255
0.1 0.725 0 0 0 0 255
0.125 0.725 0 0 0 0 255
0.15 0.725 0 0 0 0 255
0.175 0.725 0 0 0 0 255
0.2 0.725 0 0 0 0 255
0.225 0.725 0 0 0 0 255
0.25 0.725 0 0 0 0 255
0.275 0.725 0 0 0 0 255
0.3 0.725 0 0 0 0 255
0.325 0.725 0 0 0 0 255
0.35 0.725 0 0 0 0 255
0.375 0.725 0 0 0 0 255
0.4 0.725 0 0 0 0 255
0.425 0.725 0 0 0 0 255
0.45 0.725 0 0 0 0 255
0.475 0.725 0 0 0 0 255
0.5 0.725 0 0 0 0 255
-0.5 0.7 0 0 0 0 255
-0.475 0.7 0 0 0 0 255
-0.45 0.7 0 0 0 0 255
-0.425 0.7 0 0 0 0 255
-0.4 0.7 0 0 0 0 255
-0.375 0.7 0 0 0 0 255
-0.35 0.7 0 0 0 0 255
-0.325 0.7 0 0 0 0 255
-0.3 0.7 0 0 0 0 255
-0.275 0.7 0 0 0 0 255
-0.25 0.7 0 0 0 0 255
-0.225 0.7 0 0 0 0 255
-0.2 0.7 0 0 0 0 255
-0.175 0.7 0 0 0 0 255
-0.15 0.7 0 0 0 0 255
-0.125 0.7 0 0 0 0 255
-0.1 0.7 0 0 0 0 255
-0.075 0.7 0 0 0 0 255
-0.05 0.7 0 0 0 0 255
-0.025 0.7 0 0 0 0 255
0 0.7 0 0 0 0 255
0.025 0.7 0 0 0 0 255
0.05 0.7 0 0 0 0 255
0.075 0.7 0 0 0 0 255
0.1 0.7 0 0 0 0 255
0.125 0.7 0 0 0 0 255
0.15 0.7 0 0 0 0 255
0.175 0.7 0 0 0 0 255
0.2 0.7 0 0 0 0 255
0.225 0.7 0 0 0 0 255
0.25 0.7 0 0 0 0 255
0.275 0.7 0 0 0 0 255
0.3 0.7 0 0 0 0 255
0.325 0.7 0 0 0 0 255
0.35 0.7 0 0 0 0 255
0.375 0.7 0 0 0 0 255
0.4 0.7 0 0 0 0 255
0.425 0.7 0 0 0 0 255
0.45 0.7 0 0 0 0 255
0.475 0.7 0 0 0 0 255
0.5 0.7 0 0 0 0 255
-0.5 0.675 0 0 0 0 255
-0.475 0.675 0 0 0 0 255
-0.45 0.675 0 0 0 0 255
-0.425 0.675 0 0 0 0 255
-0.4 0.675 0 0 0 0 255
-0.375 0.675 0 0 0 0 255
-0.35 0.675 0 0 0 0 255
-0.325 0.675 0 0 0 0 255
-0.3 0.675 0 0 0 0 255
-0.275 0.675 -1.49686e+06 -312735 255 0 0
-0.25 0.675 -5.6147e+06 -1.70284e+06 255 0 0
-0.225 0.675 -8.40043e+06 -2.70728e+06 255 0 0
-0.2 0.675 1.75685e+06 304409 255 0 0
-0.175 0.675 188237 82923.2 255 0 0
-0.15 0.675 -1.59909e+06 -185187 255 0 0
-0.125 0.675 221316 67411.4 255 0 0
-0.1 0.675 1.15306e+08 1.45803e+07 255 0 0
-0.075 0.675 5.65965e+06 679580 255 0 0
-0.05 0.675 -5.56432e+06 -719402 255 0 0
-0.025 0.675 -2848.59 -14834.7 255 0 0
0 0.675 13388.2 -13468 255 0 0
0.025 0.675 13388.4 -12012.4 255 0 0
0.05 0.675 -20917.1 -11041.2 255 0 0
0.075 0.675 -210772 -1786.21 255 0 0
0.1 0.675 -2.86783e+06 -2.55306e+06 255 0 0
0.125 0.675 0 0 0 0 255
0.15 0.675 0 0 0 0 255
0.175 0.675 0 0 0 0 255
0.2 0.675 0 0 0 0 255
0.225 0.675 0 0 0 0 255
0.25 0.675 0 0 0 0 255
0.275 0.675 0 0 0 0 255
0.3 0.675 0 0 0 0 255
0.325 0.675 0 0 0 0 255
0.35 0.675 0 0 0 0 255
0.375 0.675 0 0 0 0 255
0.4 0.675 0 0 0 0 255
0.425 0.675 0 0 0 0 255
0.45 0.675 0 0 0 0 255
0.475 0.675 0 0 0 0 255
0.5 0.675 0 0 0 0 255
-0.5 0.65 0 0 0 0 255
-0.475 0.65 0 0 0 0 255
-0.45 0.65 0 0 0 0 255
-0.425 0.65 0 0 0 0 255
-0.4 0.65 0 0 0 0 255
-0.375 0.65 -5.15915e+06 -672457 255 0 0
-0.35 0.65 -3.21982e+06 -407082 255 0 0
-0.325 0.65 -1.09571e+06 -198717 255 0 0
-0.3 0.65 3.57678e+06 1.43633e+06 255 0 0
-0.275 0.65 929549 478106 255 0 0
-0.25 0.65 -1.58629e+06 -435505 255 0 0
-0.225 0.65 -3.63206e+06 -1.19168e+06 255 0 0
-0.2 0.65 -190155 15948.2 255 0 0
-0.175 0.65 -73593.6 24589 255 0 0
-0.15 0.65 -62810.6 20503.8 255 0 0
-0.125 0.65 4526.24 20483.2 255 0 0
-0.1 0.65 33581.8 13426.6 255 0 0
-0.075 0.65 31383.8 5096.26 255 0 0
-0.05 0.65 -8895.49 -4789.35 255 0 0
-0.025 0.65 -5704.67 -5148.89 255 0 0
0 0.65 431.15 -3703.73 255 0 0
0.025 0.65 2995.74 -2524.44 255 0 0
0.05 0.65 -604.046 -2994.62 255 0 0
0.075 0.65 -2272.5 -6131.99 255 0 0
0.1 0.65 46111.3 -23128.2 255 0 0
0.125 0.65 1.52421e+06 -382764 255 0 0
0.15 0.65 0 0 0 0 255
0.175 0.65 0 0 0 0 255
0.2 0.65 0 0 0 0 255
0.225 0.65 0 0 0 0 255
0.25 0.65 0 0 0 0 255
0.275 0.65 0 0 0 0 255
0.3 0.65 0 0 0 0 255
0.325 0.65 0 0 0 0 255
0.35 0.65 0 0 0 0 255
0.375 0.65 0 0 0 0 255
0.4 0.65 0 0 0 0 255
0.425 0.65 2.44125e+07 9.34554e+06 255 0 0
0.45 0.65 -6.39242e+06 1.45272e+06 255 0 0
0.475 0.65 -3.71973e+07 -6.4401e+06 255 0 0
0.5 0.65 0 0 0 0 255
-0.5 0.625 0 0 0 0 255
-0.475 0.625 0 0 0 0 255
-0.45 0.625 0 0 0 0 255
-0.425 0.625 0 0 0 0 255
-0.4 0.625 -4.73404e+06 -616997 255 0 0
-0.375 0.625 -2.79838e+06 -352846 255 0 0
-0.35 0.625 -861458 -88431.7 255 0 0
-0.325 0.625 1.07549e+06 172279 255 0 0
-0.3 0.625 2.53102e+06 1.08779e+06 255 0 0
-0.275 0.625 1.61986e+06 630387 255 0 0
-0.25 0.625 798751 216358 255 0 0
-0.225 0.625 42006.7 -163874 255 0 0
-0.2 0.625 -63569.9 11883.9 255 0 0
-0.175 0.625 -23407.3 11870.6 255 0 0
-0.15 0.625 -35379.1 7628.1 255 0 0
-0.125 0.625 -13518 4356.69 255 0 0
-0.1 0.625 647.48 2674.55 255 0 0
-0.075 0.625 -7910.06 4085.71 255 0 0
-0.05 0.625 -6764.46 2053.17 255 0 0
-0.025 0.625 -7993.48 1166.74 255 0 0
0 0.625 -7054.43 2515.76 255 0 0
0.025 0.625 -2020.72 3428.62 255 0 0
0.05 0.625 -135.409 1845.26 255 0 0
0.075 0.625 861.201 -1930.8 255 0 0
0.1 0.625 2685.8 -4953.32 255 0 0
0.125 0.625 -11101.1 1447.31 255 0 0
0.15 0.625 -53391.2 14000.6 255 0 0
0.175 0.625 42.4166 8741.08 255 0 0
0.2 0.625 65198.5 -19371.3 255 0 0
0.225 0.625 0 0 0 0 255
0.25 0.625 0 0 0 0 255
0.275 0.625 0 0 0 0 255
0.3 0.625 0 0 0 0 255
0.325 0.625 0 0 0 0 255
0.35 0.625 0 0 0 0 255
0.375 0.625 0 0 0 0 255
0.4 0.625 0 0 0 0 255
0.425 0.625 2.32447e+07 9.46946e+06 255 0 0
0.45 0.625 -7.43643e+06 1.61192e+06 255 0 0
0.475 0.625 -3.82413e+07 -6.2809e+06 255 0 0
0.5 0.625 0 0 0 0 255
-0.5 0.6 0 0 0 0 255
-0.475 0.6 0 0 0 0 255
-0.45 0.6 0 0 0 0 255
-0.425 0.6 0 0 0 0 255
-0.4 0.6 -2.37326e+06 -297385 255 0 0
-0.375 0.6 -437602 -33233.8 255 0 0
-0.35 0.6 1.49806e+06 230917 255 0 0
-0.325 0.6 3.44149e+06 485519 255 0 0
-0.3 0.6 0 0 0 0 255
-0.275 0.6 643976 164156 255 0 0
-0.25 0.6 1.52587e+06 244408 255 0 0
-0.225 0.6 2.40346e+06 351815 255 0 0
-0.2 0.6 -55771 4483.22 255 0 0
-0.175 0.6 -24174.8 -2365.15 255 0 0
-0.15 0.6 -16114.1 -1983.36 255 0 0
-0.125 0.6 -3376.45 -1972.07 255 0 0
-0.1 0.6 9102.76 -2410.19 255 0 0
-0.075 0.6 762.184 3260.46 255 0 0
-0.05 0.6 -2948.15 5109.84 255 0 0
-0.025 0.6 -8492.36 4687.79 255 0 0
0 0.6 -11477.9 6096.6 255 0 0
0.025 0.6 -6100.47 6598.2 255 0 0
0.05 0.6 -1311.23 3715.74 255 0 0
0.075 0.6 749.356 -158.154 255 0 0
0.1 0.6 -54.473 -1097.61 255 0 0
0.125 0.6 -3671.95 589.031 255 0 0
0.15 0.6 -12656.1 4536.44 255 0 0
0.175 0.6 -5385.3 4435.77 255 0 0
0.2 0.6 -7515.33 -16038.6 255 0 0
0.225 0.6 5.76502e+08 -1.40824e+08 255 0 0
0.25 0.6 0 0 0 0 255
0.275 0.6 0 0 0 0 255
0.3 0.6 0 0 0 0 255
0.325 0.6 0 0 0 0 255
0.35 0.6 0 0 0 0 255
0.375 0.6 0 0 0 0 255
0.4 0.6 0 0 0 0 255
0.425 0.6 2.13933e+07 9.40526e+06 255 0 0
0.45 0.6 -8.63718e+06 1.70787e+06 255 0 0
0.475 0.6 -3.92853e+07 -6.12171e+06 255 0 0
0.5 0.6 0 0 0 0 255
-0.5 0.575 0 0 0 0 255
-0.475 0.575 -1.41986e+07 6.17979e+06 255 0 0
-0.45 0.575 -9.50164e+06 4.92717e+06 255 0 0
-0.425 0.575 -4.67123e+06 3.62412e+06 255 0 0
-0.4 0.575 0 0 0 0 255
-0.375 0.575 1.92317e+06 286378 255 0 0
-0.35 0.575 3.85883e+06 550529 255 0 0
-0.325 0.575 0 0 0 0 255
-0.3 0.575 0 0 0 0 255
-0.275 0.575 0 0 0 0 255
-0.25 0.575 0 0 0 0 255
-0.225 0.575 0 0 0 0 255
-0.2 0.575 -26765.7 8042.36 255 0 0
-0.175 0.575 -23006.8 900.725 255 0 0
-0.15 0.575 -17707.3 -3363.74 255 0 0
-0.125 0.575 -6557.55 -3609.68 255 0 0
-0.1 0.575 5747.04 -3084.43 255 0 0
-0.075 0.575 7014.17 557.66 255 0 0
-0.05 0.575 3976.67 4073.79 255 0 0
-0.025 0.575 -2539.89 4617.73 255 0 0
0 0.575 -7037.55 5207.18 255 0 0
0.025 0.575 -5623.66 5080.89 255 0 0
0.05 0.575 -2311.85 2775.94 255 0 0
0.075 0.575 -892.359 542.832 255 0 0
0.1 0.575 -1523.6 -96.6833 255 0 0
0.125 0.575 -1679.26 -1207.2 255 0 0
0.15 0.575 -22277.5 2716.25 255 0 0
0.175 0.575 13918.5 -4826.37 255 0 0
0.2 0.575 532668 -129403 255 0 0
0.225 0.575 1.33768e+07 -3.25691e+06 255 0 0
0.25 0.575 0 0 0 0 255
0.275 0.575 0 0 0 0 255
0.3 0.575 0 0 0 0 255
0.325 0.575 -9.16542e+08 2.24857e+08 255 0 0
0.35 0.575 -1.4063e+07 3.57008e+06 255 0 0
0.375 0.575 -1.09274e+06 412309 255 0 0
0.4 0.575 -424778 242338 255 0 0
0.425 0.575 2.43451e+07 1.27616e+07 255 0 0
0.45 0.575 -9.55412e+06 1.93944e+06 255 0 0
0.475 0.575 -5.10343e+07 -1.40075e+07 255 0 0
0.5 0.575 0 0 0 0 255
-0.5 0.55 0 0 0 0 255
-0.475 0.55 -3.22407e+06 3.03752e+06 255 0 0
-0.45 0.55 1.84028e+06 1.77628e+06 255 0 0
-0.425 0.55 6.61832e+06 509257 255 0 0
-0.4 0.55 0 0 0 0 255
-0.375 0.55 0 0 0 0 255
-0.35 0.55 0 0 0 0 255
-0.325 0.55 0 0 0 0 255
-0.3 0.55 0 0 0 0 255
-0.275 0.55 0 0 0 0 255
-0.25 0.55 0 0 0 0 255
-0.225 0.55 0 0 0 0 255
-0.2 0.55 -12246.5 11252.9 255 0 0
-0.175 0.55 -7636.43 5479.7 255 0 0
-0.15 0.55 -8913.36 17.683 255 0 0
-0.125 0.55 -7928.54 -3065.68 255 0 0
-0.1 0.55 -331.949 -2316.58 255 0 0
-0.075 0.55 3940.64 -1180.01 255 0 0
-0.05 0.55 4036.99 983.14 255 0 0
-0.025 0.55 562.124 2160.87 255 0 0
0 0.55 -1470.59 2711.41 255 0 0
0.025 0.55 -1837.94 2471.49 255 0 0
0.05 0.55 -1200.59 1119.53 255 0 0
0.075 0.55 -95.7931 187.817 255 0 0
0.1 0.55 -285.776 -629.467 255 0 0
0.125 0.55 7040.95 -4239.37 255 0 0
0.15 0.55 4543.43 -5436.28 255 0 0
0.175 0.55 -2052.65 -2969.3 255 0 0
0.2 0.55 42557.9 -11851.2 255 0 0
0.225 0.55 232634 -54377.1 255 0 0
0.25 0.55 0 0 0 0 255
0.275 0.55 0 0 0 0 255
0.3 0.55 0 0 0 0 255
0.325 0.55 -2.53891e+06 686902 255 0 0
0.35 0.55 -348223 199819 255 0 0
0.375 0.55 267363 40304.7 255 0 0
0.4 0.55 293674 24887.5 255 0 0
0.425 0.55 -1.07797e+07 2.74926e+06 255 0 0
0.45 0.55 -94271 264489 255 0 0
0.475 0.55 2.86134e+06 -662105 255 0 0
0.5 0.55 0 0 0 0 255
-0.5 0.525 0 0 0 0 255
-0.475 0.525 1.06772e+07 422903 255 0 0
-0.45 0.525 1.12365e+07 -1.68633e+06 255 0 0
-0.425 0.525 1.17792e+07 -3.78946e+06 255 0 0
-0.4 0.525 0 0 0 0 255
-0.375 0.525 0 0 0 0 255
-0.35 0.525 0 0 0 0 255
-0.325 0.525 0 0 0 0 255
-0.3 0.525 0 0 0 0 255
-0.275 0.525 0 0 0 0 255
-0.25 0.525 0 0 0 0 255
-0.225 0.525 0 0 0 0 255
-0.2 0.525 231703 62944.3 255 0 0
-0.175 0.525 12327.4 9919.13 255 0 0
-0.15 0.525 3911.84 3543.25 255 0 0
-0.125 0.525 -4346.95 -2119.88 255 0 0
-0.1 0.525 -1402.23 -3380.87 255 0 0
-0.075 0.525 1233.33 -2660.27 255 0 0
-0.05 0.525 125.604 -1079.25 255 0 0
-0.025 0.525 -58.137 90.4998 255 0 0
0 0.525 652.188 741.456 255 0 0
0.025 0.525 1246 621.316 255 0 0
0.05 0.525 1579.27 -233.825 255 0 0
0.075 0.525 1941.25 -1274.3 255 0 0
0.1 0.525 3047.46 -2128.26 255 0 0
0.125 0.525 8578.41 -4980.54 255 0 0
0.15 0.525 15454.6 -7705.71 255 0 0
0.175 0.525 12683.7 -6826.32 255 0 0
0.2 0.525 -1753.16 -2326.62 255 0 0
0.225 0.525 -113937 23327.8 255 0 0
0.25 0.525 283176 -90899.4 255 0 0
0.275 0.525 0 0 0 0 255
0.3 0.525 -1.64165e+07 4.00997e+06 255 0 0
0.325 0.525 542159 -130270 255 0 0
0.35 0.525 -36877.6 56426.3 255 0 0
0.375 0.525 -326704 165211 255 0 0
0.4 0.525 18936.5 102931 255 0 0
0.425 0.525 -145752 100481 255 0 0
0.45 0.525 308737 -62035.1 255 0 0
0.475 0.525 3.631e+06 -888788 255 0 0
0.5 0.525 0 0 0 0 255
-0.5 0.5 0 0 0 0 255
-0.475 0.5 3.52907e+07 7.0045e+06 255 0 0
-0.45 0.5 3.44676e+06 -1.70755e+06 255 0 0
-0.425 0.5 -2.84747e+07 -1.04338e+07 255 0 0
-0.4 0.5 0 0 0 0 255
-0.375 0.5 0 0 0 0 255
-0.35 0.5 0 0 0 0 255
-0.325 0.5 0 0 0 0 255
-0.3 0.5 0 0 0 0 255
-0.275 0.5 0 0 0 0 255
-0.25 0.5 0 0 0 0 255
-0.225 0.5 0 0 0 0 255
-0.2 0.5 -1.68186e+08 -4.79083e+07 255 0 0
-0.175 0.5 31233.9 13379.1 255 0 0
-0.15 0.5 8260.56 4043.98 255 0 0
-0.125 0.5 -7602.96 -3162.53 255 0 0
-0.1 0.5 -3404.59 -3910.9 255 0 0
-0.075 0.5 -1895.54 -3143.73 255 0 0
-0.05 0.5 -2443.71 -2359.74 255 0 0
-0.025 0.5 -912.095 -1218.83 255 0 0
0 0.5 940.686 -526.541 255 0 0
0.025 0.5 3772.15 -589.241 255 0 0
0.05 0.5 13309 256.429 255 0 0
0.075 0.5 1135.51 -3053.13 255 0 0
0.1 0.5 9293.24 -5949.8 255 0 0
0.125 0.5 12525.7 -6426.61 255 0 0
0.15 0.5 9638.04 -4673.65 255 0 0
0.175 0.5 4738.12 -2789.96 255 0 0
0.2 0.5 11586 -4244.58 255 0 0
0.225 0.5 20979 -6849.69 255 0 0
0.25 0.5 52064.7 -15545 255 0 0
0.275 0.5 59718.7 -18295.6 255 0 0
0.3 0.5 -21516.9 2771.54 255 0 0
0.325 0.5 170036 -47967.2 255 0 0
0.35 0.5 154519 -53434.1 255 0 0
0.375 0.5 149683 2155.85 255 0 0
0.4 0.5 72459.1 39204.2 255 0 0
0.425 0.5 35509.4 42906.9 255 0 0
0.45 0.5 -48275.3 3320.45 255 0 0
0.475 0.5 -1.53529e+06 326459 255 0 0
0.5 0.5 0 0 0 0 255
-0.5 0.475 0 0 0 0 255
-0.475 0.475 4.27637e+07 9.31978e+06 255 0 0
-0.45 0.475 1.12476e+07 714927 255 0 0
-0.425 0.475 -2.089e+07 -8.05614e+06 255 0 0
-0.4 0.475 0 0 0 0 255
-0.375 0.475 0 0 0 0 255
-0.35 0.475 0 0 0 0 255
-0.325 0.475 0 0 0 0 255
-0.3 0.475 0 0 0 0 255
-0.275 0.475 0 0 0 0 255
-0.25 0.475 0 0 0 0 255
-0.225 0.475 0 0 0 0 255
-0.2 0.475 -5.14095e+07 -1.43689e+07 255 0 0
-0.175 0.475 3350.21 5282.05 255 0 0
-0.15 0.475 9278.25 4575.55 255 0 0
-0.125 0.475 -9473.13 -3033.15 255 0 0
-0.1 0.475 -5819.29 -3622.62 255 0 0
-0.075 0.475 -2668.32 -2725.45 255 0 0
-0.05 0.475 -3266 -2761.85 255 0 0
-0.025 0.475 -2339.66 -2355.56 255 0 0
0 0.475 919.772 -1452.2 255 0 0
0.025 0.475 3705.07 -1383.3 255 0 0
0.05 0.475 18330.1 -1424 255 0 0
0.075 0.475 11365.6 -4556.65 255 0 0
0.1 0.475 9228.52 -6304.43 255 0 0
0.125 0.475 8758.77 -3862.73 255 0 0
0.15 0.475 5265.44 -803.639 255 0 0
0.175 0.475 5394.78 225.496 255 0 0
0.2 0.475 10411 -2190.32 255 0 0
0.225 0.475 27750.2 -6098.34 255 0 0
0.25 0.475 43777.3 -9851.79 255 0 0
0.275 0.475 50266.1 -10865.1 255 0 0
0.3 0.475 23288 -6465.36 255 0 0
0.325 0.475 39390.4 -8493.44 255 0 0
0.35 0.475 45158.2 -36000.2 255 0 0
0.375 0.475 40025.7 -64268.9 255 0 0
0.4 0.475 65106.9 -7292.65 255 0 0
0.425 0.475 27864.9 28487.2 255 0 0
0.45 0.475 2.01289e+06 -467425 255 0 0
0.475 0.475 0 0 0 0 255
0.5 0.475 0 0 0 0 255
-0.5 0.45 0 0 0 0 255
-0.475 0.45 0 0 0 0 255
-0.45 0.45 0 0 0 0 255
-0.425 0.45 0 0 0 0 255
-0.4 0.45 0 0 0 0 255
-0.375 0.45 0 0 0 0 255
-0.35 0.45 0 0 0 0 255
-0.325 0.45 0 0 0 0 255
-0.3 0.45 0 0 0 0 255
-0.275 0.45 0 0 0 0 255
-0.25 0.45 -877065 -284987 255 0 0
-0.225 0.45 0 0 0 0 255
-0.2 0.45 -1.88765e+06 -522267 255 0 0
-0.175 0.45 -17028.7 -894.171 255 0 0
-0.15 0.45 12528.5 5816.29 255 0 0
-0.125 0.45 537.276 820.994 255 0 0
-0.1 0.45 106.395 -512.411 255 0 0
-0.075 0.45 -2420.43 -2084.35 255 0 0
-0.05 0.45 -3200.67 -2428.65 255 0 0
-0.025 0.45 -3030.52 -2687.21 255 0 0
0 0.45 1863.83 -1263.15 255 0 0
0.025 0.45 5448.64 -762.457 255 0 0
0.05 0.45 7686.95 -2729.83 255 0 0
0.075 0.45 10675.6 -4868.66 255 0 0
0.1 0.45 12918.9 -5505.13 255 0 0
0.125 0.45 7112.89 -1741.34 255 0 0
0.15 0.45 -2725.1 2582.62 255 0 0
0.175 0.45 -4805.7 4567.49 255 0 0
0.2 0.45 -35338.4 2147.2 255 0 0
0.225 0.45 12294.4 -2544.43 255 0 0
0.25 0.45 26536.9 -1001.48 255 0 0
0.275 0.45 50675.9 -5679.64 255 0 0
0.3 0.45 33117.5 -10243.3 255 0 0
0.325 0.45 83342.3 -21842 255 0 0
0.35 0.45 39149.6 -32921.1 255 0 0
0.375 0.45 -17624 -47865.5 255 0 0
0.4 0.45 86031.3 -62699.7 255 0 0
0.425 0.45 241646 -65401.2 255 0 0
0.45 0.45 1.50593e+07 -4.01706e+06 255 0 0
0.475 0.45 0 0 0 0 255
0.5 0.45 0 0 0 0 255
-0.5 0.425 0 0 0 0 255
-0.475 0.425 0 0 0 0 255
-0.45 0.425 0 0 0 0 255
-0.425 0.425 0 0 0 0 255
-0.4 0.425 0 0 0 0 255
-0.375 0.425 0 0 0 0 255
-0.35 0.425 0 0 0 0 255
-0.325 0.425 0 0 0 0 255
-0.3 0.425 0 0 0 0 255
-0.275 0.425 -865561 -239794 255 0 0
-0.25 0.425 -577080 -158935 255 0 0
-0.225 0.425 -1.13217e+06 -316948 255 0 0
-0.2 0.425 672681 190898 255 0 0
-0.175 0.425 -80431.9 -25390.8 255 0 0
-0.15 0.425 -9569.65 -1773.01 255 0 0
-0.125 0.425 11201.9 5119.35 255 0 0
-0.1 0.425 6226.15 2862.76 255 0 0
-0.075 0.425 -1131.1 -572.287 255 0 0
-0.05 0.425 -2905.35 -1947.99 255 0 0
-0.025 0.425 365.995 -1273.3 255 0 0
0 0.425 3199.96 -158.973 255 0 0
0.025 0.425 5909.01 545.55 255 0 0
0.05 0.425 11031.7 -1564.82 255 0 0
0.075 0.425 16713.6 -4670.94 255 0 0
0.1 0.425 10705.9 -3456.3 255 0 0
0.125 0.425 1346.49 488.176 255 0 0
0.15 0.425 -8392.47 5142.49 255 0 0
0.175 0.425 -2117.76 8447.07 255 0 0
0.2 0.425 -234350 -16279.8 255 0 0
0.225 0.425 -592549 109155 255 0 0
0.25 0.425 -11941.8 17885.7 255 0 0
0.275 0.425 298411 -118593 255 0 0
0.3 0.425 448634 -210059 255 0 0
0.325 0.425 -266448 -23386.3 255 0 0
0.35 0.425 -2701.81 -60954.9 255 0 0
0.375 0.425 -35516.5 -42556.3 255 0 0
0.4 0.425 19544.2 -79620.9 255 0 0
0.425 0.425 123459 -109783 255 0 0
0.45 0.425 6.39352e+06 -1.82367e+06 255 0 0
0.475 0.425 0 0 0 0 255
0.5 0.425 0 0 0 0 255
-0.5 0.4 0 0 0 0 255
-0.475 0.4 0 0 0 0 255
-0.45 0.4 0 0 0 0 255
-0.425 0.4 0 0 0 0 255
-0.4 0.4 0 0 0 0 255
-0.375 0.4 0 0 0 0 255
-0.35 0.4 0 0 0 0 255
-0.325 0.4 0 0 0 0 255
-0.3 0.4 0 0 0 0 255
-0.275 0.4 -430397 -131316 255 0 0
-0.25 0.4 71255.9 -2499.56 255 0 0
-0.225 0.4 132148 28515.7 255 0 0
-0.2 0.4 -798424 -201430 255 0 0
-0.175 0.4 861785 192980 255 0 0
-0.15 0.4 128634 21975.8 255 0 0
-0.125 0.4 10210.7 6748.1 255 0 0
-0.1 0.4 4000.51 3065.54 255 0 0
-0.075 0.4 635.014 805.378 255 0 0
-0.05 0.4 2394.67 294.857 255 0 0
-0.025 0.4 4463.87 736.375 255 0 0
0 0.4 2808.92 1385.52 255 0 0
0.025 0.4 4295.9 1212.67 255 0 0
0.05 0.4 15737.8 -1991.02 255 0 0
0.075 0.4 15638.3 -3025.61 255 0 0
0.1 0.4 1638.54 597.523 255 0 0
0.125 0.4 -8316.04 4213.91 255 0 0
0.15 0.4 -19655 9690.29 255 0 0
0.175 0.4 162875 -145695 255 0 0
0.2 0.4 2.2893e+07 -6.64544e+06 255 0 0
0.225 0.4 0 0 0 0 255
0.25 0.4 7.11042e+06 -2.56572e+06 255 0 0
0.275 0.4 -1.77507e+06 216391 255 0 0
0.3 0.4 -906332 -102555 255 0 0
0.325 0.4 1.11392e+06 -636519 255 0 0
0.35 0.4 36829.9 -77647.9 255 0 0
0.375 0.4 -12068.9 -37832.2 255 0 0
0.4 0.4 23687.3 -62167.2 255 0 0
0.425 0.4 -21639.9 -67688 255 0 0
0.45 0.4 873042 -338481 255 0 0
0.475 0.4 7.58905e+06 -2.24514e+06 255 0 0
0.5 0.4 0 0 0 0 255
-0.5 0.375 0 0 0 0 255
-0.475 0.375 0 0 0 0 255
-0.45 0.375 0 0 0 0 255
-0.425 0.375 0 0 0 0 255
-0.4 0.375 0 0 0 0 255
-0.375 0.375 0 0 0 0 255
-0.35 0.375 0 0 0 0 255
-0.325 0.375 0 0 0 0 255
-0.3 0.375 0 0 0 0 255
-0.275 0.375 1.23796e+06 593343 255 0 0
-0.25 0.375 404839 80569.8 255 0 0
-0.225 0.375 2.1364e+06 411478 255 0 0
-0.2 0.375 939377 43068.6 255 0 0
-0.175 0.375 1.88144e+06 -1.14241e+06 255 0 0
-0.15 0.375 835682 -266033 255 0 0
-0.125 0.375 -29951.6 12669.6 255 0 0
-0.1 0.375 755.268 2763.16 255 0 0
-0.075 0.375 1898.97 1434.85 255 0 0
-0.05 0.375 6783.75 1731.44 255 0 0
-0.025 0.375 3258.15 676.442 255 0 0
0 0.375 -2063.93 228.801 255 0 0
0.025 0.375 -363.355 -685.933 255 0 0
0.05 0.375 8333.14 -2578.45 255 0 0
0.075 0.375 5707.25 -1058.8 255 0 0
0.1 0.375 -13172.6 5625.56 255 0 0
0.125 0.375 -38112.4 14460.7 255 0 0
0.15 0.375 -69022.7 18179.8 255 0 0
0.175 0.375 0 0 0 0 255
0.2 0.375 0 0 0 0 255
0.225 0.375 0 0 0 0 255
0.25 0.375 0 0 0 0 255
0.275 0.375 -5.03354e+06 958120 255 0 0
0.3 0.375 -1.28523e+06 86784.1 255 0 0
0.325 0.375 95894.9 -38807.5 255 0 0
0.35 0.375 -177093 74172.1 255 0 0
0.375 0.375 -17074.1 -28304.7 255 0 0
0.4 0.375 6861.1 -37183.2 255 0 0
0.425 0.375 -91466 -42498.3 255 0 0
0.45 0.375 146436 -282971 255 0 0
0.475 0.375 4.06477e+06 -2.24758e+06 255 0 0
0.5 0.375 0 0 0 0 255
-0.5 0.35 0 0 0 0 255
-0.475 0.35 0 0 0 0 255
-0.45 0.35 0 0 0 0 255
-0.425 0.35 0 0 0 0 255
-0.4 0.35 0 0 0 0 255
-0.375 0.35 0 0 0 0 255
-0.35 0.35 0 0 0 0 255
-0.325 0.35 0 0 0 0 255
-0.3 0.35 0 0 0 0 255
-0.275 0.35 0 0 0 0 255
-0.25 0.35 -1.97391e+06 -144434 255 0 0
-0.225 0.35 110917 16016.3 255 0 0
-0.2 0.35 1.99046e+06 257837 255 0 0
-0.175 0.35 2.17433e+07 -5.71226e+06 255 0 0
-0.15 0.35 4.59605e+06 -1.33065e+06 255 0 0
-0.125 0.35 -2.72232e+06 611131 255 0 0
-0.1 0.35 -49381.5 15874.4 255 0 0
-0.075 0.35 6847.05 2945.53 255 0 0
-0.05 0.35 -3096.69 1843.33 255 0 0
-0.025 0.35 -25082.9 578.813 255 0 0
0 0.35 -22850.8 -4080.79 255 0 0
0.025 0.35 -6954.21 -5689 255 0 0
0.05 0.35 -4511.06 -5182.27 255 0 0
0.075 0.35 -19324.2 1899.58 255 0 0
0.1 0.35 -64694.3 17460.6 255 0 0
0.125 0.35 -238888 63653.3 255 0 0
0.15 0.35 0 0 0 0 255
0.175 0.35 0 0 0 0 255
0.2 0.35 0 0 0 0 255
0.225 0.35 0 0 0 0 255
0.25 0.35 -6.06726e+08 1.71478e+08 255 0 0
0.275 0.35 -2.46376e+07 6.92287e+06 255 0 0
0.3 0.35 282925 -149278 255 0 0
0.325 0.35 40349.6 -75286.1 255 0 0
0.35 0.35 -64010.9 -33984.6 255 0 0
0.375 0.35 -95069.7 10920.8 255 0 0
0.4 0.35 -65844.7 -76245.1 255 0 0
0.425 0.35 -392439 -108406 255 0 0
0.45 0.35 -1.80189e+06 -665000 255 0 0
0.475 0.35 5.61514e+06 -8.03953e+06 255 0 0
0.5 0.35 0 0 0 0 255
-0.5 0.325 0 0 0 0 255
-0.475 0.325 0 0 0 0 255
-0.45 0.325 0 0 0 0 255
-0.425 0.325 0 0 0 0 255
-0.4 0.325 0 0 0 0 255
-0.375 0.325 0 0 0 0 255
-0.35 0.325 0 0 0 0 255
-0.325 0.325 0 0 0 0 255
-0.3 0.325 0 0 0 0 255
-0.275 0.325 0 0 0 0 255
-0.25 0.325 -2.82461e+07 -4.89796e+06 255 0 0
-0.225 0.325 -2.31382e+06 -401552 255 0 0
-0.2 0.325 1.16806e+06 106004 255 0 0
-0.175 0.325 1.60592e+07 -4.18387e+06 255 0 0
-0.15 0.325 -385838 -90536.1 255 0 0
-0.125 0.325 -1.38507e+07 3.38586e+06 255 0 0
-0.1 0.325 -431391 365047 255 0 0
-0.075 0.325 -45959.4 34465.8 255 0 0
-0.05 0.325 56157.8 17358.4 255 0 0
-0.025 0.325 321208 61799 255 0 0
0 0.325 -121689 -55218.2 255 0 0
0.025 0.325 -59975.9 -59725 255 0 0
0.05 0.325 42915.4 -16984.5 255 0 0
0.075 0.325 -1.4875e+06 231447 255 0 0
0.1 0.325 -2.96113e+07 3.8966e+06 255 0 0
0.125 0.325 0 0 0 0 255
0.15 0.325 0 0 0 0 255
0.175 0.325 0 0 0 0 255
0.2 0.325 0 0 0 0 255
0.225 0.325 210718 -170902 255 0 0
0.25 0.325 -457367 28713.8 255 0 0
0.275 0.325 -48232.5 -85122.2 255 0 0
0.3 0.325 -80422.2 -92001.6 255 0 0
0.325 0.325 -435976 -89716.6 255 0 0
0.35 0.325 -622108 -129646 255 0 0
0.375 0.325 -379645 -15177.3 255 0 0
0.4 0.325 -187973 -181582 255 0 0
0.425 0.325 -2.61018e+06 -601673 255 0 0
0.45 0.325 -3.99619e+06 -557003 255 0 0
0.475 0.325 -777428 2.5106e+06 255 0 0
0.5 0.325 0 0 0 0 255
-0.5 0.3 0 0 0 0 255
-0.475 0.3 0 0 0 0 255
-0.45 0.3 0 0 0 0 255
-0.425 0.3 0 0 0 0 255
-0.4 0.3 0 0 0 0 255
-0.375 0.3 0 0 0 0 255
-0.35 0.3 0 0 0 0 255
-0.325 0.3 0 0 0 0 255
-0.3 0.3 0 0 0 0 255
-0.275 0.3 0 0 0 0 255
-0.25 0.3 5.10226e+07 8.09712e+06 255 0 0
-0.225 0.3 678587 -148172 255 0 0
-0.2 0.3 3.39091e+06 -688520 255 0 0
-0.175 0.3 0 0 0 0 255
-0.15 0.3 -8.04979e+06 1.87967e+06 255 0 0
-0.125 0.3 -5.62216e+06 6.22464e+06 255 0 0
-0.1 0.3 -525704 3.24298e+06 255 0 0
-0.075 0.3 599325 486947 255 0 0
-0.05 0.3 1.40988e+06 -565744 255 0 0
-0.025 0.3 3.49383e+06 430046 255 0 0
0 0.3 -1.41063e+06 -745102 255 0 0
0.025 0.3 -6.22643e+06 -1.72256e+06 255 0 0
0.05 0.3 0 0 0 0 255
0.075 0.3 0 0 0 0 255
0.1 0.3 0 0 0 0 255
0.125 0.3 0 0 0 0 255
0.15 0.3 0 0 0 0 255
0.175 0.3 0 0 0 0 255
0.2 0.3 2.28863e+07 -6.74239e+06 255 0 0
0.225 0.3 -340713 -52631.7 255 0 0
0.25 0.3 -95281.3 -103086 255 0 0
0.275 0.3 -42060.3 -109727 255 0 0
0.3 0.3 -63229.1 -85508.1 255 0 0
0.325 0.3 -455442 -68715.9 255 0 0
0.35 0.3 -628537 -136677 255 0 0
0.375 0.3 -203151 81178.7 255 0 0
0.4 0.3 91810.3 27692.6 255 0 0
0.425 0.3 -1.66301e+06 -352353 255 0 0
0.45 0.3 -1.17996e+06 190455 255 0 0
0.475 0.3 1.91274e+06 1.17695e+06 255 0 0
0.5 0.3 0 0 0 0 255
-0.5 0.275 0 0 0 0 255
-0.475 0.275 0 0 0 0 255
-0.45 0.275 0 0 0 0 255
-0.425 0.275 0 0 0 0 255
-0.4 0.275 0 0 0 0 255
-0.375 0.275 0 0 0 0 255
-0.35 0.275 0 0 0 0 255
-0.325 0.275 0 0 0 0 255
-0.3 0.275 0 0 0 0 255
-0.275 0.275 0 0 0 0 255
-0.25 0.275 -4.60074e+06 1.22812e+06 255 0 0
-0.225 0.275 -1.70352e+06 495020 255 0 0
-0.2 0.275 -456296 231317 255 0 0
-0.175 0.275 -3.98661e+06 1.37916e+06 255 0 0
-0.15 0.275 0 0 0 0 255
-0.125 0.275 -1.63632e+07 7.55995e+06 255 0 0
-0.1 0.275 -2.3426e+06 1.2111e+06 255 0 0
-0.075 0.275 -606763 -1.76949e+06 255 0 0
-0.05 0.275 844383 -4.64719e+06 255 0 0
-0.025 0.275 0 0 0 0 255
0 0.275 0 0 0 0 255
0.025 0.275 0 0 0 0 255
0.05 0.275 0 0 0 0 255
0.075 0.275 0 0 0 0 255
0.1 0.275 3.91813e+07 1.0997e+07 255 0 0
0.125 0.275 -4.35434e+06 -1.44093e+06 255 0 0
0.15 0.275 -4.74576e+07 -1.43698e+07 255 0 0
0.175 0.275 -1.67832e+06 -1.37167e+06 255 0 0
0.2 0.275 -810314 -1.31352e+06 255 0 0
0.225 0.275 -401756 -82600.5 255 0 0
0.25 0.275 -136555 -128120 255 0 0
0.275 0.275 -23469.7 -149336 255 0 0
0.3 0.275 -82436.2 -122322 255 0 0
0.325 0.275 -32328.9 -120979 255 0 0
0.35 0.275 -10236 -153345 255 0 0
0.375 0.275 -13272.3 -110700 255 0 0
0.4 0.275 117010 -114982 255 0 0
0.425 0.275 -1.18599e+06 -435055 255 0 0
0.45 0.275 -3.55854e+06 -175600 255 0 0
0.475 0.275 -3.35449e+06 901930 255 0 0
0.5 0.275 0 0 0 0 255
-0.5 0.25 0 0 0 0 255
-0.475 0.25 -5.3288e+08 -1.22161e+08 255 0 0
-0.45 0.25 -1.02018e+07 -2.7626e+06 255 0 0
-0.425 0.25 -2.54272e+07 -5.8929e+06 255 0 0
-0.4 0.25 0 0 0 0 255
-0.375 0.25 0 0 0 0 255
-0.35 0.25 0 0 0 0 255
-0.325 0.25 0 0 0 0 255
-0.3 0.25 0 0 0 0 255
-0.275 0.25 0 0 0 0 255
-0.25 0.25 -2.99461e+06 777788 255 0 0
-0.225 0.25 -1.55839e+06 461340 255 0 0
-0.2 0.25 -261586 178595 255 0 0
-0.175 0.25 1.05222e+06 -108698 255 0 0
-0.15 0.25 0 0 0 0 255
-0.125 0.25 -6.83539e+07 1.85185e+07 255 0 0
-0.1 0.25 -3.69942e+06 -1.33482e+06 255 0 0
-0.075 0.25 -2.17984e+06 -4.25391e+06 255 0 0
-0.05 0.25 -842607 -7.4343e+06 255 0 0
-0.025 0.25 0 0 0 0 255
0 0.25 0 0 0 0 255
0.025 0.25 8.35056e+07 2.22434e+07 255 0 0
0.05 0.25 1.90698e+06 -134987 255 0 0
0.075 0.25 1.21371e+06 -265950 255 0 0
0.1 0.25 -1.81006e+06 -1.01032e+06 255 0 0
0.125 0.25 1.30207e+06 -230444 255 0 0
0.15 0.25 -767953 -477052 255 0 0
0.175 0.25 -561632 74066.2 255 0 0
0.2 0.25 -1.16825e+06 -160401 255 0 0
0.225 0.25 794330 73673.5 255 0 0
0.25 0.25 409171 -319361 255 0 0
0.275 0.25 385230 -309560 255 0 0
0.3 0.25 -282888 -121139 255 0 0
0.325 0.25 1.33801e+06 -530491 255 0 0
0.35 0.25 -1.94819e+06 254887 255 0 0
0.375 0.25 270268 -328829 255 0 0
0.4 0.25 4.54459e+06 -1.52129e+06 255 0 0
0.425 0.25 -1.35015e+06 -705778 255 0 0
0.45 0.25 -5.08557e+06 -886218 255 0 0
0.475 0.25 -4.25971e+06 432818 255 0 0
0.5 0.25 0 0 0 0 255
-0.5 0.225 0 0 0 0 255
-0.475 0.225 -1.69813e+07 -4.70816e+06 255 0 0
-0.45 0.225 682061 -452569 255 0 0
-0.425 0.225 3.85381e+06 490847 255 0 0
-0.4 0.225 0 0 0 0 255
-0.375 0.225 0 0 0 0 255
-0.35 0.225 0 0 0 0 255
-0.325 0.225 0 0 0 0 255
-0.3 0.225 0 0 0 0 255
-0.275 0.225 0 0 0 0 255
-0.25 0.225 -2.7122e+06 712202 255 0 0
-0.225 0.225 -1.40817e+06 427382 255 0 0
-0.2 0.225 -104143 142562 255 0 0
-0.175 0.225 1.19989e+06 -142258 255 0 0
-0.15 0.225 0 0 0 0 255
-0.125 0.225 0 0 0 0 255
-0.1 0.225 0 0 0 0 255
-0.075 0.225 0 0 0 0 255
-0.05 0.225 0 0 0 0 255
-0.025 0.225 0 0 0 0 255
0 0.225 0 0 0 0 255
0.025 0.225 7.02162e+07 1.85427e+07 255 0 0
0.05 0.225 -644405 -747341 255 0 0
0.075 0.225 1.49775e+06 -190947 255 0 0
0.1 0.225 1.27544e+06 -236106 255 0 0
0.125 0.225 2.96562e+06 196792 255 0 0
0.15 0.225 3.84386e+06 706396 255 0 0
0.175 0.225 1.90293e+07 4.8141e+06 255 0 0
0.2 0.225 1.37919e+06 1.54032e+06 255 0 0
0.225 0.225 -5.78061e+08 -1.01958e+08 255 0 0
0.25 0.225 0 0 0 0 255
0.275 0.225 0 0 0 0 255
0.3 0.225 0 0 0 0 255
0.325 0.225 0 0 0 0 255
0.35 0.225 0 0 0 0 255
0.375 0.225 1.59697e+10 -4.53203e+09 255 0 0
0.4 0.225 8.71795e+08 -2.47596e+08 255 0 0
0.425 0.225 -1.01586e+10 2.88338e+09 255 0 0
0.45 0.225 0 0 0 0 255
0.475 0.225 0 0 0 0 255
0.5 0.225 0 0 0 0 255
-0.5 0.2 0 0 0 0 255
-0.475 0.2 1.0993e+06 -413918 255 0 0
-0.45 0.2 1.43513e+06 -346056 255 0 0
-0.425 0.2 1.78214e+06 -279774 255 0 0
-0.4 0.2 0 0 0 0 255
-0.375 0.2 0 0 0 0 255
-0.35 0.2 0 0 0 0 255
-0.325 0.2 0 0 0 0 255
-0.3 0.2 0 0 0 0 255
-0.275 0.2 0 0 0 0 255
-0.25 0.2 0 0 0 0 255
-0.225 0.2 0 0 0 0 255
-0.2 0.2 0 0 0 0 255
-0.175 0.2 0 0 0 0 255
-0.15 0.2 0 0 0 0 255
-0.125 0.2 0 0 0 0 255
-0.1 0.2 0 0 0 0 255
-0.075 0.2 0 0 0 0 255
-0.05 0.2 0 0 0 0 255
-0.025 0.2 0 0 0 0 255
0 0.2 0 0 0 0 255
0.025 0.2 1.23402e+09 3.3521e+08 255 0 0
0.05 0.2 -4.02085e+06 -1.69701e+06 255 0 0
0.075 0.2 -6.77879e+06 -2.47112e+06 255 0 0
0.1 0.2 3.79019e+06 400914 255 0 0
0.125 0.2 4.97001e+06 705647 255 0 0
0.15 0.2 8.29935e+06 563336 255 0 0
0.175 0.2 -2.40058e+07 -2.80473e+06 255 0 0
0.2 0.2 6.76698e+08 1.23049e+08 255 0 0
0.225 0.2 0 0 0 0 255
0.25 0.2 0 0 0 0 255
0.275 0.2 0 0 0 0 255
0.3 0.2 0 0 0 0 255
0.325 0.2 0 0 0 0 255
0.35 0.2 0 0 0 0 255
0.375 0.2 0 0 0 0 255
0.4 0.2 0 0 0 0 255
0.425 0.2 0 0 0 0 255
0.45 0.2 0 0 0 0 255
0.475 0.2 0 0 0 0 255
0.5 0.2 0 0 0 0 255
-0.5 0.175 0 0 0 0 255
-0.475 0.175 9.40901e+06 2.58333e+06 255 0 0
-0.45 0.175 593082 -206955 255 0 0
-0.425 0.175 -9.26468e+06 -3.21022e+06 255 0 0
-0.4 0.175 0 0 0 0 255
-0.375 0.175 0 0 0 0 255
-0.35 0.175 0 0 0 0 255
-0.325 0.175 0 0 0 0 255
-0.3 0.175 0 0 0 0 255
-0.275 0.175 0 0 0 0 255
-0.25 0.175 0 0 0 0 255
-0.225 0.175 0 0 0 0 255
-0.2 0.175 0 0 0 0 255
-0.175 0.175 0 0 0 0 255
-0.15 0.175 0 0 0 0 255
-0.125 0.175 0 0 0 0 255
-0.1 0.175 0 0 0 0 255
-0.075 0.175 0 0 0 0 255
-0.05 0.175 0 0 0 0 255
-0.025 0.175 0 0 0 0 255
0 0.175 0 0 0 0 255
0.025 0.175 0 0 0 0 255
0.05 0.175 0 0 0 0 255
0.075 0.175 0 0 0 0 255
0.1 0.175 0 0 0 0 255
0.125 0.175 0 0 0 0 255
0.15 0.175 0 0 0 0 255
0.175 0.175 0 0 0 0 255
0.2 0.175 0 0 0 0 255
0.225 0.175 0 0 0 0 255
0.25 0.175 0 0 0 0 255
0.275 0.175 0 0 0 0 255
0.3 0.175 0 0 0 0 255
0.325 0.175 0 0 0 0 255
0.35 0.175 0 0 0 0 255
0.375 0.175 0 0 0 0 255
0.4 0.175 0 0 0 0 255
0.425 0.175 0 0 0 0 255
0.45 0.175 0 0 0 0 255
0.475 0.175 0 0 0 0 255
0.5 0.175 0 0 0 0 255
-0.5 0.15 0 0 0 0 255
-0.475 0.15 2.53681e+07 7.16679e+06 255 0 0
-0.45 0.15 3.05062e+06 825230 255 0 0
-0.425 0.15 -1.68326e+07 -4.98585e+06 255 0 0
-0.4 0.15 0 0 0 0 255
-0.375 0.15 0 0 0 0 255
-0.35 0.15 0 0 0 0 255
-0.325 0.15 0 0 0 0 255
-0.3 0.15 0 0 0 0 255
-0.275 0.15 0 0 0 0 255
-0.25 0.15 0 0 0 0 255
-0.225 0.15 0 0 0 0 255
-0.2 0.15 0 0 0 0 255
-0.175 0.15 0 0 0 0 255
-0.15 0.15 0 0 0 0 255
-0.125 0.15 0 0 0 0 255
-0.1 0.15 0 0 0 0 255
-0.075 0.15 0 0 0 0 255
-0.05 0.15 0 0 0 0 255
-0.025 0.15 0 0 0 0 255
0 0.15 0 0 0 0 255
0.025 0.15 0 0 0 0 255
0.05 0.15 0 0 0 0 255
0.075 0.15 0 0 0 0 255
0.1 0.15 0 0 0 0 255
0.125 0.15 0 0 0 0 255
0.15 0.15 0 0 0 0 255
0.175 0.15 0 0 0 0 255
0.2 0.15 0 0 0 0 255
0.225 0.15 0 0 0 0 255
0.25 0.15 0 0 0 0 255
0.275 0.15 0 0 0 0 255
0.3 0.15 0 0 0 0 255
0.325 0.15 0 0 0 0 255
0.35 0.15 0 0 0 0 255
0.375 0.15 0 0 0 0 255
0.4 0.15 0 0 0 0 255
0.425 0.15 0 0 0 0 255
0.45 0.15 0 0 0 0 255
0.475 0.15 0 0 0 0 255
0.5 0.15 0 0 0 0 255
-0.5 0.125 0 0 0 0 255
-0.475 0.125 0 0 0 0 255
-0.45 0.125 0 0 0 0 255
-0.425 0.125 0 0 0 0 255
-0.4 0.125 0 0 0 0 255
-0.375 0.125 0 0 0 0 255
-0.35 0.125 0 0 0 0 255
-0.325 0.125 0 0 0 0 255
-0.3 0.125 0 0 0 0 255
-0.275 0.125 0 0 0 0 255
-0.25 0.125 0 0 0 0 255
-0.225 0.125 0 0 0 0 255
-0.2 0.125 0 0 0 0 255
-0.175 0.125 0 0 0 0 255
-0.15 0.125 0 0 0 0 255
-0.125 0.125 0 0 0 0 255
-0.1 0.125 0 0 0 0 255
-0.075 0.125 0 0 0 0 255
-0.05 0.125 0 0 0 0 255
-0.025 0.125 0 0 0 0 255
0 0.125 0 0 0 0 255
0.025 0.125 0 0 0 0 255
0.05 0.125 0 0 0 0 255
0.075 0.125 0 0 0 0 255
0.1 0.125 0 0 0 0 255
0.125 0.125 0 0 0 0 255
0.15 0.125 0 0 0 0 255
0.175 0.125 0 0 0 0 255
0.2 0.125 0 0 0 0 255
0.225 0.125 0 0 0 0 255
0.25 0.125 0 0 0 0 255
0.275 0.125 0 0 0 0 255
0.3 0.125 0 0 0 0 255
0.325 0.125 0 0 0 0 255
0.35 0.125 0 0 0 0 255
0.375 0.125 0 0 0 0 255
0.4 0.125 0 0 0 0 255
0.425 0.125 0 0 0 0 255
0.45 0.125 0 0 0 0 255
0.475 0.125 0 0 0 0 255
0.5 0.125 0 0 0 0 255
-0.5 0.1 0 0 0 0 255
-0.475 0.1 0 0 0 0 255
-0.45 0.1 0 0 0 0 255
-0.425 0.1 0 0 0 0 255
-0.4 0.1 0 0 0 0 255
-0.375 0.1 0 0 0 0 255
-0.35 0.1 0 0 0 0 255
-0.325 0.1 0 0 0 0 255
-0.3 0.1 0 0 0 0 255
-0.275 0.1 0 0 0 0 255
-0.25 0.1 0 0 0 0 255
-0.225 0.1 0 0 0 0 255
-0.2 0.1 0 0 0 0 255
-0.175 0.1 0 0 0 0 255
-0.15 0.1 0 0 0 0 255
-0.125 0.1 0 0 0 0 255
-0.1 0.1 0 0 0 0 255
-0.075 0.1 0 0 0 0 255
-0.05 0.1 0 0 0 0 255
-0.025 0.1 0 0 0 0 255
0 0.1 0 0 0 0 255
0.025 0.1 0 0 0 0 255
0.05 0.1 0 0 0 0 255
0.075 0.1 0 0 0 0 255
0.1 0.1 0 0 0 0 255
0.125 0.1 0 0 0 0 255
0.15 0.1 0 0 0 0 255
0.175 0.1 0 0 0 0 255
0.2 0.1 0 0 0 0 255
0.225 0.1 0 0 0 0 255
0.25 0.1 0 0 0 0 255
0.275 0.1 0 0 0 0 255
0.3 0.1 0 0 0 0 255
0.325 0.1 0 0 0 0 255
0.35 0.1 0 0 0 0 255
0.375 0.1 0 0 0 0 255
0.4 0.1 0 0 0 0 255
0.425 0.1 0 0 0 0 255
0.45 0.1 0 0 0 0 255
0.475 0.1 0 0 0 0 255
0.5 0.1 0 0 0 0 255
-0.5 0.075 0 0 0 0 255
-0.475 0.075 -1.05768e+06 -2.82476e+06 255 0 0
-0.45 0.075 7.76468e+06 1.15022e+06 255 0 0
-0.425 0.075 1.6587e+07 5.12521e+06 255 0 0
-0.4 0.075 0 0 0 0 255
-0.375 0.075 0 0 0 0 255
-0.35 0.075 0 0 0 0 255
-0.325 0.075 0 0 0 0 255
-0.3 0.075 0 0 0 0 255
-0.275 0.075 0 0 0 0 255
-0.25 0.075 0 0 0 0 255
-0.225 0.075 0 0 0 0 255
-0.2 0.075 0 0 0 0 255
-0.175 0.075 0 0 0 0 255
-0.15 0.075 0 0 0 0 255
-0.125 0.075 0 0 0 0 255
-0.1 0.075 0 0 0 0 255
-0.075 0.075 0 0 0 0 255
-0.05 0.075 0 0 0 0 255
-0.025 0.075 0 0 0 0 255
0 0.075 0 0 0 0 255
0.025 0.075 0 0 0 0 255
0.05 0.075 0 0 0 0 255
0.075 0.075 0 0 0 0 255
0.1 0.075 0 0 0 0 255
0.125 0.075 0 0 0 0 255
0.15 0.075 -278313 377852 255 0 0
0.175 0.075 339216 191347 255 0 0
0.2 0.075 956746 4842.25 255 0 0
0.225 0.075 0 0 0 0 255
0.25 0.075 139059 8.47642e+06 255 0 0
0.275 0.075 1.40631e+06 4.66263e+06 255 0 0
0.3 0.075 4.84796e+06 259929 255 0 0
0.325 0.075 0 0 0 0 255
0.35 0.075 0 0 0 0 255
0.375 0.075 0 0 0 0 255
0.4 0.075 0 0 0 0 255
0.425 0.075 -2.46502e+07 3.90095e+06 255 0 0
0.45 0.075 -8.02099e+06 7.11028e+06 255 0 0
0.475 0.075 8.60818e+06 1.03196e+07 255 0 0
0.5 0.075 0 0 0 0 255
-0.5 0.05 0 0 0 0 255
-0.475 0.05 -1.24172e+06 -1.5013e+06 255 0 0
-0.45 0.05 7.58064e+06 2.47368e+06 255 0 0
-0.425 0.05 1.6403e+07 6.44867e+06 255 0 0
-0.4 0.05 0 0 0 0 255
-0.375 0.05 0 0 0 0 255
-0.35 0.05 0 0 0 0 255
-0.325 0.05 0 0 0 0 255
-0.3 0.05 0 0 0 0 255
-0.275 0.05 0 0 0 0 255
-0.25 0.05 0 0 0 0 255
-0.225 0.05 0 0 0 0 255
-0.2 0.05 0 0 0 0 255
-0.175 0.05 0 0 0 0 255
-0.15 0.05 0 0 0 0 255
-0.125 0.05 0 0 0 0 255
-0.1 0.05 0 0 0 0 255
-0.075 0.05 0 0 0 0 255
-0.05 0.05 0 0 0 0 255
-0.025 0.05 0 0 0 0 255
0 0.05 0 0 0 0 255
0.025 0.05 0 0 0 0 255
0.05 0.05 0 0 0 0 255
0.075 0.05 0 0 0 0 255
0.1 0.05 0 0 0 0 255
0.125 0.05 0 0 0 0 255
0.15 0.05 -1.14863e+06 516676 255 0 0
0.175 0.05 -531103 330171 255 0 0
0.2 0.05 86406.4 143499 255 0 0
0.225 0.05 9.48238e+07 -2.60304e+07 255 0 0
0.25 0.05 -3.22213e+06 5.54765e+06 255 0 0
0.275 0.05 16711.9 1.20059e+06 255 0 0
0.3 0.05 3.66113e+06 -3.2581e+06 255 0 0
0.325 0.05 0 0 0 0 255
0.35 0.05 0 0 0 0 255
0.375 0.05 0 0 0 0 255
0.4 0.05 0 0 0 0 255
0.425 0.05 -2.52901e+07 -219122 255 0 0
0.45 0.05 -8.66091e+06 2.9902e+06 255 0 0
0.475 0.05 7.96826e+06 6.19953e+06 255 0 0
0.5 0.05 0 0 0 0 255
-0.5 0.025 0 0 0 0 255
-0.475 0.025 -1.42576e+06 -177846 255 0 0
-0.45 0.025 7.3966e+06 3.79714e+06 255 0 0
-0.425 0.025 1.6219e+07 7.77212e+06 255 0 0
-0.4 0.025 0 0 0 0 255
-0.375 0.025 0 0 0 0 255
-0.35 0.025 0 0 0 0 255
-0.325 0.025 0 0 0 0 255
-0.3 0.025 0 0 0 0 255
-0.275 0.025 0 0 0 0 255
-0.25 0.025 0 0 0 0 255
-0.225 0.025 0 0 0 0 255
-0.2 0.025 0 0 0 0 255
-0.175 0.025 0 0 0 0 255
-0.15 0.025 0 0 0 0 255
-0.125 0.025 0 0 0 0 255
-0.1 0.025 0 0 0 0 255
-0.075 0.025 0 0 0 0 255
-0.05 0.025 0 0 0 0 255
-0.025 0.025 0 0 0 0 255
0 0.025 0 0 0 0 255
0.025 0.025 0 0 0 0 255
0.05 0.025 0 0 0 0 255
0.075 0.025 0 0 0 0 255
0.1 0.025 0 0 0 0 255
0.125 0.025 0 0 0 0 255
0.15 0.025 -2.01895e+06 655499 255 0 0
0.175 0.025 -1.40142e+06 468994 255 0 0
0.2 0.025 -783893 282489 255 0 0
0.225 0.025 0 0 0 0 255
0.25 0.025 -6.58367e+06 2.61825e+06 255 0 0
0.275 0.025 -967360 -2.37342e+06 255 0 0
0.3 0.025 2.47429e+06 -6.77612e+06 255 0 0
0.325 0.025 0 0 0 0 255
0.35 0.025 0 0 0 0 255
0.375 0.025 0 0 0 0 255
0.4 0.025 0 0 0 0 255
0.425 0.025 -2.593e+07 -4.3392e+06 255 0 0
0.45 0.025 -9.30084e+06 -1.12987e+06 255 0 0
0.475 0.025 7.32833e+06 2.07945e+06 255 0 0
0.5 0.025 0 0 0 0 255
-0.5 0 0 0 0 0 255
-0.475 0 0 0 0 0 255
-0.45 0 0 0 0 0 255
-0.425 0 0 0 0 0 255
-0.4 0 0 0 0 0 255
-0.375 0 0 0 0 0 255
-0.35 0 0 0 0 0 255
-0.325 0 0 0 0 0 255
-0.3 0 0 0 0 0 255
-0.275 0 0 0 0 0 255
-0.25 0 0 0 0 0 255
-0.225 0 0 0 0 0 255
-0.2 0 0 0 0 0 255
-0.175 0 0 0 0 0 255
-0.15 0 0 0 0 0 255
-0.125 0 0 0 0 0 255
-0.1 0 0 0 0 0 255
-0.075 0 0 0 0 0 255
-0.05 0 0 0 0 0 255
-0.025 0 0 0 0 0 255
0 0 0 0 0 0 255
0.025 0 0 0 0 0 255
0.05 0 0 0 0 0 255
0.075 0 0 0 0 0 255
0.1 0 0 0 0 0 255
0.125 0 0 0 0 0 255
0.15 0 0 0 0 0 255
0.175 0 0 0 0 0 255
0.2 0 0 0 0 0 255
0.225 0 0 0 0 0 255
0.25 0 0 0 0 0 255
0.275 0 0 0 0 0 255
0.3 0 0 0 0 0 255
0.325 0 0 0 0 0 255
0.35 0 0 0 0 0 255
0.375 0 0 0 0 0 255
0.4 0 0 0 0 0 255
0.425 0 0 0 0 0 255
0.45 0 0 0 0 0 255
0.475 0 0 0 0 0 255
0.5 0 0 0 0 0 255
