-0.5 1 0 0 0 0 255
-0.475 1 0 0 0 0 255
-0.45 1 0 0 0 0 255
-0.425 1 0 0 0 0 255
-0.4 1 0 0 0 0 255
-0.375 1 0 0 0 0 255
-0.35 1 0 0 0 0 255
-0.325 1 0 0 0 0 255
-0.3 1 0 0 0 0 255
-0.275 1 0 0 0 0 255
-0.25 1 0 0 0 0 255
-0.225 1 0 0 0 0 255
-0.2 1 0 0 0 0 255
-0.175 1 0 0 0 0 255
-0.15 1 0 0 0 0 255
-0.125 1 0 0 0 0 255
-0.1 1 0 0 0 0 255
-0.075 1 0 0 0 0 255
-0.05 1 0 0 0 0 255
-0.025 1 0 0 0 0 255
0 1 0 0 0 0 255
0.025 1 0 0 0 0 255
0.05 1 0 0 0 0 255
0.075 1 0 0 0 0 255
0.1 1 0 0 0 0 255
0.125 1 0 0 0 0 255
0.15 1 0 0 0 0 255
0.175 1 0 0 0 0 255
0.2 1 0 0 0 0 255
0.225 1 0 0 0 0 255
0.25 1 0 0 0 0 255
0.275 1 0 0 0 0 255
0.3 1 0 0 0 0 255
0.325 1 0 0 0 0 255
0.35 1 0 0 0 0 255
0.375 1 0 0 0 0 255
0.4 1 0 0 0 0 255
0.425 1 0 0 0 0 255
0.45 1 0 0 0 0 255
0.475 1 0 0 0 0 255
0.5 1 0 0 0 0 255
-0.5 0.975 0 0 0 0 255
-0.475 0.975 0 0 0 0 255
-0.45 0.975 0 0 0 0 255
-0.425 0.975 0 0 0 0 255
-0.4 0.975 0 0 0 0 255
-0.375 0.975 0 0 0 0 255
-0.35 0.975 0 0 0 0 255
-0.325 0.975 0 0 0 0 255
-0.3 0.975 0 0 0 0 255
-0.275 0.975 0 0 0 0 255
-0.25 0.975 0 0 0 0 255
-0.225 0.975 0 0 0 0 255
-0.2 0.975 0 0 0 0 255
-0.175 0.975 0 0 0 0 255
-0.15 0.975 0 0 0 0 255
-0.125 0.975 0 0 0 0 255
-0.1 0.975 0 0 0 0 255
-0.075 0.975 0 0 0 0 255
-0.05 0.975 0 0 0 0 255
-0.025 0.975 0 0 0 0 255
0 0.975 0 0 0 0 255
0.025 0.975 0 0 0 0 255
0.05 0.975 0 0 0 0 255
0.075 0.975 0 0 0 0 255
0.1 0.975 -1.63605e+06 -85542.8 255 0 0
0.125 0.975 -940887 -150062 255 0 0
0.15 0.975 -245723 -214582 255 0 0
0.175 0.975 0 0 0 0 255
0.2 0.975 0 0 0 0 255
0.225 0.975 0 0 0 0 255
0.25 0.975 0 0 0 0 255
0.275 0.975 0 0 0 0 255
0.3 0.975 0 0 0 0 255
0.325 0.975 0 0 0 0 255
0.35 0.975 0 0 0 0 255
0.375 0.975 0 0 0 0 255
0.4 0.975 0 0 0 0 255
0.425 0.975 0 0 0 0 255
0.45 0.975 0 0 0 0 255
0.475 0.975 0 0 0 0 255
0.5 0.975 0 0 0 0 255
-0.5 0.95 0 0 0 0 255
-0.475 0.95 0 0 0 0 255
-0.45 0.95 0 0 0 0 255
-0.425 0.95 0 0 0 0 255
-0.4 0.95 0 0 0 0 255
-0.375 0.95 0 0 0 0 255
-0.35 0.95 -537841 -764094 255 0 0
-0.325 0.95 -3.45284e+06 -382594 255 0 0
-0.3 0.95 -3.174e+06 -140812 255 0 0
-0.275 0.95 0 0 0 0 255
-0.25 0.95 0 0 0 0 255
-0.225 0.95 0 0 0 0 255
-0.2 0.95 7.93131e+06 1.45025e+06 255 0 0
-0.175 0.95 -172996 393397 255 0 0
-0.15 0.95 -8.2773e+06 -663457 255 0 0
-0.125 0.95 0 0 0 0 255
-0.1 0.95 0 0 0 0 255
-0.075 0.95 0 0 0 0 255
-0.05 0.95 0 0 0 0 255
-0.025 0.95 0 0 0 0 255
0 0.95 0 0 0 0 255
0.025 0.95 0 0 0 0 255
0.05 0.95 0 0 0 0 255
0.075 0.95 0 0 0 0 255
0.1 0.95 -802501 -76776.3 255 0 0
0.125 0.95 -107338 -141296 255 0 0
0.15 0.95 587826 -205816 255 0 0
0.175 0.95 0 0 0 0 255
0.2 0.95 0 0 0 0 255
0.225 0.95 0 0 0 0 255
0.25 0.95 0 0 0 0 255
0.275 0.95 0 0 0 0 255
0.3 0.95 0 0 0 0 255
0.325 0.95 0 0 0 0 255
0.35 0.95 0 0 0 0 255
0.375 0.95 0 0 0 0 255
0.4 0.95 0 0 0 0 255
0.425 0.95 0 0 0 0 255
0.45 0.95 0 0 0 0 255
0.475 0.95 0 0 0 0 255
0.5 0.95 0 0 0 0 255
-0.5 0.925 0 0 0 0 255
-0.475 0.925 -3.74157e+06 -373071 255 0 0
-0.45 0.925 -2.02933e+06 -193408 255 0 0
-0.425 0.925 -720110 -397058 255 0 0
-0.4 0.925 0 0 0 0 255
-0.375 0.925 0 0 0 0 255
-0.35 0.925 -4.53895e+06 -416133 255 0 0
-0.325 0.925 -2.92847e+06 -229787 255 0 0
-0.3 0.925 -449559 -80650.7 255 0 0
-0.275 0.925 1.54827e+09 -6.68347e+07 255 0 0
-0.25 0.925 0 0 0 0 255
-0.225 0.925 0 0 0 0 255
-0.2 0.925 8.08345e+06 1.34619e+06 255 0 0
-0.175 0.925 -20855.3 289335 255 0 0
-0.15 0.925 -8.12516e+06 -767519 255 0 0
-0.125 0.925 0 0 0 0 255
-0.1 0.925 0 0 0 0 255
-0.075 0.925 0 0 0 0 255
-0.05 0.925 0 0 0 0 255
-0.025 0.925 0 0 0 0 255
0 0.925 0 0 0 0 255
0.025 0.925 0 0 0 0 255
0.05 0.925 0 0 0 0 255
0.075 0.925 0 0 0 0 255
0.1 0.925 31047.4 -68009.8 255 0 0
0.125 0.925 726211 -132529 255 0 0
0.15 0.925 1.42137e+06 -197049 255 0 0
0.175 0.925 0 0 0 0 255
0.2 0.925 0 0 0 0 255
0.225 0.925 0 0 0 0 255
0.25 0.925 0 0 0 0 255
0.275 0.925 0 0 0 0 255
0.3 0.925 4.87872e+06 -293661 255 0 0
0.325 0.925 2.22313e+06 -202628 255 0 0
0.35 0.925 -432472 -111595 255 0 0
0.375 0.925 0 0 0 0 255
0.4 0.925 0 0 0 0 255
0.425 0.925 0 0 0 0 255
0.45 0.925 0 0 0 0 255
0.475 0.925 0 0 0 0 255
0.5 0.925 0 0 0 0 255
-0.5 0.9 0 0 0 0 255
-0.475 0.9 17481 -355527 255 0 0
-0.45 0.9 1.87375e+06 -170624 255 0 0
-0.425 0.9 3.80477e+06 -8590.34 255 0 0
-0.4 0.9 966395 -294017 255 0 0
-0.375 0.9 -5.15512e+06 170604 255 0 0
-0.35 0.9 -3.83308e+06 -271674 255 0 0
-0.325 0.9 -2.21715e+06 -85770.7 255 0 0
-0.3 0.9 15345.2 74042.9 255 0 0
-0.275 0.9 1.10714e+09 -4.75072e+07 255 0 0
-0.25 0.9 0 0 0 0 255
-0.225 0.9 0 0 0 0 255
-0.2 0.9 8.23559e+06 1.24213e+06 255 0 0
-0.175 0.9 131285 185272 255 0 0
-0.15 0.9 -7.97302e+06 -871581 255 0 0
-0.125 0.9 0 0 0 0 255
-0.1 0.9 0 0 0 0 255
-0.075 0.9 0 0 0 0 255
-0.05 0.9 0 0 0 0 255
-0.025 0.9 0 0 0 0 255
0 0.9 0 0 0 0 255
0.025 0.9 0 0 0 0 255
0.05 0.9 0 0 0 0 255
0.075 0.9 0 0 0 0 255
0.1 0.9 0 0 0 0 255
0.125 0.9 0 0 0 0 255
0.15 0.9 0 0 0 0 255
0.175 0.9 0 0 0 0 255
0.2 0.9 0 0 0 0 255
0.225 0.9 0 0 0 0 255
0.25 0.9 0 0 0 0 255
0.275 0.9 0 0 0 0 255
0.3 0.9 4.78233e+06 -240845 255 0 0
0.325 0.9 2.12674e+06 -149812 255 0 0
0.35 0.9 -528860 -58778.8 255 0 0
0.375 0.9 0 0 0 0 255
0.4 0.9 0 0 0 0 255
0.425 0.9 0 0 0 0 255
0.45 0.9 0 0 0 0 255
0.475 0.9 0 0 0 0 255
0.5 0.9 0 0 0 0 255
-0.5 0.875 0 0 0 0 255
-0.475 0.875 3.77653e+06 -337983 255 0 0
-0.45 0.875 5.62879e+06 -163496 255 0 0
-0.425 0.875 1.05386e+07 -83504.3 255 0 0
-0.4 0.875 4.52328e+06 -102682 255 0 0
-0.375 0.875 -5.14376e+06 194044 255 0 0
-0.35 0.875 -4.62372e+06 -47465.7 255 0 0
-0.325 0.875 -1.49103e+06 57711.6 255 0 0
-0.3 0.875 -12486.6 249908 255 0 0
-0.275 0.875 0 0 0 0 255
-0.25 0.875 0 0 0 0 255
-0.225 0.875 0 0 0 0 255
-0.2 0.875 8.38773e+06 1.13806e+06 255 0 0
-0.175 0.875 283426 81210.3 255 0 0
-0.15 0.875 -7.82088e+06 -975643 255 0 0
-0.125 0.875 0 0 0 0 255
-0.1 0.875 0 0 0 0 255
-0.075 0.875 0 0 0 0 255
-0.05 0.875 0 0 0 0 255
-0.025 0.875 0 0 0 0 255
0 0.875 0 0 0 0 255
0.025 0.875 0 0 0 0 255
0.05 0.875 0 0 0 0 255
0.075 0.875 0 0 0 0 255
0.1 0.875 0 0 0 0 255
0.125 0.875 0 0 0 0 255
0.15 0.875 0 0 0 0 255
0.175 0.875 0 0 0 0 255
0.2 0.875 0 0 0 0 255
0.225 0.875 0 0 0 0 255
0.25 0.875 0 0 0 0 255
0.275 0.875 0 0 0 0 255
0.3 0.875 4.68595e+06 -188028 255 0 0
0.325 0.875 2.03035e+06 -96995.3 255 0 0
0.35 0.875 -625247 -5962.28 255 0 0
0.375 0.875 0 0 0 0 255
0.4 0.875 0 0 0 0 255
0.425 0.875 0 0 0 0 255
0.45 0.875 0 0 0 0 255
0.475 0.875 0 0 0 0 255
0.5 0.875 0 0 0 0 255
-0.5 0.85 0 0 0 0 255
-0.475 0.85 7.53557e+06 -320438 255 0 0
-0.45 0.85 3.98e+07 -1.26286e+06 255 0 0
-0.425 0.85 1.4494e+07 -364538 255 0 0
-0.4 0.85 4.7365e+06 -98000.3 255 0 0
-0.375 0.85 -3.91865e+06 161824 255 0 0
-0.35 0.85 -1.14113e+07 378470 255 0 0
-0.325 0.85 0 0 0 0 255
-0.3 0.85 0 0 0 0 255
-0.275 0.85 0 0 0 0 255
-0.25 0.85 0 0 0 0 255
-0.225 0.85 0 0 0 0 255
-0.2 0.85 0 0 0 0 255
-0.175 0.85 0 0 0 0 255
-0.15 0.85 0 0 0 0 255
-0.125 0.85 0 0 0 0 255
-0.1 0.85 0 0 0 0 255
-0.075 0.85 0 0 0 0 255
-0.05 0.85 0 0 0 0 255
-0.025 0.85 0 0 0 0 255
0 0.85 0 0 0 0 255
0.025 0.85 0 0 0 0 255
0.05 0.85 0 0 0 0 255
0.075 0.85 0 0 0 0 255
0.1 0.85 0 0 0 0 255
0.125 0.85 0 0 0 0 255
0.15 0.85 0 0 0 0 255
0.175 0.85 0 0 0 0 255
0.2 0.85 0 0 0 0 255
0.225 0.85 0 0 0 0 255
0.25 0.85 0 0 0 0 255
0.275 0.85 0 0 0 0 255
0.3 0.85 0 0 0 0 255
0.325 0.85 0 0 0 0 255
0.35 0.85 0 0 0 0 255
0.375 0.85 0 0 0 0 255
0.4 0.85 0 0 0 0 255
0.425 0.85 0 0 0 0 255
0.45 0.85 0 0 0 0 255
0.475 0.85 0 0 0 0 255
0.5 0.85 0 0 0 0 255
-0.5 0.825 0 0 0 0 255
-0.475 0.825 0 0 0 0 255
-0.45 0.825 0 0 0 0 255
-0.425 0.825 0 0 0 0 255
-0.4 0.825 5.79857e+06 -123702 255 0 0
-0.375 0.825 -3.33853e+06 153735 255 0 0
-0.35 0.825 0 0 0 0 255
-0.325 0.825 0 0 0 0 255
-0.3 0.825 0 0 0 0 255
-0.275 0.825 0 0 0 0 255
-0.25 0.825 0 0 0 0 255
-0.225 0.825 0 0 0 0 255
-0.2 0.825 0 0 0 0 255
-0.175 0.825 0 0 0 0 255
-0.15 0.825 0 0 0 0 255
-0.125 0.825 0 0 0 0 255
-0.1 0.825 0 0 0 0 255
-0.075 0.825 0 0 0 0 255
-0.05 0.825 0 0 0 0 255
-0.025 0.825 0 0 0 0 255
0 0.825 0 0 0 0 255
0.025 0.825 0 0 0 0 255
0.05 0.825 0 0 0 0 255
0.075 0.825 0 0 0 0 255
0.1 0.825 0 0 0 0 255
0.125 0.825 0 0 0 0 255
0.15 0.825 0 0 0 0 255
0.175 0.825 0 0 0 0 255
0.2 0.825 0 0 0 0 255
0.225 0.825 -1.8154e+07 270180 255 0 0
0.25 0.825 -1.07247e+07 188665 255 0 0
0.275 0.825 -3.29527e+06 107150 255 0 0
0.3 0.825 0 0 0 0 255
0.325 0.825 0 0 0 0 255
0.35 0.825 0 0 0 0 255
0.375 0.825 0 0 0 0 255
0.4 0.825 0 0 0 0 255
0.425 0.825 0 0 0 0 255
0.45 0.825 0 0 0 0 255
0.475 0.825 0 0 0 0 255
0.5 0.825 0 0 0 0 255
-0.5 0.8 0 0 0 0 255
-0.475 0.8 0 0 0 0 255
-0.45 0.8 0 0 0 0 255
-0.425 0.8 0 0 0 0 255
-0.4 0.8 0 0 0 0 255
-0.375 0.8 0 0 0 0 255
-0.35 0.8 0 0 0 0 255
-0.325 0.8 0 0 0 0 255
-0.3 0.8 5.37078e+06 199769 255 0 0
-0.275 0.8 8.19272e+06 332921 255 0 0
-0.25 0.8 0 0 0 0 255
-0.225 0.8 0 0 0 0 255
-0.2 0.8 0 0 0 0 255
-0.175 0.8 0 0 0 0 255
-0.15 0.8 0 0 0 0 255
-0.125 0.8 0 0 0 0 255
-0.1 0.8 0 0 0 0 255
-0.075 0.8 0 0 0 0 255
-0.05 0.8 0 0 0 0 255
-0.025 0.8 0 0 0 0 255
0 0.8 0 0 0 0 255
0.025 0.8 0 0 0 0 255
0.05 0.8 0 0 0 0 255
0.075 0.8 0 0 0 0 255
0.1 0.8 0 0 0 0 255
0.125 0.8 0 0 0 0 255
0.15 0.8 0 0 0 0 255
0.175 0.8 0 0 0 0 255
0.2 0.8 0 0 0 0 255
0.225 0.8 -9.85805e+06 166161 255 0 0
0.25 0.8 -2.43844e+06 84654.9 255 0 0
0.275 0.8 4.99271e+06 3232.6 255 0 0
0.3 0.8 0 0 0 0 255
0.325 0.8 0 0 0 0 255
0.35 0.8 0 0 0 0 255
0.375 0.8 0 0 0 0 255
0.4 0.8 0 0 0 0 255
0.425 0.8 -7.64801e+06 1200.8 255 0 0
0.45 0.8 5.09716e+06 -278075 255 0 0
0.475 0.8 1.78423e+07 -557352 255 0 0
0.5 0.8 0 0 0 0 255
-0.5 0.775 0 0 0 0 255
-0.475 0.775 0 0 0 0 255
-0.45 0.775 3.72849e+06 -393205 255 0 0
-0.425 0.775 1.80315e+06 343.417 255 0 0
-0.4 0.775 -4.78182e+06 572189 255 0 0
-0.375 0.775 0 0 0 0 255
-0.35 0.775 0 0 0 0 255
-0.325 0.775 2.88612e+06 202467 255 0 0
-0.3 0.775 2.90932e+06 105085 255 0 0
-0.275 0.775 4.67022e+06 125246 255 0 0
-0.25 0.775 1.5e+07 549628 255 0 0
-0.225 0.775 0 0 0 0 255
-0.2 0.775 0 0 0 0 255
-0.175 0.775 0 0 0 0 255
-0.15 0.775 0 0 0 0 255
-0.125 0.775 0 0 0 0 255
-0.1 0.775 0 0 0 0 255
-0.075 0.775 0 0 0 0 255
-0.05 0.775 0 0 0 0 255
-0.025 0.775 3.14489e+07 -1.77522e+06 255 0 0
0 0.775 4.05537e+06 -253463 255 0 0
0.025 0.775 -6.88543e+06 335428 255 0 0
0.05 0.775 -5.23672e+06 122429 255 0 0
0.075 0.775 -1.07498e+07 199727 255 0 0
0.1 0.775 0 0 0 0 255
0.125 0.775 0 0 0 0 255
0.15 0.775 0 0 0 0 255
0.175 0.775 0 0 0 0 255
0.2 0.775 0 0 0 0 255
0.225 0.775 -9.37791e+06 78459.5 255 0 0
0.25 0.775 4.32385e+06 -16582.9 255 0 0
0.275 0.775 1.42891e+07 -103412 255 0 0
0.3 0.775 0 0 0 0 255
0.325 0.775 0 0 0 0 255
0.35 0.775 0 0 0 0 255
0.375 0.775 0 0 0 0 255
0.4 0.775 0 0 0 0 255
0.425 0.775 -2.76602e+06 -456152 255 0 0
0.45 0.775 -3.86018e+06 -245776 255 0 0
0.475 0.775 -4.95438e+06 -35469.3 255 0 0
0.5 0.775 0 0 0 0 255
-0.5 0.75 0 0 0 0 255
-0.475 0.75 -1.6252e+06 -22991.1 255 0 0
-0.45 0.75 1.39001e+06 -47757.8 255 0 0
-0.425 0.75 -693900 28128.9 255 0 0
-0.4 0.75 -2.6276e+06 99444.4 255 0 0
-0.375 0.75 438584 -16157.6 255 0 0
-0.35 0.75 -131271 23877.2 255 0 0
-0.325 0.75 -283339 22948.1 255 0 0
-0.3 0.75 -685740 16543.2 255 0 0
-0.275 0.75 210270 26029.4 255 0 0
-0.25 0.75 35447.5 24631.9 255 0 0
-0.225 0.75 0 0 0 0 255
-0.2 0.75 0 0 0 0 255
-0.175 0.75 1.00262e+06 2424.95 255 0 0
-0.15 0.75 50406.7 35540.1 255 0 0
-0.125 0.75 -1.52687e+06 109962 255 0 0
-0.1 0.75 0 0 0 0 255
-0.075 0.75 0 0 0 0 255
-0.05 0.75 0 0 0 0 255
-0.025 0.75 -3.60327e+06 237252 255 0 0
0 0.75 420778 4005.33 255 0 0
0.025 0.75 3.07209e+06 -100336 255 0 0
0.05 0.75 -867275 -165415 255 0 0
0.075 0.75 8.62005e+06 -1.43251e+06 255 0 0
0.1 0.75 0 0 0 0 255
0.125 0.75 0 0 0 0 255
0.15 0.75 0 0 0 0 255
0.175 0.75 0 0 0 0 255
0.2 0.75 0 0 0 0 255
0.225 0.75 1.99373e+06 224635 255 0 0
0.25 0.75 1.12457e+06 -57829.4 255 0 0
0.275 0.75 -1.10205e+06 -64657.9 255 0 0
0.3 0.75 -653361 42387.9 255 0 0
0.325 0.75 0 0 0 0 255
0.35 0.75 0 0 0 0 255
0.375 0.75 0 0 0 0 255
0.4 0.75 0 0 0 0 255
0.425 0.75 -1.64802e+06 -520240 255 0 0
0.45 0.75 -3.15289e+06 -296757 255 0 0
0.475 0.75 -4.67015e+06 -73264.8 255 0 0
0.5 0.75 0 0 0 0 255
-0.5 0.725 0 0 0 0 255
-0.475 0.725 -423544 18016.1 255 0 0
-0.45 0.725 120709 9251.34 255 0 0
-0.425 0.725 -218150 21530.8 255 0 0
-0.4 0.725 -216375 13651.9 255 0 0
-0.375 0.725 -193166 4009.83 255 0 0
-0.35 0.725 -61543.9 7194.87 255 0 0
-0.325 0.725 5235.98 14008.5 255 0 0
-0.3 0.725 -148736 9481.04 255 0 0
-0.275 0.725 -171726 9404.32 255 0 0
-0.25 0.725 -137130 8812.24 255 0 0
-0.225 0.725 -126992 3071.7 255 0 0
-0.2 0.725 -209462 4349.61 255 0 0
-0.175 0.725 29095.1 3393.17 255 0 0
-0.15 0.725 9482.18 9942.89 255 0 0
-0.125 0.725 -102332 15793.1 255 0 0
-0.1 0.725 -2.79793e+06 -55560.6 255 0 0
-0.075 0.725 0 0 0 0 255
-0.05 0.725 0 0 0 0 255
-0.025 0.725 -4.06376e+06 290662 255 0 0
0 0.725 -3.84567e+06 259521 255 0 0
0.025 0.725 3.09478e+06 -79395 255 0 0
0.05 0.725 -1.13185e+06 -45272.8 255 0 0
0.075 0.725 -7.56132e+06 176886 255 0 0
0.1 0.725 2.95215e+06 406827 255 0 0
0.125 0.725 0 0 0 0 255
0.15 0.725 0 0 0 0 255
0.175 0.725 0 0 0 0 255
0.2 0.725 0 0 0 0 255
0.225 0.725 -735207 -47940.9 255 0 0
0.25 0.725 -385858 -39914.1 255 0 0
0.275 0.725 -628196 -25385.3 255 0 0
0.3 0.725 -1.1228e+06 -3383.81 255 0 0
0.325 0.725 -8.69617e+07 -4.0188e+06 255 0 0
0.35 0.725 -351431 -330592 255 0 0
0.375 0.725 15013.9 -108031 255 0 0
0.4 0.725 -200219 -90519.1 255 0 0
0.425 0.725 -518122 -567202 255 0 0
0.45 0.725 -2.25492e+06 -338626 255 0 0
0.475 0.725 -3.71087e+06 -108566 255 0 0
0.5 0.725 0 0 0 0 255
-0.5 0.7 0 0 0 0 255
-0.475 0.7 507178 -106352 255 0 0
-0.45 0.7 -644355 -64779.5 255 0 0
-0.425 0.7 -127143 15938.3 255 0 0
-0.4 0.7 -53586.5 16488.5 255 0 0
-0.375 0.7 -118231 9359.8 255 0 0
-0.35 0.7 -160001 4748.96 255 0 0
-0.325 0.7 -109569 3527.17 255 0 0
-0.3 0.7 -83170.4 5212.28 255 0 0
-0.275 0.7 -115378 5537.35 255 0 0
-0.25 0.7 -139937 5178.02 255 0 0
-0.225 0.7 -115177 5119.9 255 0 0
-0.2 0.7 -68280.1 4856.89 255 0 0
-0.175 0.7 -66241.3 4799.74 255 0 0
-0.15 0.7 -81648.7 4767.93 255 0 0
-0.125 0.7 -78067.4 4656.37 255 0 0
-0.1 0.7 -48679 3853.66 255 0 0
-0.075 0.7 21902.6 1272.42 255 0 0
-0.05 0.7 338688 -13113.4 255 0 0
-0.025 0.7 0 0 0 0 255
0 0.7 0 0 0 0 255
0.025 0.7 1.78138e+07 -1.02039e+06 255 0 0
0.05 0.7 4.65573e+06 -173800 255 0 0
0.075 0.7 -123144 -30258.2 255 0 0
0.1 0.7 -1.76281e+06 54963.3 255 0 0
0.125 0.7 81195.8 -46082.4 255 0 0
0.15 0.7 439670 -73041.9 255 0 0
0.175 0.7 496528 -63637.8 255 0 0
0.2 0.7 0 0 0 0 255
0.225 0.7 645887 -21847.4 255 0 0
0.25 0.7 -7055.13 -31070.7 255 0 0
0.275 0.7 -502217 -18073.4 255 0 0
0.3 0.7 -911266 9919.83 255 0 0
0.325 0.7 -1.60722e+06 -80611 255 0 0
0.35 0.7 -1.86809e+06 -176213 255 0 0
0.375 0.7 275811 -54892.6 255 0 0
0.4 0.7 -755826 -31831.2 255 0 0
0.425 0.7 3.24413e+06 -209568 255 0 0
0.45 0.7 -300284 -80236.9 255 0 0
0.475 0.7 -7.63485e+06 -19045 255 0 0
0.5 0.7 0 0 0 0 255
-0.5 0.675 0 0 0 0 255
-0.475 0.675 2.94784e+06 136260 255 0 0
-0.45 0.675 4.68884e+06 129659 255 0 0
-0.425 0.675 553051 29606.4 255 0 0
-0.4 0.675 77386.7 22352.6 255 0 0
-0.375 0.675 8174.25 14338.8 255 0 0
-0.35 0.675 -33235.3 7854.98 255 0 0
-0.325 0.675 -52249.2 3177.39 255 0 0
-0.3 0.675 -45476.8 5237.96 255 0 0
-0.275 0.675 -45400.6 6272.93 255 0 0
-0.25 0.675 -36483.9 4389.41 255 0 0
-0.225 0.675 -50396.8 4652.61 255 0 0
-0.2 0.675 -33499.7 4840.39 255 0 0
-0.175 0.675 -27212.7 5527.93 255 0 0
-0.15 0.675 -36712.2 5041.53 255 0 0
-0.125 0.675 -43335.7 4779.73 255 0 0
-0.1 0.675 -34527.4 4375.24 255 0 0
-0.075 0.675 -26875.3 4319.34 255 0 0
-0.05 0.675 -47953 4422.09 255 0 0
-0.025 0.675 -771198 -2277.88 255 0 0
0 0.675 0 0 0 0 255
0.025 0.675 -3.5312e+06 565056 255 0 0
0.05 0.675 -2.3281e+06 361933 255 0 0
0.075 0.675 -573901 28506 255 0 0
0.1 0.675 -1.37673e+06 24154.9 255 0 0
0.125 0.675 -141638 5438.8 255 0 0
0.15 0.675 -537424 -9582.49 255 0 0
0.175 0.675 -1.35007e+06 -181339 255 0 0
0.2 0.675 0 0 0 0 255
0.225 0.675 -9.78366e+06 600770 255 0 0
0.25 0.675 -294541 64458.5 255 0 0
0.275 0.675 -422525 18278.4 255 0 0
0.3 0.675 -860546 -8099.91 255 0 0
0.325 0.675 1.73434e+06 102251 255 0 0
0.35 0.675 1.27393e+06 108782 255 0 0
0.375 0.675 377382 -18421.8 255 0 0
0.4 0.675 -522895 8302.35 255 0 0
0.425 0.675 1.49572e+06 -200991 255 0 0
0.45 0.675 -829317 -52335 255 0 0
0.475 0.675 -3.45068e+06 83118.1 255 0 0
0.5 0.675 0 0 0 0 255
-0.5 0.65 0 0 0 0 255
-0.475 0.65 2.23714e+07 1.22247e+06 255 0 0
-0.45 0.65 1.79055e+07 953079 255 0 0
-0.425 0.65 9.95254e+06 384636 255 0 0
-0.4 0.65 270565 22096.8 255 0 0
-0.375 0.65 122914 18586.4 255 0 0
-0.35 0.65 55229.8 10936.3 255 0 0
-0.325 0.65 -14429.5 1494.16 255 0 0
-0.3 0.65 -6544.14 4536.7 255 0 0
-0.275 0.65 4561.22 7145.41 255 0 0
-0.25 0.65 123695 6353.23 255 0 0
-0.225 0.65 17794.3 3784.77 255 0 0
-0.2 0.65 1447.68 -421.498 255 0 0
-0.175 0.65 13376.5 6680.63 255 0 0
-0.15 0.65 6716.74 5302.64 255 0 0
-0.125 0.65 -8621.36 4658.88 255 0 0
-0.1 0.65 -11857.1 3829.56 255 0 0
-0.075 0.65 -17609.1 3681.99 255 0 0
-0.05 0.65 -37335.6 3592.68 255 0 0
-0.025 0.65 -74410.4 3443.2 255 0 0
0 0.65 -920747 -79573.1 255 0 0
0.025 0.65 23942.9 31060.1 255 0 0
0.05 0.65 -845084 16112 255 0 0
0.075 0.65 -238853 -99860.9 255 0 0
0.1 0.65 -41341.1 -51025.1 255 0 0
0.125 0.65 -209945 3218.91 255 0 0
0.15 0.65 -288158 -25210.9 255 0 0
0.175 0.65 24544.4 -107909 255 0 0
0.2 0.65 638886 -183762 255 0 0
0.225 0.65 2.10939e+06 -280222 255 0 0
0.25 0.65 -451248 -115603 255 0 0
0.275 0.65 -814133 -118536 255 0 0
0.3 0.65 -909549 -140899 255 0 0
0.325 0.65 633595 -106462 255 0 0
0.35 0.65 -7282.77 -55200.5 255 0 0
0.375 0.65 -528007 -8479.59 255 0 0
0.4 0.65 2.96356e+06 -471452 255 0 0
0.425 0.65 4.26064e+06 -288242 255 0 0
0.45 0.65 27173.6 -86908.3 255 0 0
0.475 0.65 -4.35996e+06 101827 255 0 0
0.5 0.65 0 0 0 0 255
-0.5 0.625 0 0 0 0 255
-0.475 0.625 3.20821e+07 1.6691e+06 255 0 0
-0.45 0.625 3.61876e+06 205921 255 0 0
-0.425 0.625 -5.16505e+06 -334376 255 0 0
-0.4 0.625 -452219 -48135.4 255 0 0
-0.375 0.625 544148 37782.9 255 0 0
-0.35 0.625 42125.7 7095.08 255 0 0
-0.325 0.625 -101975 -10948 255 0 0
-0.3 0.625 19610.2 -5414.71 255 0 0
-0.275 0.625 349558 13299.8 255 0 0
-0.25 0.625 0 0 0 0 255
-0.225 0.625 0 0 0 0 255
-0.2 0.625 -5.95878e+07 541855 255 0 0
-0.175 0.625 -4.50614e+07 -898537 255 0 0
-0.15 0.625 -1.66908e+06 -62062.3 255 0 0
-0.125 0.625 137643 4916.33 255 0 0
-0.1 0.625 19162.2 2587.62 255 0 0
-0.075 0.625 -133.415 2022.87 255 0 0
-0.05 0.625 -17122.7 2004.91 255 0 0
-0.025 0.625 -45380.4 2198.63 255 0 0
0 0.625 -92170.1 4403.15 255 0 0
0.025 0.625 79346.3 24762.3 255 0 0
0.05 0.625 339839 -65699.3 255 0 0
0.075 0.625 512277 -180016 255 0 0
0.1 0.625 -71434.4 -2987.28 255 0 0
0.125 0.625 -32537.3 -9328.38 255 0 0
0.15 0.625 73495 -27290.5 255 0 0
0.175 0.625 507168 -91287.6 255 0 0
0.2 0.625 422796 -80826.5 255 0 0
0.225 0.625 -650991 -19054.2 255 0 0
0.25 0.625 -428815 -141502 255 0 0
0.275 0.625 283892 -17923.5 255 0 0
0.3 0.625 118347 -6858.17 255 0 0
0.325 0.625 -116082 -67649.2 255 0 0
0.35 0.625 -256462 -53075.5 255 0 0
0.375 0.625 -181850 -68865.5 255 0 0
0.4 0.625 -737921 90225.9 255 0 0
0.425 0.625 -1.9583e+07 2.9137e+06 255 0 0
0.45 0.625 1.43466e+06 -150360 255 0 0
0.475 0.625 -3.03163e+06 41448.7 255 0 0
0.5 0.625 0 0 0 0 255
-0.5 0.6 0 0 0 0 255
-0.475 0.6 -1.28009e+06 -134543 255 0 0
-0.45 0.6 1.3296e+06 16852.9 255 0 0
-0.425 0.6 1.56112e+06 114625 255 0 0
-0.4 0.6 -1.49895e+06 -46878.4 255 0 0
-0.375 0.6 -230883 -47916.9 255 0 0
-0.35 0.6 132263 7036.71 255 0 0
-0.325 0.6 -54198.8 -18517.5 255 0 0
-0.3 0.6 -3.56149e+06 -249731 255 0 0
-0.275 0.6 0 0 0 0 255
-0.25 0.6 0 0 0 0 255
-0.225 0.6 0 0 0 0 255
-0.2 0.6 0 0 0 0 255
-0.175 0.6 0 0 0 0 255
-0.15 0.6 -503504 -85206.6 255 0 0
-0.125 0.6 17752.7 253.379 255 0 0
-0.1 0.6 310.923 1197.73 255 0 0
-0.075 0.6 14481.7 476.991 255 0 0
-0.05 0.6 9640.78 -237.285 255 0 0
-0.025 0.6 -19596.1 136.898 255 0 0
0 0.6 -48433.2 954.824 255 0 0
0.025 0.6 -59117.4 4384.17 255 0 0
0.05 0.6 -42199.1 3349.86 255 0 0
0.075 0.6 -73957 1424.4 255 0 0
0.1 0.6 -49875.8 -2878.77 255 0 0
0.125 0.6 -24368.8 -951.303 255 0 0
0.15 0.6 2259.56 8882.91 255 0 0
0.175 0.6 -71573.6 -8987.88 255 0 0
0.2 0.6 -295476 -44288.1 255 0 0
0.225 0.6 -777257 -162115 255 0 0
0.25 0.6 -501983 -94342 255 0 0
0.275 0.6 -8063.27 -3744.41 255 0 0
0.3 0.6 -68977.2 -11638.2 255 0 0
0.325 0.6 -184366 -41865.6 255 0 0
0.35 0.6 -322287 -42975.1 255 0 0
0.375 0.6 -406233 -67035.5 255 0 0
0.4 0.6 -532231 -22649 255 0 0
0.425 0.6 1.57509e+07 -2.46186e+06 255 0 0
0.45 0.6 0 0 0 0 255
0.475 0.6 0 0 0 0 255
0.5 0.6 0 0 0 0 255
-0.5 0.575 0 0 0 0 255
-0.475 0.575 -2.78167e+06 -239862 255 0 0
-0.45 0.575 -25929.8 -73395.2 255 0 0
-0.425 0.575 1.78148e+06 213177 255 0 0
-0.4 0.575 -844869 272729 255 0 0
-0.375 0.575 -250168 -32933.1 255 0 0
-0.35 0.575 -115539 -23912.4 255 0 0
-0.325 0.575 8653.79 -26957.1 255 0 0
-0.3 0.575 110389 -30356.9 255 0 0
-0.275 0.575 640227 5203.23 255 0 0
-0.25 0.575 0 0 0 0 255
-0.225 0.575 0 0 0 0 255
-0.2 0.575 0 0 0 0 255
-0.175 0.575 4.33393e+06 475212 255 0 0
-0.15 0.575 168998 12104.9 255 0 0
-0.125 0.575 29192 1675.42 255 0 0
-0.1 0.575 3638.1 2070.08 255 0 0
-0.075 0.575 40845.1 6964.89 255 0 0
-0.05 0.575 69470.1 -610.496 255 0 0
-0.025 0.575 9033.37 -1788.6 255 0 0
0 0.575 -997.576 -1757.53 255 0 0
0.025 0.575 1339.63 -1150.25 255 0 0
0.05 0.575 -9162.89 45.4388 255 0 0
0.075 0.575 -13266.9 -4.51463 255 0 0
0.1 0.575 10116.4 -232.028 255 0 0
0.125 0.575 48213.1 5947.85 255 0 0
0.15 0.575 32685.6 -1893.12 255 0 0
0.175 0.575 -18242.8 -5211.96 255 0 0
0.2 0.575 -70807.6 -4817.52 255 0 0
0.225 0.575 -93367.8 67.3353 255 0 0
0.25 0.575 -144696 -1468.98 255 0 0
0.275 0.575 -313816 -25825.7 255 0 0
0.3 0.575 10083 2954.16 255 0 0
0.325 0.575 -162621 -20840.1 255 0 0
0.35 0.575 -276812 -24887.8 255 0 0
0.375 0.575 -224776 -27723.9 255 0 0
0.4 0.575 -321355 -21384 255 0 0
0.425 0.575 -1.00333e+06 46195.5 255 0 0
0.45 0.575 0 0 0 0 255
0.475 0.575 0 0 0 0 255
0.5 0.575 0 0 0 0 255
-0.5 0.55 0 0 0 0 255
-0.475 0.55 -2.95765e+07 -2.20333e+06 255 0 0
-0.45 0.55 -3.82194e+06 -438415 255 0 0
-0.425 0.55 441553 21914 255 0 0
-0.4 0.55 -1.73204e+06 23090.3 255 0 0
-0.375 0.55 -434701 -62399.6 255 0 0
-0.35 0.55 -123402 -35372.9 255 0 0
-0.325 0.55 32398.1 -34614.2 255 0 0
-0.3 0.55 75739.6 -38153.9 255 0 0
-0.275 0.55 121298 -38655.4 255 0 0
-0.25 0.55 -7.03613e+06 -2.2196e+06 255 0 0
-0.225 0.55 0 0 0 0 255
-0.2 0.55 0 0 0 0 255
-0.175 0.55 -217106 -48831.7 255 0 0
-0.15 0.55 14934.1 -1688.39 255 0 0
-0.125 0.55 12196.2 445.785 255 0 0
-0.1 0.55 2466.94 1224.56 255 0 0
-0.075 0.55 47225.3 6930.71 255 0 0
-0.05 0.55 -64515.2 -8195.27 255 0 0
-0.025 0.55 13575.8 3149.6 255 0 0
0 0.55 57654.9 346.297 255 0 0
0.025 0.55 68098.4 -3870.08 255 0 0
0.05 0.55 68737.2 -6073.48 255 0 0
0.075 0.55 60960.2 -5836.5 255 0 0
0.1 0.55 68279.5 -2419.89 255 0 0
0.125 0.55 69129.6 1203.2 255 0 0
0.15 0.55 81105.3 -7083.02 255 0 0
0.175 0.55 73725.8 -6237.23 255 0 0
0.2 0.55 39934.2 -2131.83 255 0 0
0.225 0.55 6386.3 1003.51 255 0 0
0.25 0.55 -14563.4 1862.45 255 0 0
0.275 0.55 -15944.7 -270.929 255 0 0
0.3 0.55 9198.42 2274.13 255 0 0
0.325 0.55 226672 22391.5 255 0 0
0.35 0.55 69759.8 5413.84 255 0 0
0.375 0.55 226539 20845.6 255 0 0
0.4 0.55 236578 23517.7 255 0 0
0.425 0.55 105711 1491.26 255 0 0
0.45 0.55 0 0 0 0 255
0.475 0.55 0 0 0 0 255
0.5 0.55 0 0 0 0 255
-0.5 0.525 0 0 0 0 255
-0.475 0.525 4.00861e+06 -343987 255 0 0
-0.45 0.525 2.68454e+06 -221708 255 0 0
-0.425 0.525 2.65674e+06 -159011 255 0 0
-0.4 0.525 0 0 0 0 255
-0.375 0.525 0 0 0 0 255
-0.35 0.525 -98882.4 -40461.8 255 0 0
-0.325 0.525 81527.4 -29532.7 255 0 0
-0.3 0.525 99748 -32749.1 255 0 0
-0.275 0.525 470229 39411 255 0 0
-0.25 0.525 4.62119e+07 8.76307e+06 255 0 0
-0.225 0.525 0 0 0 0 255
-0.2 0.525 0 0 0 0 255
-0.175 0.525 3244.7 -2794.01 255 0 0
-0.15 0.525 6317.21 -898.754 255 0 0
-0.125 0.525 -2705.34 -416.607 255 0 0
-0.1 0.525 -5948.07 -153.896 255 0 0
-0.075 0.525 87788.3 -4842.56 255 0 0
-0.05 0.525 -626556 -17838.8 255 0 0
-0.025 0.525 -70419.3 -30356.7 255 0 0
0 0.525 8914.92 -23298.6 255 0 0
0.025 0.525 94235.3 -13045.1 255 0 0
0.05 0.525 133223 -10819.5 255 0 0
0.075 0.525 129939 -11170.2 255 0 0
0.1 0.525 402193 23583.9 255 0 0
0.125 0.525 -51358.9 -27198.5 255 0 0
0.15 0.525 -91198 -61408.4 255 0 0
0.175 0.525 15494.4 -30492.6 255 0 0
0.2 0.525 102595 -6006.63 255 0 0
0.225 0.525 70644.6 -3414.1 255 0 0
0.25 0.525 48527.8 314.28 255 0 0
0.275 0.525 14173.9 -736.201 255 0 0
0.3 0.525 -6418.24 -1436.75 255 0 0
0.325 0.525 17544.2 -2644.1 255 0 0
0.35 0.525 25052.2 -7492.5 255 0 0
0.375 0.525 25601.3 -10641.8 255 0 0
0.4 0.525 25788.7 -9131.77 255 0 0
0.425 0.525 27291.5 -11520.5 255 0 0
0.45 0.525 242865 -75561.8 255 0 0
0.475 0.525 4.55135e+06 -705989 255 0 0
0.5 0.525 0 0 0 0 255
-0.5 0.5 0 0 0 0 255
-0.475 0.5 -1.15739e+07 559894 255 0 0
-0.45 0.5 439684 50534.6 255 0 0
-0.425 0.5 1.40688e+06 73247.8 255 0 0
-0.4 0.5 0 0 0 0 255
-0.375 0.5 0 0 0 0 255
-0.35 0.5 0 0 0 0 255
-0.325 0.5 637404 56731.4 255 0 0
-0.3 0.5 811921 100841 255 0 0
-0.275 0.5 -47399.7 -44335.8 255 0 0
-0.25 0.5 -3.60257e+07 -7.01539e+06 255 0 0
-0.225 0.5 0 0 0 0 255
-0.2 0.5 0 0 0 0 255
-0.175 0.5 -12888.3 -3831.82 255 0 0
-0.15 0.5 -1877.74 -1415.08 255 0 0
-0.125 0.5 -5476.08 -1195.08 255 0 0
-0.1 0.5 -63168.7 -9841.5 255 0 0
-0.075 0.5 -2.22837e+06 -429343 255 0 0
-0.05 0.5 -973512 -33161 255 0 0
-0.025 0.5 -144948 -69193.3 255 0 0
0 0.5 -66817.1 -62486.9 255 0 0
0.025 0.5 11313.7 -55780.5 255 0 0
0.05 0.5 0 0 0 0 255
0.075 0.5 0 0 0 0 255
0.1 0.5 2.4166e+06 117770 255 0 0
0.125 0.5 331714 -114499 255 0 0
0.15 0.5 -519401 -209491 255 0 0
0.175 0.5 -463505 -153107 255 0 0
0.2 0.5 414001 -39919.9 255 0 0
0.225 0.5 -507722 -111288 255 0 0
0.25 0.5 129678 1957.84 255 0 0
0.275 0.5 -2002.31 -11925.3 255 0 0
0.3 0.5 -17287.2 -3569.48 255 0 0
0.325 0.5 27412.9 779.313 255 0 0
0.35 0.5 32105.8 -4963.34 255 0 0
0.375 0.5 42910.6 -4256.23 255 0 0
0.4 0.5 39472.9 -3584.47 255 0 0
0.425 0.5 26776.4 -5903.82 255 0 0
0.45 0.5 -84818.3 -10558.8 255 0 0
0.475 0.5 201842 -45716.4 255 0 0
0.5 0.5 0 0 0 0 255
-0.5 0.475 0 0 0 0 255
-0.475 0.475 1.38993e+06 -989499 255 0 0
-0.45 0.475 3.41261e+06 -693580 255 0 0
-0.425 0.475 5.07572e+06 -382213 255 0 0
-0.4 0.475 -1.4785e+06 54634 255 0 0
-0.375 0.475 -1.91526e+07 -5.46826e+06 255 0 0
-0.35 0.475 -2.23013e+07 -3.567e+06 255 0 0
-0.325 0.475 2.4434e+07 4.19054e+06 255 0 0
-0.3 0.475 6.79966e+07 1.03335e+07 255 0 0
-0.275 0.475 -218758 -82523.7 255 0 0
-0.25 0.475 -611708 -139720 255 0 0
-0.225 0.475 -78821.9 -14175.3 255 0 0
-0.2 0.475 -39797.3 -9742.17 255 0 0
-0.175 0.475 -1262.5 -2096.29 255 0 0
-0.15 0.475 136.747 -1978.98 255 0 0
-0.125 0.475 -1610.56 -2501.32 255 0 0
-0.1 0.475 -4.35819e+06 -871956 255 0 0
-0.075 0.475 0 0 0 0 255
-0.05 0.475 0 0 0 0 255
-0.025 0.475 0 0 0 0 255
0 0.475 0 0 0 0 255
0.025 0.475 0 0 0 0 255
0.05 0.475 0 0 0 0 255
0.075 0.475 0 0 0 0 255
0.1 0.475 0 0 0 0 255
0.125 0.475 0 0 0 0 255
0.15 0.475 0 0 0 0 255
0.175 0.475 2.5386e+06 148156 255 0 0
0.2 0.475 1.5337e+06 -196914 255 0 0
0.225 0.475 244326 -75545.9 255 0 0
0.25 0.475 108851 -6130.7 255 0 0
0.275 0.475 77731 -2373.5 255 0 0
0.3 0.475 73719.2 -2107.08 255 0 0
0.325 0.475 68909.4 -2453.19 255 0 0
0.35 0.475 60239.2 -2553.87 255 0 0
0.375 0.475 49635.8 -2262.05 255 0 0
0.4 0.475 37436.1 -3594.96 255 0 0
0.425 0.475 19951.1 -5954.73 255 0 0
0.45 0.475 1140.04 -16741.2 255 0 0
0.475 0.475 331210 -57858.7 255 0 0
0.5 0.475 0 0 0 0 255
-0.5 0.45 0 0 0 0 255
-0.475 0.45 1.3142e+06 -739557 255 0 0
-0.45 0.45 3.0215e+06 -428138 255 0 0
-0.425 0.45 4.56418e+06 -109511 255 0 0
-0.4 0.45 -2.03688e+06 180164 255 0 0
-0.375 0.45 871648 180605 255 0 0
-0.35 0.45 -393951 -22448.6 255 0 0
-0.325 0.45 -742136 -82958.4 255 0 0
-0.3 0.45 4707.93 -4015.63 255 0 0
-0.275 0.45 -47123.3 -4979.78 255 0 0
-0.25 0.45 5203.75 2846.61 255 0 0
-0.225 0.45 10422.1 3021.53 255 0 0
-0.2 0.45 -10287.4 -3321.08 255 0 0
-0.175 0.45 -6535.06 -3998.11 255 0 0
-0.15 0.45 -140.785 -2825.02 255 0 0
-0.125 0.45 1529.26 -2680.83 255 0 0
-0.1 0.45 -9.86842e+06 -1.53863e+06 255 0 0
-0.075 0.45 0 0 0 0 255
-0.05 0.45 0 0 0 0 255
-0.025 0.45 0 0 0 0 255
0 0.45 0 0 0 0 255
0.025 0.45 0 0 0 0 255
0.05 0.45 0 0 0 0 255
0.075 0.45 0 0 0 0 255
0.1 0.45 0 0 0 0 255
0.125 0.45 0 0 0 0 255
0.15 0.45 0 0 0 0 255
0.175 0.45 6.79104e+06 -859416 255 0 0
0.2 0.45 176515 -18594.7 255 0 0
0.225 0.45 88027.1 -6973.67 255 0 0
0.25 0.45 52248.7 -2246.64 255 0 0
0.275 0.45 36855.7 -401.177 255 0 0
0.3 0.45 31143.1 -583.644 255 0 0
0.325 0.45 27851.7 -1763.12 255 0 0
0.35 0.45 26297 -3446.31 255 0 0
0.375 0.45 25765 -5102.13 255 0 0
0.4 0.45 23904.8 -7555.55 255 0 0
0.425 0.45 29779.2 -11920.6 255 0 0
0.45 0.45 140742 -35831.1 255 0 0
0.475 0.45 670453 -106417 255 0 0
0.5 0.45 0 0 0 0 255
-0.5 0.425 0 0 0 0 255
-0.475 0.425 294363 -419200 255 0 0
-0.45 0.425 2.35291e+06 -148946 255 0 0
-0.425 0.425 3.48838e+06 135158 255 0 0
-0.4 0.425 -164153 32533.6 255 0 0
-0.375 0.425 -509381 69042.3 255 0 0
-0.35 0.425 -655068 79937.7 255 0 0
-0.325 0.425 150542 54489.8 255 0 0
-0.3 0.425 -20108.3 7687.93 255 0 0
-0.275 0.425 -44984.2 4659.72 255 0 0
-0.25 0.425 -16692.9 1935.12 255 0 0
-0.225 0.425 -6365.56 306.832 255 0 0
-0.2 0.425 -8485.87 -2652.65 255 0 0
-0.175 0.425 -2035.03 -3868.71 255 0 0
-0.15 0.425 -12110.2 -2863 255 0 0
-0.125 0.425 -36232.6 758.471 255 0 0
-0.1 0.425 -112490 2180.87 255 0 0
-0.075 0.425 0 0 0 0 255
-0.05 0.425 0 0 0 0 255
-0.025 0.425 0 0 0 0 255
0 0.425 0 0 0 0 255
0.025 0.425 0 0 0 0 255
0.05 0.425 0 0 0 0 255
0.075 0.425 0 0 0 0 255
0.1 0.425 0 0 0 0 255
0.125 0.425 0 0 0 0 255
0.15 0.425 7.30643e+06 -786304 255 0 0
0.175 0.425 114900 -10708.7 255 0 0
0.2 0.425 74783.8 -6992.14 255 0 0
0.225 0.425 28929.1 -2228.93 255 0 0
0.25 0.425 -4796.37 1807.56 255 0 0
0.275 0.425 -13158.1 2471.25 255 0 0
0.3 0.425 -12677 1031.84 255 0 0
0.325 0.425 -11508.8 -1196.51 255 0 0
0.35 0.425 -10654.2 -4166.68 255 0 0
0.375 0.425 -3590.36 -8026.04 255 0 0
0.4 0.425 -2305.59 -14624.6 255 0 0
0.425 0.425 11590.1 -20331.3 255 0 0
0.45 0.425 903023 -92954.3 255 0 0
0.475 0.425 1.51033e+07 -440414 255 0 0
0.5 0.425 0 0 0 0 255
-0.5 0.4 0 0 0 0 255
-0.475 0.4 -7.60954e+06 1.47445e+06 255 0 0
-0.45 0.4 -5920.71 512006 255 0 0
-0.425 0.4 3.81734e+06 -306325 255 0 0
-0.4 0.4 -657938 5093.28 255 0 0
-0.375 0.4 -1.5456e+06 85673.9 255 0 0
-0.35 0.4 -1.24024e+06 123692 255 0 0
-0.325 0.4 183982 61587.7 255 0 0
-0.3 0.4 -652839 42346.5 255 0 0
-0.275 0.4 -131930 6275.98 255 0 0
-0.25 0.4 -33408.7 1264.33 255 0 0
-0.225 0.4 -16942.8 -703.653 255 0 0
-0.2 0.4 -7829.39 -2398.13 255 0 0
-0.175 0.4 10222.8 -5092.63 255 0 0
-0.15 0.4 -7537.65 -1887.95 255 0 0
-0.125 0.4 -25469.7 1975.92 255 0 0
-0.1 0.4 -56077.6 5264.45 255 0 0
-0.075 0.4 -3.84341e+07 -1.58099e+06 255 0 0
-0.05 0.4 0 0 0 0 255
-0.025 0.4 0 0 0 0 255
0 0.4 0 0 0 0 255
0.025 0.4 0 0 0 0 255
0.05 0.4 0 0 0 0 255
0.075 0.4 0 0 0 0 255
0.1 0.4 0 0 0 0 255
0.125 0.4 6.96542e+06 -449448 255 0 0
0.15 0.4 140567 31867.3 255 0 0
0.175 0.4 83350.5 -9293.82 255 0 0
0.2 0.4 18696.3 -2501.78 255 0 0
0.225 0.4 -36298.4 3252.66 255 0 0
0.25 0.4 -71051.1 7177.19 255 0 0
0.275 0.4 -78065.4 7730.23 255 0 0
0.3 0.4 -153643 21209.1 255 0 0
0.325 0.4 -81536.9 14087.5 255 0 0
0.35 0.4 -55809.5 2682.79 255 0 0
0.375 0.4 20689.3 -17076.5 255 0 0
0.4 0.4 -43741.1 -11754 255 0 0
0.425 0.4 -201125 24175.6 255 0 0
0.45 0.4 338630 -214002 255 0 0
0.475 0.4 0 0 0 0 255
0.5 0.4 0 0 0 0 255
-0.5 0.375 0 0 0 0 255
-0.475 0.375 -6.31839e+06 1.99844e+06 255 0 0
-0.45 0.375 1.65352e+06 516097 255 0 0
-0.425 0.375 8.73266e+06 -894431 255 0 0
-0.4 0.375 -479448 33793.3 255 0 0
-0.375 0.375 -224230 2175.78 255 0 0
-0.35 0.375 -1.54352e+06 -68359.7 255 0 0
-0.325 0.375 173719 67989.6 255 0 0
-0.3 0.375 -717514 214673 255 0 0
-0.275 0.375 -632010 118252 255 0 0
-0.25 0.375 -44069.1 2662.85 255 0 0
-0.225 0.375 -20697.6 1291.05 255 0 0
-0.2 0.375 -12595.7 3113.49 255 0 0
-0.175 0.375 15980.3 -1733.99 255 0 0
-0.15 0.375 2720.95 -870.923 255 0 0
-0.125 0.375 -11576.2 3112.68 255 0 0
-0.1 0.375 644.605 6334.66 255 0 0
-0.075 0.375 304081 22365.8 255 0 0
-0.05 0.375 790562 56409.6 255 0 0
-0.025 0.375 0 0 0 0 255
0 0.375 0 0 0 0 255
0.025 0.375 0 0 0 0 255
0.05 0.375 -982951 210172 255 0 0
0.075 0.375 -670601 150913 255 0 0
0.1 0.375 -358251 91654.3 255 0 0
0.125 0.375 769645 278349 255 0 0
0.15 0.375 -594.375 20449.9 255 0 0
0.175 0.375 53866.8 -8037.56 255 0 0
0.2 0.375 -43065.1 2357.12 255 0 0
0.225 0.375 -116183 10288.9 255 0 0
0.25 0.375 -79056.7 1520.82 255 0 0
0.275 0.375 -1.40162e+06 -29774.5 255 0 0
0.3 0.375 -552335 -95940.4 255 0 0
0.325 0.375 -236695 55333.9 255 0 0
0.35 0.375 1.94331e+06 -222564 255 0 0
0.375 0.375 60425.2 -21625.1 255 0 0
0.4 0.375 -112694 -7074.08 255 0 0
0.425 0.375 1.35706e+06 -267874 255 0 0
0.45 0.375 2.29314e+06 -440129 255 0 0
0.475 0.375 0 0 0 0 255
0.5 0.375 0 0 0 0 255
-0.5 0.35 0 0 0 0 255
-0.475 0.35 4.96844e+06 166651 255 0 0
-0.45 0.35 2.31286e+06 -86509.2 255 0 0
-0.425 0.35 -1.16387e+06 -126280 255 0 0
-0.4 0.35 237412 70415.7 255 0 0
-0.375 0.35 298487 9775.18 255 0 0
-0.35 0.35 -5.0086e+06 -401325 255 0 0
-0.325 0.35 157071 -30042.8 255 0 0
-0.3 0.35 349922 267561 255 0 0
-0.275 0.35 -1.48548e+06 553535 255 0 0
-0.25 0.35 -1.10619e+06 -47218.7 255 0 0
-0.225 0.35 -87281.4 -4367.77 255 0 0
-0.2 0.35 -76605.1 10743.1 255 0 0
-0.175 0.35 30972.3 13974 255 0 0
-0.15 0.35 24730.6 48.1676 255 0 0
-0.125 0.35 16412.1 2030.58 255 0 0
-0.1 0.35 73505.6 -584.786 255 0 0
-0.075 0.35 410840 19821.8 255 0 0
-0.05 0.35 -488338 54200.5 255 0 0
-0.025 0.35 0 0 0 0 255
0 0.35 0 0 0 0 255
0.025 0.35 0 0 0 0 255
0.05 0.35 -495982 107103 255 0 0
0.075 0.35 -193921 56658.7 255 0 0
0.1 0.35 118429 -2600.05 255 0 0
0.125 0.35 1.8029e+06 74591.7 255 0 0
0.15 0.35 49530.3 -3368.66 255 0 0
0.175 0.35 44295.5 -9107.11 255 0 0
0.2 0.35 -84136.9 4302.85 255 0 0
0.225 0.35 -362779 35980.1 255 0 0
0.25 0.35 1.44505e+06 -247664 255 0 0
0.275 0.35 -521675 63980.6 255 0 0
0.3 0.35 -1.8025e+06 390321 255 0 0
0.325 0.35 2.82314e+06 872513 255 0 0
0.35 0.35 2.02171e+06 432266 255 0 0
0.375 0.35 -46731.7 -554606 255 0 0
0.4 0.35 1.91475e+06 -852386 255 0 0
0.425 0.35 1.64081e+06 3925.27 255 0 0
0.45 0.35 -1.39083e+07 9.86162e+06 255 0 0
0.475 0.35 0 0 0 0 255
0.5 0.35 0 0 0 0 255
-0.5 0.325 0 0 0 0 255
-0.475 0.325 9.91263e+06 -975911 255 0 0
-0.45 0.325 2.73072e+06 154131 255 0 0
-0.425 0.325 -1.06327e+06 314620 255 0 0
-0.4 0.325 43895.7 10600.7 255 0 0
-0.375 0.325 -386245 18361.2 255 0 0
-0.35 0.325 23259.8 36670.6 255 0 0
-0.325 0.325 1.29524e+06 144705 255 0 0
-0.3 0.325 0 0 0 0 255
-0.275 0.325 0 0 0 0 255
-0.25 0.325 147678 -11288 255 0 0
-0.225 0.325 3041.89 11756.5 255 0 0
-0.2 0.325 -52215.4 6752.32 255 0 0
-0.175 0.325 -22129.6 -2716.03 255 0 0
-0.15 0.325 354010 3891.1 255 0 0
-0.125 0.325 456146 -70867.5 255 0 0
-0.1 0.325 626750 -127824 255 0 0
-0.075 0.325 990080 -152676 255 0 0
-0.05 0.325 589039 -102552 255 0 0
-0.025 0.325 0 0 0 0 255
0 0.325 1.37518e+07 -975852 255 0 0
0.025 0.325 2.91753e+06 -73937.1 255 0 0
0.05 0.325 692123 45295.1 255 0 0
0.075 0.325 266663 -37902.5 255 0 0
0.1 0.325 595108 -96854.4 255 0 0
0.125 0.325 0 0 0 0 255
0.15 0.325 587410 -87582 255 0 0
0.175 0.325 -10360.1 -11681.6 255 0 0
0.2 0.325 -196338 5742.59 255 0 0
0.225 0.325 -2.57224e+06 251526 255 0 0
0.25 0.325 641306 -181957 255 0 0
0.275 0.325 -76736.9 11997 255 0 0
0.3 0.325 -1.62082e+06 574812 255 0 0
0.325 0.325 577558 180909 255 0 0
0.35 0.325 -148137 -181231 255 0 0
0.375 0.325 -1.09511e+06 62187.1 255 0 0
0.4 0.325 -855071 124811 255 0 0
0.425 0.325 172622 80218.5 255 0 0
0.45 0.325 1.52735e+06 469401 255 0 0
0.475 0.325 0 0 0 0 255
0.5 0.325 0 0 0 0 255
-0.5 0.3 0 0 0 0 255
-0.475 0.3 7.69384e+06 -1.01341e+06 255 0 0
-0.45 0.3 239940 166605 255 0 0
-0.425 0.3 -713996 142800 255 0 0
-0.4 0.3 72495.2 31471.6 255 0 0
-0.375 0.3 -1.24332e+06 65651.7 255 0 0
-0.35 0.3 -99116.6 -34593.2 255 0 0
-0.325 0.3 315172 -42049.4 255 0 0
-0.3 0.3 0 0 0 0 255
-0.275 0.3 0 0 0 0 255
-0.25 0.3 -92532.6 -10283.8 255 0 0
-0.225 0.3 -142110 -1904.41 255 0 0
-0.2 0.3 -129875 13102.1 255 0 0
-0.175 0.3 -62035 9307.1 255 0 0
-0.15 0.3 -80995.4 -9481.63 255 0 0
-0.125 0.3 54214 60567.8 255 0 0
-0.1 0.3 -677753 163990 255 0 0
-0.075 0.3 -1.43319e+06 283079 255 0 0
-0.05 0.3 -2.11201e+06 317832 255 0 0
-0.025 0.3 2.20625e+07 -1.57442e+06 255 0 0
0 0.3 843578 26055.8 255 0 0
0.025 0.3 323315 51144.6 255 0 0
0.05 0.3 2.65213e+06 -120982 255 0 0
0.075 0.3 -170379 -113914 255 0 0
0.1 0.3 -2.47656e+06 45057.3 255 0 0
0.125 0.3 0 0 0 0 255
0.15 0.3 -1.24467e+06 141802 255 0 0
0.175 0.3 4.63266e+06 -842110 255 0 0
0.2 0.3 8.35675e+06 -1.51628e+06 255 0 0
0.225 0.3 -341211 -214942 255 0 0
0.25 0.3 3.32148e+06 -508195 255 0 0
0.275 0.3 295257 59261.5 255 0 0
0.3 0.3 -1.70466e+07 5.2401e+06 255 0 0
0.325 0.3 -317880 -223281 255 0 0
0.35 0.3 -133611 -25847 255 0 0
0.375 0.3 -238941 83693.7 255 0 0
0.4 0.3 525761 -95875.8 255 0 0
0.425 0.3 529330 -151247 255 0 0
0.45 0.3 -508804 218663 255 0 0
0.475 0.3 2.06116e+06 -1.18055e+06 255 0 0
0.5 0.3 0 0 0 0 255
-0.5 0.275 0 0 0 0 255
-0.475 0.275 -966021 566745 255 0 0
-0.45 0.275 -766959 222810 255 0 0
-0.425 0.275 1.56629e+06 -92891.4 255 0 0
-0.4 0.275 2.07415e+07 2.52533e+06 255 0 0
-0.375 0.275 -1.69052e+07 1.5295e+06 255 0 0
-0.35 0.275 -2.12972e+06 -368031 255 0 0
-0.325 0.275 376266 -82922 255 0 0
-0.3 0.275 0 0 0 0 255
-0.275 0.275 0 0 0 0 255
-0.25 0.275 -85329.8 -47974.9 255 0 0
-0.225 0.275 -11090.5 -29638.9 255 0 0
-0.2 0.275 -16616 -8471.95 255 0 0
-0.175 0.275 141010 -20623.8 255 0 0
-0.15 0.275 10065.4 -72103.2 255 0 0
-0.125 0.275 -314287 19857.3 255 0 0
-0.1 0.275 -158251 69724.6 255 0 0
-0.075 0.275 -1.54874e+06 563763 255 0 0
-0.05 0.275 -1.3656e+07 858613 255 0 0
-0.025 0.275 1.29846e+08 -2.06196e+07 255 0 0
0 0.275 701233 51697.1 255 0 0
0.025 0.275 -2.26792e+06 204049 255 0 0
0.05 0.275 -1.1087e+06 51932.7 255 0 0
0.075 0.275 -8.81188e+06 168225 255 0 0
0.1 0.275 -8.64479e+06 280652 255 0 0
0.125 0.275 5.6138e+06 -480336 255 0 0
0.15 0.275 1.19843e+08 -1.82155e+07 255 0 0
0.175 0.275 3.04112e+06 -536551 255 0 0
0.2 0.275 453609 -118355 255 0 0
0.225 0.275 623067 -146273 255 0 0
0.25 0.275 4.55281e+06 -810601 255 0 0
0.275 0.275 0 0 0 0 255
0.3 0.275 0 0 0 0 255
0.325 0.275 999729 -250574 255 0 0
0.35 0.275 417192 -67751.7 255 0 0
0.375 0.275 -50852.9 45586.9 255 0 0
0.4 0.275 1.79225e+06 -420407 255 0 0
0.425 0.275 518823 -332079 255 0 0
0.45 0.275 -466716 -4401.39 255 0 0
0.475 0.275 1.84913e+07 -348588 255 0 0
0.5 0.275 0 0 0 0 255
-0.5 0.25 0 0 0 0 255
-0.475 0.25 7.70512e+06 -291550 255 0 0
-0.45 0.25 7.32515e+06 -237114 255 0 0
-0.425 0.25 2.34118e+07 -1.31413e+06 255 0 0
-0.4 0.25 0 0 0 0 255
-0.375 0.25 0 0 0 0 255
-0.35 0.25 0 0 0 0 255
-0.325 0.25 0 0 0 0 255
-0.3 0.25 0 0 0 0 255
-0.275 0.25 -2.68526e+07 -276995 255 0 0
-0.25 0.25 -6.10397e+06 -24619.6 255 0 0
-0.225 0.25 -460965 -53428.5 255 0 0
-0.2 0.25 124637 -40808.3 255 0 0
-0.175 0.25 1.36121e+07 -1.71114e+06 255 0 0
-0.15 0.25 1.21676e+06 -222163 255 0 0
-0.125 0.25 -377764 -33463.1 255 0 0
-0.1 0.25 130106 -75160 255 0 0
-0.075 0.25 2.11844e+06 117894 255 0 0
-0.05 0.25 0 0 0 0 255
-0.025 0.25 0 0 0 0 255
0 0.25 0 0 0 0 255
0.025 0.25 0 0 0 0 255
0.05 0.25 0 0 0 0 255
0.075 0.25 -4.37613e+06 204874 255 0 0
0.1 0.25 -68233.6 -63886 255 0 0
0.125 0.25 327763 44139.3 255 0 0
0.15 0.25 4.62971e+07 -6.92514e+06 255 0 0
0.175 0.25 -1.69512e+06 259853 255 0 0
0.2 0.25 -4.03824e+06 647859 255 0 0
0.225 0.25 -2.33934e+06 502520 255 0 0
0.25 0.25 3.63505e+06 -506156 255 0 0
0.275 0.25 0 0 0 0 255
0.3 0.25 0 0 0 0 255
0.325 0.25 5.98402e+06 -901552 255 0 0
0.35 0.25 679265 -189755 255 0 0
0.375 0.25 1.0351e+06 -722568 255 0 0
0.4 0.25 3.94408e+06 -253702 255 0 0
0.425 0.25 -1.86281e+06 123155 255 0 0
0.45 0.25 -2.96574e+06 68719.2 255 0 0
0.475 0.25 -2.46565e+06 143784 255 0 0
0.5 0.25 0 0 0 0 255
-0.5 0.225 0 0 0 0 255
-0.475 0.225 6.65851e+06 -123979 255 0 0
-0.45 0.225 4.42175e+06 11865.1 255 0 0
-0.425 0.225 1.77907e+06 204535 255 0 0
-0.4 0.225 0 0 0 0 255
-0.375 0.225 0 0 0 0 255
-0.35 0.225 0 0 0 0 255
-0.325 0.225 0 0 0 0 255
-0.3 0.225 0 0 0 0 255
-0.275 0.225 -727682 -18527 255 0 0
-0.25 0.225 -4.60017e+06 43770.8 255 0 0
-0.225 0.225 -7.97213e+06 114939 255 0 0
-0.2 0.225 -1.11449e+07 189659 255 0 0
-0.175 0.225 0 0 0 0 255
-0.15 0.225 839795 -225401 255 0 0
-0.125 0.225 526482 -169114 255 0 0
-0.1 0.225 -437770 -40474.8 255 0 0
-0.075 0.225 2.52646e+06 118950 255 0 0
-0.05 0.225 0 0 0 0 255
-0.025 0.225 0 0 0 0 255
0 0.225 0 0 0 0 255
0.025 0.225 0 0 0 0 255
0.05 0.225 0 0 0 0 255
0.075 0.225 -1.18528e+07 1.15993e+06 255 0 0
0.1 0.225 -824487 48630.9 255 0 0
0.125 0.225 76296.7 26620.8 255 0 0
0.15 0.225 -912275 -62553 255 0 0
0.175 0.225 -5.16298e+06 118474 255 0 0
0.2 0.225 -7.73264e+06 580381 255 0 0
0.225 0.225 1.67186e+07 -3.10698e+06 255 0 0
0.25 0.225 3.05953e+08 -5.21242e+07 255 0 0
0.275 0.225 0 0 0 0 255
0.3 0.225 0 0 0 0 255
0.325 0.225 -9.84619e+07 1.33801e+07 255 0 0
0.35 0.225 -1.10761e+06 78470.9 255 0 0
0.375 0.225 67950.9 -16564.8 255 0 0
0.4 0.225 2.24304e+06 1.0115e+06 255 0 0
0.425 0.225 -2.36249e+06 346123 255 0 0
0.45 0.225 -2.89914e+06 131147 255 0 0
0.475 0.225 -2.24506e+06 202978 255 0 0
0.5 0.225 0 0 0 0 255
-0.5 0.2 0 0 0 0 255
-0.475 0.2 1.808e+06 -142614 255 0 0
-0.45 0.2 2.18426e+06 62733.2 255 0 0
-0.425 0.2 905009 324712 255 0 0
-0.4 0.2 0 0 0 0 255
-0.375 0.2 0 0 0 0 255
-0.35 0.2 0 0 0 0 255
-0.325 0.2 0 0 0 0 255
-0.3 0.2 0 0 0 0 255
-0.275 0.2 3.25118e+06 -40078.8 255 0 0
-0.25 0.2 1.1991e+06 49735.9 255 0 0
-0.225 0.2 -1.71752e+06 106041 255 0 0
-0.2 0.2 693534 87314 255 0 0
-0.175 0.2 0 0 0 0 255
-0.15 0.2 0 0 0 0 255
-0.125 0.2 0 0 0 0 255
-0.1 0.2 0 0 0 0 255
-0.075 0.2 0 0 0 0 255
-0.05 0.2 0 0 0 0 255
-0.025 0.2 0 0 0 0 255
0 0.2 0 0 0 0 255
0.025 0.2 0 0 0 0 255
0.05 0.2 0 0 0 0 255
0.075 0.2 -1.03576e+06 -160079 255 0 0
0.1 0.2 -1.91502e+06 234460 255 0 0
0.125 0.2 -2.43769e+06 295352 255 0 0
0.15 0.2 2.97675e+06 18686.6 255 0 0
0.175 0.2 -596567 92181.1 255 0 0
0.2 0.2 -4.39476e+06 184901 255 0 0
0.225 0.2 0 0 0 0 255
0.25 0.2 0 0 0 0 255
0.275 0.2 0 0 0 0 255
0.3 0.2 0 0 0 0 255
0.325 0.2 -4.32799e+07 5.75318e+06 255 0 0
0.35 0.2 113490 -85105.5 255 0 0
0.375 0.2 -625154 349285 255 0 0
0.4 0.2 622098 2.20432e+06 255 0 0
0.425 0.2 -646429 463891 255 0 0
0.45 0.2 -2.85756e+06 195033 255 0 0
0.475 0.2 -7.05233e+06 338890 255 0 0
0.5 0.2 0 0 0 0 255
-0.5 0.175 0 0 0 0 255
-0.475 0.175 -199389 -510650 255 0 0
-0.45 0.175 494505 -150456 255 0 0
-0.425 0.175 1.42079e+06 188938 255 0 0
-0.4 0.175 0 0 0 0 255
-0.375 0.175 0 0 0 0 255
-0.35 0.175 0 0 0 0 255
-0.325 0.175 0 0 0 0 255
-0.3 0.175 0 0 0 0 255
-0.275 0.175 1.05221e+07 -49272 255 0 0
-0.25 0.175 3.01121e+06 -44990.5 255 0 0
-0.225 0.175 316596 -58089.9 255 0 0
-0.2 0.175 1.88294e+06 68659 255 0 0
-0.175 0.175 2.11318e+08 -3.38445e+07 255 0 0
-0.15 0.175 -2.14691e+06 -37157.6 255 0 0
-0.125 0.175 -2.47598e+06 249920 255 0 0
-0.1 0.175 -1.81447e+06 136136 255 0 0
-0.075 0.175 0 0 0 0 255
-0.05 0.175 0 0 0 0 255
-0.025 0.175 0 0 0 0 255
0 0.175 0 0 0 0 255
0.025 0.175 0 0 0 0 255
0.05 0.175 0 0 0 0 255
0.075 0.175 0 0 0 0 255
0.1 0.175 0 0 0 0 255
0.125 0.175 0 0 0 0 255
0.15 0.175 7.56604e+06 91397.9 255 0 0
0.175 0.175 4.58095e+06 47634.8 255 0 0
0.2 0.175 976689 111588 255 0 0
0.225 0.175 0 0 0 0 255
0.25 0.175 0 0 0 0 255
0.275 0.175 0 0 0 0 255
0.3 0.175 0 0 0 0 255
0.325 0.175 0 0 0 0 255
0.35 0.175 0 0 0 0 255
0.375 0.175 0 0 0 0 255
0.4 0.175 0 0 0 0 255
0.425 0.175 0 0 0 0 255
0.45 0.175 0 0 0 0 255
0.475 0.175 0 0 0 0 255
0.5 0.175 0 0 0 0 255
-0.5 0.15 0 0 0 0 255
-0.475 0.15 -4.47879e+06 -322540 255 0 0
-0.45 0.15 -1.01361e+06 -53107.2 255 0 0
-0.425 0.15 2.53113e+06 215388 255 0 0
-0.4 0.15 2.16355e+08 -4.11726e+07 255 0 0
-0.375 0.15 0 0 0 0 255
-0.35 0.15 0 0 0 0 255
-0.325 0.15 0 0 0 0 255
-0.3 0.15 0 0 0 0 255
-0.275 0.15 0 0 0 0 255
-0.25 0.15 -33515.2 204742 255 0 0
-0.225 0.15 53745.9 -86907 255 0 0
-0.2 0.15 4.12972e+06 -1.31065e+06 255 0 0
-0.175 0.15 3.10764e+07 -9.96143e+06 255 0 0
-0.15 0.15 -862234 91418.5 255 0 0
-0.125 0.15 -547837 -54375.8 255 0 0
-0.1 0.15 -902906 -10032 255 0 0
-0.075 0.15 0 0 0 0 255
-0.05 0.15 0 0 0 0 255
-0.025 0.15 0 0 0 0 255
0 0.15 0 0 0 0 255
0.025 0.15 0 0 0 0 255
0.05 0.15 0 0 0 0 255
0.075 0.15 0 0 0 0 255
0.1 0.15 0 0 0 0 255
0.125 0.15 0 0 0 0 255
0.15 0.15 0 0 0 0 255
0.175 0.15 0 0 0 0 255
0.2 0.15 0 0 0 0 255
0.225 0.15 0 0 0 0 255
0.25 0.15 0 0 0 0 255
0.275 0.15 0 0 0 0 255
0.3 0.15 0 0 0 0 255
0.325 0.15 0 0 0 0 255
0.35 0.15 0 0 0 0 255
0.375 0.15 0 0 0 0 255
0.4 0.15 6.15366e+06 187262 255 0 0
0.425 0.15 1.65395e+06 308860 255 0 0
0.45 0.15 -2.84576e+06 430459 255 0 0
0.475 0.15 0 0 0 0 255
0.5 0.15 0 0 0 0 255
-0.5 0.125 0 0 0 0 255
-0.475 0.125 -6.42729e+06 88390 255 0 0
-0.45 0.125 -291035 -107465 255 0 0
-0.425 0.125 286700 163825 255 0 0
-0.4 0.125 -6.87706e+06 1.76326e+06 255 0 0
-0.375 0.125 0 0 0 0 255
-0.35 0.125 0 0 0 0 255
-0.325 0.125 0 0 0 0 255
-0.3 0.125 0 0 0 0 255
-0.275 0.125 0 0 0 0 255
-0.25 0.125 0 0 0 0 255
-0.225 0.125 0 0 0 0 255
-0.2 0.125 0 0 0 0 255
-0.175 0.125 0 0 0 0 255
-0.15 0.125 718800 -244888 255 0 0
-0.125 0.125 363731 -200544 255 0 0
-0.1 0.125 8661.69 -156200 255 0 0
-0.075 0.125 0 0 0 0 255
-0.05 0.125 0 0 0 0 255
-0.025 0.125 0 0 0 0 255
0 0.125 0 0 0 0 255
0.025 0.125 0 0 0 0 255
0.05 0.125 0 0 0 0 255
0.075 0.125 0 0 0 0 255
0.1 0.125 0 0 0 0 255
0.125 0.125 0 0 0 0 255
0.15 0.125 0 0 0 0 255
0.175 0.125 0 0 0 0 255
0.2 0.125 0 0 0 0 255
0.225 0.125 0 0 0 0 255
0.25 0.125 0 0 0 0 255
0.275 0.125 0 0 0 0 255
0.3 0.125 0 0 0 0 255
0.325 0.125 0 0 0 0 255
0.35 0.125 0 0 0 0 255
0.375 0.125 0 0 0 0 255
0.4 0.125 4.95985e+06 -105128 255 0 0
0.425 0.125 460144 16470.3 255 0 0
0.45 0.125 -4.03956e+06 138069 255 0 0
0.475 0.125 0 0 0 0 255
0.5 0.125 0 0 0 0 255
-0.5 0.1 0 0 0 0 255
-0.475 0.1 -104185 -261417 255 0 0
-0.45 0.1 -424259 -16027 255 0 0
-0.425 0.1 -877327 256561 255 0 0
-0.4 0.1 -1.83453e+06 636850 255 0 0
-0.375 0.1 0 0 0 0 255
-0.35 0.1 0 0 0 0 255
-0.325 0.1 0 0 0 0 255
-0.3 0.1 0 0 0 0 255
-0.275 0.1 0 0 0 0 255
-0.25 0.1 0 0 0 0 255
-0.225 0.1 0 0 0 0 255
-0.2 0.1 0 0 0 0 255
-0.175 0.1 0 0 0 0 255
-0.15 0.1 0 0 0 0 255
-0.125 0.1 0 0 0 0 255
-0.1 0.1 0 0 0 0 255
-0.075 0.1 0 0 0 0 255
-0.05 0.1 0 0 0 0 255
-0.025 0.1 0 0 0 0 255
0 0.1 0 0 0 0 255
0.025 0.1 0 0 0 0 255
0.05 0.1 0 0 0 0 255
0.075 0.1 0 0 0 0 255
0.1 0.1 0 0 0 0 255
0.125 0.1 0 0 0 0 255
0.15 0.1 0 0 0 0 255
0.175 0.1 0 0 0 0 255
0.2 0.1 0 0 0 0 255
0.225 0.1 0 0 0 0 255
0.25 0.1 0 0 0 0 255
0.275 0.1 0 0 0 0 255
0.3 0.1 0 0 0 0 255
0.325 0.1 0 0 0 0 255
0.35 0.1 0 0 0 0 255
0.375 0.1 0 0 0 0 255
0.4 0.1 3.76605e+06 -397518 255 0 0
0.425 0.1 -733661 -275920 255 0 0
0.45 0.1 -5.23337e+06 -154321 255 0 0
0.475 0.1 0 0 0 0 255
0.5 0.1 0 0 0 0 255
-0.5 0.075 0 0 0 0 255
-0.475 0.075 0 0 0 0 255
-0.45 0.075 -476293 -43422.9 255 0 0
-0.425 0.075 -802115 202190 255 0 0
-0.4 0.075 -1.12794e+06 447804 255 0 0
-0.375 0.075 0 0 0 0 255
-0.35 0.075 0 0 0 0 255
-0.325 0.075 0 0 0 0 255
-0.3 0.075 0 0 0 0 255
-0.275 0.075 0 0 0 0 255
-0.25 0.075 0 0 0 0 255
-0.225 0.075 0 0 0 0 255
-0.2 0.075 0 0 0 0 255
-0.175 0.075 0 0 0 0 255
-0.15 0.075 0 0 0 0 255
-0.125 0.075 0 0 0 0 255
-0.1 0.075 0 0 0 0 255
-0.075 0.075 0 0 0 0 255
-0.05 0.075 0 0 0 0 255
-0.025 0.075 0 0 0 0 255
0 0.075 0 0 0 0 255
0.025 0.075 0 0 0 0 255
0.05 0.075 0 0 0 0 255
0.075 0.075 0 0 0 0 255
0.1 0.075 0 0 0 0 255
0.125 0.075 0 0 0 0 255
0.15 0.075 0 0 0 0 255
0.175 0.075 0 0 0 0 255
0.2 0.075 0 0 0 0 255
0.225 0.075 0 0 0 0 255
0.25 0.075 0 0 0 0 255
0.275 0.075 0 0 0 0 255
0.3 0.075 0 0 0 0 255
0.325 0.075 0 0 0 0 255
0.35 0.075 0 0 0 0 255
0.375 0.075 0 0 0 0 255
0.4 0.075 2.57224e+06 -689908 255 0 0
0.425 0.075 -1.92747e+06 -568310 255 0 0
0.45 0.075 -6.42717e+06 -446711 255 0 0
0.475 0.075 0 0 0 0 255
0.5 0.075 0 0 0 0 255
-0.5 0.05 0 0 0 0 255
-0.475 0.05 0 0 0 0 255
-0.45 0.05 0 0 0 0 255
-0.425 0.05 0 0 0 0 255
-0.4 0.05 0 0 0 0 255
-0.375 0.05 0 0 0 0 255
-0.35 0.05 0 0 0 0 255
-0.325 0.05 0 0 0 0 255
-0.3 0.05 0 0 0 0 255
-0.275 0.05 0 0 0 0 255
-0.25 0.05 0 0 0 0 255
-0.225 0.05 0 0 0 0 255
-0.2 0.05 0 0 0 0 255
-0.175 0.05 0 0 0 0 255
-0.15 0.05 0 0 0 0 255
-0.125 0.05 0 0 0 0 255
-0.1 0.05 0 0 0 0 255
-0.075 0.05 0 0 0 0 255
-0.05 0.05 0 0 0 0 255
-0.025 0.05 0 0 0 0 255
0 0.05 0 0 0 0 255
0.025 0.05 0 0 0 0 255
0.05 0.05 0 0 0 0 255
0.075 0.05 0 0 0 0 255
0.1 0.05 0 0 0 0 255
0.125 0.05 0 0 0 0 255
0.15 0.05 0 0 0 0 255
0.175 0.05 0 0 0 0 255
0.2 0.05 0 0 0 0 255
0.225 0.05 0 0 0 0 255
0.25 0.05 0 0 0 0 255
0.275 0.05 0 0 0 0 255
0.3 0.05 0 0 0 0 255
0.325 0.05 0 0 0 0 255
0.35 0.05 0 0 0 0 255
0.375 0.05 0 0 0 0 255
0.4 0.05 0 0 0 0 255
0.425 0.05 0 0 0 0 255
0.45 0.05 0 0 0 0 255
0.475 0.05 0 0 0 0 255
0.5 0.05 0 0 0 0 255
-0.5 0.025 0 0 0 0 255
-0.475 0.025 0 0 0 0 255
-0.45 0.025 0 0 0 0 255
-0.425 0.025 0 0 0 0 255
-0.4 0.025 0 0 0 0 255
-0.375 0.025 0 0 0 0 255
-0.35 0.025 0 0 0 0 255
-0.325 0.025 0 0 0 0 255
-0.3 0.025 0 0 0 0 255
-0.275 0.025 0 0 0 0 255
-0.25 0.025 0 0 0 0 255
-0.225 0.025 0 0 0 0 255
-0.2 0.025 0 0 0 0 255
-0.175 0.025 0 0 0 0 255
-0.15 0.025 0 0 0 0 255
-0.125 0.025 0 0 0 0 255
-0.1 0.025 0 0 0 0 255
-0.075 0.025 0 0 0 0 255
-0.05 0.025 0 0 0 0 255
-0.025 0.025 0 0 0 0 255
0 0.025 0 0 0 0 255
0.025 0.025 0 0 0 0 255
0.05 0.025 0 0 0 0 255
0.075 0.025 0 0 0 0 255
0.1 0.025 0 0 0 0 255
0.125 0.025 0 0 0 0 255
0.15 0.025 0 0 0 0 255
0.175 0.025 0 0 0 0 255
0.2 0.025 0 0 0 0 255
0.225 0.025 0 0 0 0 255
0.25 0.025 0 0 0 0 255
0.275 0.025 0 0 0 0 255
0.3 0.025 0 0 0 0 255
0.325 0.025 0 0 0 0 255
0.35 0.025 0 0 0 0 255
0.375 0.025 0 0 0 0 255
0.4 0.025 0 0 0 0 255
0.425 0.025 0 0 0 0 255
0.45 0.025 0 0 0 0 255
0.475 0.025 0 0 0 0 255
0.5 0.025 0 0 0 0 255
-0.5 0 0 0 0 0 255
-0.475 0 0 0 0 0 255
-0.45 0 0 0 0 0 255
-0.425 0 0 0 0 0 255
-0.4 0 0 0 0 0 255
-0.375 0 0 0 0 0 255
-0.35 0 0 0 0 0 255
-0.325 0 0 0 0 0 255
-0.3 0 0 0 0 0 255
-0.275 0 0 0 0 0 255
-0.25 0 0 0 0 0 255
-0.225 0 0 0 0 0 255
-0.2 0 0 0 0 0 255
-0.175 0 0 0 0 0 255
-0.15 0 0 0 0 0 255
-0.125 0 0 0 0 0 255
-0.1 0 0 0 0 0 255
-0.075 0 0 0 0 0 255
-0.05 0 0 0 0 0 255
-0.025 0 0 0 0 0 255
0 0 0 0 0 0 255
0.025 0 0 0 0 0 255
0.05 0 0 0 0 0 255
0.075 0 0 0 0 0 255
0.1 0 0 0 0 0 255
0.125 0 0 0 0 0 255
0.15 0 0 0 0 0 255
0.175 0 0 0 0 0 255
0.2 0 0 0 0 0 255
0.225 0 0 0 0 0 255
0.25 0 0 0 0 0 255
0.275 0 0 0 0 0 255
0.3 0 0 0 0 0 255
0.325 0 0 0 0 0 255
0.35 0 0 0 0 0 255
0.375 0 0 0 0 0 255
0.4 0 0 0 0 0 255
0.425 0 0 0 0 0 255
0.45 0 0 0 0 0 255
0.475 0 0 0 0 0 255
0.5 0 0 0 0 0 255
