-0.5 1 0 0 0 0 255
-0.475 1 0 0 0 0 255
-0.45 1 0 0 0 0 255
-0.425 1 0 0 0 0 255
-0.4 1 0 0 0 0 255
-0.375 1 0 0 0 0 255
-0.35 1 0 0 0 0 255
-0.325 1 0 0 0 0 255
-0.3 1 0 0 0 0 255
-0.275 1 0 0 0 0 255
-0.25 1 0 0 0 0 255
-0.225 1 0 0 0 0 255
-0.2 1 0 0 0 0 255
-0.175 1 0 0 0 0 255
-0.15 1 0 0 0 0 255
-0.125 1 0 0 0 0 255
-0.1 1 0 0 0 0 255
-0.075 1 0 0 0 0 255
-0.05 1 0 0 0 0 255
-0.025 1 0 0 0 0 255
0 1 0 0 0 0 255
0.025 1 0 0 0 0 255
0.05 1 0 0 0 0 255
0.075 1 0 0 0 0 255
0.1 1 0 0 0 0 255
0.125 1 0 0 0 0 255
0.15 1 0 0 0 0 255
0.175 1 0 0 0 0 255
0.2 1 0 0 0 0 255
0.225 1 0 0 0 0 255
0.25 1 0 0 0 0 255
0.275 1 0 0 0 0 255
0.3 1 0 0 0 0 255
0.325 1 0 0 0 0 255
0.35 1 0 0 0 0 255
0.375 1 0 0 0 0 255
0.4 1 0 0 0 0 255
0.425 1 0 0 0 0 255
0.45 1 0 0 0 0 255
0.475 1 0 0 0 0 255
0.5 1 0 0 0 0 255
-0.5 0.975 0 0 0 0 255
-0.475 0.975 -107876 -5.01578e+06 255 0 0
-0.45 0.975 6.06682e+06 -2.93418e+06 255 0 0
-0.425 0.975 1.22415e+07 -852573 255 0 0
-0.4 0.975 0 0 0 0 255
-0.375 0.975 0 0 0 0 255
-0.35 0.975 0 0 0 0 255
-0.325 0.975 0 0 0 0 255
-0.3 0.975 0 0 0 0 255
-0.275 0.975 0 0 0 0 255
-0.25 0.975 0 0 0 0 255
-0.225 0.975 0 0 0 0 255
-0.2 0.975 0 0 0 0 255
-0.175 0.975 0 0 0 0 255
-0.15 0.975 0 0 0 0 255
-0.125 0.975 0 0 0 0 255
-0.1 0.975 0 0 0 0 255
-0.075 0.975 0 0 0 0 255
-0.05 0.975 0 0 0 0 255
-0.025 0.975 0 0 0 0 255
0 0.975 0 0 0 0 255
0.025 0.975 0 0 0 0 255
0.05 0.975 0 0 0 0 255
0.075 0.975 -2.46634e+06 -320176 255 0 0
0.1 0.975 238153 -636061 255 0 0
0.125 0.975 2.94265e+06 -951945 255 0 0
0.15 0.975 0 0 0 0 255
0.175 0.975 0 0 0 0 255
0.2 0.975 0 0 0 0 255
0.225 0.975 0 0 0 0 255
0.25 0.975 0 0 0 0 255
0.275 0.975 0 0 0 0 255
0.3 0.975 0 0 0 0 255
0.325 0.975 0 0 0 0 255
0.35 0.975 0 0 0 0 255
0.375 0.975 0 0 0 0 255
0.4 0.975 0 0 0 0 255
0.425 0.975 -1.08119e+07 -2.0254e+06 255 0 0
0.45 0.975 -6.02872e+06 -1.23519e+06 255 0 0
0.475 0.975 -1.24551e+06 -444983 255 0 0
0.5 0.975 0 0 0 0 255
-0.5 0.95 0 0 0 0 255
-0.475 0.95 -321609 -3.87291e+06 255 0 0
-0.45 0.95 5.85309e+06 -1.7913e+06 255 0 0
-0.425 0.95 1.20278e+07 290304 255 0 0
-0.4 0.95 0 0 0 0 255
-0.375 0.95 0 0 0 0 255
-0.35 0.95 0 0 0 0 255
-0.325 0.95 0 0 0 0 255
-0.3 0.95 0 0 0 0 255
-0.275 0.95 0 0 0 0 255
-0.25 0.95 0 0 0 0 255
-0.225 0.95 0 0 0 0 255
-0.2 0.95 0 0 0 0 255
-0.175 0.95 0 0 0 0 255
-0.15 0.95 0 0 0 0 255
-0.125 0.95 0 0 0 0 255
-0.1 0.95 0 0 0 0 255
-0.075 0.95 0 0 0 0 255
-0.05 0.95 0 0 0 0 255
-0.025 0.95 0 0 0 0 255
0 0.95 0 0 0 0 255
0.025 0.95 0 0 0 0 255
0.05 0.95 0 0 0 0 255
0.075 0.95 -937694 -608661 255 0 0
0.1 0.95 1.7668e+06 -924545 255 0 0
0.125 0.95 4.47129e+06 -1.24043e+06 255 0 0
0.15 0.95 0 0 0 0 255
0.175 0.95 0 0 0 0 255
0.2 0.95 0 0 0 0 255
0.225 0.95 0 0 0 0 255
0.25 0.95 0 0 0 0 255
0.275 0.95 0 0 0 0 255
0.3 0.95 0 0 0 0 255
0.325 0.95 0 0 0 0 255
0.35 0.95 0 0 0 0 255
0.375 0.95 0 0 0 0 255
0.4 0.95 0 0 0 0 255
0.425 0.95 -1.2094e+07 -2.81748e+06 255 0 0
0.45 0.95 -7.31081e+06 -2.02727e+06 255 0 0
0.475 0.95 -2.5276e+06 -1.23706e+06 255 0 0
0.5 0.95 0 0 0 0 255
-0.5 0.925 0 0 0 0 255
-0.475 0.925 -535342 -2.73003e+06 255 0 0
-0.45 0.925 5.63936e+06 -648424 255 0 0
-0.425 0.925 1.18141e+07 1.43318e+06 255 0 0
-0.4 0.925 0 0 0 0 255
-0.375 0.925 0 0 0 0 255
-0.35 0.925 0 0 0 0 255
-0.325 0.925 0 0 0 0 255
-0.3 0.925 0 0 0 0 255
-0.275 0.925 0 0 0 0 255
-0.25 0.925 0 0 0 0 255
-0.225 0.925 0 0 0 0 255
-0.2 0.925 0 0 0 0 255
-0.175 0.925 0 0 0 0 255
-0.15 0.925 0 0 0 0 255
-0.125 0.925 0 0 0 0 255
-0.1 0.925 0 0 0 0 255
-0.075 0.925 0 0 0 0 255
-0.05 0.925 0 0 0 0 255
-0.025 0.925 0 0 0 0 255
0 0.925 0 0 0 0 255
0.025 0.925 0 0 0 0 255
0.05 0.925 0 0 0 0 255
0.075 0.925 590953 -897145 255 0 0
0.1 0.925 3.29545e+06 -1.21303e+06 255 0 0
0.125 0.925 5.99994e+06 -1.52891e+06 255 0 0
0.15 0.925 0 0 0 0 255
0.175 0.925 0 0 0 0 255
0.2 0.925 0 0 0 0 255
0.225 0.925 0 0 0 0 255
0.25 0.925 0 0 0 0 255
0.275 0.925 0 0 0 0 255
0.3 0.925 0 0 0 0 255
0.325 0.925 0 0 0 0 255
0.35 0.925 0 0 0 0 255
0.375 0.925 0 0 0 0 255
0.4 0.925 0 0 0 0 255
0.425 0.925 -1.33761e+07 -3.60956e+06 255 0 0
0.45 0.925 -8.5929e+06 -2.81935e+06 255 0 0
0.475 0.925 -3.80969e+06 -2.02914e+06 255 0 0
0.5 0.925 0 0 0 0 255
-0.5 0.9 0 0 0 0 255
-0.475 0.9 0 0 0 0 255
-0.45 0.9 0 0 0 0 255
-0.425 0.9 0 0 0 0 255
-0.4 0.9 0 0 0 0 255
-0.375 0.9 0 0 0 0 255
-0.35 0.9 0 0 0 0 255
-0.325 0.9 0 0 0 0 255
-0.3 0.9 0 0 0 0 255
-0.275 0.9 0 0 0 0 255
-0.25 0.9 0 0 0 0 255
-0.225 0.9 0 0 0 0 255
-0.2 0.9 0 0 0 0 255
-0.175 0.9 0 0 0 0 255
-0.15 0.9 0 0 0 0 255
-0.125 0.9 0 0 0 0 255
-0.1 0.9 0 0 0 0 255
-0.075 0.9 0 0 0 0 255
-0.05 0.9 0 0 0 0 255
-0.025 0.9 0 0 0 0 255
0 0.9 0 0 0 0 255
0.025 0.9 0 0 0 0 255
0.05 0.9 0 0 0 0 255
0.075 0.9 0 0 0 0 255
0.1 0.9 0 0 0 0 255
0.125 0.9 0 0 0 0 255
0.15 0.9 0 0 0 0 255
0.175 0.9 0 0 0 0 255
0.2 0.9 0 0 0 0 255
0.225 0.9 0 0 0 0 255
0.25 0.9 0 0 0 0 255
0.275 0.9 0 0 0 0 255
0.3 0.9 0 0 0 0 255
0.325 0.9 0 0 0 0 255
0.35 0.9 0 0 0 0 255
0.375 0.9 0 0 0 0 255
0.4 0.9 0 0 0 0 255
0.425 0.9 0 0 0 0 255
0.45 0.9 0 0 0 0 255
0.475 0.9 0 0 0 0 255
0.5 0.9 0 0 0 0 255
-0.5 0.875 0 0 0 0 255
-0.475 0.875 0 0 0 0 255
-0.45 0.875 0 0 0 0 255
-0.425 0.875 0 0 0 0 255
-0.4 0.875 0 0 0 0 255
-0.375 0.875 0 0 0 0 255
-0.35 0.875 0 0 0 0 255
-0.325 0.875 0 0 0 0 255
-0.3 0.875 0 0 0 0 255
-0.275 0.875 0 0 0 0 255
-0.25 0.875 0 0 0 0 255
-0.225 0.875 0 0 0 0 255
-0.2 0.875 0 0 0 0 255
-0.175 0.875 0 0 0 0 255
-0.15 0.875 0 0 0 0 255
-0.125 0.875 0 0 0 0 255
-0.1 0.875 0 0 0 0 255
-0.075 0.875 0 0 0 0 255
-0.05 0.875 0 0 0 0 255
-0.025 0.875 0 0 0 0 255
0 0.875 0 0 0 0 255
0.025 0.875 0 0 0 0 255
0.05 0.875 0 0 0 0 255
0.075 0.875 0 0 0 0 255
0.1 0.875 0 0 0 0 255
0.125 0.875 0 0 0 0 255
0.15 0.875 0 0 0 0 255
0.175 0.875 0 0 0 0 255
0.2 0.875 0 0 0 0 255
0.225 0.875 0 0 0 0 255
0.25 0.875 0 0 0 0 255
0.275 0.875 0 0 0 0 255
0.3 0.875 0 0 0 0 255
0.325 0.875 0 0 0 0 255
0.35 0.875 0 0 0 0 255
0.375 0.875 0 0 0 0 255
0.4 0.875 0 0 0 0 255
0.425 0.875 -2.69868e+07 2.6621e+06 255 0 0
0.45 0.875 -2.23857e+07 2.48382e+06 255 0 0
0.475 0.875 -1.77846e+07 2.30554e+06 255 0 0
0.5 0.875 0 0 0 0 255
-0.5 0.85 0 0 0 0 255
-0.475 0.85 -4.74465e+06 -2.77451e+06 255 0 0
-0.45 0.85 5.00576e+06 -1.3788e+06 255 0 0
-0.425 0.85 1.47562e+07 16911 255 0 0
-0.4 0.85 0 0 0 0 255
-0.375 0.85 0 0 0 0 255
-0.35 0.85 0 0 0 0 255
-0.325 0.85 0 0 0 0 255
-0.3 0.85 0 0 0 0 255
-0.275 0.85 0 0 0 0 255
-0.25 0.85 0 0 0 0 255
-0.225 0.85 0 0 0 0 255
-0.2 0.85 0 0 0 0 255
-0.175 0.85 0 0 0 0 255
-0.15 0.85 0 0 0 0 255
-0.125 0.85 0 0 0 0 255
-0.1 0.85 0 0 0 0 255
-0.075 0.85 0 0 0 0 255
-0.05 0.85 0 0 0 0 255
-0.025 0.85 0 0 0 0 255
0 0.85 0 0 0 0 255
0.025 0.85 0 0 0 0 255
0.05 0.85 0 0 0 0 255
0.075 0.85 0 0 0 0 255
0.1 0.85 0 0 0 0 255
0.125 0.85 0 0 0 0 255
0.15 0.85 0 0 0 0 255
0.175 0.85 0 0 0 0 255
0.2 0.85 0 0 0 0 255
0.225 0.85 0 0 0 0 255
0.25 0.85 0 0 0 0 255
0.275 0.85 0 0 0 0 255
0.3 0.85 0 0 0 0 255
0.325 0.85 0 0 0 0 255
0.35 0.85 0 0 0 0 255
0.375 0.85 0 0 0 0 255
0.4 0.85 0 0 0 0 255
0.425 0.85 -1.82613e+07 1.1209e+06 255 0 0
0.45 0.85 -1.36602e+07 942622 255 0 0
0.475 0.85 -9.05908e+06 764342 255 0 0
0.5 0.85 0 0 0 0 255
-0.5 0.825 0 0 0 0 255
-0.475 0.825 -4.60105e+06 -1.49208e+06 255 0 0
-0.45 0.825 5.14935e+06 -96365.7 255 0 0
-0.425 0.825 1.48998e+07 1.29935e+06 255 0 0
-0.4 0.825 0 0 0 0 255
-0.375 0.825 0 0 0 0 255
-0.35 0.825 0 0 0 0 255
-0.325 0.825 0 0 0 0 255
-0.3 0.825 0 0 0 0 255
-0.275 0.825 0 0 0 0 255
-0.25 0.825 0 0 0 0 255
-0.225 0.825 0 0 0 0 255
-0.2 0.825 0 0 0 0 255
-0.175 0.825 0 0 0 0 255
-0.15 0.825 0 0 0 0 255
-0.125 0.825 0 0 0 0 255
-0.1 0.825 0 0 0 0 255
-0.075 0.825 0 0 0 0 255
-0.05 0.825 0 0 0 0 255
-0.025 0.825 0 0 0 0 255
0 0.825 0 0 0 0 255
0.025 0.825 0 0 0 0 255
0.05 0.825 0 0 0 0 255
0.075 0.825 0 0 0 0 255
0.1 0.825 0 0 0 0 255
0.125 0.825 0 0 0 0 255
0.15 0.825 0 0 0 0 255
0.175 0.825 0 0 0 0 255
0.2 0.825 0 0 0 0 255
0.225 0.825 0 0 0 0 255
0.25 0.825 0 0 0 0 255
0.275 0.825 0 0 0 0 255
0.3 0.825 0 0 0 0 255
0.325 0.825 0 0 0 0 255
0.35 0.825 0 0 0 0 255
0.375 0.825 0 0 0 0 255
0.4 0.825 0 0 0 0 255
0.425 0.825 -9.53578e+06 -420301 255 0 0
0.45 0.825 -4.93468e+06 -598581 255 0 0
0.475 0.825 -333592 -776861 255 0 0
0.5 0.825 0 0 0 0 255
-0.5 0.8 0 0 0 0 255
-0.475 0.8 -1.05253e+06 -224499 255 0 0
-0.45 0.8 4.33377e+06 1.32447e+06 255 0 0
-0.425 0.8 9.72006e+06 2.87344e+06 255 0 0
-0.4 0.8 0 0 0 0 255
-0.375 0.8 0 0 0 0 255
-0.35 0.8 -1.18486e+07 459745 255 0 0
-0.325 0.8 3.95117e+06 1.32311e+06 255 0 0
-0.3 0.8 1.99039e+07 2.1753e+06 255 0 0
-0.275 0.8 0 0 0 0 255
-0.25 0.8 0 0 0 0 255
-0.225 0.8 0 0 0 0 255
-0.2 0.8 0 0 0 0 255
-0.175 0.8 0 0 0 0 255
-0.15 0.8 0 0 0 0 255
-0.125 0.8 0 0 0 0 255
-0.1 0.8 0 0 0 0 255
-0.075 0.8 0 0 0 0 255
-0.05 0.8 0 0 0 0 255
-0.025 0.8 0 0 0 0 255
0 0.8 0 0 0 0 255
0.025 0.8 0 0 0 0 255
0.05 0.8 0 0 0 0 255
0.075 0.8 0 0 0 0 255
0.1 0.8 0 0 0 0 255
0.125 0.8 0 0 0 0 255
0.15 0.8 0 0 0 0 255
0.175 0.8 0 0 0 0 255
0.2 0.8 0 0 0 0 255
0.225 0.8 0 0 0 0 255
0.25 0.8 0 0 0 0 255
0.275 0.8 0 0 0 0 255
0.3 0.8 0 0 0 0 255
0.325 0.8 0 0 0 0 255
0.35 0.8 0 0 0 0 255
0.375 0.8 0 0 0 0 255
0.4 0.8 0 0 0 0 255
0.425 0.8 -810288 -1.9615e+06 255 0 0
0.45 0.8 3.7908e+06 -2.13978e+06 255 0 0
0.475 0.8 8.3919e+06 -2.31806e+06 255 0 0
0.5 0.8 0 0 0 0 255
-0.5 0.775 0 0 0 0 255
-0.475 0.775 1.14852e+07 -1.30049e+06 255 0 0
-0.45 0.775 3.13128e+06 730994 255 0 0
-0.425 0.775 -5.22262e+06 2.76248e+06 255 0 0
-0.4 0.775 0 0 0 0 255
-0.375 0.775 0 0 0 0 255
-0.35 0.775 -1.83437e+07 -583105 255 0 0
-0.325 0.775 -2.98014e+06 218823 255 0 0
-0.3 0.775 1.2661e+07 1.0597e+06 255 0 0
-0.275 0.775 0 0 0 0 255
-0.25 0.775 0 0 0 0 255
-0.225 0.775 0 0 0 0 255
-0.2 0.775 0 0 0 0 255
-0.175 0.775 0 0 0 0 255
-0.15 0.775 0 0 0 0 255
-0.125 0.775 0 0 0 0 255
-0.1 0.775 0 0 0 0 255
-0.075 0.775 0 0 0 0 255
-0.05 0.775 0 0 0 0 255
-0.025 0.775 0 0 0 0 255
0 0.775 0 0 0 0 255
0.025 0.775 0 0 0 0 255
0.05 0.775 0 0 0 0 255
0.075 0.775 0 0 0 0 255
0.1 0.775 0 0 0 0 255
0.125 0.775 0 0 0 0 255
0.15 0.775 0 0 0 0 255
0.175 0.775 0 0 0 0 255
0.2 0.775 0 0 0 0 255
0.225 0.775 0 0 0 0 255
0.25 0.775 0 0 0 0 255
0.275 0.775 0 0 0 0 255
0.3 0.775 0 0 0 0 255
0.325 0.775 0 0 0 0 255
0.35 0.775 0 0 0 0 255
0.375 0.775 0 0 0 0 255
0.4 0.775 0 0 0 0 255
0.425 0.775 0 0 0 0 255
0.45 0.775 0 0 0 0 255
0.475 0.775 0 0 0 0 255
0.5 0.775 0 0 0 0 255
-0.5 0.75 0 0 0 0 255
-0.475 0.75 1.346e+07 -2.3719e+06 255 0 0
-0.45 0.75 4.94305e+06 -334690 255 0 0
-0.425 0.75 -3.57392e+06 1.70252e+06 255 0 0
-0.4 0.75 0 0 0 0 255
-0.375 0.75 0 0 0 0 255
-0.35 0.75 -2.6065e+07 -1.77851e+06 255 0 0
-0.325 0.75 -1.00022e+07 -825247 255 0 0
-0.3 0.75 -2.20498e+06 1.32803e+06 255 0 0
-0.275 0.75 -1.54993e+07 1.8976e+06 255 0 0
-0.25 0.75 -2.69206e+07 -7.24185e+06 255 0 0
-0.225 0.75 0 0 0 0 255
-0.2 0.75 0 0 0 0 255
-0.175 0.75 0 0 0 0 255
-0.15 0.75 0 0 0 0 255
-0.125 0.75 0 0 0 0 255
-0.1 0.75 0 0 0 0 255
-0.075 0.75 0 0 0 0 255
-0.05 0.75 0 0 0 0 255
-0.025 0.75 0 0 0 0 255
0 0.75 0 0 0 0 255
0.025 0.75 0 0 0 0 255
0.05 0.75 0 0 0 0 255
0.075 0.75 0 0 0 0 255
0.1 0.75 0 0 0 0 255
0.125 0.75 0 0 0 0 255
0.15 0.75 0 0 0 0 255
0.175 0.75 0 0 0 0 255
0.2 0.75 0 0 0 0 255
0.225 0.75 0 0 0 0 255
0.25 0.75 0 0 0 0 255
0.275 0.75 -6.9379e+06 -865962 255 0 0
0.3 0.75 -1.10071e+07 -1.40935e+06 255 0 0
0.325 0.75 0 0 0 0 255
0.35 0.75 0 0 0 0 255
0.375 0.75 0 0 0 0 255
0.4 0.75 0 0 0 0 255
0.425 0.75 0 0 0 0 255
0.45 0.75 0 0 0 0 255
0.475 0.75 0 0 0 0 255
0.5 0.75 0 0 0 0 255
-0.5 0.725 0 0 0 0 255
-0.475 0.725 0 0 0 0 255
-0.45 0.725 0 0 0 0 255
-0.425 0.725 0 0 0 0 255
-0.4 0.725 0 0 0 0 255
-0.375 0.725 0 0 0 0 255
-0.35 0.725 0 0 0 0 255
-0.325 0.725 1.73023e+06 1.98564e+06 255 0 0
-0.3 0.725 -126540 1.07432e+06 255 0 0
-0.275 0.725 -3.06328e+06 20971.3 255 0 0
-0.25 0.725 -9.87256e+06 1.61561e+06 255 0 0
-0.225 0.725 0 0 0 0 255
-0.2 0.725 0 0 0 0 255
-0.175 0.725 0 0 0 0 255
-0.15 0.725 0 0 0 0 255
-0.125 0.725 0 0 0 0 255
-0.1 0.725 0 0 0 0 255
-0.075 0.725 0 0 0 0 255
-0.05 0.725 0 0 0 0 255
-0.025 0.725 0 0 0 0 255
0 0.725 0 0 0 0 255
0.025 0.725 0 0 0 0 255
0.05 0.725 0 0 0 0 255
0.075 0.725 0 0 0 0 255
0.1 0.725 0 0 0 0 255
0.125 0.725 0 0 0 0 255
0.15 0.725 0 0 0 0 255
0.175 0.725 0 0 0 0 255
0.2 0.725 0 0 0 0 255
0.225 0.725 0 0 0 0 255
0.25 0.725 2.36846e+06 347724 255 0 0
0.275 0.725 -1.70071e+06 -195664 255 0 0
0.3 0.725 -5.76987e+06 -739051 255 0 0
0.325 0.725 -9.83904e+06 -1.28244e+06 255 0 0
0.35 0.725 0 0 0 0 255
0.375 0.725 0 0 0 0 255
0.4 0.725 0 0 0 0 255
0.425 0.725 0 0 0 0 255
0.45 0.725 0 0 0 0 255
0.475 0.725 0 0 0 0 255
0.5 0.725 0 0 0 0 255
-0.5 0.7 0 0 0 0 255
-0.475 0.7 0 0 0 0 255
-0.45 0.7 3.73539e+06 -945046 255 0 0
-0.425 0.7 -646264 99684.2 255 0 0
-0.4 0.7 -238054 -23917.9 255 0 0
-0.375 0.7 -1.17007e+06 -111894 255 0 0
-0.35 0.7 0 0 0 0 255
-0.325 0.7 1.66148e+07 -35818.2 255 0 0
-0.3 0.7 1.27989e+07 -918900 255 0 0
-0.275 0.7 9.77229e+06 -1.99005e+06 255 0 0
-0.25 0.7 5.05548e+06 -1.21262e+06 255 0 0
-0.225 0.7 163493 46162.3 255 0 0
-0.2 0.7 0 0 0 0 255
-0.175 0.7 -5.14358e+06 -336334 255 0 0
-0.15 0.7 -138909 22302.2 255 0 0
-0.125 0.7 -128560 20776.5 255 0 0
-0.1 0.7 -77291 18772.3 255 0 0
-0.075 0.7 0 0 0 0 255
-0.05 0.7 0 0 0 0 255
-0.025 0.7 0 0 0 0 255
0 0.7 0 0 0 0 255
0.025 0.7 0 0 0 0 255
0.05 0.7 0 0 0 0 255
0.075 0.7 0 0 0 0 255
0.1 0.7 0 0 0 0 255
0.125 0.7 0 0 0 0 255
0.15 0.7 0 0 0 0 255
0.175 0.7 0 0 0 0 255
0.2 0.7 0 0 0 0 255
0.225 0.7 0 0 0 0 255
0.25 0.7 7.60565e+06 1.01802e+06 255 0 0
0.275 0.7 3.53648e+06 474635 255 0 0
0.3 0.7 -532683 -68752.7 255 0 0
0.325 0.7 -4.60185e+06 -612140 255 0 0
0.35 0.7 0 0 0 0 255
0.375 0.7 0 0 0 0 255
0.4 0.7 0 0 0 0 255
0.425 0.7 -1.0449e+07 -1.247e+06 255 0 0
0.45 0.7 -7.47134e+06 -630365 255 0 0
0.475 0.7 -4.59975e+06 -30515.8 255 0 0
0.5 0.7 0 0 0 0 255
-0.5 0.675 0 0 0 0 255
-0.475 0.675 -3.08577e+06 -447849 255 0 0
-0.45 0.675 9.84765e+06 -1.63029e+06 255 0 0
-0.425 0.675 3.19164e+06 -389572 255 0 0
-0.4 0.675 -146157 -25263.4 255 0 0
-0.375 0.675 -595596 -60360.8 255 0 0
-0.35 0.675 1.3195e+06 203325 255 0 0
-0.325 0.675 0 0 0 0 255
-0.3 0.675 2.93798e+06 -343457 255 0 0
-0.275 0.675 18019.5 -8695.22 255 0 0
-0.25 0.675 62845.7 28679.4 255 0 0
-0.225 0.675 158780 30100.8 255 0 0
-0.2 0.675 -21571.7 -52456.5 255 0 0
-0.175 0.675 -430392 -130393 255 0 0
-0.15 0.675 4277.23 29512.5 255 0 0
-0.125 0.675 -30415.7 24145.2 255 0 0
-0.1 0.675 -41035.1 14449.1 255 0 0
-0.075 0.675 -47605.7 2599.09 255 0 0
-0.05 0.675 196730 -22435.5 255 0 0
-0.025 0.675 98492.7 -9122.66 255 0 0
0 0.675 -19552 3220.6 255 0 0
0.025 0.675 2609.05 5074.29 255 0 0
0.05 0.675 13854.9 5486.59 255 0 0
0.075 0.675 78195 26490 255 0 0
0.1 0.675 2.09994e+07 2.52775e+06 255 0 0
0.125 0.675 6.75116e+08 8.55105e+07 255 0 0
0.15 0.675 0 0 0 0 255
0.175 0.675 0 0 0 0 255
0.2 0.675 0 0 0 0 255
0.225 0.675 0 0 0 0 255
0.25 0.675 1.28428e+07 1.68832e+06 255 0 0
0.275 0.675 8.77367e+06 1.14493e+06 255 0 0
0.3 0.675 4.70451e+06 601546 255 0 0
0.325 0.675 0 0 0 0 255
0.35 0.675 0 0 0 0 255
0.375 0.675 0 0 0 0 255
0.4 0.675 0 0 0 0 255
0.425 0.675 4.52749e+06 780524 255 0 0
0.45 0.675 -2.36366e+06 73336.4 255 0 0
0.475 0.675 -1.42669e+07 -1.26662e+06 255 0 0
0.5 0.675 0 0 0 0 255
-0.5 0.65 0 0 0 0 255
-0.475 0.65 -2.57715e+06 319271 255 0 0
-0.45 0.65 5.94661e+06 -333917 255 0 0
-0.425 0.65 8.2989e+06 -550074 255 0 0
-0.4 0.65 202535 5971.65 255 0 0
-0.375 0.65 63778.4 6723.32 255 0 0
-0.35 0.65 5.16511e+06 734355 255 0 0
-0.325 0.65 0 0 0 0 255
-0.3 0.65 -278785 -44440.5 255 0 0
-0.275 0.65 -44785.3 5753.92 255 0 0
-0.25 0.65 -83786.9 14751.3 255 0 0
-0.225 0.65 10881.6 27056.2 255 0 0
-0.2 0.65 13074.6 1106.37 255 0 0
-0.175 0.65 15263.7 -3302.79 255 0 0
-0.15 0.65 80832.6 28952.1 255 0 0
-0.125 0.65 20867.4 22282.1 255 0 0
-0.1 0.65 -9139.12 10263.9 255 0 0
-0.075 0.65 -19243.9 1657.73 255 0 0
-0.05 0.65 -14278.1 -794.37 255 0 0
-0.025 0.65 2923.15 294.258 255 0 0
0 0.65 4049.63 3048.97 255 0 0
0.025 0.65 3836.06 3723.51 255 0 0
0.05 0.65 13358.5 3536.3 255 0 0
0.075 0.65 50160.7 6584.35 255 0 0
0.1 0.65 234536 18420.3 255 0 0
0.125 0.65 2.4561e+06 -22332 255 0 0
0.15 0.65 0 0 0 0 255
0.175 0.65 0 0 0 0 255
0.2 0.65 0 0 0 0 255
0.225 0.65 0 0 0 0 255
0.25 0.65 0 0 0 0 255
0.275 0.65 0 0 0 0 255
0.3 0.65 0 0 0 0 255
0.325 0.65 0 0 0 0 255
0.35 0.65 0 0 0 0 255
0.375 0.65 0 0 0 0 255
0.4 0.65 0 0 0 0 255
0.425 0.65 5.29405e+06 958139 255 0 0
0.45 0.65 -1.59594e+06 357574 255 0 0
0.475 0.65 -6.8387e+06 -66523.2 255 0 0
0.5 0.65 0 0 0 0 255
-0.5 0.625 0 0 0 0 255
-0.475 0.625 135579 138086 255 0 0
-0.45 0.625 3.16218e+06 238011 255 0 0
-0.425 0.625 5.36365e+06 275287 255 0 0
-0.4 0.625 3.54028e+06 492886 255 0 0
-0.375 0.625 6.2124e+06 894884 255 0 0
-0.35 0.625 0 0 0 0 255
-0.325 0.625 0 0 0 0 255
-0.3 0.625 -1.03454e+06 -176447 255 0 0
-0.275 0.625 -56029.4 -26739.8 255 0 0
-0.25 0.625 -153264 -11120.7 255 0 0
-0.225 0.625 -109036 35912.9 255 0 0
-0.2 0.625 47365.6 38977 255 0 0
-0.175 0.625 39093.4 11129 255 0 0
-0.15 0.625 38438 10030.6 255 0 0
-0.125 0.625 37481.2 16088.8 255 0 0
-0.1 0.625 11581.7 7719.15 255 0 0
-0.075 0.625 -2897.97 2318.66 255 0 0
-0.05 0.625 -7277.45 1702.34 255 0 0
-0.025 0.625 -7044.22 3060.99 255 0 0
0 0.625 -6015.11 4113.59 255 0 0
0.025 0.625 -2633.01 2179.37 255 0 0
0.05 0.625 7262.3 -470.904 255 0 0
0.075 0.625 19249.9 -3728.08 255 0 0
0.1 0.625 35485.1 -3966.12 255 0 0
0.125 0.625 110446 -8943.67 255 0 0
0.15 0.625 204940 9144.71 255 0 0
0.175 0.625 -3.99383e+07 1.01168e+07 255 0 0
0.2 0.625 0 0 0 0 255
0.225 0.625 0 0 0 0 255
0.25 0.625 0 0 0 0 255
0.275 0.625 0 0 0 0 255
0.3 0.625 0 0 0 0 255
0.325 0.625 0 0 0 0 255
0.35 0.625 0 0 0 0 255
0.375 0.625 0 0 0 0 255
0.4 0.625 0 0 0 0 255
0.425 0.625 2.2259e+07 3.25528e+06 255 0 0
0.45 0.625 -9.97825e+06 104666 255 0 0
0.475 0.625 -3.83676e+07 -2.55309e+06 255 0 0
0.5 0.625 0 0 0 0 255
-0.5 0.6 0 0 0 0 255
-0.475 0.6 1.40553e+06 -142700 255 0 0
-0.45 0.6 3.13939e+06 112369 255 0 0
-0.425 0.6 4.67094e+06 343107 255 0 0
-0.4 0.6 0 0 0 0 255
-0.375 0.6 0 0 0 0 255
-0.35 0.6 0 0 0 0 255
-0.325 0.6 0 0 0 0 255
-0.3 0.6 425521 -61865.4 255 0 0
-0.275 0.6 74917.2 -41296.1 255 0 0
-0.25 0.6 46002.5 1984.14 255 0 0
-0.225 0.6 148596 36081.4 255 0 0
-0.2 0.6 5700.17 1955.23 255 0 0
-0.175 0.6 -6674.05 -2142.52 255 0 0
-0.15 0.6 4507.46 -961.765 255 0 0
-0.125 0.6 16354.7 1404.06 255 0 0
-0.1 0.6 22587.8 3268.15 255 0 0
-0.075 0.6 4638.98 2237.42 255 0 0
-0.05 0.6 -2350.19 2972.36 255 0 0
-0.025 0.6 -6184.93 4695.22 255 0 0
0 0.6 -15087.8 4902.67 255 0 0
0.025 0.6 -14108.6 -78.8466 255 0 0
0.05 0.6 -620.364 -4813.91 255 0 0
0.075 0.6 7886.86 -2946.71 255 0 0
0.1 0.6 18125.8 -690.732 255 0 0
0.125 0.6 39317.3 376.783 255 0 0
0.15 0.6 48818.9 17976.3 255 0 0
0.175 0.6 -9.50326e+06 2.33534e+06 255 0 0
0.2 0.6 0 0 0 0 255
0.225 0.6 0 0 0 0 255
0.25 0.6 0 0 0 0 255
0.275 0.6 0 0 0 0 255
0.3 0.6 0 0 0 0 255
0.325 0.6 0 0 0 0 255
0.35 0.6 0 0 0 0 255
0.375 0.6 0 0 0 0 255
0.4 0.6 0 0 0 0 255
0.425 0.6 1.95249e+07 3.09194e+06 255 0 0
0.45 0.6 -1.86937e+07 -666390 255 0 0
0.475 0.6 -5.4581e+07 -4.12713e+06 255 0 0
0.5 0.6 0 0 0 0 255
-0.5 0.575 0 0 0 0 255
-0.475 0.575 -8.11327e+06 -375618 255 0 0
-0.45 0.575 2.5837e+06 46878.4 255 0 0
-0.425 0.575 4.03203e+06 321002 255 0 0
-0.4 0.575 0 0 0 0 255
-0.375 0.575 4.38388e+07 1.07204e+07 255 0 0
-0.35 0.575 2.51274e+07 6.13726e+06 255 0 0
-0.325 0.575 4.35609e+06 1.0567e+06 255 0 0
-0.3 0.575 -1.62804e+07 -3.99429e+06 255 0 0
-0.275 0.575 4441.95 1406.71 255 0 0
-0.25 0.575 31757.8 8434.86 255 0 0
-0.225 0.575 8781.64 4126.11 255 0 0
-0.2 0.575 -1157.41 1965.57 255 0 0
-0.175 0.575 -33.2377 957.555 255 0 0
-0.15 0.575 6578.87 -137.29 255 0 0
-0.125 0.575 14570.5 -2176.27 255 0 0
-0.1 0.575 17905.7 -2592.65 255 0 0
-0.075 0.575 5031.02 -258.229 255 0 0
-0.05 0.575 156.988 2245.75 255 0 0
-0.025 0.575 -1733.04 3904.18 255 0 0
0 0.575 -9316.54 4082.05 255 0 0
0.025 0.575 -11684.3 202.482 255 0 0
0.05 0.575 115.573 -3983.67 255 0 0
0.075 0.575 5160.94 -874.658 255 0 0
0.1 0.575 2454.71 1428.86 255 0 0
0.125 0.575 -14918.9 5380.72 255 0 0
0.15 0.575 -308000 60804.1 255 0 0
0.175 0.575 -1.84708e+07 3.39013e+06 255 0 0
0.2 0.575 0 0 0 0 255
0.225 0.575 0 0 0 0 255
0.25 0.575 0 0 0 0 255
0.275 0.575 0 0 0 0 255
0.3 0.575 0 0 0 0 255
0.325 0.575 0 0 0 0 255
0.35 0.575 0 0 0 0 255
0.375 0.575 0 0 0 0 255
0.4 0.575 0 0 0 0 255
0.425 0.575 -6.42609e+06 481025 255 0 0
0.45 0.575 -1.64848e+07 -881146 255 0 0
0.475 0.575 -2.65435e+07 -2.24332e+06 255 0 0
0.5 0.575 0 0 0 0 255
-0.5 0.55 0 0 0 0 255
-0.475 0.55 0 0 0 0 255
-0.45 0.55 0 0 0 0 255
-0.425 0.55 0 0 0 0 255
-0.4 0.55 -1.35544e+07 -3.41722e+06 255 0 0
-0.375 0.55 64330.6 10584.5 255 0 0
-0.35 0.55 382202 93002.9 255 0 0
-0.325 0.55 536818 134703 255 0 0
-0.3 0.55 420432 105634 255 0 0
-0.275 0.55 -114781 -24573 255 0 0
-0.25 0.55 -38898.9 -5040.1 255 0 0
-0.225 0.55 -22144.8 -547.944 255 0 0
-0.2 0.55 -17755.1 176.107 255 0 0
-0.175 0.55 -6708.24 737.366 255 0 0
-0.15 0.55 2355.56 74.7165 255 0 0
-0.125 0.55 1380.31 -1828.57 255 0 0
-0.1 0.55 -3217.14 -3633.83 255 0 0
-0.075 0.55 -257.001 -1971.46 255 0 0
-0.05 0.55 310.27 409.773 255 0 0
-0.025 0.55 2488.59 1243.46 255 0 0
0 0.55 2196.91 1810.25 255 0 0
0.025 0.55 -1031.63 1905.94 255 0 0
0.05 0.55 1642.46 -1074.04 255 0 0
0.075 0.55 12618.4 -2612.92 255 0 0
0.1 0.55 5407.17 -525.32 255 0 0
0.125 0.55 -14429.4 2619.1 255 0 0
0.15 0.55 -38687.7 5644.47 255 0 0
0.175 0.55 -191425 29283 255 0 0
0.2 0.55 145242 -53957.2 255 0 0
0.225 0.55 3.3781e+06 -780570 255 0 0
0.25 0.55 -3.49158e+07 8.33303e+06 255 0 0
0.275 0.55 -1.31179e+09 3.06364e+08 255 0 0
0.3 0.55 0 0 0 0 255
0.325 0.55 8.86484e+06 -2.3073e+06 255 0 0
0.35 0.55 0 0 0 0 255
0.375 0.55 0 0 0 0 255
0.4 0.55 0 0 0 0 255
0.425 0.55 1.87569e+06 1.17703e+06 255 0 0
0.45 0.55 -8.13409e+06 -176607 255 0 0
0.475 0.55 -1.81108e+07 -1.52724e+06 255 0 0
0.5 0.55 0 0 0 0 255
-0.5 0.525 0 0 0 0 255
-0.475 0.525 -9.5185e+07 -2.38406e+07 255 0 0
-0.45 0.525 -1.64564e+07 -4.35745e+06 255 0 0
-0.425 0.525 1.28629e+06 97036.4 255 0 0
-0.4 0.525 -794501 -194204 255 0 0
-0.375 0.525 -1.08192e+06 -265419 255 0 0
-0.35 0.525 -315296 -71993.5 255 0 0
-0.325 0.525 -308716 -70000.8 255 0 0
-0.3 0.525 -363485 -83461.9 255 0 0
-0.275 0.525 -75128.1 -13426.2 255 0 0
-0.25 0.525 -196287 -41962.8 255 0 0
-0.225 0.525 -166355 -32410.6 255 0 0
-0.2 0.525 -39079.2 -2626.01 255 0 0
-0.175 0.525 -13655.1 -33.6691 255 0 0
-0.15 0.525 -5191.77 924.535 255 0 0
-0.125 0.525 -9441.23 1199.58 255 0 0
-0.1 0.525 -20414 -1553.28 255 0 0
-0.075 0.525 -9557.09 -3196.32 255 0 0
-0.05 0.525 -2829.52 -1535.2 255 0 0
-0.025 0.525 4069.81 -3045.45 255 0 0
0 0.525 9022.65 -2753.63 255 0 0
0.025 0.525 7480.73 1068.7 255 0 0
0.05 0.525 4426.29 1151.91 255 0 0
0.075 0.525 10908.7 -2971.53 255 0 0
0.1 0.525 21060.4 -4925.13 255 0 0
0.125 0.525 14942.2 -4491.46 255 0 0
0.15 0.525 8328.26 -4331.58 255 0 0
0.175 0.525 11567.6 -5615.23 255 0 0
0.2 0.525 2530.47 -5464.75 255 0 0
0.225 0.525 -19143.6 -2413.79 255 0 0
0.25 0.525 -57541.4 5632.22 255 0 0
0.275 0.525 115748 -34870.8 255 0 0
0.3 0.525 619457 -153139 255 0 0
0.325 0.525 310227 -62458 255 0 0
0.35 0.525 33236.5 11000.6 255 0 0
0.375 0.525 360248 -54200.4 255 0 0
0.4 0.525 0 0 0 0 255
0.425 0.525 2.92803e+07 1.73993e+06 255 0 0
0.45 0.525 -418823 329484 255 0 0
0.475 0.525 -2.77896e+07 -4.74171e+06 255 0 0
0.5 0.525 0 0 0 0 255
-0.5 0.5 0 0 0 0 255
-0.475 0.5 4.48763e+06 783151 255 0 0
-0.45 0.5 1.61817e+06 82051.1 255 0 0
-0.425 0.5 2.39372e+06 273661 255 0 0
-0.4 0.5 1.54684e+07 3.92129e+06 255 0 0
-0.375 0.5 -1.46477e+06 -349758 255 0 0
-0.35 0.5 -662344 -154039 255 0 0
-0.325 0.5 1.30818e+06 319667 255 0 0
-0.3 0.5 -3.06944e+06 -733947 255 0 0
-0.275 0.5 -9.31216e+07 -2.18653e+07 255 0 0
-0.25 0.5 -4.8863e+06 -1.27716e+06 255 0 0
-0.225 0.5 -4.97671e+06 -1.48828e+06 255 0 0
-0.2 0.5 94046.1 44505.5 255 0 0
-0.175 0.5 -24869.4 -1357.47 255 0 0
-0.15 0.5 -10120.5 1036.29 255 0 0
-0.125 0.5 -6790.69 2858.02 255 0 0
-0.1 0.5 -8713.94 -840.24 255 0 0
-0.075 0.5 -1527.2 -5621.33 255 0 0
-0.05 0.5 -1371.37 -3593.99 255 0 0
-0.025 0.5 5437.69 -4625.17 255 0 0
0 0.5 11597.1 -5382.81 255 0 0
0.025 0.5 11475.3 -515.4 255 0 0
0.05 0.5 5740.19 724.557 255 0 0
0.075 0.5 1768.3 -2026.47 255 0 0
0.1 0.5 19269 -6916.36 255 0 0
0.125 0.5 29281.6 -8494.38 255 0 0
0.15 0.5 18926.9 -6143.47 255 0 0
0.175 0.5 7565.57 -3646.04 255 0 0
0.2 0.5 9390.25 -5472.57 255 0 0
0.225 0.5 40859.6 -15897.9 255 0 0
0.25 0.5 8106.97 -8077.11 255 0 0
0.275 0.5 -19717.3 4852.89 255 0 0
0.3 0.5 46117.8 -10545.4 255 0 0
0.325 0.5 134510 -21141.7 255 0 0
0.35 0.5 15517.9 17434.9 255 0 0
0.375 0.5 88081.3 8580.31 255 0 0
0.4 0.5 7.46274e+06 -2.4979e+06 255 0 0
0.425 0.5 3.06566e+06 -891776 255 0 0
0.45 0.5 -996303 591335 255 0 0
0.475 0.5 2.66341e+07 -8.56734e+06 255 0 0
0.5 0.5 0 0 0 0 255
-0.5 0.475 0 0 0 0 255
-0.475 0.475 -2.32048e+06 -990431 255 0 0
-0.45 0.475 115370 -378307 255 0 0
-0.425 0.475 1.06753e+06 -145585 255 0 0
-0.4 0.475 0 0 0 0 255
-0.375 0.475 0 0 0 0 255
-0.35 0.475 3.66699e+08 1.10927e+08 255 0 0
-0.325 0.475 -1.81119e+06 -467711 255 0 0
-0.3 0.475 -6.34475e+06 -2.27863e+06 255 0 0
-0.275 0.475 -3.8469e+06 1.20483e+06 255 0 0
-0.25 0.475 -786351 234095 255 0 0
-0.225 0.475 -24259.3 26171.2 255 0 0
-0.2 0.475 -50175.6 559.332 255 0 0
-0.175 0.475 -31356.1 -676.339 255 0 0
-0.15 0.475 -9366.94 983.464 255 0 0
-0.125 0.475 -1365.34 1136.34 255 0 0
-0.1 0.475 2149.94 -2411.69 255 0 0
-0.075 0.475 7180.9 -6346.48 255 0 0
-0.05 0.475 4525.76 -6292.18 255 0 0
-0.025 0.475 6308.08 -5301.81 255 0 0
0 0.475 14554.1 -4841.92 255 0 0
0.025 0.475 9833.37 -1597.72 255 0 0
0.05 0.475 7084.21 -295.932 255 0 0
0.075 0.475 7719.6 -1607.57 255 0 0
0.1 0.475 17084.7 -4692.83 255 0 0
0.125 0.475 25733.9 -7364.63 255 0 0
0.15 0.475 8177.72 -3589.66 255 0 0
0.175 0.475 -11814.3 692.495 255 0 0
0.2 0.475 -19453.2 88.8879 255 0 0
0.225 0.475 82605.9 -25004.2 255 0 0
0.25 0.475 45781.1 -11148.2 255 0 0
0.275 0.475 -60402.2 22905.8 255 0 0
0.3 0.475 -154499 38896.6 255 0 0
0.325 0.475 -123372 34694.1 255 0 0
0.35 0.475 -59667.2 26904.6 255 0 0
0.375 0.475 -71895.1 32810.5 255 0 0
0.4 0.475 -44889.3 31990.3 255 0 0
0.425 0.475 -579784 113558 255 0 0
0.45 0.475 -670880 -186636 255 0 0
0.475 0.475 295678 -276749 255 0 0
0.5 0.475 0 0 0 0 255
-0.5 0.45 0 0 0 0 255
-0.475 0.45 -2.35936e+07 -6.67235e+06 255 0 0
-0.45 0.45 -786578 -809582 255 0 0
-0.425 0.45 1.23396e+06 -201617 255 0 0
-0.4 0.45 -3.33356e+06 -854932 255 0 0
-0.375 0.45 -2.83686e+07 -7.71935e+06 255 0 0
-0.35 0.45 837346 300743 255 0 0
-0.325 0.45 -846459 -184073 255 0 0
-0.3 0.45 -824486 -198243 255 0 0
-0.275 0.45 -5.06867e+06 1.19823e+06 255 0 0
-0.25 0.45 -1.53764e+06 298353 255 0 0
-0.225 0.45 -180847 -17928.3 255 0 0
-0.2 0.45 -92843.3 -11847.9 255 0 0
-0.175 0.45 -48062.7 -3702.6 255 0 0
-0.15 0.45 -14086 2194.92 255 0 0
-0.125 0.45 -5314.28 2715.62 255 0 0
-0.1 0.45 -8425.96 -1909.31 255 0 0
-0.075 0.45 -3512.91 -5268.99 255 0 0
-0.05 0.45 1775.04 -5922.25 255 0 0
-0.025 0.45 5039.39 -4245.3 255 0 0
0 0.45 5571.12 -3122.72 255 0 0
0.025 0.45 11038.3 -2556.49 255 0 0
0.05 0.45 14469.2 -1898.15 255 0 0
0.075 0.45 17666.4 -2003.94 255 0 0
0.1 0.45 25942.7 -4415.22 255 0 0
0.125 0.45 15547.6 -3494.96 255 0 0
0.15 0.45 -3206.7 -122.768 255 0 0
0.175 0.45 -20673.2 3080.98 255 0 0
0.2 0.45 -33738.2 2835.87 255 0 0
0.225 0.45 -2.24666e+06 482575 255 0 0
0.25 0.45 801626 -238872 255 0 0
0.275 0.45 -268702 27185.1 255 0 0
0.3 0.45 -424899 70103.5 255 0 0
0.325 0.45 299189 -72198.1 255 0 0
0.35 0.45 55638.3 -8054.85 255 0 0
0.375 0.45 -167166 45625.3 255 0 0
0.4 0.45 73687.6 -9396.84 255 0 0
0.425 0.45 -431369 20182.7 255 0 0
0.45 0.45 -2.89302e+06 310092 255 0 0
0.475 0.45 -2.21229e+06 829430 255 0 0
0.5 0.45 0 0 0 0 255
-0.5 0.425 0 0 0 0 255
-0.475 0.425 1.49295e+06 -341645 255 0 0
-0.45 0.425 2.00581e+06 -237270 255 0 0
-0.425 0.425 33299.8 -332432 255 0 0
-0.4 0.425 -1.08167e+06 -262439 255 0 0
-0.375 0.425 772253 178644 255 0 0
-0.35 0.425 -3.48928e+06 -851638 255 0 0
-0.325 0.425 -15983.2 30217.6 255 0 0
-0.3 0.425 -275775 -76831.3 255 0 0
-0.275 0.425 39520.6 -13557.4 255 0 0
-0.25 0.425 1.94076e+06 -555289 255 0 0
-0.225 0.425 607376 -293860 255 0 0
-0.2 0.425 -24487.5 3373.06 255 0 0
-0.175 0.425 -147045 9418.3 255 0 0
-0.15 0.425 -180395 -8946.75 255 0 0
-0.125 0.425 -6558.9 6058.61 255 0 0
-0.1 0.425 -4758.92 2399.46 255 0 0
-0.075 0.425 -6784.94 -1293.95 255 0 0
-0.05 0.425 -3509.83 -1674.45 255 0 0
-0.025 0.425 -4058.18 255.243 255 0 0
0 0.425 -5610.74 837.921 255 0 0
0.025 0.425 3496.34 -632.446 255 0 0
0.05 0.425 15505.8 -1922.69 255 0 0
0.075 0.425 20648.5 -2382.3 255 0 0
0.1 0.425 16787 -1415.57 255 0 0
0.125 0.425 4236.99 1222.45 255 0 0
0.15 0.425 -12823.3 4338.65 255 0 0
0.175 0.425 -43079.1 10975.9 255 0 0
0.2 0.425 -2.79509e+07 6.14706e+06 255 0 0
0.225 0.425 -1.56407e+07 3.52401e+06 255 0 0
0.25 0.425 703573 -378001 255 0 0
0.275 0.425 -612150 140482 255 0 0
0.3 0.425 -471079 146784 255 0 0
0.325 0.425 -499793 162694 255 0 0
0.35 0.425 313039 -127398 255 0 0
0.375 0.425 463237 -125281 255 0 0
0.4 0.425 -45463.8 12414.9 255 0 0
0.425 0.425 -2.75959e+06 -273326 255 0 0
0.45 0.425 -2.75573e+06 -106204 255 0 0
0.475 0.425 -448460 290712 255 0 0
0.5 0.425 0 0 0 0 255
-0.5 0.4 0 0 0 0 255
-0.475 0.4 2.17908e+06 -365983 255 0 0
-0.45 0.4 3.95233e+06 66312.5 255 0 0
-0.425 0.4 2.79484e+06 275941 255 0 0
-0.4 0.4 1.83831e+06 520768 255 0 0
-0.375 0.4 4.11321e+06 1.12018e+06 255 0 0
-0.35 0.4 0 0 0 0 255
-0.325 0.4 2.48594e+07 6.97969e+06 255 0 0
-0.3 0.4 682126 -1.86132e+06 255 0 0
-0.275 0.4 8.32847e+07 -1.74117e+07 255 0 0
-0.25 0.4 1.81096e+07 -2.43522e+06 255 0 0
-0.225 0.4 -4.24756e+08 5.81981e+07 255 0 0
-0.2 0.4 0 0 0 0 255
-0.175 0.4 -1.79326e+06 743337 255 0 0
-0.15 0.4 -1.62277e+06 -8276.16 255 0 0
-0.125 0.4 -126638 -61972.8 255 0 0
-0.1 0.4 18385.9 7891.79 255 0 0
-0.075 0.4 11042.5 3497.75 255 0 0
-0.05 0.4 3840.68 1428.29 255 0 0
-0.025 0.4 -5828.98 2910.36 255 0 0
0 0.4 -16611.2 4105.28 255 0 0
0.025 0.4 -13042.2 1957.5 255 0 0
0.05 0.4 -3096.48 -103.616 255 0 0
0.075 0.4 -1930.51 235.603 255 0 0
0.1 0.4 940.543 1846.05 255 0 0
0.125 0.4 -8814.78 5442.66 255 0 0
0.15 0.4 -23935.8 9201.85 255 0 0
0.175 0.4 -239923 46175.5 255 0 0
0.2 0.4 0 0 0 0 255
0.225 0.4 -2.32134e+06 682535 255 0 0
0.25 0.4 253666 -50187.6 255 0 0
0.275 0.4 648039 -52886.9 255 0 0
0.3 0.4 187822 28267.7 255 0 0
0.325 0.4 222276 -54913.6 255 0 0
0.35 0.4 -212833 -81960.2 255 0 0
0.375 0.4 -2.10987e+07 5.40272e+06 255 0 0
0.4 0.4 0 0 0 0 255
0.425 0.4 -4.77522e+06 -241069 255 0 0
0.45 0.4 -2.71939e+06 -35273.3 255 0 0
0.475 0.4 -639058 170276 255 0 0
0.5 0.4 0 0 0 0 255
-0.5 0.375 0 0 0 0 255
-0.475 0.375 -3.39943e+06 -1.69506e+06 255 0 0
-0.45 0.375 -1.64926e+06 -1.32486e+06 255 0 0
-0.425 0.375 561003 -973916 255 0 0
-0.4 0.375 1.21685e+07 3.0407e+06 255 0 0
-0.375 0.375 7.01588e+07 1.92849e+07 255 0 0
-0.35 0.375 0 0 0 0 255
-0.325 0.375 0 0 0 0 255
-0.3 0.375 0 0 0 0 255
-0.275 0.375 0 0 0 0 255
-0.25 0.375 0 0 0 0 255
-0.225 0.375 0 0 0 0 255
-0.2 0.375 0 0 0 0 255
-0.175 0.375 313951 993924 255 0 0
-0.15 0.375 1.34603e+06 482395 255 0 0
-0.125 0.375 2.9509e+06 -12492.3 255 0 0
-0.1 0.375 -30603.4 -8610.38 255 0 0
-0.075 0.375 25580.7 4766.77 255 0 0
-0.05 0.375 17444.6 2363.11 255 0 0
-0.025 0.375 -1396.01 2884.7 255 0 0
0 0.375 -20830.7 4215.78 255 0 0
0.025 0.375 -29267.4 1207.43 255 0 0
0.05 0.375 -23820.2 -1402.8 255 0 0
0.075 0.375 -17839.2 -726.141 255 0 0
0.1 0.375 -3394.16 554.532 255 0 0
0.125 0.375 -14959.3 6099.98 255 0 0
0.15 0.375 -287739 39688.3 255 0 0
0.175 0.375 0 0 0 0 255
0.2 0.375 1.55822e+07 -4.46169e+06 255 0 0
0.225 0.375 -72258.5 -15995.8 255 0 0
0.25 0.375 -158222 24923.4 255 0 0
0.275 0.375 613750 13895.4 255 0 0
0.3 0.375 139345 74098.2 255 0 0
0.325 0.375 62581.8 -28361.2 255 0 0
0.35 0.375 502585 -230310 255 0 0
0.375 0.375 2.07538e+07 -5.16504e+06 255 0 0
0.4 0.375 0 0 0 0 255
0.425 0.375 -1.32859e+06 310621 255 0 0
0.45 0.375 -1.03954e+06 -31594.5 255 0 0
0.475 0.375 -760949 -373825 255 0 0
0.5 0.375 0 0 0 0 255
-0.5 0.35 0 0 0 0 255
-0.475 0.35 -5.76493e+06 -171980 255 0 0
-0.45 0.35 -2.2437e+06 -110058 255 0 0
-0.425 0.35 896658 -387966 255 0 0
-0.4 0.35 7.75502e+06 -1.6894e+06 255 0 0
-0.375 0.35 0 0 0 0 255
-0.35 0.35 0 0 0 0 255
-0.325 0.35 0 0 0 0 255
-0.3 0.35 0 0 0 0 255
-0.275 0.35 0 0 0 0 255
-0.25 0.35 0 0 0 0 255
-0.225 0.35 0 0 0 0 255
-0.2 0.35 0 0 0 0 255
-0.175 0.35 0 0 0 0 255
-0.15 0.35 0 0 0 0 255
-0.125 0.35 0 0 0 0 255
-0.1 0.35 0 0 0 0 255
-0.075 0.35 70293.1 42602.7 255 0 0
-0.05 0.35 26661.5 -171.774 255 0 0
-0.025 0.35 -3654.16 -275.768 255 0 0
0 0.35 -21122.2 -84.1816 255 0 0
0.025 0.35 -33148.4 471.244 255 0 0
0.05 0.35 -33762.2 -5702.54 255 0 0
0.075 0.35 129803 -37457.3 255 0 0
0.1 0.35 1.90466e+06 -337668 255 0 0
0.125 0.35 -2.08862e+08 3.163e+07 255 0 0
0.15 0.35 -2.88556e+08 4.93432e+07 255 0 0
0.175 0.35 -946830 -255357 255 0 0
0.2 0.35 -435963 -300044 255 0 0
0.225 0.35 64358.5 -111808 255 0 0
0.25 0.35 -66415.8 -75901.2 255 0 0
0.275 0.35 239240 -29414.3 255 0 0
0.3 0.35 -73648.9 71609.2 255 0 0
0.325 0.35 -644448 101263 255 0 0
0.35 0.35 33054.2 -51738 255 0 0
0.375 0.35 -211420 9231.15 255 0 0
0.4 0.35 -2.11676e+06 167245 255 0 0
0.425 0.35 -7.58752e+06 1.20874e+06 255 0 0
0.45 0.35 -1.04333e+06 -1.23259e+06 255 0 0
0.475 0.35 6.97151e+06 -3.98187e+06 255 0 0
0.5 0.35 0 0 0 0 255
-0.5 0.325 0 0 0 0 255
-0.475 0.325 -5.90634e+06 527552 255 0 0
-0.45 0.325 -3.85918e+06 456346 255 0 0
-0.425 0.325 -1.46067e+06 70451.7 255 0 0
-0.4 0.325 -4.64008e+06 1.72513e+06 255 0 0
-0.375 0.325 0 0 0 0 255
-0.35 0.325 0 0 0 0 255
-0.325 0.325 0 0 0 0 255
-0.3 0.325 0 0 0 0 255
-0.275 0.325 0 0 0 0 255
-0.25 0.325 0 0 0 0 255
-0.225 0.325 0 0 0 0 255
-0.2 0.325 0 0 0 0 255
-0.175 0.325 0 0 0 0 255
-0.15 0.325 0 0 0 0 255
-0.125 0.325 0 0 0 0 255
-0.1 0.325 0 0 0 0 255
-0.075 0.325 105058 -105313 255 0 0
-0.05 0.325 -36538.3 -2890.78 255 0 0
-0.025 0.325 -10865.3 -10064.7 255 0 0
0 0.325 -13327.3 -13645.2 255 0 0
0.025 0.325 -27495.7 -12398.6 255 0 0
0.05 0.325 28354.2 -4038.65 255 0 0
0.075 0.325 3.28709e+06 215124 255 0 0
0.1 0.325 0 0 0 0 255
0.125 0.325 0 0 0 0 255
0.15 0.325 -4.4666e+06 784517 255 0 0
0.175 0.325 -742375 -197856 255 0 0
0.2 0.325 273134 -233810 255 0 0
0.225 0.325 1.44915e+06 -44243.7 255 0 0
0.25 0.325 -234882 102914 255 0 0
0.275 0.325 1.30748e+06 -117260 255 0 0
0.3 0.325 -678821 48641.5 255 0 0
0.325 0.325 -538808 -32.7522 255 0 0
0.35 0.325 -56716.1 -68014.2 255 0 0
0.375 0.325 -79480.2 -6047.11 255 0 0
0.4 0.325 541301 68515.4 255 0 0
0.425 0.325 -1.0289e+07 1.56497e+06 255 0 0
0.45 0.325 -1.06704e+07 -360719 255 0 0
0.475 0.325 -1.97269e+06 -3.56491e+06 255 0 0
0.5 0.325 0 0 0 0 255
-0.5 0.3 0 0 0 0 255
-0.475 0.3 4.69329e+06 -700140 255 0 0
-0.45 0.3 -159174 -927259 255 0 0
-0.425 0.3 -6.06058e+06 -1.64642e+06 255 0 0
-0.4 0.3 0 0 0 0 255
-0.375 0.3 0 0 0 0 255
-0.35 0.3 0 0 0 0 255
-0.325 0.3 0 0 0 0 255
-0.3 0.3 0 0 0 0 255
-0.275 0.3 0 0 0 0 255
-0.25 0.3 0 0 0 0 255
-0.225 0.3 0 0 0 0 255
-0.2 0.3 0 0 0 0 255
-0.175 0.3 0 0 0 0 255
-0.15 0.3 0 0 0 0 255
-0.125 0.3 0 0 0 0 255
-0.1 0.3 0 0 0 0 255
-0.075 0.3 -4.40883e+06 1.35334e+06 255 0 0
-0.05 0.3 -610978 84490.7 255 0 0
-0.025 0.3 41932.8 -31135.1 255 0 0
0 0.3 20476.9 -36641 255 0 0
0.025 0.3 -4013.25 -35794.6 255 0 0
0.05 0.3 23065.4 -31218.4 255 0 0
0.075 0.3 355457 -44734.4 255 0 0
0.1 0.3 0 0 0 0 255
0.125 0.3 0 0 0 0 255
0.15 0.3 -2.42006e+06 437618 255 0 0
0.175 0.3 -457567 -81372.1 255 0 0
0.2 0.3 1.25704e+06 -106596 255 0 0
0.225 0.3 3.65599e+06 81451.6 255 0 0
0.25 0.3 5.0134e+06 -925778 255 0 0
0.275 0.3 6.83599e+06 -1.16048e+06 255 0 0
0.3 0.3 -2.56715e+06 688727 255 0 0
0.325 0.3 877905 -264645 255 0 0
0.35 0.3 306829 -157254 255 0 0
0.375 0.3 147155 -91591.8 255 0 0
0.4 0.3 753990 334978 255 0 0
0.425 0.3 -9.8707e+06 2.12408e+06 255 0 0
0.45 0.3 -1.9341e+07 75437.1 255 0 0
0.475 0.3 -2.36288e+06 -5.21892e+06 255 0 0
0.5 0.3 0 0 0 0 255
-0.5 0.275 0 0 0 0 255
-0.475 0.275 7.71616e+06 162116 255 0 0
-0.45 0.275 1.4015e+06 -608501 255 0 0
-0.425 0.275 -4.38263e+06 -1.4106e+06 255 0 0
-0.4 0.275 0 0 0 0 255
-0.375 0.275 0 0 0 0 255
-0.35 0.275 0 0 0 0 255
-0.325 0.275 0 0 0 0 255
-0.3 0.275 0 0 0 0 255
-0.275 0.275 0 0 0 0 255
-0.25 0.275 0 0 0 0 255
-0.225 0.275 0 0 0 0 255
-0.2 0.275 0 0 0 0 255
-0.175 0.275 0 0 0 0 255
-0.15 0.275 0 0 0 0 255
-0.125 0.275 0 0 0 0 255
-0.1 0.275 0 0 0 0 255
-0.075 0.275 6.79892e+07 -2.05952e+07 255 0 0
-0.05 0.275 7.62869e+06 -2.15944e+06 255 0 0
-0.025 0.275 -3.33389e+07 1.01481e+07 255 0 0
0 0.275 85399.4 -40575 255 0 0
0.025 0.275 97593.1 -66899.7 255 0 0
0.05 0.275 288880 -75139 255 0 0
0.075 0.275 4.91445e+06 -261481 255 0 0
0.1 0.275 0 0 0 0 255
0.125 0.275 0 0 0 0 255
0.15 0.275 0 0 0 0 255
0.175 0.275 1.49231e+06 -56451.9 255 0 0
0.2 0.275 3.44344e+06 31011.5 255 0 0
0.225 0.275 7.85499e+06 8559.87 255 0 0
0.25 0.275 0 0 0 0 255
0.275 0.275 0 0 0 0 255
0.3 0.275 -3.87173e+06 917133 255 0 0
0.325 0.275 542742 -5328.19 255 0 0
0.35 0.275 70347.5 -110960 255 0 0
0.375 0.275 -64028.4 -68758 255 0 0
0.4 0.275 -1.92679e+06 413841 255 0 0
0.425 0.275 2.79827e+07 -7.17126e+06 255 0 0
0.45 0.275 0 0 0 0 255
0.475 0.275 0 0 0 0 255
0.5 0.275 0 0 0 0 255
-0.5 0.25 0 0 0 0 255
-0.475 0.25 1.46522e+06 1.37269e+06 255 0 0
-0.45 0.25 4.78351e+06 -352463 255 0 0
-0.425 0.25 7.2851e+06 -1.67768e+06 255 0 0
-0.4 0.25 0 0 0 0 255
-0.375 0.25 0 0 0 0 255
-0.35 0.25 0 0 0 0 255
-0.325 0.25 0 0 0 0 255
-0.3 0.25 0 0 0 0 255
-0.275 0.25 0 0 0 0 255
-0.25 0.25 0 0 0 0 255
-0.225 0.25 0 0 0 0 255
-0.2 0.25 0 0 0 0 255
-0.175 0.25 0 0 0 0 255
-0.15 0.25 0 0 0 0 255
-0.125 0.25 0 0 0 0 255
-0.1 0.25 0 0 0 0 255
-0.075 0.25 0 0 0 0 255
-0.05 0.25 0 0 0 0 255
-0.025 0.25 0 0 0 0 255
0 0.25 0 0 0 0 255
0.025 0.25 0 0 0 0 255
0.05 0.25 0 0 0 0 255
0.075 0.25 0 0 0 0 255
0.1 0.25 0 0 0 0 255
0.125 0.25 0 0 0 0 255
0.15 0.25 0 0 0 0 255
0.175 0.25 0 0 0 0 255
0.2 0.25 0 0 0 0 255
0.225 0.25 -1.72211e+07 -4.74531e+06 255 0 0
0.25 0.25 -423051 -10224.6 255 0 0
0.275 0.25 -269955 145456 255 0 0
0.3 0.25 2.67548e+07 9.13404e+06 255 0 0
0.325 0.25 0 0 0 0 255
0.35 0.25 -524541 86390.1 255 0 0
0.375 0.25 134651 -100251 255 0 0
0.4 0.25 397921 -182179 255 0 0
0.425 0.25 950891 -249862 255 0 0
0.45 0.25 -2.66854e+06 292598 255 0 0
0.475 0.25 -8.48386e+06 1.10532e+06 255 0 0
0.5 0.25 0 0 0 0 255
-0.5 0.225 0 0 0 0 255
-0.475 0.225 247742 240741 255 0 0
-0.45 0.225 3.47596e+06 -1.17605e+06 255 0 0
-0.425 0.225 6.2422e+06 -2.51466e+06 255 0 0
-0.4 0.225 0 0 0 0 255
-0.375 0.225 0 0 0 0 255
-0.35 0.225 0 0 0 0 255
-0.325 0.225 0 0 0 0 255
-0.3 0.225 0 0 0 0 255
-0.275 0.225 0 0 0 0 255
-0.25 0.225 0 0 0 0 255
-0.225 0.225 0 0 0 0 255
-0.2 0.225 0 0 0 0 255
-0.175 0.225 0 0 0 0 255
-0.15 0.225 0 0 0 0 255
-0.125 0.225 0 0 0 0 255
-0.1 0.225 0 0 0 0 255
-0.075 0.225 0 0 0 0 255
-0.05 0.225 0 0 0 0 255
-0.025 0.225 0 0 0 0 255
0 0.225 0 0 0 0 255
0.025 0.225 0 0 0 0 255
0.05 0.225 0 0 0 0 255
0.075 0.225 0 0 0 0 255
0.1 0.225 0 0 0 0 255
0.125 0.225 0 0 0 0 255
0.15 0.225 0 0 0 0 255
0.175 0.225 0 0 0 0 255
0.2 0.225 0 0 0 0 255
0.225 0.225 929828 166366 255 0 0
0.25 0.225 -114983 -24390.4 255 0 0
0.275 0.225 -927347 -132987 255 0 0
0.3 0.225 -3.93253e+06 -34607.2 255 0 0
0.325 0.225 484514 -109629 255 0 0
0.35 0.225 299802 109032 255 0 0
0.375 0.225 -167768 6063.42 255 0 0
0.4 0.225 144646 -107401 255 0 0
0.425 0.225 -2.2407e+06 378199 255 0 0
0.45 0.225 -3.86822e+06 390790 255 0 0
0.475 0.225 -1.63123e+06 -515052 255 0 0
0.5 0.225 0 0 0 0 255
-0.5 0.2 0 0 0 0 255
-0.475 0.2 1.55112e+06 -23571.9 255 0 0
-0.45 0.2 3.38727e+06 -1.47405e+06 255 0 0
-0.425 0.2 5.22811e+06 -2.92676e+06 255 0 0
-0.4 0.2 0 0 0 0 255
-0.375 0.2 0 0 0 0 255
-0.35 0.2 0 0 0 0 255
-0.325 0.2 0 0 0 0 255
-0.3 0.2 0 0 0 0 255
-0.275 0.2 0 0 0 0 255
-0.25 0.2 0 0 0 0 255
-0.225 0.2 0 0 0 0 255
-0.2 0.2 0 0 0 0 255
-0.175 0.2 0 0 0 0 255
-0.15 0.2 0 0 0 0 255
-0.125 0.2 0 0 0 0 255
-0.1 0.2 0 0 0 0 255
-0.075 0.2 0 0 0 0 255
-0.05 0.2 0 0 0 0 255
-0.025 0.2 0 0 0 0 255
0 0.2 0 0 0 0 255
0.025 0.2 0 0 0 0 255
0.05 0.2 0 0 0 0 255
0.075 0.2 0 0 0 0 255
0.1 0.2 0 0 0 0 255
0.125 0.2 0 0 0 0 255
0.15 0.2 0 0 0 0 255
0.175 0.2 0 0 0 0 255
0.2 0.2 0 0 0 0 255
0.225 0.2 544521 -59592.3 255 0 0
0.25 0.2 -238825 -160131 255 0 0
0.275 0.2 -1.00882e+06 -256947 255 0 0
0.3 0.2 -7.6345e+06 362409 255 0 0
0.325 0.2 454178 -118580 255 0 0
0.35 0.2 6.50895e+06 -950062 255 0 0
0.375 0.2 2.7723e+06 -1.24716e+06 255 0 0
0.4 0.2 654757 -292849 255 0 0
0.425 0.2 -7.3742e+06 45945.3 255 0 0
0.45 0.2 -3.40359e+06 -414138 255 0 0
0.475 0.2 922309 -921330 255 0 0
0.5 0.2 0 0 0 0 255
-0.5 0.175 0 0 0 0 255
-0.475 0.175 2.1976e+06 424654 255 0 0
-0.45 0.175 4.27824e+06 -1.0536e+06 255 0 0
-0.425 0.175 5.76615e+06 -2.49836e+06 255 0 0
-0.4 0.175 0 0 0 0 255
-0.375 0.175 0 0 0 0 255
-0.35 0.175 0 0 0 0 255
-0.325 0.175 0 0 0 0 255
-0.3 0.175 0 0 0 0 255
-0.275 0.175 0 0 0 0 255
-0.25 0.175 0 0 0 0 255
-0.225 0.175 0 0 0 0 255
-0.2 0.175 0 0 0 0 255
-0.175 0.175 0 0 0 0 255
-0.15 0.175 0 0 0 0 255
-0.125 0.175 0 0 0 0 255
-0.1 0.175 0 0 0 0 255
-0.075 0.175 0 0 0 0 255
-0.05 0.175 0 0 0 0 255
-0.025 0.175 0 0 0 0 255
0 0.175 0 0 0 0 255
0.025 0.175 0 0 0 0 255
0.05 0.175 0 0 0 0 255
0.075 0.175 0 0 0 0 255
0.1 0.175 0 0 0 0 255
0.125 0.175 0 0 0 0 255
0.15 0.175 0 0 0 0 255
0.175 0.175 0 0 0 0 255
0.2 0.175 0 0 0 0 255
0.225 0.175 0 0 0 0 255
0.25 0.175 -50869.7 -178810 255 0 0
0.275 0.175 549687 -433014 255 0 0
0.3 0.175 -8.13865e+06 409220 255 0 0
0.325 0.175 241308 -107019 255 0 0
0.35 0.175 993673 -359363 255 0 0
0.375 0.175 1.03009e+06 -789977 255 0 0
0.4 0.175 3.77333e+06 -1.58356e+06 255 0 0
0.425 0.175 -912951 -826966 255 0 0
0.45 0.175 1.7214e+06 -1.17311e+06 255 0 0
0.475 0.175 3.89131e+06 -1.32898e+06 255 0 0
0.5 0.175 0 0 0 0 255
-0.5 0.15 0 0 0 0 255
-0.475 0.15 4.1304e+06 635134 255 0 0
-0.45 0.15 4.81749e+06 -768735 255 0 0
-0.425 0.15 5.59215e+06 -2.17937e+06 255 0 0
-0.4 0.15 0 0 0 0 255
-0.375 0.15 0 0 0 0 255
-0.35 0.15 0 0 0 0 255
-0.325 0.15 0 0 0 0 255
-0.3 0.15 0 0 0 0 255
-0.275 0.15 1.09515e+07 -861654 255 0 0
-0.25 0.15 0 0 0 0 255
-0.225 0.15 0 0 0 0 255
-0.2 0.15 0 0 0 0 255
-0.175 0.15 0 0 0 0 255
-0.15 0.15 0 0 0 0 255
-0.125 0.15 0 0 0 0 255
-0.1 0.15 0 0 0 0 255
-0.075 0.15 0 0 0 0 255
-0.05 0.15 0 0 0 0 255
-0.025 0.15 0 0 0 0 255
0 0.15 0 0 0 0 255
0.025 0.15 0 0 0 0 255
0.05 0.15 0 0 0 0 255
0.075 0.15 7.86001e+07 -2.16901e+07 255 0 0
0.1 0.15 1.49004e+06 126534 255 0 0
0.125 0.15 -1.28556e+06 741618 255 0 0
0.15 0.15 -4.06116e+06 1.3567e+06 255 0 0
0.175 0.15 0 0 0 0 255
0.2 0.15 0 0 0 0 255
0.225 0.15 0 0 0 0 255
0.25 0.15 0 0 0 0 255
0.275 0.15 0 0 0 0 255
0.3 0.15 -9.35445e+06 463787 255 0 0
0.325 0.15 -2.98069e+06 656282 255 0 0
0.35 0.15 -4.14869e+06 899635 255 0 0
0.375 0.15 -2.23999e+06 341552 255 0 0
0.4 0.15 -3.36647e+06 561531 255 0 0
0.425 0.15 -1.68048e+06 131961 255 0 0
0.45 0.15 -779431 -52945.4 255 0 0
0.475 0.15 -2.56929e+06 563232 255 0 0
0.5 0.15 0 0 0 0 255
-0.5 0.125 0 0 0 0 255
-0.475 0.125 -1.96089e+07 2.07506e+06 255 0 0
-0.45 0.125 467289 -690927 255 0 0
-0.425 0.125 2.92006e+06 -2.2325e+06 255 0 0
-0.4 0.125 0 0 0 0 255
-0.375 0.125 0 0 0 0 255
-0.35 0.125 0 0 0 0 255
-0.325 0.125 0 0 0 0 255
-0.3 0.125 5.98711e+06 -673847 255 0 0
-0.275 0.125 4.82343e+06 -382908 255 0 0
-0.25 0.125 3.66103e+06 -90915.3 255 0 0
-0.225 0.125 0 0 0 0 255
-0.2 0.125 0 0 0 0 255
-0.175 0.125 0 0 0 0 255
-0.15 0.125 0 0 0 0 255
-0.125 0.125 0 0 0 0 255
-0.1 0.125 0 0 0 0 255
-0.075 0.125 0 0 0 0 255
-0.05 0.125 0 0 0 0 255
-0.025 0.125 0 0 0 0 255
0 0.125 0 0 0 0 255
0.025 0.125 0 0 0 0 255
0.05 0.125 0 0 0 0 255
0.075 0.125 -4.55281e+07 1.35984e+07 255 0 0
0.1 0.125 1.02431e+06 34452.2 255 0 0
0.125 0.125 -1.215e+06 495108 255 0 0
0.15 0.125 -3.99059e+06 1.11019e+06 255 0 0
0.175 0.125 0 0 0 0 255
0.2 0.125 0 0 0 0 255
0.225 0.125 0 0 0 0 255
0.25 0.125 0 0 0 0 255
0.275 0.125 0 0 0 0 255
0.3 0.125 0 0 0 0 255
0.325 0.125 0 0 0 0 255
0.35 0.125 0 0 0 0 255
0.375 0.125 0 0 0 0 255
0.4 0.125 0 0 0 0 255
0.425 0.125 0 0 0 0 255
0.45 0.125 0 0 0 0 255
0.475 0.125 0 0 0 0 255
0.5 0.125 0 0 0 0 255
-0.5 0.1 0 0 0 0 255
-0.475 0.1 0 0 0 0 255
-0.45 0.1 0 0 0 0 255
-0.425 0.1 0 0 0 0 255
-0.4 0.1 0 0 0 0 255
-0.375 0.1 0 0 0 0 255
-0.35 0.1 0 0 0 0 255
-0.325 0.1 0 0 0 0 255
-0.3 0.1 -313746 -336850 255 0 0
-0.275 0.1 -1.47679e+06 -45384.5 255 0 0
-0.25 0.1 -2.63983e+06 246082 255 0 0
-0.225 0.1 0 0 0 0 255
-0.2 0.1 0 0 0 0 255
-0.175 0.1 0 0 0 0 255
-0.15 0.1 0 0 0 0 255
-0.125 0.1 0 0 0 0 255
-0.1 0.1 0 0 0 0 255
-0.075 0.1 0 0 0 0 255
-0.05 0.1 0 0 0 0 255
-0.025 0.1 0 0 0 0 255
0 0.1 0 0 0 0 255
0.025 0.1 7.4256e+08 -2.14234e+08 255 0 0
0.05 0.1 -3.40825e+07 9.29666e+06 255 0 0
0.075 0.1 -3.50088e+07 1.0207e+07 255 0 0
0.1 0.1 2.42752e+06 -591816 255 0 0
0.125 0.1 -2.86255e+06 741984 255 0 0
0.15 0.1 -3.92003e+06 863682 255 0 0
0.175 0.1 0 0 0 0 255
0.2 0.1 0 0 0 0 255
0.225 0.1 0 0 0 0 255
0.25 0.1 0 0 0 0 255
0.275 0.1 0 0 0 0 255
0.3 0.1 0 0 0 0 255
0.325 0.1 0 0 0 0 255
0.35 0.1 0 0 0 0 255
0.375 0.1 0 0 0 0 255
0.4 0.1 0 0 0 0 255
0.425 0.1 8.28462e+07 -2.32e+07 255 0 0
0.45 0.1 5.30771e+07 -1.50919e+07 255 0 0
0.475 0.1 1.69577e+07 -5.30563e+06 255 0 0
0.5 0.1 0 0 0 0 255
-0.5 0.075 0 0 0 0 255
-0.475 0.075 -1.17976e+06 -2.98767e+06 255 0 0
-0.45 0.075 -1.06635e+06 910542 255 0 0
-0.425 0.075 -881606 -707501 255 0 0
-0.4 0.075 -3.56363e+06 1.41637e+06 255 0 0
-0.375 0.075 -5.91445e+06 6.64325e+06 255 0 0
-0.35 0.075 0 0 0 0 255
-0.325 0.075 0 0 0 0 255
-0.3 0.075 -6.6146e+06 146.394 255 0 0
-0.275 0.075 -7.77764e+06 291612 255 0 0
-0.25 0.075 -8.94069e+06 583078 255 0 0
-0.225 0.075 0 0 0 0 255
-0.2 0.075 0 0 0 0 255
-0.175 0.075 -1.20519e+07 -734842 255 0 0
-0.15 0.075 -9.85526e+06 1.67186e+06 255 0 0
-0.125 0.075 -7.6586e+06 4.07857e+06 255 0 0
-0.1 0.075 0 0 0 0 255
-0.075 0.075 0 0 0 0 255
-0.05 0.075 0 0 0 0 255
-0.025 0.075 0 0 0 0 255
0 0.075 0 0 0 0 255
0.025 0.075 -776850 -753300 255 0 0
0.05 0.075 -1.6103e+06 -184391 255 0 0
0.075 0.075 -137590 -280320 255 0 0
0.1 0.075 0 0 0 0 255
0.125 0.075 0 0 0 0 255
0.15 0.075 0 0 0 0 255
0.175 0.075 0 0 0 0 255
0.2 0.075 0 0 0 0 255
0.225 0.075 0 0 0 0 255
0.25 0.075 0 0 0 0 255
0.275 0.075 0 0 0 0 255
0.3 0.075 0 0 0 0 255
0.325 0.075 0 0 0 0 255
0.35 0.075 0 0 0 0 255
0.375 0.075 0 0 0 0 255
0.4 0.075 4.03662e+06 -507461 255 0 0
0.425 0.075 1.03433e+06 -692443 255 0 0
0.45 0.075 3.46961e+06 -1.73576e+06 255 0 0
0.475 0.075 3.64418e+06 -1.89756e+06 255 0 0
0.5 0.075 0 0 0 0 255
-0.5 0.05 0 0 0 0 255
-0.475 0.05 3.78937e+06 -3.48041e+06 255 0 0
-0.45 0.05 5.03282e+06 102963 255 0 0
-0.425 0.05 2.07772e+06 -1.0806e+06 255 0 0
-0.4 0.05 -3.05272e+06 1.47424e+06 255 0 0
-0.375 0.05 -4.85154e+06 6.54673e+06 255 0 0
-0.35 0.05 0 0 0 0 255
-0.325 0.05 0 0 0 0 255
-0.3 0.05 0 0 0 0 255
-0.275 0.05 0 0 0 0 255
-0.25 0.05 0 0 0 0 255
-0.225 0.05 0 0 0 0 255
-0.2 0.05 0 0 0 0 255
-0.175 0.05 -4.42974e+06 -2.2173e+06 255 0 0
-0.15 0.05 -2.23308e+06 189404 255 0 0
-0.125 0.05 -36434.6 2.59594e+06 255 0 0
-0.1 0.05 2.1517e+06 4.93391e+06 255 0 0
-0.075 0.05 0 0 0 0 255
-0.05 0.05 0 0 0 0 255
-0.025 0.05 0 0 0 0 255
0 0.05 0 0 0 0 255
0.025 0.05 98349.5 -1.20235e+06 255 0 0
0.05 0.05 -807996 -611830 255 0 0
0.075 0.05 -1.96021e+06 48564.9 255 0 0
0.1 0.05 0 0 0 0 255
0.125 0.05 0 0 0 0 255
0.15 0.05 0 0 0 0 255
0.175 0.05 0 0 0 0 255
0.2 0.05 0 0 0 0 255
0.225 0.05 0 0 0 0 255
0.25 0.05 0 0 0 0 255
0.275 0.05 0 0 0 0 255
0.3 0.05 0 0 0 0 255
0.325 0.05 0 0 0 0 255
0.35 0.05 0 0 0 0 255
0.375 0.05 0 0 0 0 255
0.4 0.05 3.70456e+06 257972 255 0 0
0.425 0.05 -1.18646e+06 416670 255 0 0
0.45 0.05 -3.15524e+06 46163.4 255 0 0
0.475 0.05 -1.57419e+06 -586102 255 0 0
0.5 0.05 0 0 0 0 255
-0.5 0.025 0 0 0 0 255
-0.475 0.025 8.87851e+06 -4.00604e+06 255 0 0
-0.45 0.025 1.45681e+07 -1.64534e+06 255 0 0
-0.425 0.025 7.19473e+06 -2.05728e+06 255 0 0
-0.4 0.025 -6.35991e+06 2.60655e+06 255 0 0
-0.375 0.025 -5.14097e+06 6.83477e+06 255 0 0
-0.35 0.025 0 0 0 0 255
-0.325 0.025 0 0 0 0 255
-0.3 0.025 0 0 0 0 255
-0.275 0.025 0 0 0 0 255
-0.25 0.025 0 0 0 0 255
-0.225 0.025 0 0 0 0 255
-0.2 0.025 0 0 0 0 255
-0.175 0.025 3.19244e+06 -3.69976e+06 255 0 0
-0.15 0.025 5.38911e+06 -1.29306e+06 255 0 0
-0.125 0.025 7.58577e+06 1.11365e+06 255 0 0
-0.1 0.025 0 0 0 0 255
-0.075 0.025 0 0 0 0 255
-0.05 0.025 0 0 0 0 255
-0.025 0.025 0 0 0 0 255
0 0.025 0 0 0 0 255
0.025 0.025 973549 -1.6514e+06 255 0 0
0.05 0.025 67203.4 -1.06088e+06 255 0 0
0.075 0.025 -839142 -470359 255 0 0
0.1 0.025 0 0 0 0 255
0.125 0.025 0 0 0 0 255
0.15 0.025 0 0 0 0 255
0.175 0.025 0 0 0 0 255
0.2 0.025 0 0 0 0 255
0.225 0.025 0 0 0 0 255
0.25 0.025 0 0 0 0 255
0.275 0.025 0 0 0 0 255
0.3 0.025 0 0 0 0 255
0.325 0.025 0 0 0 0 255
0.35 0.025 0 0 0 0 255
0.375 0.025 0 0 0 0 255
0.4 0.025 -1.6692e+07 6.36164e+06 255 0 0
0.425 0.025 -3.08456e+06 1.61872e+06 255 0 0
0.45 0.025 -8.80859e+06 1.72418e+06 255 0 0
0.475 0.025 -1.86223e+07 3.8523e+06 255 0 0
0.5 0.025 0 0 0 0 255
-0.5 0 0 0 0 0 255
-0.475 0 0 0 0 0 255
-0.45 0 0 0 0 0 255
-0.425 0 0 0 0 0 255
-0.4 0 0 0 0 0 255
-0.375 0 0 0 0 0 255
-0.35 0 0 0 0 0 255
-0.325 0 0 0 0 0 255
-0.3 0 0 0 0 0 255
-0.275 0 0 0 0 0 255
-0.25 0 0 0 0 0 255
-0.225 0 0 0 0 0 255
-0.2 0 0 0 0 0 255
-0.175 0 0 0 0 0 255
-0.15 0 0 0 0 0 255
-0.125 0 0 0 0 0 255
-0.1 0 0 0 0 0 255
-0.075 0 0 0 0 0 255
-0.05 0 0 0 0 0 255
-0.025 0 0 0 0 0 255
0 0 0 0 0 0 255
0.025 0 0 0 0 0 255
0.05 0 0 0 0 0 255
0.075 0 0 0 0 0 255
0.1 0 0 0 0 0 255
0.125 0 0 0 0 0 255
0.15 0 0 0 0 0 255
0.175 0 0 0 0 0 255
0.2 0 0 0 0 0 255
0.225 0 0 0 0 0 255
0.25 0 0 0 0 0 255
0.275 0 0 0 0 0 255
0.3 0 0 0 0 0 255
0.325 0 0 0 0 0 255
0.35 0 0 0 0 0 255
0.375 0 0 0 0 0 255
0.4 0 0 0 0 0 255
0.425 0 0 0 0 0 255
0.45 0 0 0 0 0 255
0.475 0 0 0 0 0 255
0.5 0 0 0 0 0 255
