1 1
 0.382052  0.128869
-0.221574  0.445296
1 2
 0.382037  0.128948
-0.221805  0.445499
1 3
0.381882 0.128968
-0.22176 0.445782
1 4
 -0.082859 -0.0184056
 -0.565388   0.559375
1 24
0.839334 0.336067
0.303373 0.858652
1 25
0.818285 0.349653
0.382737 0.850016
1 26
 1.00517 0.482425
 0.33786 0.828994
1 27
    2.8965     1.5671
-0.0950756   0.683182
1 28
 1.32217 0.595382
0.492088  1.21115
1 29
0.135174  1.32344
 0.32739 0.953025
1 33
-0.0161943   -1.90248
  -1.24702   -2.01574
1 34
0.104616 -2.27726
-1.05349 -2.24515
1 35
0.0550354  -1.53387
 -1.10475  -1.56334
1 36
-0.0111246  -0.547524
  -1.15647  -0.659766
1 37
-0.0268047  -0.410198
  -1.16959   -0.51422
1 38
-0.0284645  -0.348711
  -1.17306  -0.426568
1 39
0.616697 0.504402
-14.2559 -9.79631
2 1
0.382324 0.128257
-0.22444 0.448279
2 2
 0.382456  0.128279
-0.222708  0.446476
2 3
 0.382351  0.128616
-0.221875  0.445984
2 4
-0.0860536 -0.0190807
 -0.641218   0.542555
2 20
-1.0723 3.24548
-1.9728 3.01456
2 21
-1.16431  3.42751
-2.04239   3.1677
2 22
-1.83162  4.45215
 -3.5392  5.68392
2 23
-0.338632 -0.290777
 -1.76028  0.198666
2 24
 0.84195 0.240222
0.271729 0.764381
2 25
0.820336 0.277595
0.332145 0.795213
2 26
 1.13236 0.475369
0.449472 0.882277
2 27
4.46443 2.43121
1.49735 1.72557
2 28
  1.1137 0.633954
0.947773   1.8501
2 29
0.826367 0.526903
0.253048  1.66447
2 30
2.41261 3.12214
 1.9903 4.71618
2 31
-5.41947 -17.1309
-9.25213 -25.2464
2 32
-0.51497 -2.20511
-1.96359 -3.23004
2 33
-0.267234  -1.87182
 -1.49536  -1.79535
2 34
-0.0291572   -2.33189
  -1.21797    -2.3663
2 35
0.013637 -1.67614
-1.14789  -1.6746
2 36
-0.0159269  -0.565327
   -1.1594  -0.672289
2 37
-0.0267946  -0.413926
  -1.16904  -0.519608
2 38
-0.0271772  -0.348633
  -1.17122  -0.426997
2 39
0.303825 0.249246
-7.56922  -4.3408
3 1
0.365952 0.148755
 -0.4612 0.856772
3 2
 0.377051  0.129204
-0.405036  0.757549
3 3
 0.385261  0.110584
-0.364091  0.581304
3 4
-0.0941433 -0.0158217
 -0.809705   0.598821
3 20
-1.08811  3.28778
-1.96521  2.99195
3 21
-1.00423   3.1479
-2.21138  3.56848
3 22
-0.520961   2.24962
 -2.74337   5.10999
3 23
  1.22206 -0.341708
  1.22438  0.618475
3 24
  1.11852 -0.274227
 0.506072  0.426873
3 25
  0.665602 0.00687956
  0.288713   0.703034
3 26
  1.18386 0.0560927
  1.20695   1.06853
3 27
4.79667 1.89991
5.57813 3.91982
3 28
0.920805 0.383448
0.927168  1.98104
3 29
 1.16791 0.831251
0.656626  2.11798
3 30
-4.33033 -6.73276
-6.61646 -7.88526
3 31
 -1.8376 -5.27857
-3.69265 -6.88998
3 32
-0.729911  -2.67288
 -2.35501  -4.16832
3 33
-0.285297    -1.502
 -1.50879  -1.38824
3 34
-0.089751  -2.14772
 -1.29975  -2.15118
3 35
-0.180966  -2.24864
 -1.26857  -1.97599
3 36
-0.102177 -0.626988
 -1.15833 -0.683422
3 37
-0.0623846  -0.426707
  -1.16554  -0.529116
3 38
-0.0401278  -0.353417
  -1.18459  -0.434325
3 39
0.217858 0.173687
-5.65351 -2.68589
4 1
 0.509513 -0.105646
-0.784316   1.29859
4 2
  0.498173 -0.0865509
 -0.658929    1.09847
4 3
 0.680184 -0.630576
 -0.60407  0.359635
4 4
 0.516354 -0.483646
-0.618967  0.381033
4 20
-0.559506   2.83363
 -1.52717   2.97643
4 21
-0.273465   1.64318
 -2.08909   3.42412
4 22
-2.02307   6.0938
-5.94147  13.3083
4 23
  1.1453 -2.86176
0.464909 -3.93981
4 24
2.19633 1.45268
1.82083 3.29268
4 25
 0.462556 -0.198976
 0.480558  0.861172
4 26
 1.48428 -0.32944
 3.05415  0.82767
4 27
 0.881487 -0.296073
 0.573214   0.99507
4 28
 0.421372 -0.487677
 0.124511  0.684543
4 29
  1.81505   -1.6057
  1.68578 -0.444952
4 30
-2.79574 -3.14202
 -5.2556 -3.57337
4 31
-1.15264 -2.97349
-2.64642 -3.34625
4 32
-0.732887  -2.74765
 -2.02216   -3.5692
4 33
  2.0606   2.2619
-1.44154 -1.32433
4 34
  1.53731   1.46621
0.0530237  0.179692
4 35
3.93066 3.61602
2.69033 2.67436
4 36
 -1.57907  -1.51272
 -1.35725 -0.807313
4 37
  3.65004   2.27014
 -1.38782 -0.727863
4 38
 3.48398  1.78522
0.361883 0.255747
4 39
  1.78261   0.78261
 -1.56911 -0.569107
5 1
0.315383 0.187268
-0.66162 0.993218
5 2
 0.347674  0.139807
-0.577963  0.870998
5 3
 -0.110946 -0.0183798
  -1.16448   0.806067
5 20
  0.559577    1.30516
-0.0544548   0.232234
5 21
0.428571  1.63831
 0.21641  1.80239
5 22
-2.77601  8.94764
-3.73839  9.32355
5 23
-1.46822  8.69129
-2.49534   9.5497
5 24
 1.38133 -5.18162
 1.31457 -9.23042
5 25
1.04201 1.78022
1.53948 5.37966
5 26
 -2.51347   -1.0308
 -1.36031 0.0742393
5 27
 0.295647 -0.147758
 0.111085  0.503211
5 28
 0.389576 -0.583841
0.0808892  0.607717
5 29
-0.184326 -0.171611
0.0329736  0.348674
5 30
 8.58416  11.2182
0.692164  1.08685
5 31
  2.0818  2.22782
  0.1195 0.286893
5 32
  1.34349   1.28108
0.0638296  0.204099
5 33
  5.2109   4.2109
-3.95726 -2.95726
5 36
 2.07729  1.27828
0.217095 0.254128
5 37
  2.01526   1.01526
 -1.61868 -0.618678
6 1
0.218688 0.286774
-0.41349 0.566038
6 2
 0.246567   0.24863
-0.379138  0.519043
6 3
-0.0849289 -0.0416941
 -0.814662   0.503783
6 22
0.640364  1.51631
0.372191  1.53573
6 23
-0.0978962    3.50191
  -1.07622    4.70306
6 24
0.0990167   3.48908
-0.934808   7.24668
6 25
 0.351555   1.81071
-0.376376   1.50268
6 26
34.5623 90.2709
11.1548 30.8371
6 27
0.694235  1.66119
0.764679  3.05248
6 28
 2.53896  8.47765
-1.02804 -2.97215
6 29
-0.634166  -1.63417
 0.349845   1.34984
7 1
 0.217544  0.253192
-0.336428  0.425392
7 2
 0.234623  0.231594
-0.319318  0.403755
7 3
-0.0883958 -0.0481254
 -0.782936   0.382039
7 23
0.524991 0.797649
0.363647  1.09495
7 24
0.401794  0.90539
-0.43661   0.8165
7 25
 0.526916   1.01417
-0.320567  0.510648
7 26
 1.11187  1.84962
0.627106  2.59479
7 27
-0.390546  -1.99421
  -1.3324  -2.93673
7 28
-0.566895 -0.898554
  2.39524   5.44558
8 1
 0.571005 -0.191953
 -1.13935   1.33311
8 2
  0.56712 -0.187407
-0.916201     1.072
8 3
-0.369404 0.0712479
  -3.4771   1.49582
8 24
   0.474659    0.547555
0.000904614    0.339359
8 25
  0.573748   0.422426
-0.0593443   0.563845
8 26
0.861075 0.654615
0.435476  1.13091
8 27
 2.3611 2.18858
1.62741  2.2594
8 28
-0.682678 -0.886752
-0.389106  -1.47819
8 35
 0.851369 -0.109997
 0.278322  0.232403
8 36
 0.852126 -0.110142
 0.278112  0.231564
8 37
0.225037 0.255003
0.463477 0.114874
9 1
0.341082 0.066256
 -1.3439  1.50284
9 2
 0.345269 0.0615727
 -1.31463   1.47011
9 3
 -0.171868 -0.0109665
   -2.4581    1.09587
9 25
  0.30388  0.232028
0.0403963  0.558967
9 26
   0.672491 -0.00085651
   0.338893    0.601244
9 27
  0.765491 -0.0540669
   0.76312   0.816903
9 28
 0.890856 -0.268036
  1.58615  0.554387
9 29
-0.234828 0.0559022
  1.01561  0.744712
9 35
 0.857978 -0.106056
 0.283649  0.236643
9 36
 0.860842 -0.105088
 0.286771  0.237613
9 37
 0.858409 -0.102356
 0.279947  0.241631
9 38
-0.199453 0.0182927
 0.719097  0.367825
10 1
0.265448 0.149777
-1.28498  1.43184
10 2
0.265838 0.149343
-1.28288   1.4295
10 3
 -0.145801 -0.0259717
  -2.17801   0.976476
10 26
 0.502875 -0.239383
 0.549489  0.608717
10 27
 0.590871 -0.207676
 0.815411  0.709428
10 28
0.672854  -0.2535
0.953076 0.546579
10 29
-0.211964 0.0497978
 0.819145  0.713349
10 35
 0.865989 -0.102814
 0.299251  0.241511
10 36
 0.865533 -0.102518
 0.306713  0.245048
10 37
-0.677112  -0.29628
 0.121017  0.226428
10 38
  2.54173   1.54173
 -1.97729 -0.977289
11 1
0.254637  0.16172
-1.13561  1.26496
11 2
0.254806 0.161532
  -1.135  1.26428
11 3
 -0.146334 -0.0310741
  -2.02972   0.898433
11 26
  0.757383 -0.0852033
   1.05916   0.901406
11 27
  0.691841 -0.0922977
   0.73903   0.764707
11 28
 0.592828 -0.204615
 0.437321    0.4763
11 29
-0.182946 0.0528475
 0.473289  0.558111
11 35
 0.324758 -0.516178
-0.321674 -0.252863
11 36
  0.33314 -0.505764
-0.322628 -0.251995
11 37
-0.598699 -0.150816
-0.159626 -0.313481
12 1
  0.88367 -0.487125
 0.170574  -0.26594
12 2
 0.913261  -0.53326
 0.127185 -0.198293
12 3
 0.599936 -0.400064
-0.746521  0.253479
12 18
 -2.96217 -0.109748
 -1.38034  0.608708
12 19
  -1.51639 -0.0873441
 -0.747205   0.622457
12 20
 -1.38786 -0.332471
-0.689559  0.516441
12 21
  5.24236  0.957585
-0.568437  0.710816
12 26
  0.27633 -0.792342
-0.289521 -0.737086
12 27
0.831968  1.04978
0.723373  2.57811
12 28
  0.505123 -0.0309094
  0.127582   0.601458
12 29
 -0.18238 0.0288105
 0.318678  0.590947
12 35
 0.150565 -0.639116
-0.423984 -0.332627
12 36
 0.150565 -0.639116
-0.423984 -0.332627
12 37
 0.150565 -0.639116
-0.423984 -0.332627
12 38
0.0371071  0.139102
 -1.07473 -0.262542
13 18
 -1.65696  -1.86332
-0.821139 -0.139917
13 19
 -1.80326 -0.791697
-0.865426   0.32366
13 20
 -1.10113  -0.17645
-0.569793  0.584905
13 21
 1.88426 0.291401
0.493896   0.8912
13 26
  0.376662   0.502703
-0.0517255   0.863349
13 27
  0.395589   0.364507
-0.0412804   0.726244
13 28
  0.395836   0.280604
-0.0410726    0.63934
13 29
 -0.244661 -0.0936537
  0.353738   0.908096
13 35
 0.150565 -0.639116
-0.423984 -0.332627
13 36
 0.150565 -0.639116
-0.423984 -0.332627
13 37
 0.150565 -0.639116
-0.423984 -0.332627
13 38
0.0290307  0.108826
 -1.00142 0.0122527
14 17
72.9851 80.1507
 25.656 29.0113
14 18
-7.45988  -7.2649
-3.53108 -2.63493
14 19
-7.88367 -6.75215
-4.20283 -2.75949
14 20
  5.61551 -0.660643
  3.61666  0.419575
14 21
 1.87109 -0.97821
 1.10759 0.325618
14 26
0.604174 0.333991
0.241243 0.591198
14 27
  0.348655    0.56685
-0.0811777   0.836261
14 28
  0.345382   0.552498
-0.0836431   0.820708
14 29
-0.452546 -0.368507
 0.683126   1.53009
14 35
  0.966001 -0.0251282
 0.0840144    0.12953
14 36
  0.970892 -0.0175876
 0.0719283   0.110897
14 37
  0.974553 -0.0119436
 0.0628823  0.0969498
14 38
  0.991051 -0.0089488
 -0.824398   0.175602
15 17
-0.268468   1.05436
-0.779891  0.858575
15 18
3.04016 1.69586
1.63735 1.75649
15 19
  0.992652 0.00925131
  0.424969   0.786762
15 20
 0.628358 -0.273314
 0.161688  0.518797
15 21
-2.13427 0.737319
-1.79184  1.28671
15 27
0.0930341   2.88823
-0.597298   5.74212
15 28
 0.138214   2.39642
-0.561629   5.31617
15 29
-12.2561 -12.4065
 45.1967  47.6092
16 18
 0.658024 -0.274405
 0.163903   0.65379
16 19
  0.75011 -0.330055
 0.236964  0.512342
16 20
0.921359 0.141819
0.319714 0.854277
16 21
-3.45073 0.501466
-3.64316  1.28941
16 27
0.787697 -3.81908
 2.67464 -25.1141
16 28
0.767025 -3.58538
 2.73742 -25.4057
16 29
-5.02904 -1.96568
 32.5019  14.8691
17 18
 1.69989 -2.29667
 1.91254 -3.63184
17 19
-0.0676464   -1.52307
 -0.875267  -0.861059
17 20
0.0428508  -1.33389
-0.777908 -0.663861
17 21
-0.0774221   -1.15636
 -0.934885  -0.575558
17 22
6.87122 5.72958
3.21407 4.35223
17 27
  0.354721   0.174055
-0.0559997   0.307275
17 28
  0.372005   0.189007
-0.0145269   0.324751
17 29
 12.3741 -4.94332
-20.2487  9.02413
18 19
3.84161 2.43493
4.13905 4.17434
18 20
  2.0018 0.617363
 1.70617  1.79526
18 21
 1.49303 0.164666
 1.08039  1.17457
18 22
  1.11679 0.0178778
-0.110456  0.977436
18 27
  0.333579   0.122574
-0.0971963    1.18996
18 28
  0.387496 -0.0344106
  0.321461    4.12163
18 29
0.213463 -3.54021
-1.19283 -20.1884
18 30
  1.25779  0.949803
 0.926035 -0.241561
19 12
0.960257   0.3194
0.652939   1.1729
19 13
0.993491 0.385622
0.603557  1.21941
19 14
 1.49096 0.659126
0.634657  1.22498
19 15
 1.44524 0.520405
0.289687 0.905008
19 16
1.25047 0.13516
0.87043 0.44284
19 19
 1.61385 0.521219
0.634915 0.836607
19 20
 1.84216 0.608017
0.637413 0.826799
19 21
 1.89327 0.729037
0.620694 0.826896
19 22
0.834604 0.222626
0.175366 0.778307
19 27
0.370608  0.81811
0.468898   6.2308
19 28
1.26251 5.69254
 2.6228 18.1577
19 29
1.07247 4.92757
1.04076 9.30647
19 30
0.716624  2.65825
0.111062  3.28748
19 31
 0.693037   2.10241
-0.195253   1.44204
19 32
 -2.11852  0.487366
 -3.78765 -0.313095
20 11
  0.8657 0.263498
0.630843  1.15602
20 12
  1.0135 0.358565
0.686434  1.19656
20 13
 1.01348 0.372679
0.634979  1.19154
20 14
 1.59363 0.643707
0.513111  1.14255
20 15
 1.23576  0.52645
0.274285  1.10552
20 16
 1.11075 0.442036
0.604012  1.33156
20 17
   1.114 0.476216
0.460302  1.28022
20 18
 1.22854 0.726282
0.766414  1.47696
20 19
2.82685 2.04708
1.57823 2.08739
20 20
 3.1512 2.32952
1.07236 1.62365
20 21
 2.30076  1.48819
0.698503  1.16253
20 22
0.568428 0.196957
0.411476 0.941127
20 27
 0.432865 -0.283043
  0.46159  0.201844
20 28
1.33597 6.32924
1.66282 12.6093
20 29
0.734564  2.62913
0.252541  4.04506
20 30
 0.620745   1.79584
-0.140232   1.80265
20 31
 0.634445   1.62293
-0.236795    1.3125
20 32
 0.810473   2.44131
-0.129065   1.69351
20 33
-1.29332  1.05692
-1.36507 0.380674
21 11
  1.0652 0.406316
0.898845  1.38303
21 12
 1.16783 0.603997
0.905528  1.57449
21 13
 1.15149 0.609858
 0.78542  1.48606
21 14
 1.57781 0.746474
0.438962   1.2142
21 15
 1.22554 0.512527
0.481831  1.23839
21 16
 1.07232 0.432484
0.582356  1.33462
21 17
 1.26699 0.565534
  0.5524  1.36091
21 18
 1.40922 0.760786
 1.12442  1.85289
21 19
2.82841 1.74729
3.12377 3.57314
21 20
11.9602 12.1131
5.85628 7.81114
21 21
 2.15989  2.48056
0.577232  2.06376
21 22
0.411372 0.197832
0.481872  1.31121
21 28
  1.16893 -0.279954
  1.11572  0.111982
21 29
  0.610522    1.72208
-0.0632938    2.14638
21 30
0.562504  1.32908
-0.19263  1.43767
21 31
 0.706147   1.74926
-0.174837    1.7549
21 32
2.28845 10.2797
1.14356 9.54492
21 33
 2.9857 9.97877
2.60427 12.9421
21 34
-10.9236  6.87256
-16.2626  9.57088
22 11
  6.47738  0.619878
  4.85176 0.0903462
22 12
-0.839568  -3.11982
 -2.23311   -4.2248
22 13
 -3.1279 -8.31645
-5.64553 -11.8953
22 14
 1.11135  1.35722
0.540466  3.15207
22 15
 0.925756 0.0805861
  0.42258    1.6718
22 16
 0.977599 0.0532669
 0.257953   1.01668
22 17
 1.41334 0.321761
0.920153  1.22165
22 18
4.45699 3.43272
5.79757 6.02911
22 19
  19.14 21.2143
22.2164 26.2682
22 20
2.74949  1.2943
1.08603   2.042
22 21
 1.00626 -0.64066
0.875482  2.25673
22 22
 0.293896 -0.110337
 0.300062   1.70873
22 29
   1.77503  -0.513609
     1.408 -0.0916759
22 30
0.629356 0.922703
-0.21328  1.68333
22 31
 1.12986  2.80381
0.490094  4.41675
22 32
  1.0338  1.98438
0.464309  4.44911
22 33
 0.786497  0.436245
-0.180468    1.5573
22 34
 0.853438  0.295258
-0.372657   1.14043
22 35
-1.23515  1.12395
-2.22449  1.25368
23 12
-0.00803164    -1.72552
   -1.03708    -2.27361
23 13
-0.163389  -2.36218
 -1.38948  -3.58489
23 14
 0.503455  0.594068
-0.169846   2.56508
23 15
 0.843738 0.0886975
 0.169826   1.62474
23 16
  1.14721  0.238736
-0.132037   1.32631
23 17
 4.8199 2.25249
6.34167 4.29493
23 18
7.83932 4.96901
10.0381 7.80028
23 19
 1.51153  0.66591
0.890944  1.54943
23 20
 1.26939 0.392224
0.482939  1.23281
23 21
 1.69277 0.723366
 1.29489  1.78166
23 22
 0.60827  1.27346
0.126963  1.65933
23 30
  1.24876 -0.472862
  1.17317 -0.121469
23 31
0.811461 0.988447
0.410241  4.90398
23 32
  0.70704  0.273627
-0.218351    1.6204
23 33
 0.784988  0.394986
-0.315509   1.22188
23 34
 0.837108  0.845293
-0.332998   1.39156
23 35
 1.20434   1.4318
-0.46389   2.3311
23 36
 0.270216 0.0300217
 -2.09547   1.39307
24 12
  1.22389   1.45982
-0.132909 -0.546206
24 13
  1.13123   1.49637
-0.133219 -0.662341
24 14
 0.557898  0.530036
0.0544049  -0.44559
24 15
  0.946288   0.534928
-0.0297981  -0.484205
24 16
  0.975321   0.583371
    2.2788 -0.0983115
24 17
-3.80473 -2.34045
-6.51494 -2.50524
24 18
2.43027 1.38335
2.33293 2.66994
24 19
 1.19035 0.381036
0.446422  1.23304
24 20
 1.18945 0.329189
0.624568  1.28171
24 21
 2.08037 0.671263
 1.64995  1.71916
24 22
0.962283 0.181093
0.109345  1.08789
24 23
   1.0298 0.0739484
0.0138447  0.996673
24 24
 3.78712 0.446421
 2.24955  1.30443
24 25
 5.26811 0.677445
 4.01182  1.57381
24 26
 0.197528  0.011544
-0.326927   1.00428
24 31
  1.07531 -0.360005
 0.864554 -0.027865
24 32
 0.718921  0.431679
-0.357849   1.33797
24 33
 0.901256   1.04953
-0.246464   1.76241
24 34
 0.907977   1.41334
-0.291514   2.31098
24 35
 0.896806  0.863358
-0.255907   1.82013
24 36
-2.50951  2.24432
-4.45308  3.37263
25 17
-5.91304 -8.34951
   2.491  2.80208
25 18
-0.395151     2.125
 0.865915  0.980715
25 19
0.954843  0.22233
0.403081  1.07243
25 20
 1.38781 0.327257
 1.01255  1.45375
25 21
 1.6723 0.44609
1.13108 1.47928
25 22
  0.809589  0.0773286
-0.0177014    1.02225
25 23
  1.09275  0.083707
0.0553622   1.00437
25 24
 4.22133 0.489652
  2.6965  1.35235
25 25
  4.8544 0.595432
 3.60645  1.49495
25 26
 0.193099 0.0112289
 -0.32843    1.0039
25 32
  3.04886 -0.833514
  2.53538 -0.428915
25 33
 0.950347   1.16638
-0.155384   2.27342
25 34
 0.866295  0.627984
-0.324384   1.55798
25 35
 0.833785    0.4314
-0.374291    1.2191
25 36
 0.673149  0.205435
-0.602475  0.850677
25 37
 0.24049  0.02682
-1.06564 0.804095
26 19
-0.135154  -4.03402
 0.437822   1.76675
26 20
 0.39981 -1.98376
0.249441 0.660315
26 21
 8.39996 -12.6138
 3.42694 -4.10071
26 22
  0.815077 -0.0647241
-0.0705529   0.926439
26 23
  1.27447 0.0683762
 0.195601  0.983058
26 24
 4.63514 0.702568
 3.17896  1.55327
26 25
 4.80439 0.639486
 3.51862  1.53417
26 26
0.188505 0.011656
-0.33012  1.00423
26 33
  2.54328 -0.848087
  2.01621 -0.432007
26 34
0.835674 0.365093
-0.37075  1.11606
26 35
  0.79898   0.21385
-0.432082  0.898369
26 36
 0.680515  0.116626
-0.633525  0.778497
26 37
 0.236585 0.0199952
 -1.04483  0.858994
27 22
   1.03908   -2.26649
-0.0517587   0.927177
27 23
 0.904109  -1.91905
0.0855489  0.594294
27 24
0.790053 -1.46874
0.147717 0.301669
27 25
0.832278 -1.35844
0.116949 0.226402
27 26
 0.467072 -0.532928
-0.216845  0.783155
27 34
  3.34808  -1.22862
  2.02442 -0.523977
27 35
 0.812225 0.0440199
-0.399222  0.682806
27 36
 0.751881 0.0435674
-0.519531  0.755443
27 37
 0.238993 0.0111777
 -1.02553  0.895796
28 35
0.0478457  0.113451
-0.245804  0.304325
28 36
   1.07347  -0.577641
-0.0665903   0.206771
28 37
 0.682264 -0.317736
-0.471922  0.528078
29 1
 0.320072 0.0156449
-0.669154  0.253116
29 2
 0.320078 0.0156452
-0.669145  0.253116
29 3
 0.320039 0.0156434
-0.669198  0.253114
29 4
 0.328217 0.0124769
  2.67015   0.54608
29 33
-0.0189065  -0.225489
   1.12422   -1.37216
29 34
-0.0189065  -0.225489
   1.12422   -1.37216
29 35
 0.352352 -0.304953
 -8.62447   9.60944
30 1
  0.32002 0.0156647
-0.669225  0.253143
30 2
 0.320026  0.015665
-0.669217  0.253143
30 3
 0.319987 0.0156631
 -0.66927  0.253141
30 4
 0.320325 0.0121935
  2.96233  0.557434
30 33
-0.0189065  -0.225489
   1.12422   -1.37216
30 34
-0.0189065  -0.225489
   1.12422   -1.37216
30 35
 0.903249 -0.781744
 -24.1774   23.0702
31 1
 0.320031 0.0156607
 -0.66921  0.253138
31 2
 0.320036  0.015661
-0.669202  0.253138
31 3
 0.319998 0.0156591
-0.669255  0.253135
31 4
 0.312677 0.0118991
  3.23876  0.567903
31 33
-0.648419  0.133115
-0.163505  0.158923
31 34
  -1.4494  0.911644
-0.242953  0.236144
31 35
 0.588354 -0.411646
-0.509969  0.490031
32 1
  0.139628   0.201527
 0.0971381 -0.0500241
32 2
  0.279591   0.129455
 0.0813358 -0.0418871
32 3
  0.380349  0.0775342
 0.0699609 -0.0360248
32 4
  1.16364  0.163638
 -1.26687 -0.266871
34 3
0.021515 0.232824
0.322499 -0.84329
34 4
0.0202855  0.236321
 0.331786 -0.869163
34 5
0.0989933 -0.039471
0.0631163 0.0856644
35 3
0.0634403   0.12309
 0.189397 -0.496219
35 4
0.0628381  0.124163
 0.187026 -0.488397
35 5
0.0581247  0.132648
 0.202761 -0.506184
35 6
0.00247046 -0.0621124
  0.849679  -0.257659
36 2
0.0594218 -0.407369
 0.191826   1.05368
36 3
0.0632572  0.125538
 0.211622 -0.567827
36 4
0.0647394  0.119272
 0.203289 -0.536674
36 5
0.0588131  0.121437
 0.212423 -0.511453
36 6
0.000665086   -0.070001
   0.869463   -0.441479
36 9
-2.45744  11.2995
 59.8442 -232.713
36 10
-2.45744  11.2995
 59.8442 -232.713
36 11
0.346938  0.31581
0.297763  0.50841
37 2
0.0863726 -0.112403
 0.167476  0.255965
37 3
-0.00615037    0.404996
   0.482222    -1.64369
37 4
0.0612526  0.136954
 0.229372 -0.641412
37 5
0.0609886  0.111723
 0.218236 -0.531752
37 6
-0.00415638  -0.0780302
   0.944246   -0.725688
37 9
-2.45744  11.2995
 59.8442 -232.713
37 10
-2.45744  11.2995
 59.8442 -232.713
37 11
 0.356858  0.441207
-0.295315 -0.678657
37 12
-2.27384 -3.27384
 3.11564  4.11564
38 2
  0.125647 -0.0624465
 0.0463256   0.118492
38 3
  0.129502 -0.0537009
-0.0184172   0.114521
38 4
  0.129289 -0.0493451
-0.0346181   0.140827
38 5
 0.0665617  -0.176182
 -0.186386 -0.0957495
38 6
 0.446425 -0.553575
-0.542873  0.457127
38 9
 0.418885   1.12763
0.0300944 -0.169493
38 10
 0.451876  0.941821
0.0283859 -0.159871
38 11
-0.76312 -1.76312
 1.15931  2.15931
39 2
  0.230359   0.259423
0.00257828 -0.0942859
39 3
  0.216423  0.0989182
0.00786276 -0.0890281
39 4
  0.226147 -0.0389789
 0.0108194 -0.0869638
39 5
 0.671112 -0.328888
-0.789754  0.210246
