1 1
-0.0239002    -4.7593
 -0.825142    -5.1699
1 2
-0.0134253   -5.51074
 -0.811282   -6.07554
1 3
-0.0561011    -5.6376
 -0.862284   -6.22357
1 4
-0.0486036 -0.0595025
 -0.708669    1.09744
2 1
 0.86749  1.14111
0.258332  2.00018
2 2
0.809437 0.887078
0.188365  1.69535
2 3
0.796221 0.761096
0.172595  1.54469
2 4
-0.0761541 -0.0290748
 -0.591164   0.914929
3 1
 0.703095  0.132871
0.0608391  0.788596
3 2
 0.706162  0.115265
0.0639858  0.766876
3 3
 0.703561   0.10336
0.0608359  0.751844
3 4
 -0.0938687 -0.00751543
  -0.546254    0.804386
4 1
 0.689279 0.0448254
 0.037187  0.640445
4 2
 0.693763 0.0457096
0.0435537  0.635945
4 3
 0.692676 0.0428013
0.0418769  0.629136
4 4
 -0.0977231 -0.00361685
  -0.551128    0.747694
5 1
 0.722987  0.643086
0.0727208   1.31566
5 2
  0.72551  0.635621
0.0782733   1.31278
5 3
 0.724197  0.623853
0.0765967    1.2998
5 4
-0.0802508 -0.0307733
  -0.66832   0.846593
5 33
  1.43938 -0.011724
-0.486516  0.162101
5 34
  1.43938 -0.011724
-0.486516  0.162101
5 35
  1.43938 -0.011724
-0.486516  0.162101
5 36
   -0.13384 0.000941302
   0.412911    0.270187
6 1
-2.87519  4.62326
-3.54633  5.36525
6 2
 0.722186  0.646873
0.0766383   1.36233
6 3
 0.721905  0.643798
0.0762472   1.35866
6 4
-0.0852668 -0.0331442
 -0.705451   0.852081
6 33
  1.43938 -0.011724
-0.486516  0.162101
6 34
  1.43938 -0.011724
-0.486516  0.162101
6 35
  1.43938 -0.011724
-0.486516  0.162101
6 36
  -0.133589 0.000939533
   0.217921    0.271558
7 2
   0.777687    -1.08166
-0.00496557   -0.150449
7 3
    0.77555    -1.14935
-0.00500017   -0.151977
7 4
 0.354554 -0.645446
-0.490047  0.509953
7 33
  1.43938 -0.011724
-0.486516  0.162101
7 34
  1.43938 -0.011724
-0.486516  0.162101
7 35
  1.43938 -0.011724
-0.486516  0.162101
7 36
  -0.133338 0.000937771
  0.0236626    0.272924
8 33
  0.318883   0.680279
-0.0786765  0.0630236
8 34
  0.191694   0.782163
-0.0933683  0.0747924
8 35
0.00609549   0.930836
 -0.114807  0.0919658
8 36
0.00140117  -0.998599
 -0.235789   0.764211
12 11
  0.98322 0.0699741
 0.320815  0.815856
12 12
   1.50788 -0.0251434
  0.624767   0.767664
12 13
 -7.47948 -0.225169
 -3.57039  0.672236
12 14
 -1.58055 -0.255697
-0.763245  0.650587
12 15
-13.0597  -23.475
 7.68383   15.967
13 9
 1.02585 0.213792
0.262781 0.868937
13 10
0.998407 0.187182
0.260634 0.859324
13 11
0.919884 0.137234
0.272502 0.837367
13 12
   1.1742 0.0031719
 0.468835  0.777318
13 13
-6.39776 0.713365
-3.00475  1.09989
13 14
 -1.65272  0.114797
-0.747158  0.808156
13 15
-0.918362 0.0388257
-0.374724  0.755646
13 16
  0.42405   1.74657
-0.432188  0.391692
14 8
0.970085 0.237678
0.240466 0.871404
14 9
0.999021 0.229126
0.253818 0.869802
14 10
 1.01188 0.227517
0.261859 0.870891
14 11
0.927677 0.226818
0.257385 0.868667
14 12
 0.884115 0.0958003
 0.322087  0.814654
14 13
   9.29137   -1.79965
   4.27745 -0.0698421
14 14
 -2.06488  0.742737
-0.897589   1.07469
14 15
 -1.15519  0.440653
-0.441583  0.906896
14 16
-0.782582  0.352873
-0.240589  0.830801
14 17
  0.22643    1.1275
-0.247889  0.660323
15 7
0.932162 0.214799
0.212732  0.86275
15 8
0.957348 0.219508
  0.2325 0.860212
15 9
0.984948 0.223347
0.249636  0.86263
15 10
 1.02448 0.234679
0.267187 0.870137
15 11
 1.00607 0.279101
0.273745 0.887618
15 12
0.852608 0.301915
0.276446 0.892279
15 13
   1.28331 -0.0576203
  0.566252   0.737527
15 14
-6.92855  4.17023
-3.01863  2.57038
15 15
 -1.59585   1.22455
-0.594184   1.20968
15 16
-0.980713  0.796508
  -0.2925  0.981225
15 17
-0.693989  0.626892
-0.149427  0.872394
15 18
 0.179443  0.945749
-0.175285  0.721516
16 7
0.922992 0.217581
0.197029 0.871653
16 8
0.948063 0.209282
 0.22096 0.857786
16 9
0.979915 0.211383
0.245888  0.85386
16 10
 1.02861 0.224285
0.271215 0.860606
16 11
 1.08532 0.264418
0.299357 0.880145
16 12
0.989814 0.360224
0.297432 0.914153
16 13
0.839331 0.321024
 0.32338 0.892175
16 14
  1.58158 -0.421393
 0.719832   0.55828
16 15
-3.59239   3.6467
 -1.3933  2.18579
16 16
 -1.26588   1.52623
-0.384207    1.2435
16 17
-0.808207    1.0094
-0.177727   0.99687
16 18
 -0.557879   0.735741
-0.0701783   0.867188
16 19
 0.162194  0.893562
-0.128517  0.747809
17 6
0.903222 0.216573
0.179209 0.882934
17 7
0.907524 0.219584
0.180366 0.885373
17 8
0.931249 0.208552
0.196382 0.865237
17 9
0.985288 0.213877
0.236215  0.85129
17 10
 1.04863 0.241517
0.277533 0.857487
17 11
 1.12983 0.276792
0.320462 0.877693
17 12
 1.16684 0.346919
0.348391  0.91069
17 13
0.953793 0.473804
0.316575  0.94872
17 14
0.814245 0.360182
0.343952 0.892873
17 15
  1.61566 -0.721005
 0.714744  0.429855
17 16
 -2.32979   3.30246
-0.773367   1.90295
17 17
-0.920399   1.50661
-0.209044   1.16465
17 18
 -0.606881    1.01258
-0.0828871   0.958671
17 19
 -0.446252   0.768062
-0.0225491    0.86299
17 20
  0.153875   0.893322
-0.0943792   0.764372
18 6
0.920271 0.214805
0.202597 0.900121
18 7
0.904264 0.222449
0.177525 0.904796
18 8
0.918469 0.223654
0.153718 0.873314
18 9
  1.0061 0.246541
0.213415 0.849621
18 10
 1.10186 0.295553
0.294065 0.865184
18 11
 1.16615  0.33716
0.347068 0.896609
18 12
  1.2408 0.359229
0.386629 0.921953
18 13
 1.21451 0.437182
0.381115 0.950859
18 14
0.891374 0.574682
0.311975 0.974132
18 15
0.752555 0.418086
0.329018 0.895496
18 16
  1.53939 -0.844596
 0.643155  0.398179
18 17
 -1.29985   2.29398
-0.330605   1.42723
18 18
 -0.619847    1.21672
-0.0853839    1.02742
18 19
  -0.45786   0.884644
-0.0286599   0.914907
18 20
 -0.364713   0.723929
0.00294628    0.86746
18 21
 0.0985322  -0.107327
-0.0569891    1.00118
19 6
0.918844 0.267692
0.132586  1.16536
19 7
 0.888209  0.214788
0.0822003  0.889137
19 8
 0.924082  0.217515
0.0954987  0.790251
19 9
 1.05293  0.28299
0.205387 0.813356
19 10
 1.18679 0.371914
0.340368 0.886738
19 11
 1.21467 0.416027
0.391174 0.938452
19 12
 1.22526  0.40612
0.404728 0.954065
19 13
 1.29273 0.385987
 0.41775  0.95552
19 14
 1.23067 0.496975
0.383776 0.980828
19 15
0.811954 0.648756
0.293247 0.994711
19 16
0.631059   0.4181
0.284307 0.885234
19 17
 2.07383 -1.31924
0.737575 0.287082
19 18
 -0.668425    1.28396
-0.0980703    1.04687
19 19
 -0.436907   0.859148
-0.0216554   0.898273
19 20
 -0.365329   0.668193
0.00984998   0.797846
19 21
  0.209553   0.776823
-0.0707804   0.665323
20 2
 0.359784  -1.77776
-0.492732  -1.36381
20 3
 0.271485 -0.900126
 -0.58568 -0.508976
20 4
 -0.466028  -0.485811
   -1.3629 -0.0436744
20 5
 0.829682  0.050639
-0.044906  0.504769
20 6
  0.90701  0.109326
0.0148215  0.575599
20 7
 0.915171  0.146036
0.0340779  0.620679
20 8
0.987699 0.227906
0.114064 0.700794
20 9
 1.16919 0.360201
0.290494 0.829635
20 10
 1.29155 0.471791
 0.43628 0.956907
20 11
 1.25756 0.482416
0.442508 0.995498
20 12
 1.20805 0.457052
0.420062 0.995244
20 13
 1.22622 0.413982
0.421967 0.989017
20 14
 1.37634 0.398915
0.449534  0.99502
20 15
 1.29544  0.62908
0.408875  1.06009
20 16
0.679805  0.70667
0.275176  1.06826
20 17
0.497597 0.324547
0.222136 0.871568
20 18
 -2.04672   1.66471
-0.345263   1.02979
20 19
-0.409008  0.654355
0.0114847  0.709685
20 20
-0.345695  0.515381
  0.04102   0.57754
20 21
-0.324793  0.460942
 0.053481  0.480208
20 22
 0.212838  0.450425
0.0051432  0.577302
21 1
  0.73878  0.107263
-0.200982  0.541162
21 2
 1.10347 0.610881
0.226097  1.02096
21 3
 1.77072 0.569654
0.951864 0.982622
21 4
 1.23376 0.132158
0.347651 0.539226
21 5
 0.948829 0.0828298
0.0826615  0.500561
21 6
 0.956192  0.132305
0.0814982  0.553921
21 7
 1.03768 0.209907
0.153846 0.637988
21 8
 1.17137 0.354499
0.289183 0.788801
21 9
 1.36014 0.534266
0.494681 0.990692
21 10
 1.34981 0.557461
0.526874  1.05744
21 11
 1.26261 0.505569
0.469738  1.03584
21 12
 1.21028  0.48038
0.439851  1.02782
21 13
 1.18995 0.466801
0.435577  1.03393
21 14
 1.26659 0.419035
0.457548  1.03326
21 15
 1.55905 0.389839
0.523725  1.04342
21 16
 1.17487 0.694349
0.449444  1.19108
21 17
0.445132 0.561824
0.191998  1.08364
21 18
 0.546213  0.174727
0.0249187  0.679776
21 19
 -0.54752  0.521186
0.0633654  0.503292
21 20
-0.349918  0.461689
0.0609318  0.447963
21 21
-0.340228  0.494531
0.0667247  0.436153
21 22
-2.81339  5.73658
-1.02078  2.75513
21 23
0.0943546 -0.142365
0.0602997  0.843556
22 1
  1.03899  0.111245
0.0351032  0.513392
22 2
  1.0398 0.105839
  0.1125 0.496513
22 3
 1.08246 0.128713
0.239122  0.51681
22 4
 1.13076 0.155307
0.271489  0.54601
22 5
 1.08695 0.186656
 0.21958 0.584877
22 6
 1.13769 0.293789
0.271394 0.696817
22 7
 1.32655 0.500381
0.457265  0.91486
22 8
 1.48473 0.681511
0.641022    1.136
22 9
 1.45186 0.667731
0.651174   1.1752
22 10
 1.31006 0.556407
0.529435  1.09365
22 11
 1.24133 0.498156
0.472887  1.05255
22 12
  1.2045 0.471473
0.451584  1.04155
22 13
 1.15625 0.437779
0.436783  1.03395
22 14
 1.10569 0.360261
0.410559  1.00451
22 15
 1.20695 0.205575
0.407621 0.939329
22 16
  1.39008 0.0411419
 0.523982  0.899173
22 17
0.665345 0.404503
0.323556  1.17257
22 18
  0.278904   0.346177
-0.0763343   0.805144
22 19
  1.37505 -0.234576
-0.492244  0.731034
22 20
   -0.416   0.55463
0.0816185  0.447291
22 21
-0.380675  0.630437
0.0532384   0.49674
22 22
 0.746113  -1.63395
 0.599873 -0.595216
22 23
 0.131788 -0.194957
 0.101694  0.777404
23 1
   1.02693   0.262769
-0.0214679    0.64749
23 2
   1.0861  0.284815
0.0982069  0.647644
23 3
 1.35373 0.410483
0.503703 0.790328
23 4
 1.50621 0.602395
0.680115  1.00106
23 5
 1.53174 0.772109
0.695012  1.18989
23 6
 1.66568 0.956308
 0.85598  1.41879
23 7
 1.65992 0.932039
0.885122  1.44479
23 8
 1.48573 0.731356
0.724551  1.27005
23 9
 1.34715 0.589465
0.591584  1.14066
23 10
 1.27049 0.530952
0.516795  1.09287
23 11
 1.25004 0.526173
0.498199  1.09756
23 12
 1.25257 0.549304
0.508836  1.12736
23 13
 1.25169 0.602768
0.521273  1.17672
23 14
 1.24633 0.697886
0.520299  1.23972
23 15
 1.34119 0.857046
0.557681  1.34797
23 16
5.50291 4.79181
3.16001 3.85885
23 17
 -1.02009  -2.21964
 -1.03909 -0.835757
23 18
 0.219557   1.51988
-0.170577   1.17739
23 19
 0.063828   1.10708
-0.217936  0.706954
23 20
 0.338566   1.03427
-0.491592   1.08124
23 21
-0.608542   2.92168
 0.115854   1.25939
23 22
 0.100713 -0.791095
 0.296903 -0.202008
23 23
 0.220765 -0.569301
  0.19301  0.890368
24 1
  1.17224  0.345603
0.0523533  0.746967
24 2
 1.35074  0.69032
0.271159  1.03282
24 3
3.67646 2.79778
3.07107 3.44114
24 4
2.77136 2.20971
 2.2105 2.92314
24 5
1.78477  1.1818
1.08445 1.77941
24 6
 1.56642 0.865307
0.845307  1.44322
24 7
 1.38383 0.655159
0.647318  1.21724
24 8
 1.31277 0.559947
0.571305  1.11819
24 9
 1.27938 0.523857
0.539984  1.08898
24 10
 1.27474 0.524673
  0.5416  1.10168
24 11
 1.29502 0.561046
0.569022  1.15677
24 12
 1.31151 0.603059
0.565168  1.19243
24 13
 1.35027 0.662582
0.589427  1.22506
24 14
 1.41451 0.784673
0.634591  1.30631
24 15
 1.51819 0.985961
0.726387   1.4685
24 16
-5.88823 -5.09637
-4.01907 -2.40448
24 17
-0.294775 -0.730101
-0.444831  0.348174
24 18
 0.326458  0.942155
-0.173623   1.00058
24 19
 0.287609  0.475251
-0.232869   1.06946
24 20
 0.146625   1.11821
-0.316881   2.36214
24 21
 0.521009  -0.70527
-0.384665  -1.02668
24 22
-0.59017 -0.64104
 1.12228 -2.58476
24 23
  0.971887 -0.0281132
  0.206337    1.20634
25 1
 1.62587 0.683626
0.377008  1.09174
25 2
 2.15134  1.30576
0.892001   1.5836
25 3
3.64807 2.46707
3.16643 3.20555
25 4
 1.45169 0.792266
0.815681  1.41405
25 5
 1.33381 0.588255
0.644947  1.19386
25 6
 1.34138 0.579834
0.605138  1.16232
25 7
 1.27148 0.545228
0.531807  1.11331
25 8
 1.24737 0.511526
0.511355  1.07851
25 9
  1.2561 0.494595
0.533118  1.07092
25 10
 1.30271 0.525893
0.589559  1.11697
25 11
  1.3231 0.556755
0.629588  1.17125
25 12
 1.29752 0.549357
0.574407  1.17432
25 13
 1.25788 0.493751
0.518265  1.12581
25 14
 1.14294 0.330106
 0.36184 0.930097
25 15
 1.09444 0.191177
0.367315 0.796982
25 16
  1.46615 -0.168766
 0.554543  0.594246
25 17
  2.69511  -2.35266
  1.28581 -0.606397
25 18
  0.763431  -0.687712
-0.0300033   0.584377
25 19
  0.408878 -0.0227029
 -0.106465   0.799417
25 20
  0.398737   0.160838
-0.0207689   0.887781
25 21
0.605868 0.495697
0.676893  1.58439
25 22
 -1.43573 -0.704018
 0.707565   1.40366
26 1
 2.42532    1.413
0.843124  1.58696
26 2
2.87065 1.86651
1.22236 1.84804
26 3
2.01029 1.11629
1.33101 1.67368
26 4
 1.11841 0.478652
  0.5059  1.08897
26 5
 1.18819  0.42699
0.576405  1.09544
26 6
 1.50885 0.617275
0.772559  1.26014
26 7
 1.28065 0.622088
0.554298  1.24344
26 8
 1.26699 0.597106
0.575857  1.23776
26 9
 1.29403 0.599846
0.562264  1.20512
26 10
 1.31749 0.573356
0.558442  1.11641
26 11
 1.34391 0.566702
0.724172  1.19288
26 12
 1.29365 0.551289
0.589684  1.19087
26 13
 1.30012  0.58952
0.582171  1.23492
26 14
  1.2176 0.669386
0.490278  1.37243
26 15
 1.33069 0.882833
 0.72198  1.73339
26 16
1.54021 1.07118
1.00354 2.02725
26 17
3.05014 2.04791
2.53205 3.06268
26 18
 2.62292 0.552872
0.734774  1.29547
26 19
 0.502334 0.0341641
-0.171709  0.847056
26 20
  0.455797   0.120775
-0.0495548   0.661749
26 21
0.510215 0.173961
0.366191   0.7352
26 22
-8.84643 -2.02601
 1.40194  1.08321
27 1
 2.8605 1.50419
  1.037 1.83773
27 2
 2.9859 1.76831
 1.0591 1.77726
27 3
 1.42388 0.751971
0.680143  1.31052
27 4
 1.10035 0.510968
0.505634  1.09346
27 5
 1.24626 0.596763
0.599849  1.15125
27 6
 1.93887 0.953273
 1.20304  1.51469
27 7
 1.46515 0.839723
0.858192   1.6004
27 8
 1.27896  0.76768
0.563449  1.46362
27 9
 1.31979 0.707756
0.524113  1.27652
27 10
 1.61097 0.984438
0.498905  1.19898
27 11
 1.29625 0.738805
0.532561  1.05289
27 12
 1.08747 0.424994
0.368484 0.833794
27 13
 1.67258 0.691497
  1.1623  1.35456
27 14
 1.38119 0.841575
0.749887   1.6451
27 15
 1.41629 0.914716
0.836881  1.77204
27 16
1.65902 1.19981
1.22548 2.22393
27 17
3.40266 2.59679
2.74327 3.46908
27 18
  0.99606  0.335814
0.0263065   1.21237
27 19
 0.576319 0.0561022
-0.319844    1.1757
27 20
 0.481302  0.133216
-0.252727    1.0825
27 21
0.784364 0.488928
   1.029  1.70119
27 22
 1.83054  0.83054
0.100583  1.10058
28 1
 2.92939  1.00493
0.578828  1.00773
28 2
 2.96974  1.13738
0.591683  1.03429
28 3
 1.40883  0.67647
0.440604  1.02173
28 4
 1.08073  0.55578
0.487205  1.06924
28 5
 1.12425 0.472026
0.410665 0.943647
28 6
 1.31328   0.3901
  0.5286 0.816588
28 7
 1.22947 0.290992
0.504356 0.735866
28 8
 1.28943 0.425302
0.508926 0.905786
28 9
 1.74968  1.06128
0.234689 0.901138
28 10
2.05408 1.49845
1.43402 2.00413
28 11
0.993079 0.574916
0.640699  2.02653
28 12
0.975415 0.412433
0.616083   1.6935
28 13
 2.18012 0.891957
 1.82309    1.739
28 14
5.53285 4.23877
5.31661 5.21356
28 15
7.43232 12.7586
6.88591 13.7459
28 16
2.56973 3.49627
1.44502 3.34298
28 17
0.934832 0.444864
0.151641 0.859158
28 18
   0.68664 0.00339114
 0.0104604   0.647235
28 19
  0.661715 -0.0358673
-0.0926144   0.796956
28 20
 0.555839  0.107915
-0.261697   1.04059
28 21
0.581408 0.111164
0.769257  1.27807
29 1
 3.73436  1.77929
0.827305  1.24816
29 2
  3.8824   1.9828
0.879803  1.32536
29 3
3.10881 2.20888
0.80311 1.39885
29 4
 0.550857  0.169408
-0.941325 -0.673682
29 5
0.675925 0.341482
 1.08383 0.120876
29 6
 1.05738 0.192323
0.236053 0.579742
29 7
 1.20329 0.214477
 0.45869 0.609595
29 8
 1.36155 0.259559
0.541298 0.632662
29 9
   1.85497   0.217941
-0.0466992   0.511192
29 10
 0.784164 0.0381457
 0.686822  0.626337
29 11
0.860849 0.114985
0.755683  1.16331
29 12
 1.30202 0.893515
0.358808  1.74408
29 13
6.48065 5.81397
4.89029 5.59119
29 14
 1.83449 0.775314
  1.0328  1.21082
29 15
0.978927 0.104139
0.193944 0.554169
29 16
    1.03743 -0.00787868
   0.207188     0.54731
29 17
  0.701225  0.0435606
-0.0470152   0.607604
29 18
  0.590481  0.0729156
0.00275299   0.590308
29 19
   0.628646 -0.00780796
  0.0465305    0.590731
29 20
 0.404026 -0.339324
 0.283141   1.06615
29 21
 0.459507 -0.540493
    0.512     1.512
30 1
4.32911 2.30812
1.04076 1.39553
30 2
4.27807 2.27893
1.04887 1.41678
30 3
 3.87592  1.77763
0.977414  1.35277
30 4
 0.272432 0.0532127
  2.21414   1.40379
30 6
0.655906 0.345069
 1.06899 0.160812
30 7
 1.25273 0.226922
 0.50695 0.617006
30 8
 1.33971 0.243928
0.368306 0.555071
30 9
  1.11222   0.08758
0.0574388  0.495678
30 10
  0.645162 -0.0484985
  0.711868   0.529432
30 11
  0.929802 -0.0118958
  0.719819    0.60867
30 12
  2.08474   0.34635
0.0834613  0.644399
30 13
 1.38743 0.240638
0.573193 0.750554
30 14
 0.922166 0.0614018
 0.101598  0.625503
30 15
0.813168 0.017247
0.070308 0.557594
30 16
  0.888691 -0.0309928
  0.251974   0.519342
30 17
  0.893634 -0.0133269
  0.042499   0.583098
30 18
  0.625203    0.11181
-0.0583042   0.605293
30 19
0.271708 -0.20577
0.512291  1.12077
30 20
 0.300676 -0.699324
 0.636555   1.63655
31 1
 3.50858  1.40129
0.962125  1.33235
31 2
3.37932 1.26013
0.92902 1.28291
31 3
 2.76535  1.02176
0.836458   1.2403
31 4
 0.246382 0.0482092
  2.00351   1.35618
31 7
   1.28198   0.596215
-0.0718244   -0.17467
31 8
   1.23349   0.649211
-0.0376342  -0.174024
31 9
0.403389   0.3252
0.673604 0.098109
31 10
  0.586702 -0.0560515
  0.886467   0.571922
31 11
  1.51615 0.0426095
 0.852299  0.657791
31 12
 2.16383 0.173137
0.289597 0.579054
31 13
  1.06634 0.0198297
 0.378768  0.594643
31 14
 0.881706 0.0165152
0.0868051  0.602051
31 15
  0.794535  0.0164152
-0.0321375   0.579819
31 16
   0.801174 -0.00871007
   0.210411    0.526124
31 17
 0.922204 -0.068865
  0.16945  0.526848
31 18
0.0938826 -0.580625
 0.514968   1.04834
31 19
-0.110401   -1.1104
 0.925564   1.92556
32 1
 3.18204  1.51611
0.804623  1.34173
32 2
 2.99576  1.22637
0.738641  1.22622
32 3
 2.92817  1.12167
0.928656  1.27817
32 4
  0.22667 0.0455167
   1.8672   1.34367
32 10
  1.79592  0.971968
-0.418973 -0.408329
32 11
 0.55157 0.613032
 1.18581 0.457038
32 12
  1.47844 0.0404851
 0.385248  0.572789
32 13
   1.07925 -0.0115763
  0.367033   0.589675
32 14
 0.899383 0.0170583
 0.147973  0.610432
32 15
  0.813226  0.0429258
-0.0140161   0.695243
32 16
-0.261822  -0.79544
  1.19936   1.56087
32 17
  1.36975   1.99916
-0.152226 -0.715206
32 18
-0.382612  -1.38261
  1.33573   2.33573
33 1
3.98133 4.76731
1.55007 3.65758
33 2
 2.82483  2.50885
0.854809  2.32722
33 3
 2.02079 0.940135
 0.33701  1.26398
33 4
 0.194016 0.0301824
    1.576   1.19041
33 12
  1.53068   1.25816
-0.104808 -0.320558
33 13
  1.48355   1.47053
-0.109469 -0.378716
33 14
   1.16312     1.3111
-0.0600124  -0.374434
33 15
  0.968867    1.12602
-0.0189447  -0.351819
33 16
-1.36053 -2.36053
 2.73978  3.73978
34 1
 1.85693  1.02806
0.275183  1.42132
34 2
 1.66898 0.614876
0.156301  1.15374
34 3
   1.35346   0.303827
-0.0287921    1.07499
34 4
 0.163109 0.0111874
  1.48922   1.16468
35 1
  1.56106   0.55157
0.0868901   1.10121
35 2
   1.51835   0.547952
-0.0678847   0.970472
35 3
   1.31343   0.538716
-0.0966147   0.800034
35 4
0.922678 0.588862
0.688973 0.617306
35 16
 0.95446 0.127745
-0.22981 0.588436
35 17
 0.95446 0.127745
-0.22981 0.588436
35 18
 0.95446 0.127745
-0.22981 0.588436
35 19
 0.147533 0.0121949
 0.258843  0.786213
36 1
  1.92404   1.07376
-0.221097  0.799066
36 2
  1.35625  0.812902
-0.122507  0.721201
36 3
   1.14743   0.496175
-0.0346522   0.905411
36 4
  1.07146 0.0897163
 0.027315   1.28987
36 5
   0.121973 -0.00899902
    1.31188     1.12875
36 16
 0.95446 0.127745
-0.22981 0.588436
36 17
 0.95446 0.127745
-0.22981 0.588436
36 18
 0.95446 0.127745
-0.22981 0.588436
36 19
 0.144021 0.0119045
 0.320422  0.791303
37 1
  1.0826 0.882803
 1.48541 0.906467
37 2
  1.08763  0.164741
0.0363778   1.28443
37 3
 0.890049 -0.133886
 0.213091   1.55444
37 4
 0.862013 -0.176173
 0.240617   1.59867
37 5
   0.123418 -0.00994465
    1.29323     1.14426
37 16
 0.95446 0.127745
-0.22981 0.588436
37 17
 0.95446 0.127745
-0.22981 0.588436
37 18
 0.95446 0.127745
-0.22981 0.588436
37 19
 0.140671 0.0116277
 0.379138  0.796157
38 2
 0.857532 -0.150025
 0.246245   1.56883
38 3
 0.859611 -0.188838
 0.244367    1.6123
38 4
  0.85665 -0.187787
 0.247834   1.61277
38 5
  0.125829 -0.0102416
   1.25695    1.14724
38 16
 0.596218   2.08342
0.0623448 -0.319966
38 17
 0.640984   1.85368
0.0554329 -0.284492
38 18
 0.676814   1.66979
0.0499006   -0.2561
38 19
-0.391622  -1.39162
 0.819279   1.81928
39 2
    1.0108   0.916831
-0.0137659   -0.15065
39 3
    1.0151   0.924362
-0.0123607  -0.153033
39 4
   1.01524   0.928844
-0.0127475  -0.156989
39 5
-13.2658 -14.2658
 17.8445  18.8445
