4 1
-1.50295  1.42302
 -1.0736 0.314848
4 2
 -1.5096  1.42556
-1.07245  0.31441
4 3
-1.54693  1.44871
-1.06601 0.310413
4 4
 0.0327242 -0.0949757
  -1.78285   0.934172
5 1
-1.51221  1.43088
  -1.072 0.313491
5 2
-1.52118  1.43509
-1.07046 0.312767
5 3
-1.59142  1.48971
-1.05834 0.303341
5 4
0.0403447 -0.117217
 -1.77746  0.918692
6 1
-1.54151  1.44944
-1.06695 0.310288
6 2
-1.56065  1.45725
-1.06366 0.308947
6 3
-1.68478    1.553
-1.04226 0.292438
6 4
0.0588077 -0.156622
  -1.7759  0.897827
7 1
 -3.43965   6.49199
-0.525711  0.683395
7 2
 79.4326 -101.444
 9.27317 -12.0795
7 3
  4.57859  -4.13128
 0.398587 -0.553078
7 4
 0.518556 -0.481444
-0.743048  0.256952
12 10
  1.21692 -0.188497
 0.671394   0.29844
12 11
  1.21692 -0.188497
 0.671394   0.29844
12 12
  1.21692 -0.188497
 0.671394   0.29844
12 13
 -1.00956  0.111504
-0.939871  0.677718
13 10
  1.21692 -0.188497
 0.671394   0.29844
13 11
  1.21692 -0.188497
 0.671394   0.29844
13 12
  1.21692 -0.188497
 0.671394   0.29844
13 13
-0.825475 0.0911722
 -1.47194  0.736484
14 10
  1.21692 -0.188497
 0.671394   0.29844
14 11
  1.21692 -0.188497
 0.671394   0.29844
14 12
0.0396724  -0.25704
-0.878822  0.208182
14 13
 0.402361 -0.597639
-0.837476  0.162524
15 10
  0.856507  -0.453373
-0.0756422 -0.0887992
15 11
  0.830929    -0.4834
-0.0891255  -0.104628
15 12
 0.571872 -0.428128
-0.814951  0.185049
33 5
0.0776172  -1.32354
 0.115564  0.323792
33 6
0.0776172  -1.32354
 0.115564  0.323792
33 7
0.0776172  -1.32354
 0.115564  0.323792
33 8
 0.0191486 -0.0991151
  0.192283   0.397634
34 5
0.0776172  -1.32354
 0.115564  0.323792
34 6
0.0776172  -1.32354
 0.115564  0.323792
34 7
0.0776172  -1.32354
 0.115564  0.323792
34 8
0.023883 -0.12362
0.221056 0.248704
35 5
0.0776172  -1.32354
 0.115564  0.323792
35 6
0.0776172  -1.32354
 0.115564  0.323792
35 7
0.0776172  -1.32354
 0.115564  0.323792
35 8
 0.0317272  -0.164223
  0.268729 0.00194389
36 5
  0.648584  -0.265309
-0.0327739  -0.142332
36 6
  0.623934  -0.372361
-0.0350728  -0.152316
36 7
  0.595565  -0.495566
-0.0377186  -0.163806
36 8
 0.448449 -0.551551
-0.684556  0.315444
