4 14
  2.2532 0.156958
-1.76988  0.50959
4 15
  2.2532 0.156958
-1.76988  0.50959
4 16
  2.2532 0.156958
-1.76988  0.50959
4 17
  -0.174429 -0.00744132
  -0.351069    0.760193
5 14
  2.2532 0.156958
-1.76988  0.50959
5 15
  2.2532 0.156958
-1.76988  0.50959
5 16
  2.2532 0.156958
-1.76988  0.50959
5 17
  -0.177064 -0.00755374
  -0.435992     0.75657
6 14
  2.2532 0.156958
-1.76988  0.50959
6 15
  2.2532 0.156958
-1.76988  0.50959
6 16
  2.2532 0.156958
-1.76988  0.50959
6 17
   -0.17978 -0.00766961
   -0.52352    0.752836
7 14
0.0113066   1.59905
-0.124763  0.136445
7 15
-0.317427   1.95856
-0.166246  0.181812
7 16
-0.973652   2.67623
-0.249056  0.272375
7 17
  0.24383  -0.75617
-0.482104  0.517896
10 11
   1.2039 -0.223207
 0.646961  0.272203
10 12
   1.2039 -0.223207
 0.646962  0.272203
10 13
   1.2039 -0.223207
 0.646961  0.272203
10 14
-0.594939 0.0792326
 -0.24373  0.595834
11 11
   1.2039 -0.223207
 0.646961  0.272203
11 12
   1.2039 -0.223207
 0.646962  0.272202
11 13
   1.2039 -0.223207
 0.646961  0.272203
11 14
-0.513558 0.0683944
-0.658856  0.651119
12 11
   1.2039 -0.223207
 0.646961  0.272203
12 12
   1.2039 -0.223207
 0.646962  0.272203
12 13
   1.2039 -0.223207
 0.646961  0.272203
12 14
-0.451762 0.0601646
-0.974078    0.6931
13 11
  0.782771  -0.558913
-0.0763127  -0.087796
13 12
 0.743644 -0.603926
-0.090058 -0.103609
13 13
 0.687327 -0.668719
-0.109842 -0.126371
13 14
 0.396571 -0.603429
 -0.70136   0.29864
19 9
  2.08968   5.38035
-0.255877  0.162155
19 10
  2.08968   5.38035
-0.255877  0.162155
19 11
  3.44614    8.7922
-0.152277  0.449423
19 12
-1.65554 -3.60804
-2.52108 -4.28068
19 13
 0.787754    1.0489
0.0819629   2.19635
19 14
 0.787754    1.0489
0.0819629   2.19635
19 15
 -0.30889 -0.133223
 -1.90573  0.530233
20 9
  2.08968   5.38035
-0.255877  0.162155
20 10
  2.08968   5.38035
-0.255877  0.162155
20 11
   2.90454    7.41751
-0.0159469   0.794999
20 12
 4.9296 10.7678
11.6075 26.5636
20 13
 0.787754    1.0489
0.0819629   2.19635
20 14
 0.787754    1.0489
0.0819629   2.19635
20 15
-0.421088 -0.181614
 -2.30135  0.359601
21 3
  17.6385 -0.167968
 -28.3995  0.645587
21 4
 17.6376 -0.16796
-28.3979 0.645572
21 5
  17.6391 -0.167975
 -28.4008  0.645599
21 6
   0.235595 -0.00163149
    1.43866    0.535643
21 9
  1.73071  0.708709
 0.025981 -0.190658
21 10
  1.69461  0.973576
0.0246977  -0.18124
21 11
    1.43129     1.01838
-0.00206216   -0.194367
21 12
 0.352548   0.14629
-0.100434 -0.289885
21 13
   0.851091   -0.241034
-0.00742711   -0.348015
21 14
  0.848846  -0.346242
-0.0075391  -0.353262
21 15
  0.57576  -0.42424
 -1.22217 -0.222173
22 3
  17.6434 -0.168081
 -28.4089  0.645799
22 4
  17.6426 -0.168073
 -28.4072  0.645784
22 5
  17.6441 -0.168088
 -28.4102  0.645812
22 6
   0.236365 -0.00163744
    1.65821    0.534137
22 18
 5.50682  1.84454
-0.92631 0.455997
22 19
 5.50682  1.84454
-0.92631 0.455997
22 20
 5.50682  1.84454
-0.92631 0.455997
22 21
 0.203951 0.0386774
 0.262619  0.917474
23 3
   17.643 -0.168071
  -28.408  0.645781
23 4
  17.6421 -0.168063
 -28.4064  0.645765
23 5
  17.6437 -0.168078
 -28.4093  0.645793
23 6
   0.237142 -0.00164277
    1.87916    0.532605
23 18
 5.50682  1.84454
-0.92631 0.455997
23 19
 5.50682  1.84454
-0.92631 0.455997
23 20
 5.50682  1.84454
-0.92631 0.455997
23 21
 0.189307 0.0359004
 0.293865    0.9234
24 3
 0.952079  0.222517
 0.563442 -0.144088
24 4
  0.977471   0.216025
  0.264913 -0.0677463
24 5
   0.98527   0.214029
  0.173167 -0.0442832
24 6
  1.30272  0.302717
 -1.49779 -0.497793
24 18
0.779111   5.1781
0.217723   -1.099
24 19
 0.846118   4.83987
 0.151676 -0.765612
24 20
 0.881934   4.65909
 0.116374 -0.587418
24 21
0.0119279 -0.988072
 0.396345   1.39634
26 35
-30.3823  15.3927
 -12.245  6.00629
27 34
0.0521863 -0.357691
-0.920077  0.145472
27 35
0.0521863 -0.357691
-0.920077  0.145472
27 36
0.0478096 0.0634959
 -1.31841   0.63655
28 34
0.0521863 -0.357691
-0.920077  0.145472
28 35
0.0521863 -0.357691
-0.920077  0.145472
28 36
0.0424223  0.056341
 -1.28758  0.677504
29 34
  1.16878 -0.475256
 0.167219 0.0319941
29 35
  1.12648 -0.483349
  0.12531 0.0239757
29 36
 0.710043 -0.289957
-0.617188  0.382812
33 11
 0.873249  0.121853
0.0877594   1.01987
33 12
0.616781 0.415063
0.479569 0.571932
34 10
 0.873249  0.121853
0.0877594   1.01987
34 11
 0.873249  0.121853
0.0877594   1.01987
34 12
 0.873249  0.121853
0.0877594   1.01987
34 13
 0.169134 0.0117556
  1.02363   1.07495
34 23
0.0659694 -0.315146
-0.901375  0.201291
34 24
0.0659694 -0.315146
-0.901375  0.201291
34 25
0.0774836  0.119222
-0.710441   1.55104
35 10
 0.873249  0.121853
0.0877594   1.01987
35 11
 0.873249  0.121853
0.0877594   1.01987
35 12
-7.84369 -10.2343
 12.0919  15.2813
35 13
-2.92709 -3.92709
 4.38135  5.38135
35 23
0.0659694 -0.315146
-0.901375  0.201291
35 24
0.0659694 -0.315146
-0.901375  0.201291
35 25
0.0625653 0.0962678
-0.779393   1.44495
36 10
   0.977207     1.10144
-0.00925178   -0.200279
36 11
  0.976777    1.09214
-0.0094262  -0.204055
36 12
-2.60506 -3.60506
 3.87037  4.87037
36 23
0.0659694 -0.315146
-0.901375  0.201291
36 24
0.0659694 -0.315146
-0.901375  0.201291
36 25
0.0524641 0.0807253
 -0.82608   1.37311
37 23
 0.219736 -0.583886
 0.141559  0.010914
37 24
    0.3919  -0.570612
  0.110325 0.00850586
37 25
 0.474985 -0.525015
-0.364222  0.635778
