6 15
 -4.25113   3.26111
 0.246729 -0.581253
6 16
 -4.25113   3.26111
 0.246729 -0.581253
6 17
 -4.25113   3.26111
 0.246729 -0.581253
6 18
 0.452146 -0.570458
 -3.67948    3.3529
7 15
 -4.25113   3.26111
 0.246729 -0.581253
7 16
 -4.25113   3.26111
 0.246729 -0.581253
7 17
 -4.25113   3.26111
 0.246729 -0.581253
7 18
-3.20862  4.04821
 11.4196 -15.6972
8 15
 -4.25113   3.26111
 0.246729 -0.581253
8 16
 -4.25113   3.26111
 0.246729 -0.581253
8 17
 -4.25113   3.26111
 0.246729 -0.581253
8 18
-0.352734  0.445033
-0.359685 -0.835577
9 15
 4.89146  8.00497
0.113297 0.498278
9 16
  4.17257   4.84332
0.0923669  0.406229
9 17
  3.67788   2.66765
0.0779642  0.342887
9 18
  1.68645  0.686445
-0.947816 0.0521844
13 8
  1.41134 -0.205777
 0.783497  0.290011
13 9
  1.41134 -0.205777
 0.783497  0.290011
13 10
  1.41134 -0.205777
 0.783497  0.290011
13 11
-4.75705 0.493924
-7.18106  1.32136
14 8
  1.41134 -0.205777
 0.783497  0.290011
14 9
  1.41134 -0.205777
 0.783497  0.290011
14 10
  1.41134 -0.205777
 0.783497  0.290011
14 11
-2.39306 0.248472
  -5.643  1.16166
15 8
  1.41134 -0.205777
 0.783497  0.290011
15 9
  1.41134 -0.205777
 0.783497  0.290011
15 10
  1.41134 -0.205777
 0.783497  0.290011
15 11
-1.59863 0.165986
-5.12612  1.10799
16 8
  0.963343  -0.398297
-0.0756878 -0.0831305
16 9
  0.956804  -0.405478
-0.0891888 -0.0979591
16 10
 0.947426 -0.415779
-0.108552 -0.119226
16 11
 0.643647 -0.356353
-0.942583 0.0574169
27 32
 0.818269 -0.518782
 0.287098  0.857039
27 33
 0.818269 -0.518782
 0.287098  0.857039
27 34
  0.183248 -0.0569768
   -1.0919    1.35866
28 31
 0.818269 -0.518782
 0.287098  0.857039
28 32
 0.818269 -0.518782
 0.287098  0.857039
28 33
 0.818269 -0.518782
 0.287098  0.857039
28 34
  0.206815 -0.0643046
  -1.24025    1.40478
29 31
 0.933092 -0.816193
  0.76295 -0.375496
29 32
 0.818269 -0.518782
 0.287098  0.857039
29 33
 0.818269 -0.518782
 0.287098  0.857039
29 34
  0.237339 -0.0737953
  -1.43239    1.46453
30 32
 0.885778 -0.655523
0.0232436  0.138221
30 33
 0.890852 -0.625349
0.0222111  0.132081
30 34
 0.625729 -0.374271
-0.468126  0.531874
