5 6
   0.80374 -0.0015801
  0.497445   0.221225
5 7
   0.80374 -0.0015801
  0.497445   0.221225
5 8
   0.80374 -0.0015801
  0.497445   0.221225
5 9
  -0.173484 0.000279052
   0.117722    0.363421
6 6
   0.80374 -0.0015801
  0.497445   0.221225
6 7
   0.80374 -0.0015801
  0.497445   0.221225
6 8
   0.80374 -0.0015801
  0.497445   0.221225
6 9
  -0.173387 0.000278896
  -0.103027    0.363776
6 23
  0.769217  0.0252836
   2.29232 -0.0565495
6 24
  0.756885  0.0255296
   2.21102 -0.0549283
6 25
 -1.75913  0.214529
-0.719445  0.134058
7 6
   0.80374 -0.0015801
  0.497445   0.221225
7 7
   0.80374 -0.0015801
  0.497445   0.221225
7 8
   0.80374 -0.0015801
  0.497445   0.221225
7 9
   -0.17329 0.000278741
   -0.32353    0.364131
7 22
 0.780896 0.0247484
  2.36954  -0.06007
7 23
  0.778162  0.0249385
   2.35128 -0.0588243
7 24
  0.772177  0.0249691
   2.31181 -0.0586226
7 25
  0.726944  0.0232865
   2.01356 -0.0697134
7 26
   -0.17281 -0.00630937
    2.48119    -0.22294
8 6
  0.558675  -0.269011
-0.0605577 -0.0486729
8 7
  0.497858  -0.317892
-0.0689029 -0.0553803
8 8
    0.4176  -0.382399
-0.0799157 -0.0642318
8 9
 0.418642 -0.581358
 -0.59005   0.40995
8 22
  0.776975  0.0247045
    2.3437 -0.0603592
8 23
  0.773637  0.0249777
   2.32144 -0.0585663
8 24
  0.766902  0.0250173
   2.27702 -0.0583047
8 25
  0.729548  0.0234816
   2.03068 -0.0684284
8 26
  -0.175019 -0.00639001
    2.05312   -0.238569
9 22
   0.40028  0.0612878
 -0.100025 0.00708277
9 23
  0.248993  0.0716878
 -0.125522 0.00877296
9 24
-0.00212864   0.0895688
  -0.167424   0.0117943
9 25
-0.540805  0.139508
-0.259534 0.0210279
9 26
 0.851075 -0.148925
-0.905586 0.0944143
19 31
  -1.4278 -0.612127
  1.02794  0.257225
19 32
 -1.42957 -0.613024
  1.02722  0.256857
19 33
 -1.42835 -0.612601
  1.02772  0.257032
19 34
 0.160248 0.0842145
 0.288089 -0.299019
20 31
 -1.42308 -0.611113
  1.02986  0.257636
20 32
  -1.4249 -0.611927
  1.02912  0.257304
20 33
 -1.42428 -0.611684
  1.02937  0.257402
20 34
 0.136956 0.0721445
 0.646493 -0.112522
21 31
 -1.42357 -0.611302
  1.02966  0.257557
21 32
 -1.42515 -0.612017
  1.02902  0.257267
21 33
 -1.42458 -0.611797
  1.02925  0.257355
21 34
 0.119691 0.0630473
  0.91276 0.0277633
22 31
 1.94114 0.470497
0.337679 0.170661
22 32
 1.56279 0.278893
0.201369 0.101841
22 33
  1.40095  0.197149
 0.143584 0.0726044
22 34
   1.13812   0.138117
  -1.03484 -0.0348415
