13 16
    0.999775   2.8302e-05
-4.04931e-05      1.00024
13 17
    0.999775  2.86687e-05
-4.80716e-05      1.00025
13 18
    0.999774  2.98863e-05
-5.86579e-05      1.00025
13 19
    0.999772  3.18683e-05
-7.33889e-05      1.00026
13 20
    0.999767   3.4509e-05
-9.30667e-05      1.00027
13 21
    0.999762  3.68136e-05
-0.000111193      1.00028
13 22
    0.999757  3.87045e-05
-0.000124576      1.00028
13 23
    0.999758  4.32753e-05
-0.000127131      1.00029
13 24
     1.00047 -0.000656985
  0.00103821     0.999146
14 15
    0.999772  2.83988e-05
-3.20395e-05      1.00023
14 16
   0.999775 2.74116e-05
-3.5915e-05     1.00024
14 17
    0.999776  2.75456e-05
-4.22252e-05      1.00024
14 18
    0.999776   2.8789e-05
-5.17793e-05      1.00025
14 19
    0.999774  3.11305e-05
-6.49905e-05      1.00026
14 20
    0.999771  3.46364e-05
-8.31438e-05      1.00027
14 21
    0.999765   3.9092e-05
-0.000102972      1.00028
14 22
    0.999761  4.41899e-05
-0.000116413      1.00029
14 23
    0.999764  5.01771e-05
-0.000116029       1.0003
14 24
   0.999774 5.85187e-05
-0.00010992     1.00031
14 25
    1.00058 -0.00072044
0.000953738    0.999259
15 14
   0.999766  3.2259e-05
-2.8165e-05     1.00023
15 15
     0.99977   2.9413e-05
-2.91885e-05      1.00023
15 16
    0.999774  2.74142e-05
-3.16895e-05      1.00023
15 17
    0.999776  2.66467e-05
-3.64068e-05      1.00024
15 18
    0.999778  2.72177e-05
-4.41418e-05      1.00024
15 19
    0.999777  2.92902e-05
-5.53761e-05      1.00025
15 20
    0.999775  3.31539e-05
-7.07955e-05      1.00027
15 21
    0.999771  3.91466e-05
-8.92458e-05      1.00028
15 22
    0.999768  4.66899e-05
-0.000104557      1.00029
15 23
    0.999771  5.42836e-05
-0.000108862       1.0003
15 24
    0.999783  6.19352e-05
-0.000104403      1.00031
15 25
    0.999797  6.99736e-05
-9.79012e-05      1.00031
15 26
     1.00066 -0.000768267
 0.000851953     0.999371
16 13
   0.999757  4.0706e-05
-2.8046e-05     1.00023
16 14
    0.999762  3.61301e-05
-2.71666e-05      1.00023
16 15
    0.999767  3.19061e-05
-2.71816e-05      1.00023
16 16
    0.999771  2.84951e-05
-2.82737e-05      1.00023
16 17
    0.999776  2.63513e-05
-3.13209e-05      1.00023
16 18
    0.999778  2.57392e-05
-3.71347e-05      1.00024
16 19
     0.99978  2.67947e-05
-4.61641e-05      1.00025
16 20
    0.999779  2.96869e-05
-5.86173e-05      1.00026
16 21
    0.999778  3.48076e-05
-7.41198e-05      1.00027
16 22
    0.999776  4.24024e-05
-9.00275e-05      1.00028
16 23
    0.999779  5.10918e-05
-0.000100324       1.0003
16 24
     0.99979  5.85834e-05
-0.000101216       1.0003
16 25
   0.999802 6.25639e-05
-9.6802e-05      1.0003
16 26
    0.999815  5.76101e-05
-9.00743e-05       1.0003
16 27
    1.00159 2.59854e-05
 0.00142077     1.00015
17 13
    0.999752  4.82858e-05
-2.83963e-05      1.00022
17 14
    0.999757  4.24378e-05
-2.72863e-05      1.00022
17 15
    0.999762   3.6619e-05
-2.64015e-05      1.00022
17 16
    0.999768  3.15343e-05
-2.61209e-05      1.00022
17 17
    0.999773  2.77614e-05
-2.75434e-05      1.00023
17 18
    0.999778  2.56131e-05
-3.15236e-05      1.00023
17 19
    0.999781  2.51849e-05
-3.85486e-05      1.00024
17 20
   0.999782 2.64605e-05
-4.8673e-05     1.00024
17 21
    0.999783   2.9444e-05
-6.14663e-05      1.00025
17 22
    0.999783  3.41518e-05
-7.57288e-05      1.00027
17 23
    0.999786   3.9959e-05
-8.89284e-05      1.00028
17 24
    0.999795  4.46284e-05
-9.62742e-05      1.00029
17 25
    0.999802  4.53639e-05
-9.56351e-05      1.00029
17 26
    0.999805  4.04951e-05
-9.10919e-05      1.00029
17 27
    1.00154 1.82966e-05
 0.00112224     1.00015
18 13
    0.999746  5.88782e-05
-2.95974e-05      1.00023
18 14
     0.99975  5.19951e-05
-2.85106e-05      1.00022
18 15
    0.999755  4.43539e-05
-2.69548e-05      1.00022
18 16
    0.999762  3.73442e-05
-2.54949e-05      1.00022
18 17
    0.999769  3.17328e-05
-2.53864e-05      1.00022
18 18
    0.999776  2.78208e-05
-2.76081e-05      1.00022
18 19
     0.99978  2.56771e-05
-3.27736e-05      1.00023
18 20
    0.999784  2.51995e-05
-4.10062e-05      1.00023
18 21
    0.999786  2.61394e-05
-5.18612e-05      1.00024
18 22
   0.999787 2.80905e-05
-6.4439e-05     1.00025
18 23
     0.99979    3.012e-05
-7.75781e-05      1.00026
18 24
    0.999796  3.04638e-05
-8.86269e-05      1.00027
18 25
    0.999799  2.82607e-05
-9.20888e-05      1.00028
18 26
    0.999799  2.44729e-05
-9.04344e-05      1.00028
18 27
    1.00151 1.12016e-05
0.000834731     1.00014
19 13
    0.999739  7.36049e-05
-3.15579e-05      1.00023
19 14
    0.999741  6.52101e-05
-3.08272e-05      1.00023
19 15
    0.999747   5.5592e-05
-2.90031e-05      1.00022
19 16
    0.999755  4.63741e-05
-2.65311e-05      1.00022
19 17
    0.999764  3.87538e-05
-2.49448e-05      1.00022
19 18
    0.999772   3.2977e-05
-2.54568e-05      1.00022
19 19
    0.999778  2.90335e-05
-2.88279e-05      1.00022
19 20
    0.999783     2.68e-05
-3.53236e-05      1.00023
19 21
    0.999786  2.59698e-05
-4.46199e-05      1.00023
19 22
    0.999789   2.5994e-05
-5.59102e-05      1.00024
19 23
    0.999791  2.57735e-05
-6.83058e-05      1.00025
19 24
   0.999794 2.35806e-05
-8.0156e-05     1.00025
19 25
    0.999795  1.91751e-05
-8.62589e-05      1.00026
19 26
    0.999795  1.44112e-05
-8.69036e-05      1.00027
19 27
     1.0015 6.11941e-06
0.000558662     1.00014
20 13
    0.999731  9.33094e-05
-3.41756e-05      1.00023
20 14
    0.999731  8.33747e-05
-3.43022e-05      1.00023
20 15
    0.999735  7.10191e-05
-3.28333e-05      1.00022
20 16
    0.999745  5.88319e-05
-2.93972e-05      1.00022
20 17
    0.999756  4.88783e-05
-2.62022e-05      1.00022
20 18
    0.999766  4.12052e-05
-2.49676e-05      1.00022
20 19
    0.999774  3.55201e-05
-2.65885e-05      1.00022
20 20
    0.999781  3.16255e-05
-3.14279e-05      1.00022
20 21
    0.999785  2.92212e-05
-3.92991e-05      1.00022
20 22
    0.999788  2.77755e-05
-4.94835e-05      1.00023
20 23
    0.999789  2.62038e-05
-6.09986e-05      1.00023
20 24
    0.999789  2.27669e-05
-7.23195e-05      1.00024
20 25
    0.999789  1.73014e-05
-7.93673e-05      1.00025
20 26
     0.99979  1.18604e-05
-8.16946e-05      1.00025
20 27
    1.00148 4.73359e-06
0.000294874     1.00013
21 13
    0.999725  0.000111458
-3.64636e-05      1.00024
21 14
    0.999719  0.000103229
-3.87234e-05      1.00023
21 15
     0.99972  8.94874e-05
-3.87827e-05      1.00023
21 16
    0.999732  7.43437e-05
-3.44829e-05      1.00022
21 17
    0.999746  6.16752e-05
-2.91624e-05      1.00022
21 18
    0.999758  5.20595e-05
-2.58923e-05      1.00021
21 19
   0.999769  4.4812e-05
-2.5749e-05     1.00021
21 20
    0.999777  3.94887e-05
-2.90193e-05      1.00021
21 21
    0.999783   3.5774e-05
-3.55833e-05      1.00022
21 22
    0.999787  3.32681e-05
-4.48094e-05      1.00022
21 23
    0.999787  3.11404e-05
-5.53924e-05      1.00022
21 24
    0.999785  2.78342e-05
-6.53232e-05      1.00023
21 25
   0.999783 2.28125e-05
 -7.215e-05     1.00024
21 26
    0.999785   1.7528e-05
-7.64281e-05      1.00024
21 27
    1.00147 7.55036e-06
4.29447e-05     1.00012
22 13
    0.999719  0.000124873
-3.83303e-05      1.00024
22 14
    0.999708  0.000116717
-4.37894e-05      1.00024
22 15
    0.999706   0.00010483
-4.62843e-05      1.00023
22 16
    0.999717  9.02667e-05
-4.20371e-05      1.00022
22 17
    0.999734  7.59429e-05
-3.38429e-05      1.00022
22 18
    0.999749  6.46378e-05
-2.78264e-05      1.00021
22 19
    0.999762  5.61004e-05
-2.57625e-05      1.00021
22 20
    0.999772  4.96698e-05
-2.75672e-05      1.00021
22 21
     0.99978  4.49957e-05
-3.30739e-05      1.00021
22 22
   0.999785 4.19981e-05
-4.1809e-05     1.00022
22 23
    0.999786  4.05152e-05
-5.17808e-05      1.00022
22 24
    0.999782  3.94618e-05
-5.96269e-05      1.00022
22 25
    0.999778  3.66868e-05
-6.49052e-05      1.00023
22 26
    0.999778   3.0169e-05
-7.02191e-05      1.00023
22 27
     1.00145   1.2911e-05
-0.000199522      1.00012
23 13
    0.999709  0.000127506
-4.28711e-05      1.00024
23 14
    0.999699  0.000116351
-4.97504e-05      1.00024
23 15
   0.999696 0.000109147
-5.3852e-05     1.00023
23 16
    0.999704  0.000100571
-5.06957e-05      1.00022
23 17
    0.999722  8.91431e-05
-3.96266e-05      1.00021
23 18
    0.999739  7.77733e-05
-2.98414e-05      1.00021
23 19
    0.999754  6.84929e-05
-2.55331e-05      1.00021
23 20
    0.999766  6.11842e-05
-2.59903e-05      1.00021
23 21
    0.999775  5.55808e-05
-3.09426e-05      1.00021
23 22
   0.999782 5.19744e-05
 -4.032e-05     1.00021
23 23
    0.999785  5.06888e-05
-5.04868e-05      1.00021
23 24
    0.999782  5.12009e-05
-5.63863e-05      1.00022
23 25
    0.999776  5.14259e-05
-5.94236e-05      1.00022
23 26
    0.999768  4.51858e-05
-6.20482e-05      1.00022
23 27
     1.00142  1.96805e-05
-0.000433473      1.00011
24 13
    1.00086 -0.00103966
0.000656212    0.999528
24 14
    0.999691  0.000110213
-5.80649e-05      1.00023
24 15
    0.999691  0.000104661
-6.14932e-05      1.00022
24 16
    0.999697  0.000101445
-5.81799e-05      1.00021
24 17
    0.999712  9.64794e-05
-4.42904e-05      1.00021
24 18
    0.99973 8.88155e-05
 -3.018e-05      1.0002
24 19
    0.999746  8.03395e-05
-2.33374e-05      1.00021
24 20
    0.999759  7.25069e-05
-2.25534e-05      1.00021
24 21
     0.99977  6.55203e-05
-2.76339e-05      1.00022
24 22
    0.999779  5.98336e-05
-3.92539e-05      1.00022
24 23
    0.999784  5.66009e-05
-5.09818e-05      1.00022
24 24
    0.999783  5.64309e-05
-5.62041e-05      1.00022
24 25
    0.999777  5.86019e-05
-5.80617e-05      1.00022
24 26
     1.00043  0.000729155
-0.000438807     0.999833
24 27
      1.0007  0.000699217
-0.000273864     0.999726
25 14
     1.00074 -0.000954878
 0.000719523     0.999424
25 15
    0.999688  9.81091e-05
-6.95229e-05       1.0002
25 16
    0.999695  9.70003e-05
-6.21817e-05       1.0002
25 17
    0.999708  9.58272e-05
-4.50404e-05       1.0002
25 18
    0.999723   9.2279e-05
-2.79814e-05       1.0002
25 19
    0.999738  8.64495e-05
-1.89347e-05       1.0002
25 20
    0.999752   7.9562e-05
-1.70904e-05      1.00021
25 21
   0.999763 7.23547e-05
 -2.261e-05     1.00022
25 22
    0.999773  6.51229e-05
-3.64638e-05      1.00022
25 23
    0.999782    5.965e-05
-5.11819e-05      1.00022
25 24
    0.999784  5.82964e-05
-5.83628e-05      1.00022
25 25
      1.0003  0.000579352
-0.000579221       0.9997
25 26
    1.00055  0.00054998
-0.00041001     0.99959
26 15
     1.00063 -0.000852797
 0.000767122     0.999339
26 16
   0.999696 9.02375e-05
-5.7247e-05     1.00019
26 17
    0.999707  9.12834e-05
-4.01933e-05      1.00019
26 18
     0.99972  9.06254e-05
-2.42009e-05       1.0002
26 19
    0.999733  8.71001e-05
-1.41779e-05      1.00021
26 20
    0.999746  8.18923e-05
-1.16469e-05      1.00021
26 21
    0.999756  7.66287e-05
-1.73252e-05      1.00021
26 22
    0.999766  7.04405e-05
-2.99498e-05      1.00022
26 23
    0.999775   6.2304e-05
-4.49522e-05      1.00023
26 24
     1.00017  0.000438465
-0.000728312     0.999569
26 25
     1.00041  0.000409649
-0.000549815      0.99945
27 16
    0.999848  -0.00141769
-2.57211e-05      0.99842
27 17
    0.999854  -0.00112015
-1.80934e-05     0.998464
27 18
    0.999859 -0.000833518
-1.10323e-05     0.998493
27 19
    0.999865 -0.000558283
-5.98625e-06      0.99851
27 20
    0.999872 -0.000295274
-4.61064e-06     0.998521
27 21
    0.999877  -4.4072e-05
-7.42603e-06     0.998533
27 22
    0.999881  0.000197725
-1.27667e-05     0.998553
27 23
    0.999885  0.000431099
-1.95152e-05     0.998585
27 24
     1.00027  0.000273144
-0.000698289     0.999302
