10 27
 -4.25747   3.26658
 0.247015 -0.581701
10 28
 -4.25747   3.26658
 0.247015 -0.581701
10 29
 -4.25747   3.26658
 0.247015 -0.581701
10 30
 -0.290102   0.366198
-0.0543352   -1.22184
11 27
 -4.25747   3.26658
 0.247015 -0.581701
11 28
 -4.25747   3.26658
 0.247015 -0.581701
11 29
 -4.25747   3.26658
 0.247015 -0.581701
11 30
-0.167457  0.211382
-0.798463 -0.282526
12 27
 -4.25747   3.26658
 0.247015 -0.581701
12 28
 -4.25747   3.26658
 0.247015 -0.581701
12 29
 -4.25747   3.26658
 0.247015 -0.581701
12 30
-0.117699  0.148572
 -1.10037 0.0985675
13 27
  3.28113  0.932932
0.0251511  0.110779
13 28
  3.17188  0.451736
0.0239465  0.105473
13 29
  3.07262 0.0145249
0.0228521  0.100653
13 30
 0.946151 -0.053849
-0.774433  0.225567
14 10
   1.13746 -0.0816551
  0.626439   0.362548
14 11
   1.13746 -0.0816551
  0.626439   0.362548
14 12
   1.13746 -0.0816551
  0.626439   0.362548
14 13
 -1.84452 0.0940758
 -2.16731  0.689599
15 10
   1.13746 -0.0816551
  0.626439   0.362548
15 11
   1.13746 -0.0816551
  0.626439   0.362548
15 12
   1.13746 -0.0816551
  0.626439   0.362548
15 13
 -1.55243 0.0791783
 -3.13106  0.738753
16 10
   1.13746 -0.0816551
  0.626439   0.362548
16 11
   1.13746 -0.0816551
  0.626439   0.362548
16 12
   1.13746 -0.0816551
  0.626439   0.362548
16 13
 -1.3402 0.068354
 -3.8313 0.774468
17 10
  0.899202   -0.29413
-0.0755503  -0.099628
17 11
  0.88126 -0.317789
-0.088998 -0.117361
17 12
 0.855548 -0.351696
 -0.10827 -0.142775
17 13
 0.637203 -0.362797
-0.985038 0.0149625
