13 16
   0.999823 0.000830721
-0.00324299     1.00296
13 17
     1.0005  0.00046204
-0.00391303      1.0034
13 18
    1.00129 0.000138595
-0.00471506     1.00383
13 19
      1.0022 -0.000154098
 -0.00570584       1.0043
13 20
     1.00331 -0.000443059
 -0.00691001      1.00481
13 21
    1.00432 -0.00063295
-0.00796622     1.00522
13 22
     1.00524 -0.000673497
 -0.00875543      1.00553
13 23
     1.00591 -0.000706507
 -0.00895038      1.00613
13 24
 0.995072 0.0104411
0.0231231   0.97555
14 15
    0.99884  0.00147763
-0.00227963     1.00209
14 16
   0.999435  0.00108344
-0.00279733     1.00252
14 17
    1.00013 0.000693523
 -0.0034349     1.00301
14 18
    1.00094 0.000301876
-0.00421001     1.00355
14 19
     1.00187 -9.01727e-05
 -0.00512977      1.00417
14 20
    1.00296 -0.00048704
-0.00627263     1.00487
14 21
     1.00411 -0.000853016
 -0.00746232      1.00561
14 22
    1.00515 -0.00112256
-0.00826561     1.00631
14 23
    1.00585 -0.00125508
-0.00823277     1.00692
14 24
    1.00634 -0.00128743
-0.00777326     1.00756
14 25
 0.992622 0.0128132
0.0244821  0.976823
15 14
   0.997894  0.00228499
-0.00145386     1.00113
15 15
   0.998418  0.00186082
-0.00184579     1.00156
15 16
   0.999018  0.00141704
-0.00232323     1.00203
15 17
   0.999711 0.000971969
-0.00289955     1.00255
15 18
    1.00051 0.000515625
-0.00359701     1.00315
15 19
    1.00144 4.84847e-05
-0.00443101     1.00385
15 20
     1.00251 -0.000440159
 -0.00544208      1.00468
15 21
     1.00369 -0.000946084
 -0.00657588      1.00566
15 22
    1.00486 -0.00137988
-0.00748942     1.00663
15 23
    1.00577 -0.00161256
-0.00767204     1.00736
15 24
    1.00634 -0.00166189
-0.00719616     1.00786
15 25
    1.00671 -0.00174219
-0.00649754     1.00834
15 26
 0.990049 0.0149955
0.0245851  0.978772
16 13
    0.997041   0.00321828
-0.000799505      1.00014
16 14
   0.997472  0.00278596
-0.00105642     1.00053
16 15
   0.997954  0.00232422
-0.00139564     1.00095
16 16
   0.998545   0.0018313
-0.00182058     1.00143
16 17
    0.99923  0.00132244
-0.00233015     1.00198
16 18
    1.00003 0.000811335
-0.00295073     1.00259
16 19
   1.00094 0.00030071
-0.0036915    1.00328
16 20
     1.00199 -0.000220725
 -0.00455567      1.00407
16 21
     1.00316 -0.000771922
 -0.00552917      1.00503
16 22
     1.0044 -0.00133828
-0.00647153     1.00612
16 23
    1.00556 -0.00178335
-0.00697868      1.0071
16 24
    1.00631 -0.00198487
-0.00675026     1.00773
16 25
    1.00656 -0.00209523
-0.00613593     1.00806
16 26
    1.00662  -0.0024468
-0.00527676     1.00817
16 27
    0.96948 -0.00130706
  0.0473195       1.004
17 13
    0.996615   0.00385883
-0.000427415     0.999464
17 14
    0.997002   0.00339659
-0.000664622     0.999836
17 15
    0.997441   0.00287745
-0.000946485      1.00026
17 16
   0.998008  0.00232278
-0.00130449     1.00074
17 17
   0.998692  0.00175857
-0.00175423     1.00129
17 18
   0.999496  0.00120261
-0.00231256     1.00188
17 19
    1.00042 0.000656713
-0.00297867     1.00254
17 20
    1.00145 0.000113046
-0.00373776     1.00328
17 21
     1.00259 -0.000444558
 -0.00456301       1.0041
17 22
    1.00382 -0.00103547
-0.00539643     1.00505
17 23
     1.0051 -0.00163706
-0.00606838     1.00605
17 24
    1.0061 -0.0021061
-0.0062231    1.00684
17 25
    1.00636 -0.00240835
-0.00588023     1.00728
17 26
    1.0062 -0.0026877
-0.0053093    1.00738
17 27
   0.972072 -0.00136603
   0.039931      1.0036
18 13
    0.996193    0.0046178
-0.000100979     0.998686
18 14
    0.996474   0.00412968
-0.000271429     0.999033
18 15
    0.996859    0.0035389
-0.000488376     0.999463
18 16
     0.99741   0.00291477
-0.000789282     0.999951
18 17
   0.998104  0.00229456
-0.00119054     1.00048
18 18
   0.998924  0.00169292
-0.00169774     1.00106
18 19
   0.999858  0.00111034
-0.00230563     1.00169
18 20
    1.00089 0.000540047
-0.00299578     1.00237
18 21
     1.00202 -2.93702e-05
 -0.00373356      1.00311
18 22
    1.00321 -0.00061717
-0.00447245     1.00391
18 23
    1.00448  -0.0012472
-0.00514115     1.00475
18 24
    1.00562 -0.00187781
-0.00556022     1.00553
18 25
    1.00603 -0.00238207
-0.00553048     1.00609
18 26
    1.00592 -0.00270826
-0.00528172     1.00635
18 27
   0.974733 -0.00136797
  0.0333559     1.00314
19 13
   0.995742  0.00554102
0.000195318     0.99779
19 14
    0.99588  0.00498389
0.000121348    0.998133
19 15
    0.996194   0.00431647
-2.30789e-05     0.998561
19 16
    0.996744   0.00361117
-0.000278773     0.999049
19 17
    0.997463   0.00292615
-0.000641612     0.999574
19 18
    0.99831  0.00227423
-0.00110737     1.00013
19 19
   0.999266  0.00165284
-0.00166936     1.00073
19 20
   1.00031 0.00105434
-0.0023102    1.00137
19 21
    1.00144  0.00046753
-0.00299772     1.00205
19 22
     1.00261 -0.000122145
 -0.00368908      1.00276
19 23
     1.00383 -0.000738096
 -0.00433965      1.00349
19 24
    1.00499 -0.00138913
-0.00486209     1.00419
19 25
    1.00555 -0.00199511
-0.00505903     1.00479
19 26
     1.0056 -0.00247022
-0.00503382     1.00524
19 27
   0.977335 -0.00129507
  0.0276791     1.00266
20 13
   0.995227  0.00666863
0.000497298    0.996709
20 14
   0.995203  0.00603091
0.000521078     0.99707
20 15
   0.995412  0.00523762
0.000458944    0.997525
20 16
   0.995988  0.00440579
0.000235975    0.998034
20 17
    0.996759   0.00363374
-0.000101099     0.998564
20 18
    0.997649   0.00292525
-0.000535589     0.999114
20 19
   0.99864  0.0022642
-0.0010629   0.999692
20 20
   0.999711  0.00163784
-0.00166722      1.0003
20 21
    1.00084  0.00103225
-0.00232107     1.00094
20 22
    1.00201 0.000432791
-0.00298888     1.00159
20 23
      1.0032 -0.000176501
 -0.00363667      1.00226
20 24
     1.00433 -0.000805816
 -0.00420801       1.0029
20 25
    1.00499 -0.00141227
-0.00453852     1.00346
20 26
    1.00518  -0.0019122
-0.00465604      1.0039
20 27
  0.979621 -0.0010337
 0.0230918    1.00201
21 13
   0.994787   0.0076627
0.000720277    0.995716
21 14
  0.994472 0.00712408
0.00090089   0.995961
21 15
   0.994485   0.0062561
0.000959872     0.99639
21 16
   0.995101  0.00527581
0.000771292    0.996919
21 17
   0.995978  0.00438353
0.000443697    0.997469
21 18
   0.996942   0.0036083
2.71277e-05    0.998024
21 19
    0.997983   0.00291057
-0.000475935     0.998593
21 20
   0.999087  0.00226122
-0.00105338    0.999183
21 21
    1.00023  0.00164014
-0.00168215    0.999794
21 22
     1.0014  0.00102947
-0.00233395     1.00042
21 23
    1.00258 0.000413558
-0.00298428     1.00106
21 24
     1.00368 -0.000221015
  -0.0035905      1.00168
21 25
      1.0044 -0.000845343
  -0.0040096      1.00225
21 26
    1.00477 -0.00133383
-0.00426907     1.00271
21 27
    0.981368 -0.000741856
   0.0197028      1.00143
22 13
   0.994439  0.00841764
0.000806729    0.994799
22 14
  0.993767  0.0078932
0.00119814   0.994944
22 15
   0.99353 0.00709589
 0.0014089   0.995267
22 16
  0.994086 0.00610838
0.00132152    0.99574
22 17
  0.995104 0.00511755
0.00100909   0.996306
22 18
   0.996191  0.00427378
0.000595552    0.996883
22 19
   0.997304   0.0035478
0.000103689     0.99746
22 20
     0.99845   0.00288826
-0.000455028     0.998044
22 21
   0.999616  0.00226209
-0.00106343    0.998644
22 22
    1.00078  0.00164453
-0.00169827    0.999263
22 23
    1.00194  0.00101313
-0.00234312    0.999897
22 24
    1.00302 0.000351854
-0.00296871     1.00053
22 25
     1.00378 -0.000296167
 -0.00345567      1.00112
22 26
    1.00438 -0.00081083
-0.00382969     1.00164
22 27
    0.982589 -0.000496869
   0.0173734      1.00093
23 13
    0.99387  0.00853822
0.000863692    0.994165
23 14
  0.993149 0.00786328
0.00136207    0.99425
23 15
  0.992786  0.0072909
0.00167649   0.994365
23 16
  0.993131 0.00658119
0.00178166   0.994624
23 17
  0.994183 0.00570424
0.00158668   0.995098
23 18
  0.995413 0.00485802
0.00119086   0.995693
23 19
   0.996621  0.00413172
0.000694474      0.9963
23 20
   0.997818  0.00348472
0.000140889    0.996899
23 21
    0.999002   0.00287315
-0.000450806     0.997501
23 22
    1.00016  0.00226086
-0.00106021    0.998126
23 23
    1.00128  0.00161645
-0.00168165    0.998783
23 24
    1.00233 0.000934792
-0.00231423    0.999456
23 25
    1.00316  0.00027672
-0.00286154      1.0001
23 26
     1.00393 -0.000266824
 -0.00331677      1.00068
23 27
    0.983322 -0.000244803
   0.0159908      1.00047
24 13
   1.02572 -0.0243328
 -0.011031    1.00563
24 14
  0.992553 0.00737229
 0.0014098    0.99379
24 15
   0.99228 0.00683801
0.00174844     0.9938
24 16
  0.992484 0.00639731
 0.0020172   0.993855
24 17
  0.993414 0.00586887
0.00206661   0.994099
24 18
  0.994689 0.00523445
0.00179582    0.99459
24 19
   0.99597 0.00459677
0.00130967   0.995201
24 20
   0.997219  0.00400441
0.000743677    0.995816
24 21
   0.998412  0.00343651
0.000167321    0.996429
24 22
    0.999542    0.0028525
-0.000405134     0.997071
24 23
    1.00061  0.00222369
-0.00099473    0.997747
24 24
    1.00162  0.00153999
-0.00161507    0.998451
24 25
    1.00254 0.000874009
-0.00220894    0.999148
24 26
   0.995034 -0.00809483
 0.00512613     1.00765
24 27
    0.99165 -0.00834996
 0.00788764     1.00789
25 14
   1.02441 -0.0256887
-0.0134649    1.00823
25 15
  0.991856 0.00614876
0.00180888   0.993468
25 16
  0.992146 0.00583163
0.00213173   0.993593
25 17
  0.992962 0.00558091
0.00238903   0.993789
25 18
  0.994153 0.00524087
0.00230257   0.994127
25 19
  0.995414 0.00479926
0.00189397   0.994605
25 20
  0.996695 0.00432297
0.00132508    0.99515
25 21
    0.99787  0.00383529
0.000772925    0.995719
25 22
  0.998971 0.00331587
0.00023029   0.996312
25 23
    0.999977   0.00274828
-0.000337897      0.99692
25 24
     1.00093   0.00211299
-0.000939802      0.99754
25 25
   0.994533 -0.00590234
 0.00583851     1.00555
25 26
   0.993209 -0.00679063
 0.00662888     1.00663
26 15
   1.02242 -0.0256735
-0.0157297     1.0109
26 16
  0.992067 0.00508961
 0.0024113   0.993549
26 17
   0.99282 0.00513137
0.00266176   0.993909
26 18
  0.993869 0.00505858
0.00264536   0.994185
26 19
  0.994987  0.0048017
0.00237136   0.994524
26 20
  0.996279 0.00444699
0.00181416    0.99494
26 21
  0.997423 0.00408265
0.00125752   0.995339
26 22
    0.99847   0.0036641
0.000739965    0.995735
26 23
   0.999412  0.00317425
0.000196715    0.996165
26 24
   0.992571 -0.00509642
 0.00793691     1.00494
26 25
   0.993427 -0.00657318
 0.00677267     1.00677
27 16
  0.995964 -0.0488605
0.00136974    1.03194
27 17
  0.996333 -0.0409385
0.00145691    1.02902
27 18
   0.99683 -0.0339312
0.00143844    1.02605
27 19
  0.997353 -0.0279868
0.00132983    1.02321
27 20
  0.998018  -0.023273
0.00104117     1.0208
27 21
   0.998597  -0.0198331
0.000742484     1.01899
27 22
   0.999108   -0.017505
0.000484569     1.01774
27 23
   0.999571  -0.0161685
0.000215596     1.01703
27 24
   0.992257 -0.00774346
 0.00827444     1.00827
