13 16
    1.00259  0.00014669
-0.00733619     1.00543
13 17
     1.0047  -0.0010323
-0.00915875      1.0066
13 18
    1.00721 -0.00209879
 -0.0112861     1.00773
13 19
    1.01019 -0.00309678
 -0.0138529     1.00891
13 20
    1.01376 -0.00408912
 -0.0168465     1.01017
13 21
     1.0169 -0.00471697
 -0.0192571     1.01111
13 22
    1.01961 -0.00482856
 -0.0208792     1.01178
13 23
 0.981959 0.0336493
0.0375397  0.955678
14 15
   0.999592  0.00220485
-0.00463365     1.00307
14 16
    1.00137 0.000993334
-0.00611637     1.00428
14 17
      1.0035 -0.000250076
 -0.00788767      1.00559
14 18
    1.00605 -0.00154767
-0.00997437     1.00703
14 19
    1.00901 -0.00289946
 -0.0123865     1.00864
14 20
    1.01257 -0.00430974
 -0.0152872     1.01042
14 21
     1.0162 -0.00562029
 -0.0181089     1.01222
14 22
    1.01931 -0.00658894
  -0.019816     1.01383
14 23
     1.0212 -0.00716488
 -0.0196698     1.01525
14 24
    1.02235 -0.00769038
 -0.0186248      1.0169
14 25
 0.965819 0.0482443
0.0508805  0.951836
15 14
   0.996848  0.00460863
-0.00219717     1.00036
15 15
   0.998333  0.00338271
-0.00338996      1.0016
15 16
    1.00008  0.00205833
-0.00479802     1.00294
15 17
    1.00215 0.000676935
-0.00643756     1.00439
15 18
     1.00461 -0.000802404
 -0.00834682      1.00601
15 19
     1.0075 -0.00239414
 -0.0105602     1.00785
15 20
    1.01092 -0.00414571
 -0.0131741     1.01001
15 21
    1.01471 -0.00600957
 -0.0159802     1.01246
15 22
    1.01829 -0.00761151
 -0.0180819     1.01475
15 23
    1.02075 -0.00857546
   -0.01836      1.0164
15 24
    1.02181 -0.00910691
 -0.0171151     1.01757
15 25
    1.02221 -0.00995502
 -0.0154165     1.01865
15 26
    0.90215 -0.00462008
   0.104637      1.0089
16 13
    0.994491   0.00721775
-0.000163566     0.997456
16 14
   0.995663   0.0060355
-0.00101274    0.998642
16 15
   0.996994  0.00474901
-0.00207322    0.999894
16 16
   0.998663  0.00333095
-0.00336695     1.00129
16 17
    1.00065  0.00180811
-0.00485873     1.00284
16 18
    1.00302 0.000208439
-0.00659662     1.00453
16 19
    1.00581  -0.0014727
-0.00859401     1.00639
16 20
    1.00905 -0.00328877
 -0.0108596     1.00849
16 21
     1.0127 -0.00531554
 -0.0133521     1.01096
16 22
    1.01657 -0.00747066
 -0.0156812     1.01367
16 23
   1.01981 -0.0092129
-0.0167903    1.01597
16 24
   1.02129  -0.010181
-0.0160842    1.01736
16 25
   1.02125 -0.0108373
-0.0145284    1.01814
16 26
  0.96205 0.0465244
0.0434423  0.963091
17 13
   0.993348  0.00892514
0.000986264    0.995451
17 14
    0.99439  0.00770159
0.000193551    0.996615
17 15
   0.995569  0.00630134
-0.00072026    0.997913
17 16
   0.997116  0.00476186
-0.00185402    0.999371
17 17
   0.999034  0.00313665
-0.00321752     1.00096
17 18
   1.00135 0.00146386
-0.0048286    1.00266
17 19
    1.00406 -0.00026024
-0.00666605     1.00448
17 20
    1.00716   -0.002068
-0.00868674     1.00645
17 21
     1.0106 -0.00402305
 -0.0108324     1.00864
17 22
    1.01434 -0.00619639
 -0.0129694      1.0111
17 23
    1.01806 -0.00844603
 -0.0146232     1.01362
17 24
   1.02038 -0.0101562
-0.0148477    1.01555
17 25
   1.02053 -0.0111345
-0.0138405     1.0166
17 26
   1.01961 -0.0117709
-0.0121302     1.0168
17 27
   0.904054 -0.00529539
  0.0829656     1.00771
18 13
  0.992244  0.0108743
0.00202996   0.993125
18 14
  0.992996 0.00960854
0.00144318    0.99425
18 15
   0.994005  0.00806138
0.000703289    0.995619
18 16
   0.995454  0.00638953
-0.00029364    0.997134
18 17
   0.997335  0.00467081
-0.00155948    0.998747
18 18
   0.999621  0.00293397
-0.00307432     1.00044
18 19
    1.00229  0.00117285
-0.00479899     1.00222
18 20
      1.0053 -0.000635127
 -0.00667459       1.0041
18 21
     1.0086 -0.00252508
-0.00861735      1.0061
18 22
    1.01212 -0.00455797
 -0.0105281     1.00824
18 23
     1.0158 -0.00677299
 -0.0122293     1.01048
18 24
    1.01881 -0.00888175
 -0.0131887     1.01251
18 25
   1.01956 -0.0104067
-0.0129448    1.01391
18 26
   1.01904 -0.0112598
-0.0121388     1.0145
18 27
  0.913553 -0.0051381
 0.0697154    1.00678
19 13
  0.991075  0.0131558
0.00302265   0.990425
19 14
 0.991468 0.0117271
0.0027319  0.991584
19 15
  0.992276  0.0100259
0.00219526   0.992995
19 16
  0.993671 0.00820159
 0.0013049   0.994564
19 17
   0.995551  0.00637376
0.000110277    0.996206
19 18
   0.997838  0.00456706
-0.00133396    0.997904
19 19
    1.00049  0.00277026
-0.00297936    0.999658
19 20
    1.00346 0.000959864
 -0.0047646     1.00148
19 21
     1.00667 -0.000892395
 -0.00660509      1.00336
19 22
    1.01006 -0.00282106
-0.00840402      1.0053
19 23
    1.01358 -0.00486948
 -0.0100639     1.00728
19 24
    1.01679 -0.00697549
 -0.0113444     1.00917
19 25
    1.01817 -0.00881218
 -0.0117286     1.01074
19 26
   1.01819 -0.0101521
-0.0115722    1.01184
19 27
   0.922721 -0.00482001
  0.0581463     1.00574
20 13
   0.98973  0.0158635
0.00408444   0.987154
20 14
  0.989748  0.0142184
0.00409256   0.988433
20 15
  0.990308  0.0122348
0.00379042   0.989986
20 16
  0.99172 0.0101578
 0.002967  0.991673
20 17
  0.993667 0.00817612
0.00180595   0.993379
20 18
   0.995998  0.00628826
0.000403786    0.995098
20 19
   0.998668  0.00445611
-0.00119299    0.996842
20 20
    1.00162  0.00264622
-0.00292289     0.99862
20 21
     1.0048 0.000823831
-0.00470906     1.00043
20 22
    1.00811 -0.00104077
-0.00646806     1.00227
20 23
    1.01152 -0.00296791
-0.00813156     1.00409
20 24
    1.01474 -0.00493145
-0.00956669     1.00583
20 25
    1.01652 -0.00674865
 -0.0103482     1.00734
20 26
      1.017 -0.00819489
 -0.0106047     1.00849
20 27
  0.930955 -0.0040125
 0.0488365    1.00421
21 13
  0.988517  0.0182425
0.00496031   0.984117
21 14
  0.987877   0.016777
0.00546475    0.98512
21 15
  0.988012  0.0145868
0.00552366   0.986695
21 16
  0.989515  0.0121843
0.00474433   0.988523
21 17
  0.991653 0.00997933
0.00355495   0.990338
21 18
  0.994102  0.0079935
0.00215327   0.992103
21 19
   0.996833  0.00613418
0.000576162    0.993853
21 20
   0.999809  0.00433501
-0.00112464     0.99561
21 21
    1.00296  0.00254707
-0.00288046    0.997383
21 22
    1.00622 0.000730325
-0.00462378    0.999168
21 23
    1.00957 -0.00113816
-0.00631443     1.00094
21 24
    1.01277 -0.00305395
-0.00787338     1.00264
21 25
    1.01479 -0.00488615
-0.00893518     1.00417
21 26
    1.01584 -0.00627768
-0.00959329     1.00536
21 27
   0.937672 -0.00313001
  0.0422712     1.00274
22 13
  0.987495  0.0200626
0.00549007   0.981339
22 14
  0.986039  0.0186198
0.00666004   0.982119
22 15
  0.985589  0.0165307
0.00721691   0.983476
22 16
  0.987031  0.0140536
0.00664307   0.985254
22 17
  0.989478  0.0116444
0.00539404   0.987174
22 18
  0.992158 0.00955904
0.00393371   0.989016
22 19
  0.995006 0.00769596
0.00234034   0.990789
22 20
  0.998027 0.00593621
0.00064895   0.992537
22 21
    1.00117  0.00420203
-0.00108601    0.994291
22 22
    1.00437  0.00243043
-0.00280527    0.996068
22 23
    1.00763  0.00056901
-0.00450131    0.997866
22 24
    1.01077 -0.00139376
-0.00615911    0.999625
22 25
    1.01301 -0.00328359
 -0.0074574     1.00122
22 26
    1.01473 -0.00472536
-0.00845231     1.00258
22 27
   0.942946 -0.00244826
  0.0382563     1.00147
23 13
   0.98611   0.020146
0.00595903   0.979732
23 14
  0.984423  0.0185421
0.00749506   0.980324
23 15
  0.983606   0.017016
0.00842675   0.981066
23 16
  0.984607  0.0151224
0.00838976   0.982272
23 17
 0.987216 0.0129093
0.0073013  0.984008
23 18
  0.990208  0.0108451
0.00577165   0.985901
23 19
   0.99323 0.00904122
0.00411351   0.987719
23 20
   0.99632 0.00737617
0.00240196   0.989466
23 21
   0.999451  0.00574268
0.000688749      0.9912
23 22
     1.00256   0.00404439
-0.000964974     0.992988
23 23
    1.00567  0.00219871
-0.00260901    0.994862
23 24
    1.00872 0.000209611
 -0.0043357    0.996751
23 25
     1.0112  -0.0017127
-0.00585172    0.998516
23 26
    1.01354 -0.00323807
-0.00711247     1.00004
23 27
   0.946988 -0.00180194
  0.0365552     1.00028
24 13
   1.06137 -0.0567416
-0.0486378    1.03312
24 14
  0.982932   0.017205
0.00799946   0.979502
24 15
 0.982232 0.0158704
0.0090115  0.979896
24 16
  0.982841  0.0146718
0.00949959   0.980416
24 17
  0.985256  0.0132421
0.00897541   0.981471
24 18
  0.988403  0.0116242
0.00760987   0.983081
24 19
  0.991584  0.0100506
0.00589369    0.98486
24 20
  0.994756 0.00857321
0.00411808   0.986579
24 21
  0.997859 0.00711603
0.00243738   0.988271
24 22
   1.00085 0.00556949
0.00090677   0.990056
24 23
     1.00376   0.00384525
-0.000637846     0.991966
24 24
    1.00664  0.00190757
-0.00235468    0.993961
24 25
     1.00934 -4.01188e-05
 -0.00403511     0.995924
24 26
  0.985999 -0.0275818
 0.0144069    1.01746
24 27
  0.973209 -0.0267908
   0.01897    1.01897
25 14
   1.05837  -0.060884
-0.0547268    1.04163
25 15
  0.981135  0.0140819
0.00944406   0.979581
25 16
 0.981859  0.013255
0.0100833  0.980097
25 17
 0.984006 0.0125424
0.0101249  0.980773
25 18
 0.987022 0.0116242
0.0091577  0.981837
25 19
 0.990185 0.0105014
0.0075537  0.983232
25 20
  0.993419 0.00931847
0.00572622   0.984742
25 21
  0.996448 0.00809597
0.00410847   0.986287
25 22
  0.999323 0.00677288
0.00267661   0.987898
25 23
     1.002 0.00527923
0.00123558   0.989578
25 24
     1.00463   0.00351765
-0.000402873     0.991346
25 25
 0.986716 -0.018882
0.0183697   1.01346
25 26
  0.979893 -0.0201066
 0.0174763    1.01748
26 15
   1.05332 -0.0611231
-0.0596924    1.04929
26 16
 0.981578 0.0115087
0.0107511  0.980481
26 17
 0.983516  0.011532
0.0109025  0.981241
26 18
 0.986215 0.0112406
0.0102052  0.981969
26 19
  0.989083  0.0105362
0.00893379   0.982956
26 20
  0.992363 0.00964033
0.00707483   0.984124
26 21
  0.995293 0.00872086
0.00544863   0.985223
26 22
  0.998031 0.00766121
0.00404657   0.986281
26 23
   1.00049 0.00641871
0.00265676   0.987351
26 24
 0.983359 -0.014329
0.0264713   1.01356
26 25
 0.982677 -0.017323
0.0199464   1.01995
27 16
  0.989993  -0.117646
0.00647524    1.12622
27 17
  0.991032 -0.0965118
0.00642249    1.11178
27 18
   0.99244 -0.0783674
 0.0059715    1.09812
27 19
  0.993907 -0.0635614
0.00530087    1.08586
27 20
  0.995695  -0.052429
0.00420398    1.07565
27 21
  0.997226 -0.0449186
0.00325205    1.06771
27 22
  0.998604 -0.0405386
0.00247419    1.06165
27 23
  0.999831 -0.0389297
0.00171597    1.05724
27 24
  0.981493 -0.0185069
 0.0264995     1.0265
