-0.5 1 0 0 0 0 255
-0.475 1 0 0 0 0 255
-0.45 1 0 0 0 0 255
-0.425 1 0 0 0 0 255
-0.4 1 0 0 0 0 255
-0.375 1 0 0 0 0 255
-0.35 1 0 0 0 0 255
-0.325 1 0 0 0 0 255
-0.3 1 0 0 0 0 255
-0.275 1 0 0 0 0 255
-0.25 1 0 0 0 0 255
-0.225 1 0 0 0 0 255
-0.2 1 0 0 0 0 255
-0.175 1 0 0 0 0 255
-0.15 1 0 0 0 0 255
-0.125 1 0 0 0 0 255
-0.1 1 0 0 0 0 255
-0.075 1 0 0 0 0 255
-0.05 1 0 0 0 0 255
-0.025 1 0 0 0 0 255
0 1 0 0 0 0 255
0.025 1 0 0 0 0 255
0.05 1 0 0 0 0 255
0.075 1 0 0 0 0 255
0.1 1 0 0 0 0 255
0.125 1 0 0 0 0 255
0.15 1 0 0 0 0 255
0.175 1 0 0 0 0 255
0.2 1 0 0 0 0 255
0.225 1 0 0 0 0 255
0.25 1 0 0 0 0 255
0.275 1 0 0 0 0 255
0.3 1 0 0 0 0 255
0.325 1 0 0 0 0 255
0.35 1 0 0 0 0 255
0.375 1 0 0 0 0 255
0.4 1 0 0 0 0 255
0.425 1 0 0 0 0 255
0.45 1 0 0 0 0 255
0.475 1 0 0 0 0 255
0.5 1 0 0 0 0 255
-0.5 0.975 0 0 0 0 255
-0.475 0.975 0 0 0 0 255
-0.45 0.975 0 0 0 0 255
-0.425 0.975 0 0 0 0 255
-0.4 0.975 0 0 0 0 255
-0.375 0.975 0 0 0 0 255
-0.35 0.975 0 0 0 0 255
-0.325 0.975 0 0 0 0 255
-0.3 0.975 0 0 0 0 255
-0.275 0.975 0 0 0 0 255
-0.25 0.975 0 0 0 0 255
-0.225 0.975 0 0 0 0 255
-0.2 0.975 0 0 0 0 255
-0.175 0.975 -80579.5 -83982.8 255 0 0
-0.15 0.975 -317864 -117926 255 0 0
-0.125 0.975 -100852 3327.7 255 0 0
-0.1 0.975 212654 -128240 255 0 0
-0.075 0.975 -46537.2 -466764 255 0 0
-0.05 0.975 13900.6 -10729.5 255 0 0
-0.025 0.975 0 0 0 0 255
0 0.975 0 0 0 0 255
0.025 0.975 0 0 0 0 255
0.05 0.975 0 0 0 0 255
0.075 0.975 0 0 0 0 255
0.1 0.975 0 0 0 0 255
0.125 0.975 0 0 0 0 255
0.15 0.975 0 0 0 0 255
0.175 0.975 0 0 0 0 255
0.2 0.975 0 0 0 0 255
0.225 0.975 0 0 0 0 255
0.25 0.975 0 0 0 0 255
0.275 0.975 0 0 0 0 255
0.3 0.975 0 0 0 0 255
0.325 0.975 0 0 0 0 255
0.35 0.975 0 0 0 0 255
0.375 0.975 0 0 0 0 255
0.4 0.975 0 0 0 0 255
0.425 0.975 0 0 0 0 255
0.45 0.975 0 0 0 0 255
0.475 0.975 0 0 0 0 255
0.5 0.975 0 0 0 0 255
-0.5 0.95 0 0 0 0 255
-0.475 0.95 0 0 0 0 255
-0.45 0.95 0 0 0 0 255
-0.425 0.95 0 0 0 0 255
-0.4 0.95 0 0 0 0 255
-0.375 0.95 0 0 0 0 255
-0.35 0.95 0 0 0 0 255
-0.325 0.95 0 0 0 0 255
-0.3 0.95 0 0 0 0 255
-0.275 0.95 0 0 0 0 255
-0.25 0.95 0 0 0 0 255
-0.225 0.95 0 0 0 0 255
-0.2 0.95 0 0 0 0 255
-0.175 0.95 60233.6 -23039.2 255 0 0
-0.15 0.95 22297.6 -42964.7 255 0 0
-0.125 0.95 -11312.2 -17006.5 255 0 0
-0.1 0.95 84361 -129823 255 0 0
-0.075 0.95 -29754.7 -396153 255 0 0
-0.05 0.95 249855 -32431.4 255 0 0
-0.025 0.95 19126.8 -26183.3 255 0 0
0 0.95 -454768 40680.9 255 0 0
0.025 0.95 0 0 0 0 255
0.05 0.95 0 0 0 0 255
0.075 0.95 0 0 0 0 255
0.1 0.95 0 0 0 0 255
0.125 0.95 0 0 0 0 255
0.15 0.95 0 0 0 0 255
0.175 0.95 0 0 0 0 255
0.2 0.95 0 0 0 0 255
0.225 0.95 0 0 0 0 255
0.25 0.95 0 0 0 0 255
0.275 0.95 0 0 0 0 255
0.3 0.95 0 0 0 0 255
0.325 0.95 0 0 0 0 255
0.35 0.95 0 0 0 0 255
0.375 0.95 0 0 0 0 255
0.4 0.95 0 0 0 0 255
0.425 0.95 0 0 0 0 255
0.45 0.95 0 0 0 0 255
0.475 0.95 0 0 0 0 255
0.5 0.95 0 0 0 0 255
-0.5 0.925 0 0 0 0 255
-0.475 0.925 0 0 0 0 255
-0.45 0.925 0 0 0 0 255
-0.425 0.925 0 0 0 0 255
-0.4 0.925 0 0 0 0 255
-0.375 0.925 0 0 0 0 255
-0.35 0.925 0 0 0 0 255
-0.325 0.925 0 0 0 0 255
-0.3 0.925 0 0 0 0 255
-0.275 0.925 0 0 0 0 255
-0.25 0.925 0 0 0 0 255
-0.225 0.925 -32327.3 -217151 255 0 0
-0.2 0.925 -197377 -447800 255 0 0
-0.175 0.925 -33064.4 -1404 255 0 0
-0.15 0.925 -15131.1 -15525.8 255 0 0
-0.125 0.925 -27991 -52910 255 0 0
-0.1 0.925 16715.3 130859 255 0 0
-0.075 0.925 60042.6 217868 255 0 0
-0.05 0.925 85253.2 -75119 255 0 0
-0.025 0.925 -258.021 -34234.7 255 0 0
0 0.925 -69470.3 21375.1 255 0 0
0.025 0.925 0 0 0 0 255
0.05 0.925 0 0 0 0 255
0.075 0.925 0 0 0 0 255
0.1 0.925 0 0 0 0 255
0.125 0.925 0 0 0 0 255
0.15 0.925 0 0 0 0 255
0.175 0.925 0 0 0 0 255
0.2 0.925 0 0 0 0 255
0.225 0.925 0 0 0 0 255
0.25 0.925 0 0 0 0 255
0.275 0.925 0 0 0 0 255
0.3 0.925 0 0 0 0 255
0.325 0.925 0 0 0 0 255
0.35 0.925 0 0 0 0 255
0.375 0.925 0 0 0 0 255
0.4 0.925 0 0 0 0 255
0.425 0.925 0 0 0 0 255
0.45 0.925 0 0 0 0 255
0.475 0.925 0 0 0 0 255
0.5 0.925 0 0 0 0 255
-0.5 0.9 0 0 0 0 255
-0.475 0.9 0 0 0 0 255
-0.45 0.9 0 0 0 0 255
-0.425 0.9 0 0 0 0 255
-0.4 0.9 0 0 0 0 255
-0.375 0.9 0 0 0 0 255
-0.35 0.9 0 0 0 0 255
-0.325 0.9 0 0 0 0 255
-0.3 0.9 0 0 0 0 255
-0.275 0.9 0 0 0 0 255
-0.25 0.9 0 0 0 0 255
-0.225 0.9 38387.4 15454.8 255 0 0
-0.2 0.9 -20257 -101934 255 0 0
-0.175 0.9 -20649.3 -88005.6 255 0 0
-0.15 0.9 -8008.68 15395.1 255 0 0
-0.125 0.9 -21067.9 -83635 255 0 0
-0.1 0.9 40489.8 145062 255 0 0
-0.075 0.9 140448 361863 255 0 0
-0.05 0.9 109473 -13462 255 0 0
-0.025 0.9 240516 64272.9 255 0 0
0 0.9 372258 160644 255 0 0
0.025 0.9 0 0 0 0 255
0.05 0.9 0 0 0 0 255
0.075 0.9 0 0 0 0 255
0.1 0.9 0 0 0 0 255
0.125 0.9 0 0 0 0 255
0.15 0.9 0 0 0 0 255
0.175 0.9 0 0 0 0 255
0.2 0.9 0 0 0 0 255
0.225 0.9 0 0 0 0 255
0.25 0.9 0 0 0 0 255
0.275 0.9 0 0 0 0 255
0.3 0.9 0 0 0 0 255
0.325 0.9 0 0 0 0 255
0.35 0.9 0 0 0 0 255
0.375 0.9 0 0 0 0 255
0.4 0.9 0 0 0 0 255
0.425 0.9 0 0 0 0 255
0.45 0.9 0 0 0 0 255
0.475 0.9 0 0 0 0 255
0.5 0.9 0 0 0 0 255
-0.5 0.875 0 0 0 0 255
-0.475 0.875 0 0 0 0 255
-0.45 0.875 0 0 0 0 255
-0.425 0.875 0 0 0 0 255
-0.4 0.875 0 0 0 0 255
-0.375 0.875 0 0 0 0 255
-0.35 0.875 0 0 0 0 255
-0.325 0.875 0 0 0 0 255
-0.3 0.875 0 0 0 0 255
-0.275 0.875 0 0 0 0 255
-0.25 0.875 -109337 -128624 255 0 0
-0.225 0.875 -108351 -113771 255 0 0
-0.2 0.875 -171323 -343414 255 0 0
-0.175 0.875 -12752.5 5420.82 255 0 0
-0.15 0.875 9735.07 38161.9 255 0 0
-0.125 0.875 0 0 0 0 255
-0.1 0.875 23867.8 11100.9 255 0 0
-0.075 0.875 37796.6 -3066.29 255 0 0
-0.05 0.875 85933.9 -33487.4 255 0 0
-0.025 0.875 -45957.6 14125.7 255 0 0
0 0.875 -20196.2 27878.4 255 0 0
0.025 0.875 68330.1 63256.5 255 0 0
0.05 0.875 116046 234177 255 0 0
0.075 0.875 0 0 0 0 255
0.1 0.875 0 0 0 0 255
0.125 0.875 -65143.3 -54072 255 0 0
0.15 0.875 -68292.5 -46515.5 255 0 0
0.175 0.875 -57201.2 -35135 255 0 0
0.2 0.875 -9971.24 11947.7 255 0 0
0.225 0.875 0 0 0 0 255
0.25 0.875 0 0 0 0 255
0.275 0.875 0 0 0 0 255
0.3 0.875 0 0 0 0 255
0.325 0.875 0 0 0 0 255
0.35 0.875 0 0 0 0 255
0.375 0.875 0 0 0 0 255
0.4 0.875 0 0 0 0 255
0.425 0.875 0 0 0 0 255
0.45 0.875 0 0 0 0 255
0.475 0.875 0 0 0 0 255
0.5 0.875 0 0 0 0 255
-0.5 0.85 0 0 0 0 255
-0.475 0.85 0 0 0 0 255
-0.45 0.85 0 0 0 0 255
-0.425 0.85 0 0 0 0 255
-0.4 0.85 0 0 0 0 255
-0.375 0.85 0 0 0 0 255
-0.35 0.85 0 0 0 0 255
-0.325 0.85 0 0 0 0 255
-0.3 0.85 0 0 0 0 255
-0.275 0.85 0 0 0 0 255
-0.25 0.85 35547.8 51135.3 255 0 0
-0.225 0.85 108956 258377 255 0 0
-0.2 0.85 29346.7 -64749.9 255 0 0
-0.175 0.85 -82680.4 -424211 255 0 0
-0.15 0.85 0 0 0 0 255
-0.125 0.85 0 0 0 0 255
-0.1 0.85 2989.86 872.291 255 0 0
-0.075 0.85 -10816.2 8380.25 255 0 0
-0.05 0.85 -11767.5 5190.99 255 0 0
-0.025 0.85 -23167.9 -10773.7 255 0 0
0 0.85 25006.6 -41209.5 255 0 0
0.025 0.85 267.918 52121.2 255 0 0
0.05 0.85 152970 164833 255 0 0
0.075 0.85 363977 218547 255 0 0
0.1 0.85 0 0 0 0 255
0.125 0.85 -18086.7 -26658.2 255 0 0
0.15 0.85 -20178.6 -20525.5 255 0 0
0.175 0.85 -16871.2 -34705.7 255 0 0
0.2 0.85 8259.17 -31082.1 255 0 0
0.225 0.85 0 0 0 0 255
0.25 0.85 0 0 0 0 255
0.275 0.85 0 0 0 0 255
0.3 0.85 0 0 0 0 255
0.325 0.85 0 0 0 0 255
0.35 0.85 0 0 0 0 255
0.375 0.85 0 0 0 0 255
0.4 0.85 0 0 0 0 255
0.425 0.85 0 0 0 0 255
0.45 0.85 0 0 0 0 255
0.475 0.85 0 0 0 0 255
0.5 0.85 0 0 0 0 255
-0.5 0.825 0 0 0 0 255
-0.475 0.825 0 0 0 0 255
-0.45 0.825 0 0 0 0 255
-0.425 0.825 0 0 0 0 255
-0.4 0.825 0 0 0 0 255
-0.375 0.825 0 0 0 0 255
-0.35 0.825 0 0 0 0 255
-0.325 0.825 0 0 0 0 255
-0.3 0.825 0 0 0 0 255
-0.275 0.825 38068.7 5321.25 255 0 0
-0.25 0.825 -40211.5 -15038.2 255 0 0
-0.225 0.825 -88369.5 -123491 255 0 0
-0.2 0.825 252166 462837 255 0 0
-0.175 0.825 60928.6 -31120.6 255 0 0
-0.15 0.825 0 0 0 0 255
-0.125 0.825 0 0 0 0 255
-0.1 0.825 0 0 0 0 255
-0.075 0.825 -9722.51 8340.8 255 0 0
-0.05 0.825 -2253.2 1133.42 255 0 0
-0.025 0.825 13253.7 -22371 255 0 0
0 0.825 -11226 10650.9 255 0 0
0.025 0.825 -23151 34421.1 255 0 0
0.05 0.825 4964.56 2148.19 255 0 0
0.075 0.825 94097.5 32156.3 255 0 0
0.1 0.825 34309.8 -72844 255 0 0
0.125 0.825 -37349.5 3251.82 255 0 0
0.15 0.825 -857803 -1.36372e+06 255 0 0
0.175 0.825 44457.5 -1842.93 255 0 0
0.2 0.825 12086.3 -40045.7 255 0 0
0.225 0.825 0 0 0 0 255
0.25 0.825 0 0 0 0 255
0.275 0.825 0 0 0 0 255
0.3 0.825 0 0 0 0 255
0.325 0.825 0 0 0 0 255
0.35 0.825 0 0 0 0 255
0.375 0.825 0 0 0 0 255
0.4 0.825 0 0 0 0 255
0.425 0.825 0 0 0 0 255
0.45 0.825 0 0 0 0 255
0.475 0.825 0 0 0 0 255
0.5 0.825 0 0 0 0 255
-0.5 0.8 0 0 0 0 255
-0.475 0.8 0 0 0 0 255
-0.45 0.8 0 0 0 0 255
-0.425 0.8 0 0 0 0 255
-0.4 0.8 0 0 0 0 255
-0.375 0.8 0 0 0 0 255
-0.35 0.8 0 0 0 0 255
-0.325 0.8 0 0 0 0 255
-0.3 0.8 0 0 0 0 255
-0.275 0.8 77692.4 43377.2 255 0 0
-0.25 0.8 139796 220446 255 0 0
-0.225 0.8 21098.1 27167.4 255 0 0
-0.2 0.8 -81589 -125906 255 0 0
-0.175 0.8 44432.7 -32400.7 255 0 0
-0.15 0.8 0 0 0 0 255
-0.125 0.8 0 0 0 0 255
-0.1 0.8 0 0 0 0 255
-0.075 0.8 0 0 0 0 255
-0.05 0.8 0 0 0 0 255
-0.025 0.8 13571.9 -22537.4 255 0 0
0 0.8 -14649.8 20641.6 255 0 0
0.025 0.8 -15577.7 22449.2 255 0 0
0.05 0.8 1713.85 -1258.24 255 0 0
0.075 0.8 23317.6 -27511.3 255 0 0
0.1 0.8 110805 27922.8 255 0 0
0.125 0.8 554157 890608 255 0 0
0.15 0.8 82000.5 -66604.7 255 0 0
0.175 0.8 -719537 -1.77557e+06 255 0 0
0.2 0.8 0 0 0 0 255
0.225 0.8 0 0 0 0 255
0.25 0.8 0 0 0 0 255
0.275 0.8 0 0 0 0 255
0.3 0.8 0 0 0 0 255
0.325 0.8 0 0 0 0 255
0.35 0.8 0 0 0 0 255
0.375 0.8 0 0 0 0 255
0.4 0.8 0 0 0 0 255
0.425 0.8 0 0 0 0 255
0.45 0.8 0 0 0 0 255
0.475 0.8 0 0 0 0 255
0.5 0.8 0 0 0 0 255
-0.5 0.775 0 0 0 0 255
-0.475 0.775 0 0 0 0 255
-0.45 0.775 0 0 0 0 255
-0.425 0.775 0 0 0 0 255
-0.4 0.775 0 0 0 0 255
-0.375 0.775 0 0 0 0 255
-0.35 0.775 0 0 0 0 255
-0.325 0.775 0 0 0 0 255
-0.3 0.775 -1.80402e+06 -1.18086e+06 255 0 0
-0.275 0.775 -2.09464e+06 -1.22572e+06 255 0 0
-0.25 0.775 11760.2 18458.3 255 0 0
-0.225 0.775 241587 322171 255 0 0
-0.2 0.775 166309 140052 255 0 0
-0.175 0.775 0 0 0 0 255
-0.15 0.775 0 0 0 0 255
-0.125 0.775 0 0 0 0 255
-0.1 0.775 0 0 0 0 255
-0.075 0.775 0 0 0 0 255
-0.05 0.775 0 0 0 0 255
-0.025 0.775 0 0 0 0 255
0 0.775 0 0 0 0 255
0.025 0.775 -2185.25 6532.89 255 0 0
0.05 0.775 12493.6 -8966.85 255 0 0
0.075 0.775 24467.4 -21280.8 255 0 0
0.1 0.775 -17623.4 43988.7 255 0 0
0.125 0.775 107283 50595.2 255 0 0
0.15 0.775 874001 1.36801e+06 255 0 0
0.175 0.775 245820 363225 255 0 0
0.2 0.775 1.33628e+06 1.438e+06 255 0 0
0.225 0.775 0 0 0 0 255
0.25 0.775 0 0 0 0 255
0.275 0.775 0 0 0 0 255
0.3 0.775 0 0 0 0 255
0.325 0.775 0 0 0 0 255
0.35 0.775 0 0 0 0 255
0.375 0.775 0 0 0 0 255
0.4 0.775 0 0 0 0 255
0.425 0.775 0 0 0 0 255
0.45 0.775 0 0 0 0 255
0.475 0.775 0 0 0 0 255
0.5 0.775 0 0 0 0 255
-0.5 0.75 0 0 0 0 255
-0.475 0.75 0 0 0 0 255
-0.45 0.75 0 0 0 0 255
-0.425 0.75 0 0 0 0 255
-0.4 0.75 0 0 0 0 255
-0.375 0.75 0 0 0 0 255
-0.35 0.75 0 0 0 0 255
-0.325 0.75 3623.03 -93874.6 255 0 0
-0.3 0.75 1.19064e+06 627210 255 0 0
-0.275 0.75 -19983.6 -73225.7 255 0 0
-0.25 0.75 -51579.2 -10039.1 255 0 0
-0.225 0.75 13610.6 6283.92 255 0 0
-0.2 0.75 97434.3 52034.5 255 0 0
-0.175 0.75 0 0 0 0 255
-0.15 0.75 0 0 0 0 255
-0.125 0.75 0 0 0 0 255
-0.1 0.75 0 0 0 0 255
-0.075 0.75 0 0 0 0 255
-0.05 0.75 0 0 0 0 255
-0.025 0.75 0 0 0 0 255
0 0.75 0 0 0 0 255
0.025 0.75 0 0 0 0 255
0.05 0.75 0 0 0 0 255
0.075 0.75 -25258.9 17813.3 255 0 0
0.1 0.75 -32995.9 26006.8 255 0 0
0.125 0.75 4071.09 3401.64 255 0 0
0.15 0.75 31012.4 -11950.4 255 0 0
0.175 0.75 31233.8 45439.4 255 0 0
0.2 0.75 392823 491947 255 0 0
0.225 0.75 0 0 0 0 255
0.25 0.75 0 0 0 0 255
0.275 0.75 0 0 0 0 255
0.3 0.75 0 0 0 0 255
0.325 0.75 0 0 0 0 255
0.35 0.75 0 0 0 0 255
0.375 0.75 0 0 0 0 255
0.4 0.75 0 0 0 0 255
0.425 0.75 0 0 0 0 255
0.45 0.75 0 0 0 0 255
0.475 0.75 0 0 0 0 255
0.5 0.75 0 0 0 0 255
-0.5 0.725 0 0 0 0 255
-0.475 0.725 0 0 0 0 255
-0.45 0.725 0 0 0 0 255
-0.425 0.725 0 0 0 0 255
-0.4 0.725 0 0 0 0 255
-0.375 0.725 0 0 0 0 255
-0.35 0.725 0 0 0 0 255
-0.325 0.725 1949.2 -101896 255 0 0
-0.3 0.725 8466.39 24550.1 255 0 0
-0.275 0.725 104518 92787.7 255 0 0
-0.25 0.725 91801.2 66175.6 255 0 0
-0.225 0.725 0 0 0 0 255
-0.2 0.725 0 0 0 0 255
-0.175 0.725 0 0 0 0 255
-0.15 0.725 0 0 0 0 255
-0.125 0.725 0 0 0 0 255
-0.1 0.725 0 0 0 0 255
-0.075 0.725 0 0 0 0 255
-0.05 0.725 0 0 0 0 255
-0.025 0.725 0 0 0 0 255
0 0.725 0 0 0 0 255
0.025 0.725 0 0 0 0 255
0.05 0.725 0 0 0 0 255
0.075 0.725 0 0 0 0 255
0.1 0.725 256972 -111746 255 0 0
0.125 0.725 124858 -114535 255 0 0
0.15 0.725 32214.7 -41794.5 255 0 0
0.175 0.725 36753.7 12700.4 255 0 0
0.2 0.725 57475.2 178213 255 0 0
0.225 0.725 0 0 0 0 255
0.25 0.725 0 0 0 0 255
0.275 0.725 0 0 0 0 255
0.3 0.725 0 0 0 0 255
0.325 0.725 0 0 0 0 255
0.35 0.725 0 0 0 0 255
0.375 0.725 0 0 0 0 255
0.4 0.725 0 0 0 0 255
0.425 0.725 0 0 0 0 255
0.45 0.725 0 0 0 0 255
0.475 0.725 0 0 0 0 255
0.5 0.725 0 0 0 0 255
-0.5 0.7 0 0 0 0 255
-0.475 0.7 0 0 0 0 255
-0.45 0.7 0 0 0 0 255
-0.425 0.7 0 0 0 0 255
-0.4 0.7 0 0 0 0 255
-0.375 0.7 0 0 0 0 255
-0.35 0.7 0 0 0 0 255
-0.325 0.7 0 0 0 0 255
-0.3 0.7 1894.82 -10270.2 255 0 0
-0.275 0.7 24543 154713 255 0 0
-0.25 0.7 0 0 0 0 255
-0.225 0.7 0 0 0 0 255
-0.2 0.7 0 0 0 0 255
-0.175 0.7 0 0 0 0 255
-0.15 0.7 0 0 0 0 255
-0.125 0.7 0 0 0 0 255
-0.1 0.7 0 0 0 0 255
-0.075 0.7 0 0 0 0 255
-0.05 0.7 0 0 0 0 255
-0.025 0.7 0 0 0 0 255
0 0.7 0 0 0 0 255
0.025 0.7 0 0 0 0 255
0.05 0.7 0 0 0 0 255
0.075 0.7 0 0 0 0 255
0.1 0.7 -869958 273465 255 0 0
0.125 0.7 -529134 207263 255 0 0
0.15 0.7 344269 -565699 255 0 0
0.175 0.7 -9887.37 24892.3 255 0 0
0.2 0.7 -12129.8 -107328 255 0 0
0.225 0.7 -317297 -1.0028e+06 255 0 0
0.25 0.7 6078.02 -8821.31 255 0 0
0.275 0.7 0 0 0 0 255
0.3 0.7 0 0 0 0 255
0.325 0.7 0 0 0 0 255
0.35 0.7 0 0 0 0 255
0.375 0.7 0 0 0 0 255
0.4 0.7 0 0 0 0 255
0.425 0.7 0 0 0 0 255
0.45 0.7 0 0 0 0 255
0.475 0.7 0 0 0 0 255
0.5 0.7 0 0 0 0 255
-0.5 0.675 0 0 0 0 255
-0.475 0.675 0 0 0 0 255
-0.45 0.675 0 0 0 0 255
-0.425 0.675 0 0 0 0 255
-0.4 0.675 0 0 0 0 255
-0.375 0.675 0 0 0 0 255
-0.35 0.675 0 0 0 0 255
-0.325 0.675 0 0 0 0 255
-0.3 0.675 0 0 0 0 255
-0.275 0.675 0 0 0 0 255
-0.25 0.675 0 0 0 0 255
-0.225 0.675 0 0 0 0 255
-0.2 0.675 0 0 0 0 255
-0.175 0.675 0 0 0 0 255
-0.15 0.675 0 0 0 0 255
-0.125 0.675 0 0 0 0 255
-0.1 0.675 0 0 0 0 255
-0.075 0.675 0 0 0 0 255
-0.05 0.675 0 0 0 0 255
-0.025 0.675 0 0 0 0 255
0 0.675 0 0 0 0 255
0.025 0.675 0 0 0 0 255
0.05 0.675 0 0 0 0 255
0.075 0.675 0 0 0 0 255
0.1 0.675 -259940 86495 255 0 0
0.125 0.675 170812 -343278 255 0 0
0.15 0.675 19056.2 -3354.08 255 0 0
0.175 0.675 -363444 472120 255 0 0
0.2 0.675 -74352.5 -147966 255 0 0
0.225 0.675 -258271 -602617 255 0 0
0.25 0.675 -64212.7 -194276 255 0 0
0.275 0.675 24068.9 -11225.8 255 0 0
0.3 0.675 0 0 0 0 255
0.325 0.675 0 0 0 0 255
0.35 0.675 0 0 0 0 255
0.375 0.675 0 0 0 0 255
0.4 0.675 0 0 0 0 255
0.425 0.675 0 0 0 0 255
0.45 0.675 0 0 0 0 255
0.475 0.675 0 0 0 0 255
0.5 0.675 0 0 0 0 255
-0.5 0.65 0 0 0 0 255
-0.475 0.65 0 0 0 0 255
-0.45 0.65 0 0 0 0 255
-0.425 0.65 0 0 0 0 255
-0.4 0.65 69323.9 -14424.9 255 0 0
-0.375 0.65 69638.2 -12200.1 255 0 0
-0.35 0.65 112124 5011.06 255 0 0
-0.325 0.65 99321.5 29528.5 255 0 0
-0.3 0.65 0 0 0 0 255
-0.275 0.65 0 0 0 0 255
-0.25 0.65 0 0 0 0 255
-0.225 0.65 0 0 0 0 255
-0.2 0.65 0 0 0 0 255
-0.175 0.65 0 0 0 0 255
-0.15 0.65 0 0 0 0 255
-0.125 0.65 0 0 0 0 255
-0.1 0.65 0 0 0 0 255
-0.075 0.65 0 0 0 0 255
-0.05 0.65 0 0 0 0 255
-0.025 0.65 0 0 0 0 255
0 0.65 0 0 0 0 255
0.025 0.65 0 0 0 0 255
0.05 0.65 0 0 0 0 255
0.075 0.65 359697 -740918 255 0 0
0.1 0.65 23284.6 -94955.1 255 0 0
0.125 0.65 -9651.13 -27793.5 255 0 0
0.15 0.65 -439128 642806 255 0 0
0.175 0.65 -53600 34411.5 255 0 0
0.2 0.65 -156217 -397991 255 0 0
0.225 0.65 128903 339323 255 0 0
0.25 0.65 -135633 -309577 255 0 0
0.275 0.65 -75666.6 -66263.4 255 0 0
0.3 0.65 0 0 0 0 255
0.325 0.65 0 0 0 0 255
0.35 0.65 0 0 0 0 255
0.375 0.65 0 0 0 0 255
0.4 0.65 0 0 0 0 255
0.425 0.65 0 0 0 0 255
0.45 0.65 0 0 0 0 255
0.475 0.65 0 0 0 0 255
0.5 0.65 0 0 0 0 255
-0.5 0.625 0 0 0 0 255
-0.475 0.625 0 0 0 0 255
-0.45 0.625 0 0 0 0 255
-0.425 0.625 0 0 0 0 255
-0.4 0.625 48437.8 -7983.27 255 0 0
-0.375 0.625 44631.6 -5647.09 255 0 0
-0.35 0.625 -14570.3 39072.8 255 0 0
-0.325 0.625 -85046 80798.6 255 0 0
-0.3 0.625 0 0 0 0 255
-0.275 0.625 0 0 0 0 255
-0.25 0.625 0 0 0 0 255
-0.225 0.625 0 0 0 0 255
-0.2 0.625 0 0 0 0 255
-0.175 0.625 0 0 0 0 255
-0.15 0.625 0 0 0 0 255
-0.125 0.625 0 0 0 0 255
-0.1 0.625 0 0 0 0 255
-0.075 0.625 0 0 0 0 255
-0.05 0.625 0 0 0 0 255
-0.025 0.625 0 0 0 0 255
0 0.625 0 0 0 0 255
0.025 0.625 0 0 0 0 255
0.05 0.625 0 0 0 0 255
0.075 0.625 -27979 212811 255 0 0
0.1 0.625 36153.3 -86209.8 255 0 0
0.125 0.625 1.87278e+07 -5.62651e+07 255 0 0
0.15 0.625 30151.5 -59483.5 255 0 0
0.175 0.625 93961.4 261263 255 0 0
0.2 0.625 -327586 -937488 255 0 0
0.225 0.625 225435 292684 255 0 0
0.25 0.625 -105999 -120001 255 0 0
0.275 0.625 -161801 -92002.8 255 0 0
0.3 0.625 0 0 0 0 255
0.325 0.625 0 0 0 0 255
0.35 0.625 0 0 0 0 255
0.375 0.625 0 0 0 0 255
0.4 0.625 0 0 0 0 255
0.425 0.625 0 0 0 0 255
0.45 0.625 0 0 0 0 255
0.475 0.625 0 0 0 0 255
0.5 0.625 0 0 0 0 255
-0.5 0.6 0 0 0 0 255
-0.475 0.6 0 0 0 0 255
-0.45 0.6 0 0 0 0 255
-0.425 0.6 0 0 0 0 255
-0.4 0.6 -37597.4 1793.14 255 0 0
-0.375 0.6 -33586.6 3154.88 255 0 0
-0.35 0.6 -78562.3 33258.9 255 0 0
-0.325 0.6 -113858 29279.5 255 0 0
-0.3 0.6 0 0 0 0 255
-0.275 0.6 0 0 0 0 255
-0.25 0.6 0 0 0 0 255
-0.225 0.6 0 0 0 0 255
-0.2 0.6 0 0 0 0 255
-0.175 0.6 0 0 0 0 255
-0.15 0.6 0 0 0 0 255
-0.125 0.6 0 0 0 0 255
-0.1 0.6 0 0 0 0 255
-0.075 0.6 0 0 0 0 255
-0.05 0.6 0 0 0 0 255
-0.025 0.6 0 0 0 0 255
0 0.6 0 0 0 0 255
0.025 0.6 0 0 0 0 255
0.05 0.6 236369 -346396 255 0 0
0.075 0.6 -38739.9 170647 255 0 0
0.1 0.6 6.27785e+06 -1.88194e+07 255 0 0
0.125 0.6 41902.7 -121582 255 0 0
0.15 0.6 -6.23543e+06 1.87371e+07 255 0 0
0.175 0.6 14861.2 132519 255 0 0
0.2 0.6 0 0 0 0 255
0.225 0.6 35431.2 97589.5 255 0 0
0.25 0.6 -122508 -91943.6 255 0 0
0.275 0.6 -142628 -124046 255 0 0
0.3 0.6 0 0 0 0 255
0.325 0.6 0 0 0 0 255
0.35 0.6 0 0 0 0 255
0.375 0.6 0 0 0 0 255
0.4 0.6 0 0 0 0 255
0.425 0.6 0 0 0 0 255
0.45 0.6 0 0 0 0 255
0.475 0.6 0 0 0 0 255
0.5 0.6 0 0 0 0 255
-0.5 0.575 0 0 0 0 255
-0.475 0.575 0 0 0 0 255
-0.45 0.575 0 0 0 0 255
-0.425 0.575 38256.2 -44808.2 255 0 0
-0.4 0.575 2384.78 -18376.5 255 0 0
-0.375 0.575 34163.7 -10965.1 255 0 0
-0.35 0.575 -51117.9 18528.6 255 0 0
-0.325 0.575 -140938 -13514.8 255 0 0
-0.3 0.575 0 0 0 0 255
-0.275 0.575 0 0 0 0 255
-0.25 0.575 0 0 0 0 255
-0.225 0.575 0 0 0 0 255
-0.2 0.575 0 0 0 0 255
-0.175 0.575 0 0 0 0 255
-0.15 0.575 0 0 0 0 255
-0.125 0.575 0 0 0 0 255
-0.1 0.575 0 0 0 0 255
-0.075 0.575 0 0 0 0 255
-0.05 0.575 0 0 0 0 255
-0.025 0.575 -52037.5 -58472.1 255 0 0
0 0.575 -52552.8 31701 255 0 0
0.025 0.575 273821 499238 255 0 0
0.05 0.575 482945 -948719 255 0 0
0.075 0.575 1.07801e+06 -2.19204e+06 255 0 0
0.1 0.575 726590 -1.7435e+06 255 0 0
0.125 0.575 -1.87024e+07 5.61909e+07 255 0 0
0.15 0.575 -74198.2 231976 255 0 0
0.175 0.575 0 0 0 0 255
0.2 0.575 0 0 0 0 255
0.225 0.575 0 0 0 0 255
0.25 0.575 0 0 0 0 255
0.275 0.575 0 0 0 0 255
0.3 0.575 0 0 0 0 255
0.325 0.575 0 0 0 0 255
0.35 0.575 0 0 0 0 255
0.375 0.575 0 0 0 0 255
0.4 0.575 0 0 0 0 255
0.425 0.575 0 0 0 0 255
0.45 0.575 0 0 0 0 255
0.475 0.575 0 0 0 0 255
0.5 0.575 0 0 0 0 255
-0.5 0.55 0 0 0 0 255
-0.475 0.55 0 0 0 0 255
-0.45 0.55 0 0 0 0 255
-0.425 0.55 21037 -24202.1 255 0 0
-0.4 0.55 -6183.27 -22050.3 255 0 0
-0.375 0.55 -36793.7 -1323.37 255 0 0
-0.35 0.55 -427963 -815197 255 0 0
-0.325 0.55 0 0 0 0 255
-0.3 0.55 0 0 0 0 255
-0.275 0.55 0 0 0 0 255
-0.25 0.55 0 0 0 0 255
-0.225 0.55 0 0 0 0 255
-0.2 0.55 0 0 0 0 255
-0.175 0.55 0 0 0 0 255
-0.15 0.55 0 0 0 0 255
-0.125 0.55 0 0 0 0 255
-0.1 0.55 0 0 0 0 255
-0.075 0.55 0 0 0 0 255
-0.05 0.55 0 0 0 0 255
-0.025 0.55 22996.7 11747.3 255 0 0
0 0.55 30887.4 -46263.7 255 0 0
0.025 0.55 441784 -223873 255 0 0
0.05 0.55 538438 -1.17009e+06 255 0 0
0.075 0.55 71577.8 -332128 255 0 0
0.1 0.55 -533790 970659 255 0 0
0.125 0.55 -369264 894935 255 0 0
0.15 0.55 -78204.1 155401 255 0 0
0.175 0.55 0 0 0 0 255
0.2 0.55 0 0 0 0 255
0.225 0.55 0 0 0 0 255
0.25 0.55 0 0 0 0 255
0.275 0.55 0 0 0 0 255
0.3 0.55 0 0 0 0 255
0.325 0.55 0 0 0 0 255
0.35 0.55 0 0 0 0 255
0.375 0.55 0 0 0 0 255
0.4 0.55 0 0 0 0 255
0.425 0.55 0 0 0 0 255
0.45 0.55 0 0 0 0 255
0.475 0.55 0 0 0 0 255
0.5 0.55 0 0 0 0 255
-0.5 0.525 0 0 0 0 255
-0.475 0.525 0 0 0 0 255
-0.45 0.525 -614741 -175168 255 0 0
-0.425 0.525 -38159 -26936.2 255 0 0
-0.4 0.525 -21417 -9546.93 255 0 0
-0.375 0.525 111271 341639 255 0 0
-0.35 0.525 -472616 -956297 255 0 0
-0.325 0.525 0 0 0 0 255
-0.3 0.525 0 0 0 0 255
-0.275 0.525 0 0 0 0 255
-0.25 0.525 0 0 0 0 255
-0.225 0.525 0 0 0 0 255
-0.2 0.525 0 0 0 0 255
-0.175 0.525 0 0 0 0 255
-0.15 0.525 0 0 0 0 255
-0.125 0.525 0 0 0 0 255
-0.1 0.525 0 0 0 0 255
-0.075 0.525 0 0 0 0 255
-0.05 0.525 0 0 0 0 255
-0.025 0.525 11286.2 14616.5 255 0 0
0 0.525 48114.9 -114276 255 0 0
0.025 0.525 83334.2 -127551 255 0 0
0.05 0.525 -463381 738448 255 0 0
0.075 0.525 -1.14572e+06 2.2778e+06 255 0 0
0.1 0.525 -827041 1.9085e+06 255 0 0
0.125 0.525 -18964.7 67542.5 255 0 0
0.15 0.525 -36128.9 119052 255 0 0
0.175 0.525 0 0 0 0 255
0.2 0.525 0 0 0 0 255
0.225 0.525 0 0 0 0 255
0.25 0.525 0 0 0 0 255
0.275 0.525 0 0 0 0 255
0.3 0.525 0 0 0 0 255
0.325 0.525 0 0 0 0 255
0.35 0.525 0 0 0 0 255
0.375 0.525 0 0 0 0 255
0.4 0.525 0 0 0 0 255
0.425 0.525 0 0 0 0 255
0.45 0.525 0 0 0 0 255
0.475 0.525 0 0 0 0 255
0.5 0.525 0 0 0 0 255
-0.5 0.5 0 0 0 0 255
-0.475 0.5 0 0 0 0 255
-0.45 0.5 -1.53865e+06 -548710 255 0 0
-0.425 0.5 -967770 -347552 255 0 0
-0.4 0.5 -259604 -50188.4 255 0 0
-0.375 0.5 -166635 -150606 255 0 0
-0.35 0.5 0 0 0 0 255
-0.325 0.5 0 0 0 0 255
-0.3 0.5 0 0 0 0 255
-0.275 0.5 0 0 0 0 255
-0.25 0.5 0 0 0 0 255
-0.225 0.5 0 0 0 0 255
-0.2 0.5 0 0 0 0 255
-0.175 0.5 0 0 0 0 255
-0.15 0.5 8855.02 1529.93 255 0 0
-0.125 0.5 42271.2 63739.3 255 0 0
-0.1 0.5 130214 126394 255 0 0
-0.075 0.5 0 0 0 0 255
-0.05 0.5 0 0 0 0 255
-0.025 0.5 51529 55376.3 255 0 0
0 0.5 -13260.8 -89163 255 0 0
0.025 0.5 -53522.4 -43613.9 255 0 0
0.05 0.5 -92074.5 137004 255 0 0
0.075 0.5 -52800.5 131347 255 0 0
0.1 0.5 -74079.9 259465 255 0 0
0.125 0.5 18448.8 -100643 255 0 0
0.15 0.5 -27156.7 139478 255 0 0
0.175 0.5 0 0 0 0 255
0.2 0.5 0 0 0 0 255
0.225 0.5 0 0 0 0 255
0.25 0.5 0 0 0 0 255
0.275 0.5 0 0 0 0 255
0.3 0.5 0 0 0 0 255
0.325 0.5 0 0 0 0 255
0.35 0.5 0 0 0 0 255
0.375 0.5 0 0 0 0 255
0.4 0.5 0 0 0 0 255
0.425 0.5 0 0 0 0 255
0.45 0.5 0 0 0 0 255
0.475 0.5 0 0 0 0 255
0.5 0.5 0 0 0 0 255
-0.5 0.475 0 0 0 0 255
-0.475 0.475 0 0 0 0 255
-0.45 0.475 392214 131226 255 0 0
-0.425 0.475 120467 22956.3 255 0 0
-0.4 0.475 -46104.8 31481.8 255 0 0
-0.375 0.475 -211151 -49180.4 255 0 0
-0.35 0.475 0 0 0 0 255
-0.325 0.475 0 0 0 0 255
-0.3 0.475 0 0 0 0 255
-0.275 0.475 0 0 0 0 255
-0.25 0.475 0 0 0 0 255
-0.225 0.475 0 0 0 0 255
-0.2 0.475 -63695.1 -150132 255 0 0
-0.175 0.475 -43719.2 -12434.7 255 0 0
-0.15 0.475 5559.36 8837.19 255 0 0
-0.125 0.475 6219.39 38822.1 255 0 0
-0.1 0.475 7235.37 -40603.4 255 0 0
-0.075 0.475 0 0 0 0 255
-0.05 0.475 0 0 0 0 255
-0.025 0.475 0 0 0 0 255
0 0.475 -106854 -201263 255 0 0
0.025 0.475 -60204.8 -64531.1 255 0 0
0.05 0.475 -33876.9 46455.8 255 0 0
0.075 0.475 -23522.4 55419.2 255 0 0
0.1 0.475 4710.73 72074.1 255 0 0
0.125 0.475 0 0 0 0 255
0.15 0.475 0 0 0 0 255
0.175 0.475 0 0 0 0 255
0.2 0.475 0 0 0 0 255
0.225 0.475 0 0 0 0 255
0.25 0.475 0 0 0 0 255
0.275 0.475 0 0 0 0 255
0.3 0.475 0 0 0 0 255
0.325 0.475 0 0 0 0 255
0.35 0.475 0 0 0 0 255
0.375 0.475 0 0 0 0 255
0.4 0.475 0 0 0 0 255
0.425 0.475 0 0 0 0 255
0.45 0.475 0 0 0 0 255
0.475 0.475 0 0 0 0 255
0.5 0.475 0 0 0 0 255
-0.5 0.45 0 0 0 0 255
-0.475 0.45 50728.6 110991 255 0 0
-0.45 0.45 37954.3 12160.3 255 0 0
-0.425 0.45 7023.46 -810.023 255 0 0
-0.4 0.45 -7802.47 16717.7 255 0 0
-0.375 0.45 -31444.4 155580 255 0 0
-0.35 0.45 0 0 0 0 255
-0.325 0.45 0 0 0 0 255
-0.3 0.45 0 0 0 0 255
-0.275 0.45 0 0 0 0 255
-0.25 0.45 -64042.9 -60578.9 255 0 0
-0.225 0.45 3184.29 347090 255 0 0
-0.2 0.45 11459.2 -19898.4 255 0 0
-0.175 0.45 -55079.7 -54937.4 255 0 0
-0.15 0.45 -13041.4 -13008.6 255 0 0
-0.125 0.45 9972.02 58567.4 255 0 0
-0.1 0.45 -26251.9 -291797 255 0 0
-0.075 0.45 0 0 0 0 255
-0.05 0.45 0 0 0 0 255
-0.025 0.45 0 0 0 0 255
0 0.45 0 0 0 0 255
0.025 0.45 -11014.5 13529.8 255 0 0
0.05 0.45 -13507.4 17528.2 255 0 0
0.075 0.45 -7227.79 11220.6 255 0 0
0.1 0.45 18468.6 -296.766 255 0 0
0.125 0.45 0 0 0 0 255
0.15 0.45 0 0 0 0 255
0.175 0.45 0 0 0 0 255
0.2 0.45 0 0 0 0 255
0.225 0.45 0 0 0 0 255
0.25 0.45 0 0 0 0 255
0.275 0.45 0 0 0 0 255
0.3 0.45 0 0 0 0 255
0.325 0.45 0 0 0 0 255
0.35 0.45 0 0 0 0 255
0.375 0.45 0 0 0 0 255
0.4 0.45 0 0 0 0 255
0.425 0.45 0 0 0 0 255
0.45 0.45 0 0 0 0 255
0.475 0.45 0 0 0 0 255
0.5 0.45 0 0 0 0 255
-0.5 0.425 0 0 0 0 255
-0.475 0.425 36402.5 46643.8 255 0 0
-0.45 0.425 18491.9 -2558.76 255 0 0
-0.425 0.425 -19588.1 -20618.5 255 0 0
-0.4 0.425 -43459.6 -17913.7 255 0 0
-0.375 0.425 -24265.6 94772.2 255 0 0
-0.35 0.425 -36680 -35828.1 255 0 0
-0.325 0.425 -17961.9 -965.315 255 0 0
-0.3 0.425 -26919.8 -168604 255 0 0
-0.275 0.425 -284773 701751 255 0 0
-0.25 0.425 -10156.1 131671 255 0 0
-0.225 0.425 -16798.3 147488 255 0 0
-0.2 0.425 20913.9 38670.7 255 0 0
-0.175 0.425 -45573.1 -57114.8 255 0 0
-0.15 0.425 -34307 -37553.9 255 0 0
-0.125 0.425 12520.9 58309.1 255 0 0
-0.1 0.425 -20239.5 -429657 255 0 0
-0.075 0.425 0 0 0 0 255
-0.05 0.425 0 0 0 0 255
-0.025 0.425 0 0 0 0 255
0 0.425 6688.15 -41753.6 255 0 0
0.025 0.425 8284.03 -10654.3 255 0 0
0.05 0.425 -6621.35 10337.9 255 0 0
0.075 0.425 2228.57 4108.57 255 0 0
0.1 0.425 8625.85 44772.7 255 0 0
0.125 0.425 0 0 0 0 255
0.15 0.425 0 0 0 0 255
0.175 0.425 0 0 0 0 255
0.2 0.425 0 0 0 0 255
0.225 0.425 0 0 0 0 255
0.25 0.425 0 0 0 0 255
0.275 0.425 0 0 0 0 255
0.3 0.425 0 0 0 0 255
0.325 0.425 0 0 0 0 255
0.35 0.425 0 0 0 0 255
0.375 0.425 0 0 0 0 255
0.4 0.425 0 0 0 0 255
0.425 0.425 0 0 0 0 255
0.45 0.425 0 0 0 0 255
0.475 0.425 0 0 0 0 255
0.5 0.425 0 0 0 0 255
-0.5 0.4 0 0 0 0 255
-0.475 0.4 9723.11 1685.86 255 0 0
-0.45 0.4 11321.8 671.96 255 0 0
-0.425 0.4 -16022.9 -32108.1 255 0 0
-0.4 0.4 766.061 -15805.6 255 0 0
-0.375 0.4 -1263.7 28460 255 0 0
-0.35 0.4 -16367.1 -7310.61 255 0 0
-0.325 0.4 5210.55 17402.8 255 0 0
-0.3 0.4 5980.38 42081 255 0 0
-0.275 0.4 -165905 318614 255 0 0
-0.25 0.4 7072.54 -3435.24 255 0 0
-0.225 0.4 14827 18223.8 255 0 0
-0.2 0.4 42312.1 11923.4 255 0 0
-0.175 0.4 -22689.5 -26601.3 255 0 0
-0.15 0.4 -59149.4 -64839.5 255 0 0
-0.125 0.4 -32094.2 -82719.2 255 0 0
-0.1 0.4 0 0 0 0 255
-0.075 0.4 0 0 0 0 255
-0.05 0.4 0 0 0 0 255
-0.025 0.4 0 0 0 0 255
0 0.4 -5634.55 -57536.5 255 0 0
0.025 0.4 -7659.75 -13840.7 255 0 0
0.05 0.4 -10018.2 12189.8 255 0 0
0.075 0.4 10565.2 1965.43 255 0 0
0.1 0.4 21302.7 23721.3 255 0 0
0.125 0.4 0 0 0 0 255
0.15 0.4 0 0 0 0 255
0.175 0.4 0 0 0 0 255
0.2 0.4 0 0 0 0 255
0.225 0.4 0 0 0 0 255
0.25 0.4 0 0 0 0 255
0.275 0.4 0 0 0 0 255
0.3 0.4 0 0 0 0 255
0.325 0.4 0 0 0 0 255
0.35 0.4 0 0 0 0 255
0.375 0.4 0 0 0 0 255
0.4 0.4 0 0 0 0 255
0.425 0.4 0 0 0 0 255
0.45 0.4 0 0 0 0 255
0.475 0.4 0 0 0 0 255
0.5 0.4 0 0 0 0 255
-0.5 0.375 0 0 0 0 255
-0.475 0.375 -139386 -48316.8 255 0 0
-0.45 0.375 -91269.6 -27989.3 255 0 0
-0.425 0.375 -49976.6 -45699.5 255 0 0
-0.4 0.375 -28688.2 -39546.4 255 0 0
-0.375 0.375 -1912.13 11482.1 255 0 0
-0.35 0.375 9188.96 15389 255 0 0
-0.325 0.375 12206.8 10435.3 255 0 0
-0.3 0.375 43457.6 87899.2 255 0 0
-0.275 0.375 32647.9 66081.2 255 0 0
-0.25 0.375 81394.1 -24642.5 255 0 0
-0.225 0.375 11030.7 5726.74 255 0 0
-0.2 0.375 -36848.7 -1.28603e+06 255 0 0
-0.175 0.375 0 0 0 0 255
-0.15 0.375 0 0 0 0 255
-0.125 0.375 0 0 0 0 255
-0.1 0.375 0 0 0 0 255
-0.075 0.375 0 0 0 0 255
-0.05 0.375 0 0 0 0 255
-0.025 0.375 -20854.8 14389.1 255 0 0
0 0.375 36964.6 -58346.2 255 0 0
0.025 0.375 -4365.86 -10794.8 255 0 0
0.05 0.375 -10535.7 1494.7 255 0 0
0.075 0.375 14344.8 216.212 255 0 0
0.1 0.375 52591.2 10393.2 255 0 0
0.125 0.375 0 0 0 0 255
0.15 0.375 0 0 0 0 255
0.175 0.375 0 0 0 0 255
0.2 0.375 0 0 0 0 255
0.225 0.375 0 0 0 0 255
0.25 0.375 0 0 0 0 255
0.275 0.375 0 0 0 0 255
0.3 0.375 0 0 0 0 255
0.325 0.375 0 0 0 0 255
0.35 0.375 0 0 0 0 255
0.375 0.375 0 0 0 0 255
0.4 0.375 0 0 0 0 255
0.425 0.375 0 0 0 0 255
0.45 0.375 0 0 0 0 255
0.475 0.375 0 0 0 0 255
0.5 0.375 0 0 0 0 255
-0.5 0.35 0 0 0 0 255
-0.475 0.35 -52516.9 -70946.8 255 0 0
-0.45 0.35 -57895.8 -36747.8 255 0 0
-0.425 0.35 -65646.4 -14170.4 255 0 0
-0.4 0.35 -108365 -46444.9 255 0 0
-0.375 0.35 -25548 -2984.32 255 0 0
-0.35 0.35 -77250.5 -20109.8 255 0 0
-0.325 0.35 -8829.62 3642.25 255 0 0
-0.3 0.35 -4574.22 15464.7 255 0 0
-0.275 0.35 435606 3942.2 255 0 0
-0.25 0.35 5450.32 -5013.14 255 0 0
-0.225 0.35 -394980 94783.5 255 0 0
-0.2 0.35 -10825.9 9729.31 255 0 0
-0.175 0.35 0 0 0 0 255
-0.15 0.35 0 0 0 0 255
-0.125 0.35 0 0 0 0 255
-0.1 0.35 0 0 0 0 255
-0.075 0.35 0 0 0 0 255
-0.05 0.35 2.9677e+06 19521.1 255 0 0
-0.025 0.35 -234235 -157846 255 0 0
0 0.35 -1.48787e+06 -72721.4 255 0 0
0.025 0.35 -56780.6 5198.94 255 0 0
0.05 0.35 -31384.8 7504.39 255 0 0
0.075 0.35 -55658.3 32787.5 255 0 0
0.1 0.35 0 0 0 0 255
0.125 0.35 0 0 0 0 255
0.15 0.35 0 0 0 0 255
0.175 0.35 0 0 0 0 255
0.2 0.35 0 0 0 0 255
0.225 0.35 0 0 0 0 255
0.25 0.35 0 0 0 0 255
0.275 0.35 0 0 0 0 255
0.3 0.35 0 0 0 0 255
0.325 0.35 0 0 0 0 255
0.35 0.35 0 0 0 0 255
0.375 0.35 0 0 0 0 255
0.4 0.35 0 0 0 0 255
0.425 0.35 0 0 0 0 255
0.45 0.35 0 0 0 0 255
0.475 0.35 0 0 0 0 255
0.5 0.35 0 0 0 0 255
-0.5 0.325 0 0 0 0 255
-0.475 0.325 -16455 -63164 255 0 0
-0.45 0.325 15421.6 -39283.2 255 0 0
-0.425 0.325 109814 56279 255 0 0
-0.4 0.325 6522.23 48711.9 255 0 0
-0.375 0.325 179291 75181.9 255 0 0
-0.35 0.325 14759 -19276.7 255 0 0
-0.325 0.325 -280792 -95233.6 255 0 0
-0.3 0.325 -140954 -99604.8 255 0 0
-0.275 0.325 -29550.2 -19761.5 255 0 0
-0.25 0.325 -88161.1 -1285.9 255 0 0
-0.225 0.325 -19051 -4385.04 255 0 0
-0.2 0.325 3235.07 1.24392e+06 255 0 0
-0.175 0.325 0 0 0 0 255
-0.15 0.325 0 0 0 0 255
-0.125 0.325 0 0 0 0 255
-0.1 0.325 0 0 0 0 255
-0.075 0.325 542129 27212.3 255 0 0
-0.05 0.325 1.27671e+06 268294 255 0 0
-0.025 0.325 -142063 -48697.6 255 0 0
0 0.325 -1.14803e+06 -189187 255 0 0
0.025 0.325 -104593 -1085.1 255 0 0
0.05 0.325 -9918.25 21998.3 255 0 0
0.075 0.325 5389.87 46639.6 255 0 0
0.1 0.325 0 0 0 0 255
0.125 0.325 0 0 0 0 255
0.15 0.325 0 0 0 0 255
0.175 0.325 0 0 0 0 255
0.2 0.325 0 0 0 0 255
0.225 0.325 0 0 0 0 255
0.25 0.325 0 0 0 0 255
0.275 0.325 0 0 0 0 255
0.3 0.325 0 0 0 0 255
0.325 0.325 0 0 0 0 255
0.35 0.325 0 0 0 0 255
0.375 0.325 0 0 0 0 255
0.4 0.325 0 0 0 0 255
0.425 0.325 0 0 0 0 255
0.45 0.325 0 0 0 0 255
0.475 0.325 0 0 0 0 255
0.5 0.325 0 0 0 0 255
-0.5 0.3 0 0 0 0 255
-0.475 0.3 52035.7 51223.5 255 0 0
-0.45 0.3 25418.2 13112.9 255 0 0
-0.425 0.3 61034.5 660.347 255 0 0
-0.4 0.3 57546.5 30945.2 255 0 0
-0.375 0.3 101353 16223.2 255 0 0
-0.35 0.3 157159 61036.5 255 0 0
-0.325 0.3 -127742 -27519.6 255 0 0
-0.3 0.3 -127755 -167842 255 0 0
-0.275 0.3 -121449 -135925 255 0 0
-0.25 0.3 -140494 -104499 255 0 0
-0.225 0.3 -25234 -21252.8 255 0 0
-0.2 0.3 698.318 37156.4 255 0 0
-0.175 0.3 0 0 0 0 255
-0.15 0.3 0 0 0 0 255
-0.125 0.3 0 0 0 0 255
-0.1 0.3 0 0 0 0 255
-0.075 0.3 138588 16754.9 255 0 0
-0.05 0.3 297305 46513.5 255 0 0
-0.025 0.3 287092 29335.4 255 0 0
0 0.3 -192829 -52298.7 255 0 0
0.025 0.3 -14053 -72490.3 255 0 0
0.05 0.3 53875.8 -19182.7 255 0 0
0.075 0.3 17296.2 19496.2 255 0 0
0.1 0.3 0 0 0 0 255
0.125 0.3 0 0 0 0 255
0.15 0.3 0 0 0 0 255
0.175 0.3 0 0 0 0 255
0.2 0.3 0 0 0 0 255
0.225 0.3 0 0 0 0 255
0.25 0.3 0 0 0 0 255
0.275 0.3 0 0 0 0 255
0.3 0.3 0 0 0 0 255
0.325 0.3 0 0 0 0 255
0.35 0.3 0 0 0 0 255
0.375 0.3 0 0 0 0 255
0.4 0.3 0 0 0 0 255
0.425 0.3 0 0 0 0 255
0.45 0.3 0 0 0 0 255
0.475 0.3 0 0 0 0 255
0.5 0.3 0 0 0 0 255
-0.5 0.275 0 0 0 0 255
-0.475 0.275 5552.5 -873.056 255 0 0
-0.45 0.275 8825.2 168.11 255 0 0
-0.425 0.275 14624.9 -24082 255 0 0
-0.4 0.275 31325.7 -9222.5 255 0 0
-0.375 0.275 1171.85 -75410.9 255 0 0
-0.35 0.275 0 0 0 0 255
-0.325 0.275 0 0 0 0 255
-0.3 0.275 0 0 0 0 255
-0.275 0.275 120583 60581.6 255 0 0
-0.25 0.275 -102278 -93092.9 255 0 0
-0.225 0.275 -224368 -183998 255 0 0
-0.2 0.275 -21226.9 -50553.7 255 0 0
-0.175 0.275 0 0 0 0 255
-0.15 0.275 0 0 0 0 255
-0.125 0.275 0 0 0 0 255
-0.1 0.275 0 0 0 0 255
-0.075 0.275 29214.6 6238.89 255 0 0
-0.05 0.275 68962.4 9523.63 255 0 0
-0.025 0.275 341816 -24084.5 255 0 0
0 0.275 370589 -151852 255 0 0
0.025 0.275 -36429.5 -88972.4 255 0 0
0.05 0.275 -165970 7253.13 255 0 0
0.075 0.275 -359291 146619 255 0 0
0.1 0.275 0 0 0 0 255
0.125 0.275 0 0 0 0 255
0.15 0.275 0 0 0 0 255
0.175 0.275 0 0 0 0 255
0.2 0.275 0 0 0 0 255
0.225 0.275 0 0 0 0 255
0.25 0.275 0 0 0 0 255
0.275 0.275 0 0 0 0 255
0.3 0.275 0 0 0 0 255
0.325 0.275 0 0 0 0 255
0.35 0.275 0 0 0 0 255
0.375 0.275 0 0 0 0 255
0.4 0.275 0 0 0 0 255
0.425 0.275 -8117.03 23176.4 255 0 0
0.45 0.275 35009.5 123657 255 0 0
0.475 0.275 0 0 0 0 255
0.5 0.275 0 0 0 0 255
-0.5 0.25 0 0 0 0 255
-0.475 0.25 0 0 0 0 255
-0.45 0.25 0 0 0 0 255
-0.425 0.25 0 0 0 0 255
-0.4 0.25 0 0 0 0 255
-0.375 0.25 0 0 0 0 255
-0.35 0.25 0 0 0 0 255
-0.325 0.25 0 0 0 0 255
-0.3 0.25 -609362 -744163 255 0 0
-0.275 0.25 -794256 -816943 255 0 0
-0.25 0.25 41889.4 30502.4 255 0 0
-0.225 0.25 -20120.6 -40851.8 255 0 0
-0.2 0.25 -115118 -195769 255 0 0
-0.175 0.25 0 0 0 0 255
-0.15 0.25 0 0 0 0 255
-0.125 0.25 0 0 0 0 255
-0.1 0.25 50109.7 -33701.2 255 0 0
-0.075 0.25 21572.8 -2340.32 255 0 0
-0.05 0.25 22003.6 7176.64 255 0 0
-0.025 0.25 75971.1 -26214 255 0 0
0 0.25 179527 -85018.9 255 0 0
0.025 0.25 210254 -171958 255 0 0
0.05 0.25 613974 -486734 255 0 0
0.075 0.25 0 0 0 0 255
0.1 0.25 0 0 0 0 255
0.125 0.25 0 0 0 0 255
0.15 0.25 0 0 0 0 255
0.175 0.25 0 0 0 0 255
0.2 0.25 0 0 0 0 255
0.225 0.25 0 0 0 0 255
0.25 0.25 0 0 0 0 255
0.275 0.25 0 0 0 0 255
0.3 0.25 0 0 0 0 255
0.325 0.25 0 0 0 0 255
0.35 0.25 0 0 0 0 255
0.375 0.25 0 0 0 0 255
0.4 0.25 103978 23576.9 255 0 0
0.425 0.25 -47398.1 -46878.3 255 0 0
0.45 0.25 -33363.3 69502.5 255 0 0
0.475 0.25 -366098 -492237 255 0 0
0.5 0.25 0 0 0 0 255
-0.5 0.225 0 0 0 0 255
-0.475 0.225 0 0 0 0 255
-0.45 0.225 0 0 0 0 255
-0.425 0.225 0 0 0 0 255
-0.4 0.225 0 0 0 0 255
-0.375 0.225 0 0 0 0 255
-0.35 0.225 0 0 0 0 255
-0.325 0.225 0 0 0 0 255
-0.3 0.225 657678 394881 255 0 0
-0.275 0.225 -60026.7 -176402 255 0 0
-0.25 0.225 -832928 -893167 255 0 0
-0.225 0.225 -78598.8 -107257 255 0 0
-0.2 0.225 -55848.3 -89236.7 255 0 0
-0.175 0.225 0 0 0 0 255
-0.15 0.225 0 0 0 0 255
-0.125 0.225 0 0 0 0 255
-0.1 0.225 1796.72 -1129.98 255 0 0
-0.075 0.225 7651.17 6528.09 255 0 0
-0.05 0.225 51178.6 -29426.5 255 0 0
-0.025 0.225 85964.2 -47259.4 255 0 0
0 0.225 0 0 0 0 255
0.025 0.225 0 0 0 0 255
0.05 0.225 0 0 0 0 255
0.075 0.225 0 0 0 0 255
0.1 0.225 0 0 0 0 255
0.125 0.225 0 0 0 0 255
0.15 0.225 0 0 0 0 255
0.175 0.225 0 0 0 0 255
0.2 0.225 0 0 0 0 255
0.225 0.225 0 0 0 0 255
0.25 0.225 0 0 0 0 255
0.275 0.225 0 0 0 0 255
0.3 0.225 0 0 0 0 255
0.325 0.225 0 0 0 0 255
0.35 0.225 -15019.6 -233.465 255 0 0
0.375 0.225 67546 13190.4 255 0 0
0.4 0.225 84935.6 54847.1 255 0 0
0.425 0.225 1284.18 1527.67 255 0 0
0.45 0.225 89673.2 218121 255 0 0
0.475 0.225 152124 428052 255 0 0
0.5 0.225 0 0 0 0 255
-0.5 0.2 0 0 0 0 255
-0.475 0.2 0 0 0 0 255
-0.45 0.2 0 0 0 0 255
-0.425 0.2 0 0 0 0 255
-0.4 0.2 0 0 0 0 255
-0.375 0.2 0 0 0 0 255
-0.35 0.2 0 0 0 0 255
-0.325 0.2 0 0 0 0 255
-0.3 0.2 0 0 0 0 255
-0.275 0.2 909202 933790 255 0 0
-0.25 0.2 130250 93972 255 0 0
-0.225 0.2 23239.6 -23973.4 255 0 0
-0.2 0.2 -11245.4 -17348.6 255 0 0
-0.175 0.2 28391.7 -18907.5 255 0 0
-0.15 0.2 0 0 0 0 255
-0.125 0.2 0 0 0 0 255
-0.1 0.2 10277.2 -2632.48 255 0 0
-0.075 0.2 15137.8 -2592.39 255 0 0
-0.05 0.2 -12.4463 -552.168 255 0 0
-0.025 0.2 -43971.9 24067.2 255 0 0
0 0.2 0 0 0 0 255
0.025 0.2 0 0 0 0 255
0.05 0.2 0 0 0 0 255
0.075 0.2 0 0 0 0 255
0.1 0.2 0 0 0 0 255
0.125 0.2 0 0 0 0 255
0.15 0.2 0 0 0 0 255
0.175 0.2 0 0 0 0 255
0.2 0.2 0 0 0 0 255
0.225 0.2 0 0 0 0 255
0.25 0.2 0 0 0 0 255
0.275 0.2 0 0 0 0 255
0.3 0.2 0 0 0 0 255
0.325 0.2 0 0 0 0 255
0.35 0.2 -91866.9 -50077.6 255 0 0
0.375 0.2 -55051 -29624.7 255 0 0
0.4 0.2 9139.59 14325.6 255 0 0
0.425 0.2 19036.9 18185.2 255 0 0
0.45 0.2 -5615.09 60142.9 255 0 0
0.475 0.2 337212 666795 255 0 0
0.5 0.2 0 0 0 0 255
-0.5 0.175 0 0 0 0 255
-0.475 0.175 0 0 0 0 255
-0.45 0.175 0 0 0 0 255
-0.425 0.175 0 0 0 0 255
-0.4 0.175 0 0 0 0 255
-0.375 0.175 0 0 0 0 255
-0.35 0.175 0 0 0 0 255
-0.325 0.175 0 0 0 0 255
-0.3 0.175 0 0 0 0 255
-0.275 0.175 -116.921 -19881.3 255 0 0
-0.25 0.175 26590.4 -5448.66 255 0 0
-0.225 0.175 54823.1 -23428.1 255 0 0
-0.2 0.175 21668.8 -41867.6 255 0 0
-0.175 0.175 -41713.3 2027.98 255 0 0
-0.15 0.175 -75222.2 41446.7 255 0 0
-0.125 0.175 0 0 0 0 255
-0.1 0.175 4489.5 -164.135 255 0 0
-0.075 0.175 1342.62 1152.85 255 0 0
-0.05 0.175 3936.43 -1932.3 255 0 0
-0.025 0.175 8591.68 -5553.27 255 0 0
0 0.175 0 0 0 0 255
0.025 0.175 0 0 0 0 255
0.05 0.175 0 0 0 0 255
0.075 0.175 0 0 0 0 255
0.1 0.175 0 0 0 0 255
0.125 0.175 0 0 0 0 255
0.15 0.175 0 0 0 0 255
0.175 0.175 0 0 0 0 255
0.2 0.175 0 0 0 0 255
0.225 0.175 0 0 0 0 255
0.25 0.175 0 0 0 0 255
0.275 0.175 0 0 0 0 255
0.3 0.175 0 0 0 0 255
0.325 0.175 104580 2927.68 255 0 0
0.35 0.175 79626.7 19732.3 255 0 0
0.375 0.175 -17879.9 -16099.5 255 0 0
0.4 0.175 -46389.7 -30816 255 0 0
0.425 0.175 -1718.33 45453.6 255 0 0
0.45 0.175 -44010.1 42542.2 255 0 0
0.475 0.175 0 0 0 0 255
0.5 0.175 0 0 0 0 255
-0.5 0.15 0 0 0 0 255
-0.475 0.15 0 0 0 0 255
-0.45 0.15 0 0 0 0 255
-0.425 0.15 0 0 0 0 255
-0.4 0.15 0 0 0 0 255
-0.375 0.15 0 0 0 0 255
-0.35 0.15 0 0 0 0 255
-0.325 0.15 0 0 0 0 255
-0.3 0.15 0 0 0 0 255
-0.275 0.15 0 0 0 0 255
-0.25 0.15 49894.2 -21260.7 255 0 0
-0.225 0.15 36890.6 -27092.7 255 0 0
-0.2 0.15 -38373.4 9525.45 255 0 0
-0.175 0.15 -65081.5 22862.9 255 0 0
-0.15 0.15 -25932.1 4719.41 255 0 0
-0.125 0.15 85017.3 -144448 255 0 0
-0.1 0.15 31537.9 -10650.9 255 0 0
-0.075 0.15 3097.72 -770.727 255 0 0
-0.05 0.15 11137.1 -1215.31 255 0 0
-0.025 0.15 4721.03 -12133.8 255 0 0
0 0.15 -14251.3 -5704.75 255 0 0
0.025 0.15 0 0 0 0 255
0.05 0.15 0 0 0 0 255
0.075 0.15 0 0 0 0 255
0.1 0.15 0 0 0 0 255
0.125 0.15 0 0 0 0 255
0.15 0.15 0 0 0 0 255
0.175 0.15 0 0 0 0 255
0.2 0.15 0 0 0 0 255
0.225 0.15 0 0 0 0 255
0.25 0.15 0 0 0 0 255
0.275 0.15 0 0 0 0 255
0.3 0.15 0 0 0 0 255
0.325 0.15 14510.8 2321.76 255 0 0
0.35 0.15 31749.5 26618 255 0 0
0.375 0.15 45242 30914.4 255 0 0
0.4 0.15 -59753.3 -1507.7 255 0 0
0.425 0.15 -116957 -11659.7 255 0 0
0.45 0.15 0 0 0 0 255
0.475 0.15 0 0 0 0 255
0.5 0.15 0 0 0 0 255
-0.5 0.125 0 0 0 0 255
-0.475 0.125 0 0 0 0 255
-0.45 0.125 0 0 0 0 255
-0.425 0.125 0 0 0 0 255
-0.4 0.125 0 0 0 0 255
-0.375 0.125 0 0 0 0 255
-0.35 0.125 0 0 0 0 255
-0.325 0.125 0 0 0 0 255
-0.3 0.125 0 0 0 0 255
-0.275 0.125 0 0 0 0 255
-0.25 0.125 0 0 0 0 255
-0.225 0.125 -30295.8 7173.84 255 0 0
-0.2 0.125 -34085.8 16469.8 255 0 0
-0.175 0.125 -6038.86 5118.72 255 0 0
-0.15 0.125 14180.1 -41327.6 255 0 0
-0.125 0.125 96198.5 -48618.9 255 0 0
-0.1 0.125 -332905 -697436 255 0 0
-0.075 0.125 -95357.8 755.287 255 0 0
-0.05 0.125 -20010.9 -7558.46 255 0 0
-0.025 0.125 -51.5153 -9226.14 255 0 0
0 0.125 16792.8 -2101.04 255 0 0
0.025 0.125 0 0 0 0 255
0.05 0.125 0 0 0 0 255
0.075 0.125 0 0 0 0 255
0.1 0.125 0 0 0 0 255
0.125 0.125 0 0 0 0 255
0.15 0.125 0 0 0 0 255
0.175 0.125 0 0 0 0 255
0.2 0.125 0 0 0 0 255
0.225 0.125 0 0 0 0 255
0.25 0.125 0 0 0 0 255
0.275 0.125 0 0 0 0 255
0.3 0.125 0 0 0 0 255
0.325 0.125 635.707 -533.095 255 0 0
0.35 0.125 1900.33 3934.36 255 0 0
0.375 0.125 8509.7 42258.6 255 0 0
0.4 0.125 7457.97 76761.3 255 0 0
0.425 0.125 0 0 0 0 255
0.45 0.125 0 0 0 0 255
0.475 0.125 0 0 0 0 255
0.5 0.125 0 0 0 0 255
-0.5 0.1 0 0 0 0 255
-0.475 0.1 0 0 0 0 255
-0.45 0.1 0 0 0 0 255
-0.425 0.1 0 0 0 0 255
-0.4 0.1 0 0 0 0 255
-0.375 0.1 -23931.5 -41482.2 255 0 0
-0.35 0.1 -331222 516487 255 0 0
-0.325 0.1 -59841.3 148185 255 0 0
-0.3 0.1 34402.5 -4072.44 255 0 0
-0.275 0.1 0 0 0 0 255
-0.25 0.1 0 0 0 0 255
-0.225 0.1 -1156.34 29004.2 255 0 0
-0.2 0.1 12677 9176.91 255 0 0
-0.175 0.1 55281.1 -3113.63 255 0 0
-0.15 0.1 24723.9 3887.39 255 0 0
-0.125 0.1 113082 385992 255 0 0
-0.1 0.1 -51823 -56096.6 255 0 0
-0.075 0.1 -168749 -342414 255 0 0
-0.05 0.1 -20901.4 -13209.5 255 0 0
-0.025 0.1 -19329.1 1490.87 255 0 0
0 0.1 0 0 0 0 255
0.025 0.1 0 0 0 0 255
0.05 0.1 0 0 0 0 255
0.075 0.1 0 0 0 0 255
0.1 0.1 0 0 0 0 255
0.125 0.1 0 0 0 0 255
0.15 0.1 0 0 0 0 255
0.175 0.1 0 0 0 0 255
0.2 0.1 0 0 0 0 255
0.225 0.1 0 0 0 0 255
0.25 0.1 0 0 0 0 255
0.275 0.1 0 0 0 0 255
0.3 0.1 0 0 0 0 255
0.325 0.1 1478.31 272.549 255 0 0
0.35 0.1 -10252.9 11106.8 255 0 0
0.375 0.1 -39722.2 42780.8 255 0 0
0.4 0.1 0 0 0 0 255
0.425 0.1 0 0 0 0 255
0.45 0.1 0 0 0 0 255
0.475 0.1 0 0 0 0 255
0.5 0.1 0 0 0 0 255
-0.5 0.075 0 0 0 0 255
-0.475 0.075 0 0 0 0 255
-0.45 0.075 0 0 0 0 255
-0.425 0.075 0 0 0 0 255
-0.4 0.075 0 0 0 0 255
-0.375 0.075 -58276.5 66627.6 255 0 0
-0.35 0.075 -145648 228271 255 0 0
-0.325 0.075 17872.2 4952.26 255 0 0
-0.3 0.075 28641.9 2212.81 255 0 0
-0.275 0.075 0 0 0 0 255
-0.25 0.075 40869 -50843.9 255 0 0
-0.225 0.075 9616 7907.2 255 0 0
-0.2 0.075 179829 -28216.1 255 0 0
-0.175 0.075 -1009.09 667.541 255 0 0
-0.15 0.075 -194010 55739.5 255 0 0
-0.125 0.075 -6199.68 63601.1 255 0 0
-0.1 0.075 347370 707443 255 0 0
-0.075 0.075 -21123.2 -48708.9 255 0 0
-0.05 0.075 -26024.1 -14881.3 255 0 0
-0.025 0.075 -11608.6 -2398.53 255 0 0
0 0.075 0 0 0 0 255
0.025 0.075 0 0 0 0 255
0.05 0.075 0 0 0 0 255
0.075 0.075 0 0 0 0 255
0.1 0.075 0 0 0 0 255
0.125 0.075 0 0 0 0 255
0.15 0.075 0 0 0 0 255
0.175 0.075 0 0 0 0 255
0.2 0.075 0 0 0 0 255
0.225 0.075 0 0 0 0 255
0.25 0.075 0 0 0 0 255
0.275 0.075 0 0 0 0 255
0.3 0.075 0 0 0 0 255
0.325 0.075 0 0 0 0 255
0.35 0.075 0 0 0 0 255
0.375 0.075 0 0 0 0 255
0.4 0.075 0 0 0 0 255
0.425 0.075 0 0 0 0 255
0.45 0.075 0 0 0 0 255
0.475 0.075 0 0 0 0 255
0.5 0.075 0 0 0 0 255
-0.5 0.05 0 0 0 0 255
-0.475 0.05 0 0 0 0 255
-0.45 0.05 0 0 0 0 255
-0.425 0.05 0 0 0 0 255
-0.4 0.05 0 0 0 0 255
-0.375 0.05 1.10548 -0.669898 255 0 0
-0.35 0.05 0.51429 -3.16422 255 0 0
-0.325 0.05 12649.1 -594.386 255 0 0
-0.3 0.05 28044.9 -15743.7 255 0 0
-0.275 0.05 0 0 0 0 255
-0.25 0.05 -7189.5 47.0018 255 0 0
-0.225 0.05 -11748.3 8476.66 255 0 0
-0.2 0.05 -17456.5 15410.9 255 0 0
-0.175 0.05 37648.8 14859.4 255 0 0
-0.15 0.05 -8898.37 35441.3 255 0 0
-0.125 0.05 -36821.6 2914.98 255 0 0
-0.1 0.05 33913.5 29675.9 255 0 0
-0.075 0.05 -22083.9 -23187.7 255 0 0
-0.05 0.05 -9366.9 -18634.3 255 0 0
-0.025 0.05 -7450.82 -13314.7 255 0 0
0 0.05 0 0 0 0 255
0.025 0.05 0 0 0 0 255
0.05 0.05 0 0 0 0 255
0.075 0.05 0 0 0 0 255
0.1 0.05 0 0 0 0 255
0.125 0.05 0 0 0 0 255
0.15 0.05 0 0 0 0 255
0.175 0.05 0 0 0 0 255
0.2 0.05 0 0 0 0 255
0.225 0.05 0 0 0 0 255
0.25 0.05 0 0 0 0 255
0.275 0.05 0 0 0 0 255
0.3 0.05 0 0 0 0 255
0.325 0.05 0 0 0 0 255
0.35 0.05 0 0 0 0 255
0.375 0.05 0 0 0 0 255
0.4 0.05 0 0 0 0 255
0.425 0.05 0 0 0 0 255
0.45 0.05 0 0 0 0 255
0.475 0.05 0 0 0 0 255
0.5 0.05 0 0 0 0 255
-0.5 0.025 0 0 0 0 255
-0.475 0.025 0 0 0 0 255
-0.45 0.025 0 0 0 0 255
-0.425 0.025 0 0 0 0 255
-0.4 0.025 0 0 0 0 255
-0.375 0.025 -0.398155 2.5331 255 0 0
-0.35 0.025 -0.975422 -0.0542054 255 0 0
-0.325 0.025 7310.12 -1245.36 255 0 0
-0.3 0.025 15929.7 -22040.3 255 0 0
-0.275 0.025 0 0 0 0 255
-0.25 0.025 -22979.5 16600.4 255 0 0
-0.225 0.025 -11037.6 7986.2 255 0 0
-0.2 0.025 -1873.44 -11286.6 255 0 0
-0.175 0.025 49097.8 -53425.4 255 0 0
-0.15 0.025 0 0 0 0 255
-0.125 0.025 5669.1 -6160.43 255 0 0
-0.1 0.025 6584.45 -1842.33 255 0 0
-0.075 0.025 -4161.17 -24740 255 0 0
-0.05 0.025 12074 -22757.9 255 0 0
-0.025 0.025 -1845.45 -4755.62 255 0 0
0 0.025 0 0 0 0 255
0.025 0.025 0 0 0 0 255
0.05 0.025 0 0 0 0 255
0.075 0.025 0 0 0 0 255
0.1 0.025 0 0 0 0 255
0.125 0.025 0 0 0 0 255
0.15 0.025 0 0 0 0 255
0.175 0.025 0 0 0 0 255
0.2 0.025 0 0 0 0 255
0.225 0.025 0 0 0 0 255
0.25 0.025 0 0 0 0 255
0.275 0.025 0 0 0 0 255
0.3 0.025 0 0 0 0 255
0.325 0.025 0 0 0 0 255
0.35 0.025 0 0 0 0 255
0.375 0.025 0 0 0 0 255
0.4 0.025 0 0 0 0 255
0.425 0.025 0 0 0 0 255
0.45 0.025 0 0 0 0 255
0.475 0.025 0 0 0 0 255
0.5 0.025 0 0 0 0 255
-0.5 0 0 0 0 0 255
-0.475 0 0 0 0 0 255
-0.45 0 0 0 0 0 255
-0.425 0 0 0 0 0 255
-0.4 0 0 0 0 0 255
-0.375 0 0 0 0 0 255
-0.35 0 0 0 0 0 255
-0.325 0 0 0 0 0 255
-0.3 0 0 0 0 0 255
-0.275 0 0 0 0 0 255
-0.25 0 0 0 0 0 255
-0.225 0 0 0 0 0 255
-0.2 0 0 0 0 0 255
-0.175 0 0 0 0 0 255
-0.15 0 0 0 0 0 255
-0.125 0 0 0 0 0 255
-0.1 0 0 0 0 0 255
-0.075 0 0 0 0 0 255
-0.05 0 0 0 0 0 255
-0.025 0 0 0 0 0 255
0 0 0 0 0 0 255
0.025 0 0 0 0 0 255
0.05 0 0 0 0 0 255
0.075 0 0 0 0 0 255
0.1 0 0 0 0 0 255
0.125 0 0 0 0 0 255
0.15 0 0 0 0 0 255
0.175 0 0 0 0 0 255
0.2 0 0 0 0 0 255
0.225 0 0 0 0 0 255
0.25 0 0 0 0 0 255
0.275 0 0 0 0 0 255
0.3 0 0 0 0 0 255
0.325 0 0 0 0 0 255
0.35 0 0 0 0 0 255
0.375 0 0 0 0 0 255
0.4 0 0 0 0 0 255
0.425 0 0 0 0 0 255
0.45 0 0 0 0 0 255
0.475 0 0 0 0 0 255
0.5 0 0 0 0 0 255
