-0.5 1 0 0 0 0 255
-0.475 1 0 0 0 0 255
-0.45 1 0 0 0 0 255
-0.425 1 0 0 0 0 255
-0.4 1 0 0 0 0 255
-0.375 1 0 0 0 0 255
-0.35 1 0 0 0 0 255
-0.325 1 0 0 0 0 255
-0.3 1 0 0 0 0 255
-0.275 1 0 0 0 0 255
-0.25 1 0 0 0 0 255
-0.225 1 0 0 0 0 255
-0.2 1 0 0 0 0 255
-0.175 1 0 0 0 0 255
-0.15 1 0 0 0 0 255
-0.125 1 0 0 0 0 255
-0.1 1 0 0 0 0 255
-0.075 1 0 0 0 0 255
-0.05 1 0 0 0 0 255
-0.025 1 0 0 0 0 255
0 1 0 0 0 0 255
0.025 1 0 0 0 0 255
0.05 1 0 0 0 0 255
0.075 1 0 0 0 0 255
0.1 1 0 0 0 0 255
0.125 1 0 0 0 0 255
0.15 1 0 0 0 0 255
0.175 1 0 0 0 0 255
0.2 1 0 0 0 0 255
0.225 1 0 0 0 0 255
0.25 1 0 0 0 0 255
0.275 1 0 0 0 0 255
0.3 1 0 0 0 0 255
0.325 1 0 0 0 0 255
0.35 1 0 0 0 0 255
0.375 1 0 0 0 0 255
0.4 1 0 0 0 0 255
0.425 1 0 0 0 0 255
0.45 1 0 0 0 0 255
0.475 1 0 0 0 0 255
0.5 1 0 0 0 0 255
-0.5 0.975 0 0 0 0 255
-0.475 0.975 108202 -6273.67 255 0 0
-0.45 0.975 46199.4 19912.9 255 0 0
-0.425 0.975 34228.9 64432.7 255 0 0
-0.4 0.975 70998.5 116131 255 0 0
-0.375 0.975 179819 298440 255 0 0
-0.35 0.975 25978 -4507.92 255 0 0
-0.325 0.975 19469.8 15824.3 255 0 0
-0.3 0.975 30489.4 44010 255 0 0
-0.275 0.975 23663.7 34056.1 255 0 0
-0.25 0.975 13144.4 22624.3 255 0 0
-0.225 0.975 12374 12487.6 255 0 0
-0.2 0.975 7034.98 7837.34 255 0 0
-0.175 0.975 -15052.5 2412.92 255 0 0
-0.15 0.975 0 0 0 0 255
-0.125 0.975 0 0 0 0 255
-0.1 0.975 0 0 0 0 255
-0.075 0.975 0 0 0 0 255
-0.05 0.975 0 0 0 0 255
-0.025 0.975 0 0 0 0 255
0 0.975 0 0 0 0 255
0.025 0.975 0 0 0 0 255
0.05 0.975 0 0 0 0 255
0.075 0.975 0 0 0 0 255
0.1 0.975 0 0 0 0 255
0.125 0.975 0 0 0 0 255
0.15 0.975 0 0 0 0 255
0.175 0.975 0 0 0 0 255
0.2 0.975 0 0 0 0 255
0.225 0.975 0 0 0 0 255
0.25 0.975 0 0 0 0 255
0.275 0.975 0 0 0 0 255
0.3 0.975 0 0 0 0 255
0.325 0.975 0 0 0 0 255
0.35 0.975 0 0 0 0 255
0.375 0.975 0 0 0 0 255
0.4 0.975 0 0 0 0 255
0.425 0.975 0 0 0 0 255
0.45 0.975 0 0 0 0 255
0.475 0.975 0 0 0 0 255
0.5 0.975 0 0 0 0 255
-0.5 0.95 0 0 0 0 255
-0.475 0.95 -247265 63003.4 255 0 0
-0.45 0.95 -204048 52714.5 255 0 0
-0.425 0.95 -39223.3 39781.3 255 0 0
-0.4 0.95 54205.4 20151.5 255 0 0
-0.375 0.95 81855.4 144406 255 0 0
-0.35 0.95 19382.8 34880.7 255 0 0
-0.325 0.95 15789.6 14040 255 0 0
-0.3 0.95 15467.8 22422 255 0 0
-0.275 0.95 -1131.82 24072.3 255 0 0
-0.25 0.95 -10018.1 20039.7 255 0 0
-0.225 0.95 10414 10649.5 255 0 0
-0.2 0.95 -25447.3 11800.8 255 0 0
-0.175 0.95 -34838.8 13676.5 255 0 0
-0.15 0.95 40639.7 4596.23 255 0 0
-0.125 0.95 9453.41 7316.69 255 0 0
-0.1 0.95 -36030.4 4499.25 255 0 0
-0.075 0.95 0 0 0 0 255
-0.05 0.95 0 0 0 0 255
-0.025 0.95 0 0 0 0 255
0 0.95 0 0 0 0 255
0.025 0.95 0 0 0 0 255
0.05 0.95 0 0 0 0 255
0.075 0.95 0 0 0 0 255
0.1 0.95 0 0 0 0 255
0.125 0.95 0 0 0 0 255
0.15 0.95 0 0 0 0 255
0.175 0.95 0 0 0 0 255
0.2 0.95 0 0 0 0 255
0.225 0.95 0 0 0 0 255
0.25 0.95 0 0 0 0 255
0.275 0.95 0 0 0 0 255
0.3 0.95 0 0 0 0 255
0.325 0.95 0 0 0 0 255
0.35 0.95 0 0 0 0 255
0.375 0.95 0 0 0 0 255
0.4 0.95 0 0 0 0 255
0.425 0.95 0 0 0 0 255
0.45 0.95 0 0 0 0 255
0.475 0.95 0 0 0 0 255
0.5 0.95 0 0 0 0 255
-0.5 0.925 0 0 0 0 255
-0.475 0.925 -266430 55120.7 255 0 0
-0.45 0.925 -244147 42277 255 0 0
-0.425 0.925 -97602.5 5847.81 255 0 0
-0.4 0.925 -268299 -116417 255 0 0
-0.375 0.925 -43337.4 -786.503 255 0 0
-0.35 0.925 38581.8 -2148.32 255 0 0
-0.325 0.925 -8216.49 -2577.75 255 0 0
-0.3 0.925 -74031.5 -73744.6 255 0 0
-0.275 0.925 -15485.3 -10749.9 255 0 0
-0.25 0.925 -7736.91 1762.21 255 0 0
-0.225 0.925 15346.9 -1932.72 255 0 0
-0.2 0.925 -3862.43 -3.6317 255 0 0
-0.175 0.925 -15451.6 14025.4 255 0 0
-0.15 0.925 15930.6 6074.09 255 0 0
-0.125 0.925 -1248.53 -609.314 255 0 0
-0.1 0.925 34277.8 16407.9 255 0 0
-0.075 0.925 70471.3 63776.2 255 0 0
-0.05 0.925 114455 154308 255 0 0
-0.025 0.925 0 0 0 0 255
0 0.925 0 0 0 0 255
0.025 0.925 0 0 0 0 255
0.05 0.925 0 0 0 0 255
0.075 0.925 0 0 0 0 255
0.1 0.925 0 0 0 0 255
0.125 0.925 0 0 0 0 255
0.15 0.925 0 0 0 0 255
0.175 0.925 0 0 0 0 255
0.2 0.925 0 0 0 0 255
0.225 0.925 0 0 0 0 255
0.25 0.925 0 0 0 0 255
0.275 0.925 0 0 0 0 255
0.3 0.925 0 0 0 0 255
0.325 0.925 0 0 0 0 255
0.35 0.925 0 0 0 0 255
0.375 0.925 0 0 0 0 255
0.4 0.925 0 0 0 0 255
0.425 0.925 0 0 0 0 255
0.45 0.925 0 0 0 0 255
0.475 0.925 0 0 0 0 255
0.5 0.925 0 0 0 0 255
-0.5 0.9 0 0 0 0 255
-0.475 0.9 8779.56 37501.8 255 0 0
-0.45 0.9 -63987 17870.3 255 0 0
-0.425 0.9 680810 275980 255 0 0
-0.4 0.9 103785 758.803 255 0 0
-0.375 0.9 -409988 -353951 255 0 0
-0.35 0.9 -182338 -19143 255 0 0
-0.325 0.9 -349004 125924 255 0 0
-0.3 0.9 -104140 -111465 255 0 0
-0.275 0.9 -57575.1 -84306.7 255 0 0
-0.25 0.9 15278.7 579.837 255 0 0
-0.225 0.9 9234.53 -10.124 255 0 0
-0.2 0.9 -15789.9 2460.87 255 0 0
-0.175 0.9 -10018 1598.12 255 0 0
-0.15 0.9 19794.9 -3664.32 255 0 0
-0.125 0.9 -2372.42 -2227.28 255 0 0
-0.1 0.9 -24543.8 9720.6 255 0 0
-0.075 0.9 53343.8 -8973.23 255 0 0
-0.05 0.9 133290 13887.9 255 0 0
-0.025 0.9 -37748 -58243.7 255 0 0
0 0.9 -97832.6 -34662.9 255 0 0
0.025 0.9 -63174.8 -12136.3 255 0 0
0.05 0.9 -31485.1 19760.1 255 0 0
0.075 0.9 0 0 0 0 255
0.1 0.9 0 0 0 0 255
0.125 0.9 0 0 0 0 255
0.15 0.9 0 0 0 0 255
0.175 0.9 0 0 0 0 255
0.2 0.9 0 0 0 0 255
0.225 0.9 0 0 0 0 255
0.25 0.9 0 0 0 0 255
0.275 0.9 0 0 0 0 255
0.3 0.9 0 0 0 0 255
0.325 0.9 0 0 0 0 255
0.35 0.9 0 0 0 0 255
0.375 0.9 0 0 0 0 255
0.4 0.9 0 0 0 0 255
0.425 0.9 0 0 0 0 255
0.45 0.9 0 0 0 0 255
0.475 0.9 0 0 0 0 255
0.5 0.9 0 0 0 0 255
-0.5 0.875 0 0 0 0 255
-0.475 0.875 41817.9 20458.5 255 0 0
-0.45 0.875 31455.4 14199.8 255 0 0
-0.425 0.875 -3756.29 -6618.97 255 0 0
-0.4 0.875 216422 76975.5 255 0 0
-0.375 0.875 -48472.3 -19814.8 255 0 0
-0.35 0.875 -87896.6 5767.24 255 0 0
-0.325 0.875 73289.3 99146 255 0 0
-0.3 0.875 -33742.6 -42844.5 255 0 0
-0.275 0.875 -128415 -84026.5 255 0 0
-0.25 0.875 -46849.9 -17247.2 255 0 0
-0.225 0.875 0 0 0 0 255
-0.2 0.875 -14810.4 1446.53 255 0 0
-0.175 0.875 8282.65 -1629.16 255 0 0
-0.15 0.875 9306.81 -1954.59 255 0 0
-0.125 0.875 -18298.1 1873.38 255 0 0
-0.1 0.875 -17315.8 -272.264 255 0 0
-0.075 0.875 32934 -22347.7 255 0 0
-0.05 0.875 2564.24 -22865.5 255 0 0
-0.025 0.875 -53503.7 7543.32 255 0 0
0 0.875 -25208.4 7531.31 255 0 0
0.025 0.875 -35186.5 -11633.2 255 0 0
0.05 0.875 -30403.5 -19763 255 0 0
0.075 0.875 18021.4 -10255.2 255 0 0
0.1 0.875 0 0 0 0 255
0.125 0.875 0 0 0 0 255
0.15 0.875 0 0 0 0 255
0.175 0.875 0 0 0 0 255
0.2 0.875 0 0 0 0 255
0.225 0.875 0 0 0 0 255
0.25 0.875 0 0 0 0 255
0.275 0.875 0 0 0 0 255
0.3 0.875 0 0 0 0 255
0.325 0.875 0 0 0 0 255
0.35 0.875 0 0 0 0 255
0.375 0.875 0 0 0 0 255
0.4 0.875 0 0 0 0 255
0.425 0.875 0 0 0 0 255
0.45 0.875 0 0 0 0 255
0.475 0.875 0 0 0 0 255
0.5 0.875 0 0 0 0 255
-0.5 0.85 0 0 0 0 255
-0.475 0.85 643.93 949.595 255 0 0
-0.45 0.85 178719 59145.2 255 0 0
-0.425 0.85 108996 31720.2 255 0 0
-0.4 0.85 -167520 -71571.2 255 0 0
-0.375 0.85 -115012 -39502.4 255 0 0
-0.35 0.85 -23376.8 -3334.17 255 0 0
-0.325 0.85 -40975.2 -1071.62 255 0 0
-0.3 0.85 0 0 0 0 255
-0.275 0.85 0 0 0 0 255
-0.25 0.85 0 0 0 0 255
-0.225 0.85 0 0 0 0 255
-0.2 0.85 0 0 0 0 255
-0.175 0.85 0 0 0 0 255
-0.15 0.85 -22178 1016.04 255 0 0
-0.125 0.85 -20276.1 2258.41 255 0 0
-0.1 0.85 -5560.86 -2297.69 255 0 0
-0.075 0.85 11984.2 -8617.35 255 0 0
-0.05 0.85 -20901.5 5704 255 0 0
-0.025 0.85 -29485.5 31188.6 255 0 0
0 0.85 3988.65 15061.4 255 0 0
0.025 0.85 4884.19 10173.8 255 0 0
0.05 0.85 -11433.6 -27325.5 255 0 0
0.075 0.85 -16533.6 -36067.7 255 0 0
0.1 0.85 0 0 0 0 255
0.125 0.85 0 0 0 0 255
0.15 0.85 0 0 0 0 255
0.175 0.85 0 0 0 0 255
0.2 0.85 0 0 0 0 255
0.225 0.85 0 0 0 0 255
0.25 0.85 0 0 0 0 255
0.275 0.85 0 0 0 0 255
0.3 0.85 0 0 0 0 255
0.325 0.85 0 0 0 0 255
0.35 0.85 0 0 0 0 255
0.375 0.85 0 0 0 0 255
0.4 0.85 0 0 0 0 255
0.425 0.85 0 0 0 0 255
0.45 0.85 0 0 0 0 255
0.475 0.85 0 0 0 0 255
0.5 0.85 0 0 0 0 255
-0.5 0.825 0 0 0 0 255
-0.475 0.825 14720.8 261.141 255 0 0
-0.45 0.825 23581.7 4533.93 255 0 0
-0.425 0.825 26663.5 7084.6 255 0 0
-0.4 0.825 -8918.62 -3549.77 255 0 0
-0.375 0.825 0 0 0 0 255
-0.35 0.825 0 0 0 0 255
-0.325 0.825 0 0 0 0 255
-0.3 0.825 0 0 0 0 255
-0.275 0.825 0 0 0 0 255
-0.25 0.825 0 0 0 0 255
-0.225 0.825 0 0 0 0 255
-0.2 0.825 0 0 0 0 255
-0.175 0.825 0 0 0 0 255
-0.15 0.825 0 0 0 0 255
-0.125 0.825 0 0 0 0 255
-0.1 0.825 8594.93 -8184.77 255 0 0
-0.075 0.825 616.108 -5508.09 255 0 0
-0.05 0.825 -15542.7 -358.766 255 0 0
-0.025 0.825 -3255.68 7774.54 255 0 0
0 0.825 12513.1 15102.4 255 0 0
0.025 0.825 18198.1 11997 255 0 0
0.05 0.825 -25098.8 -6767 255 0 0
0.075 0.825 -58179.2 -11937.7 255 0 0
0.1 0.825 -5266.63 18153.5 255 0 0
0.125 0.825 0 0 0 0 255
0.15 0.825 0 0 0 0 255
0.175 0.825 0 0 0 0 255
0.2 0.825 0 0 0 0 255
0.225 0.825 0 0 0 0 255
0.25 0.825 0 0 0 0 255
0.275 0.825 0 0 0 0 255
0.3 0.825 0 0 0 0 255
0.325 0.825 0 0 0 0 255
0.35 0.825 0 0 0 0 255
0.375 0.825 0 0 0 0 255
0.4 0.825 0 0 0 0 255
0.425 0.825 0 0 0 0 255
0.45 0.825 0 0 0 0 255
0.475 0.825 0 0 0 0 255
0.5 0.825 0 0 0 0 255
-0.5 0.8 0 0 0 0 255
-0.475 0.8 0 0 0 0 255
-0.45 0.8 -39177.3 20369.7 255 0 0
-0.425 0.8 -51527.5 -4097.63 255 0 0
-0.4 0.8 0 0 0 0 255
-0.375 0.8 0 0 0 0 255
-0.35 0.8 0 0 0 0 255
-0.325 0.8 0 0 0 0 255
-0.3 0.8 0 0 0 0 255
-0.275 0.8 0 0 0 0 255
-0.25 0.8 0 0 0 0 255
-0.225 0.8 0 0 0 0 255
-0.2 0.8 0 0 0 0 255
-0.175 0.8 0 0 0 0 255
-0.15 0.8 0 0 0 0 255
-0.125 0.8 0 0 0 0 255
-0.1 0.8 0 0 0 0 255
-0.075 0.8 0 0 0 0 255
-0.05 0.8 -684.947 -7316.98 255 0 0
-0.025 0.8 6384.12 -753.772 255 0 0
0 0.8 4273.09 14910 255 0 0
0.025 0.8 -3669.5 5461.95 255 0 0
0.05 0.8 -55.6155 -2084.22 255 0 0
0.075 0.8 -15326.2 -15669.2 255 0 0
0.1 0.8 -19598 18569.6 255 0 0
0.125 0.8 7594.9 34627.9 255 0 0
0.15 0.8 0 0 0 0 255
0.175 0.8 0 0 0 0 255
0.2 0.8 0 0 0 0 255
0.225 0.8 0 0 0 0 255
0.25 0.8 0 0 0 0 255
0.275 0.8 0 0 0 0 255
0.3 0.8 0 0 0 0 255
0.325 0.8 0 0 0 0 255
0.35 0.8 0 0 0 0 255
0.375 0.8 0 0 0 0 255
0.4 0.8 0 0 0 0 255
0.425 0.8 0 0 0 0 255
0.45 0.8 0 0 0 0 255
0.475 0.8 0 0 0 0 255
0.5 0.8 0 0 0 0 255
-0.5 0.775 0 0 0 0 255
-0.475 0.775 0 0 0 0 255
-0.45 0.775 0 0 0 0 255
-0.425 0.775 0 0 0 0 255
-0.4 0.775 0 0 0 0 255
-0.375 0.775 0 0 0 0 255
-0.35 0.775 0 0 0 0 255
-0.325 0.775 0 0 0 0 255
-0.3 0.775 0 0 0 0 255
-0.275 0.775 0 0 0 0 255
-0.25 0.775 0 0 0 0 255
-0.225 0.775 0 0 0 0 255
-0.2 0.775 0 0 0 0 255
-0.175 0.775 0 0 0 0 255
-0.15 0.775 0 0 0 0 255
-0.125 0.775 0 0 0 0 255
-0.1 0.775 0 0 0 0 255
-0.075 0.775 0 0 0 0 255
-0.05 0.775 0 0 0 0 255
-0.025 0.775 0 0 0 0 255
0 0.775 -10429.9 10288.9 255 0 0
0.025 0.775 1363.33 -108.691 255 0 0
0.05 0.775 17705.9 -6458.54 255 0 0
0.075 0.775 16128 -9155.38 255 0 0
0.1 0.775 -21937.1 4195.46 255 0 0
0.125 0.775 -31480.3 40424.2 255 0 0
0.15 0.775 387.001 36253.4 255 0 0
0.175 0.775 30866.1 38908 255 0 0
0.2 0.775 0 0 0 0 255
0.225 0.775 0 0 0 0 255
0.25 0.775 0 0 0 0 255
0.275 0.775 0 0 0 0 255
0.3 0.775 0 0 0 0 255
0.325 0.775 0 0 0 0 255
0.35 0.775 0 0 0 0 255
0.375 0.775 0 0 0 0 255
0.4 0.775 0 0 0 0 255
0.425 0.775 0 0 0 0 255
0.45 0.775 0 0 0 0 255
0.475 0.775 0 0 0 0 255
0.5 0.775 0 0 0 0 255
-0.5 0.75 0 0 0 0 255
-0.475 0.75 0 0 0 0 255
-0.45 0.75 0 0 0 0 255
-0.425 0.75 0 0 0 0 255
-0.4 0.75 0 0 0 0 255
-0.375 0.75 0 0 0 0 255
-0.35 0.75 0 0 0 0 255
-0.325 0.75 0 0 0 0 255
-0.3 0.75 0 0 0 0 255
-0.275 0.75 0 0 0 0 255
-0.25 0.75 0 0 0 0 255
-0.225 0.75 0 0 0 0 255
-0.2 0.75 0 0 0 0 255
-0.175 0.75 0 0 0 0 255
-0.15 0.75 0 0 0 0 255
-0.125 0.75 0 0 0 0 255
-0.1 0.75 0 0 0 0 255
-0.075 0.75 0 0 0 0 255
-0.05 0.75 0 0 0 0 255
-0.025 0.75 0 0 0 0 255
0 0.75 0 0 0 0 255
0.025 0.75 22197.9 -6680.2 255 0 0
0.05 0.75 16728.2 -10006.6 255 0 0
0.075 0.75 -472.783 -5601.71 255 0 0
0.1 0.75 -6384.23 4271.34 255 0 0
0.125 0.75 -804.827 21687 255 0 0
0.15 0.75 -14743.2 4959.19 255 0 0
0.175 0.75 -24253.2 56100.9 255 0 0
0.2 0.75 20286.5 50566.6 255 0 0
0.225 0.75 39216.3 83171 255 0 0
0.25 0.75 0 0 0 0 255
0.275 0.75 0 0 0 0 255
0.3 0.75 0 0 0 0 255
0.325 0.75 0 0 0 0 255
0.35 0.75 0 0 0 0 255
0.375 0.75 0 0 0 0 255
0.4 0.75 0 0 0 0 255
0.425 0.75 0 0 0 0 255
0.45 0.75 0 0 0 0 255
0.475 0.75 0 0 0 0 255
0.5 0.75 0 0 0 0 255
-0.5 0.725 0 0 0 0 255
-0.475 0.725 0 0 0 0 255
-0.45 0.725 0 0 0 0 255
-0.425 0.725 0 0 0 0 255
-0.4 0.725 0 0 0 0 255
-0.375 0.725 0 0 0 0 255
-0.35 0.725 0 0 0 0 255
-0.325 0.725 0 0 0 0 255
-0.3 0.725 0 0 0 0 255
-0.275 0.725 0 0 0 0 255
-0.25 0.725 0 0 0 0 255
-0.225 0.725 0 0 0 0 255
-0.2 0.725 0 0 0 0 255
-0.175 0.725 0 0 0 0 255
-0.15 0.725 0 0 0 0 255
-0.125 0.725 0 0 0 0 255
-0.1 0.725 0 0 0 0 255
-0.075 0.725 0 0 0 0 255
-0.05 0.725 0 0 0 0 255
-0.025 0.725 0 0 0 0 255
0 0.725 0 0 0 0 255
0.025 0.725 0 0 0 0 255
0.05 0.725 -5561.37 -10721.3 255 0 0
0.075 0.725 7986.11 -11808.7 255 0 0
0.1 0.725 9611.49 3592.54 255 0 0
0.125 0.725 1485.06 3985.57 255 0 0
0.15 0.725 -10566.3 2250.05 255 0 0
0.175 0.725 -6042.12 30468.1 255 0 0
0.2 0.725 -11084 19571.6 255 0 0
0.225 0.725 -35402 71196 255 0 0
0.25 0.725 0 0 0 0 255
0.275 0.725 0 0 0 0 255
0.3 0.725 0 0 0 0 255
0.325 0.725 0 0 0 0 255
0.35 0.725 0 0 0 0 255
0.375 0.725 0 0 0 0 255
0.4 0.725 0 0 0 0 255
0.425 0.725 0 0 0 0 255
0.45 0.725 0 0 0 0 255
0.475 0.725 0 0 0 0 255
0.5 0.725 0 0 0 0 255
-0.5 0.7 0 0 0 0 255
-0.475 0.7 0 0 0 0 255
-0.45 0.7 0 0 0 0 255
-0.425 0.7 0 0 0 0 255
-0.4 0.7 0 0 0 0 255
-0.375 0.7 0 0 0 0 255
-0.35 0.7 0 0 0 0 255
-0.325 0.7 0 0 0 0 255
-0.3 0.7 0 0 0 0 255
-0.275 0.7 0 0 0 0 255
-0.25 0.7 0 0 0 0 255
-0.225 0.7 0 0 0 0 255
-0.2 0.7 0 0 0 0 255
-0.175 0.7 0 0 0 0 255
-0.15 0.7 0 0 0 0 255
-0.125 0.7 0 0 0 0 255
-0.1 0.7 0 0 0 0 255
-0.075 0.7 0 0 0 0 255
-0.05 0.7 0 0 0 0 255
-0.025 0.7 0 0 0 0 255
0 0.7 0 0 0 0 255
0.025 0.7 0 0 0 0 255
0.05 0.7 31662.9 -30880.8 255 0 0
0.075 0.7 44194.3 -21723.7 255 0 0
0.1 0.7 5219.48 13298.9 255 0 0
0.125 0.7 -27185.9 8503.85 255 0 0
0.15 0.7 -12860.6 1390.24 255 0 0
0.175 0.7 14222.9 -2175.48 255 0 0
0.2 0.7 -21448.4 1507.76 255 0 0
0.225 0.7 -18488.5 62567.6 255 0 0
0.25 0.7 34072.5 88704.7 255 0 0
0.275 0.7 0 0 0 0 255
0.3 0.7 0 0 0 0 255
0.325 0.7 0 0 0 0 255
0.35 0.7 0 0 0 0 255
0.375 0.7 0 0 0 0 255
0.4 0.7 0 0 0 0 255
0.425 0.7 0 0 0 0 255
0.45 0.7 0 0 0 0 255
0.475 0.7 0 0 0 0 255
0.5 0.7 0 0 0 0 255
-0.5 0.675 0 0 0 0 255
-0.475 0.675 0 0 0 0 255
-0.45 0.675 0 0 0 0 255
-0.425 0.675 0 0 0 0 255
-0.4 0.675 0 0 0 0 255
-0.375 0.675 0 0 0 0 255
-0.35 0.675 0 0 0 0 255
-0.325 0.675 0 0 0 0 255
-0.3 0.675 0 0 0 0 255
-0.275 0.675 0 0 0 0 255
-0.25 0.675 0 0 0 0 255
-0.225 0.675 0 0 0 0 255
-0.2 0.675 0 0 0 0 255
-0.175 0.675 0 0 0 0 255
-0.15 0.675 0 0 0 0 255
-0.125 0.675 0 0 0 0 255
-0.1 0.675 0 0 0 0 255
-0.075 0.675 0 0 0 0 255
-0.05 0.675 0 0 0 0 255
-0.025 0.675 0 0 0 0 255
0 0.675 0 0 0 0 255
0.025 0.675 0 0 0 0 255
0.05 0.675 0 0 0 0 255
0.075 0.675 0 0 0 0 255
0.1 0.675 0 0 0 0 255
0.125 0.675 0 0 0 0 255
0.15 0.675 30560.8 314.448 255 0 0
0.175 0.675 17044 1360.99 255 0 0
0.2 0.675 -4081.16 1656.4 255 0 0
0.225 0.675 -31319.5 23962.9 255 0 0
0.25 0.675 -33269.9 27523.4 255 0 0
0.275 0.675 0 0 0 0 255
0.3 0.675 0 0 0 0 255
0.325 0.675 0 0 0 0 255
0.35 0.675 0 0 0 0 255
0.375 0.675 0 0 0 0 255
0.4 0.675 0 0 0 0 255
0.425 0.675 0 0 0 0 255
0.45 0.675 0 0 0 0 255
0.475 0.675 0 0 0 0 255
0.5 0.675 0 0 0 0 255
-0.5 0.65 0 0 0 0 255
-0.475 0.65 0 0 0 0 255
-0.45 0.65 0 0 0 0 255
-0.425 0.65 0 0 0 0 255
-0.4 0.65 0 0 0 0 255
-0.375 0.65 0 0 0 0 255
-0.35 0.65 0 0 0 0 255
-0.325 0.65 0 0 0 0 255
-0.3 0.65 0 0 0 0 255
-0.275 0.65 0 0 0 0 255
-0.25 0.65 0 0 0 0 255
-0.225 0.65 0 0 0 0 255
-0.2 0.65 0 0 0 0 255
-0.175 0.65 0 0 0 0 255
-0.15 0.65 0 0 0 0 255
-0.125 0.65 0 0 0 0 255
-0.1 0.65 0 0 0 0 255
-0.075 0.65 0 0 0 0 255
-0.05 0.65 0 0 0 0 255
-0.025 0.65 0 0 0 0 255
0 0.65 0 0 0 0 255
0.025 0.65 0 0 0 0 255
0.05 0.65 0 0 0 0 255
0.075 0.65 0 0 0 0 255
0.1 0.65 0 0 0 0 255
0.125 0.65 0 0 0 0 255
0.15 0.65 0 0 0 0 255
0.175 0.65 -14694.7 -371.431 255 0 0
0.2 0.65 -8286.22 -1122.67 255 0 0
0.225 0.65 -23294.1 5689.66 255 0 0
0.25 0.65 -32071.5 56425.8 255 0 0
0.275 0.65 0 0 0 0 255
0.3 0.65 0 0 0 0 255
0.325 0.65 0 0 0 0 255
0.35 0.65 0 0 0 0 255
0.375 0.65 0 0 0 0 255
0.4 0.65 0 0 0 0 255
0.425 0.65 0 0 0 0 255
0.45 0.65 0 0 0 0 255
0.475 0.65 0 0 0 0 255
0.5 0.65 0 0 0 0 255
-0.5 0.625 0 0 0 0 255
-0.475 0.625 0 0 0 0 255
-0.45 0.625 0 0 0 0 255
-0.425 0.625 0 0 0 0 255
-0.4 0.625 0 0 0 0 255
-0.375 0.625 0 0 0 0 255
-0.35 0.625 0 0 0 0 255
-0.325 0.625 0 0 0 0 255
-0.3 0.625 0 0 0 0 255
-0.275 0.625 0 0 0 0 255
-0.25 0.625 0 0 0 0 255
-0.225 0.625 0 0 0 0 255
-0.2 0.625 0 0 0 0 255
-0.175 0.625 0 0 0 0 255
-0.15 0.625 0 0 0 0 255
-0.125 0.625 0 0 0 0 255
-0.1 0.625 0 0 0 0 255
-0.075 0.625 0 0 0 0 255
-0.05 0.625 0 0 0 0 255
-0.025 0.625 0 0 0 0 255
0 0.625 0 0 0 0 255
0.025 0.625 0 0 0 0 255
0.05 0.625 0 0 0 0 255
0.075 0.625 0 0 0 0 255
0.1 0.625 0 0 0 0 255
0.125 0.625 0 0 0 0 255
0.15 0.625 0 0 0 0 255
0.175 0.625 12878.7 -1347.05 255 0 0
0.2 0.625 18104.4 -1285.12 255 0 0
0.225 0.625 -26444.5 727.397 255 0 0
0.25 0.625 -14161.4 107422 255 0 0
0.275 0.625 -36149.3 3318.63 255 0 0
0.3 0.625 0 0 0 0 255
0.325 0.625 0 0 0 0 255
0.35 0.625 0 0 0 0 255
0.375 0.625 0 0 0 0 255
0.4 0.625 0 0 0 0 255
0.425 0.625 0 0 0 0 255
0.45 0.625 0 0 0 0 255
0.475 0.625 0 0 0 0 255
0.5 0.625 0 0 0 0 255
-0.5 0.6 0 0 0 0 255
-0.475 0.6 0 0 0 0 255
-0.45 0.6 0 0 0 0 255
-0.425 0.6 0 0 0 0 255
-0.4 0.6 0 0 0 0 255
-0.375 0.6 0 0 0 0 255
-0.35 0.6 0 0 0 0 255
-0.325 0.6 0 0 0 0 255
-0.3 0.6 0 0 0 0 255
-0.275 0.6 0 0 0 0 255
-0.25 0.6 0 0 0 0 255
-0.225 0.6 0 0 0 0 255
-0.2 0.6 0 0 0 0 255
-0.175 0.6 0 0 0 0 255
-0.15 0.6 0 0 0 0 255
-0.125 0.6 0 0 0 0 255
-0.1 0.6 0 0 0 0 255
-0.075 0.6 0 0 0 0 255
-0.05 0.6 0 0 0 0 255
-0.025 0.6 0 0 0 0 255
0 0.6 0 0 0 0 255
0.025 0.6 0 0 0 0 255
0.05 0.6 0 0 0 0 255
0.075 0.6 0 0 0 0 255
0.1 0.6 0 0 0 0 255
0.125 0.6 0 0 0 0 255
0.15 0.6 0 0 0 0 255
0.175 0.6 17699.1 1105.9 255 0 0
0.2 0.6 7913.39 76.4456 255 0 0
0.225 0.6 8286.85 -734.433 255 0 0
0.25 0.6 11547.2 79703.2 255 0 0
0.275 0.6 -5672.8 175497 255 0 0
0.3 0.6 0 0 0 0 255
0.325 0.6 0 0 0 0 255
0.35 0.6 0 0 0 0 255
0.375 0.6 0 0 0 0 255
0.4 0.6 0 0 0 0 255
0.425 0.6 0 0 0 0 255
0.45 0.6 0 0 0 0 255
0.475 0.6 0 0 0 0 255
0.5 0.6 0 0 0 0 255
-0.5 0.575 0 0 0 0 255
-0.475 0.575 0 0 0 0 255
-0.45 0.575 0 0 0 0 255
-0.425 0.575 0 0 0 0 255
-0.4 0.575 0 0 0 0 255
-0.375 0.575 0 0 0 0 255
-0.35 0.575 0 0 0 0 255
-0.325 0.575 0 0 0 0 255
-0.3 0.575 0 0 0 0 255
-0.275 0.575 0 0 0 0 255
-0.25 0.575 0 0 0 0 255
-0.225 0.575 0 0 0 0 255
-0.2 0.575 0 0 0 0 255
-0.175 0.575 0 0 0 0 255
-0.15 0.575 0 0 0 0 255
-0.125 0.575 0 0 0 0 255
-0.1 0.575 0 0 0 0 255
-0.075 0.575 0 0 0 0 255
-0.05 0.575 0 0 0 0 255
-0.025 0.575 0 0 0 0 255
0 0.575 0 0 0 0 255
0.025 0.575 0 0 0 0 255
0.05 0.575 0 0 0 0 255
0.075 0.575 0 0 0 0 255
0.1 0.575 0 0 0 0 255
0.125 0.575 0 0 0 0 255
0.15 0.575 0 0 0 0 255
0.175 0.575 0 0 0 0 255
0.2 0.575 28218.4 -3048.06 255 0 0
0.225 0.575 24862.2 -4002.31 255 0 0
0.25 0.575 -2283.41 44033.7 255 0 0
0.275 0.575 34724.6 197696 255 0 0
0.3 0.575 0 0 0 0 255
0.325 0.575 0 0 0 0 255
0.35 0.575 0 0 0 0 255
0.375 0.575 0 0 0 0 255
0.4 0.575 0 0 0 0 255
0.425 0.575 0 0 0 0 255
0.45 0.575 0 0 0 0 255
0.475 0.575 0 0 0 0 255
0.5 0.575 0 0 0 0 255
-0.5 0.55 0 0 0 0 255
-0.475 0.55 0 0 0 0 255
-0.45 0.55 0 0 0 0 255
-0.425 0.55 0 0 0 0 255
-0.4 0.55 0 0 0 0 255
-0.375 0.55 0 0 0 0 255
-0.35 0.55 0 0 0 0 255
-0.325 0.55 0 0 0 0 255
-0.3 0.55 0 0 0 0 255
-0.275 0.55 0 0 0 0 255
-0.25 0.55 0 0 0 0 255
-0.225 0.55 0 0 0 0 255
-0.2 0.55 0 0 0 0 255
-0.175 0.55 0 0 0 0 255
-0.15 0.55 0 0 0 0 255
-0.125 0.55 0 0 0 0 255
-0.1 0.55 0 0 0 0 255
-0.075 0.55 0 0 0 0 255
-0.05 0.55 0 0 0 0 255
-0.025 0.55 0 0 0 0 255
0 0.55 0 0 0 0 255
0.025 0.55 0 0 0 0 255
0.05 0.55 0 0 0 0 255
0.075 0.55 0 0 0 0 255
0.1 0.55 0 0 0 0 255
0.125 0.55 0 0 0 0 255
0.15 0.55 0 0 0 0 255
0.175 0.55 0 0 0 0 255
0.2 0.55 -14361.6 127.396 255 0 0
0.225 0.55 -16199.7 -1781.28 255 0 0
0.25 0.55 -14544.3 8951.65 255 0 0
0.275 0.55 -394764 -1.9886e+06 255 0 0
0.3 0.55 0 0 0 0 255
0.325 0.55 94740 -99294.8 255 0 0
0.35 0.55 90416.8 -97735 255 0 0
0.375 0.55 94387.3 -108291 255 0 0
0.4 0.55 -1019.24 -227355 255 0 0
0.425 0.55 0 0 0 0 255
0.45 0.55 0 0 0 0 255
0.475 0.55 0 0 0 0 255
0.5 0.55 0 0 0 0 255
-0.5 0.525 0 0 0 0 255
-0.475 0.525 0 0 0 0 255
-0.45 0.525 0 0 0 0 255
-0.425 0.525 0 0 0 0 255
-0.4 0.525 0 0 0 0 255
-0.375 0.525 0 0 0 0 255
-0.35 0.525 0 0 0 0 255
-0.325 0.525 0 0 0 0 255
-0.3 0.525 0 0 0 0 255
-0.275 0.525 0 0 0 0 255
-0.25 0.525 0 0 0 0 255
-0.225 0.525 0 0 0 0 255
-0.2 0.525 0 0 0 0 255
-0.175 0.525 0 0 0 0 255
-0.15 0.525 0 0 0 0 255
-0.125 0.525 0 0 0 0 255
-0.1 0.525 0 0 0 0 255
-0.075 0.525 0 0 0 0 255
-0.05 0.525 0 0 0 0 255
-0.025 0.525 0 0 0 0 255
0 0.525 0 0 0 0 255
0.025 0.525 0 0 0 0 255
0.05 0.525 0 0 0 0 255
0.075 0.525 0 0 0 0 255
0.1 0.525 0 0 0 0 255
0.125 0.525 0 0 0 0 255
0.15 0.525 0 0 0 0 255
0.175 0.525 0 0 0 0 255
0.2 0.525 -51907.6 1326.23 255 0 0
0.225 0.525 -36594.5 -3674.08 255 0 0
0.25 0.525 54316.5 421307 255 0 0
0.275 0.525 -3984.93 30567.6 255 0 0
0.3 0.525 -4012.61 -481300 255 0 0
0.325 0.525 86497.3 -96546.4 255 0 0
0.35 0.525 48307.9 -47109.9 255 0 0
0.375 0.525 2745.32 -14490.5 255 0 0
0.4 0.525 -90270.7 -82577.8 255 0 0
0.425 0.525 0 0 0 0 255
0.45 0.525 0 0 0 0 255
0.475 0.525 0 0 0 0 255
0.5 0.525 0 0 0 0 255
-0.5 0.5 0 0 0 0 255
-0.475 0.5 0 0 0 0 255
-0.45 0.5 0 0 0 0 255
-0.425 0.5 0 0 0 0 255
-0.4 0.5 0 0 0 0 255
-0.375 0.5 0 0 0 0 255
-0.35 0.5 0 0 0 0 255
-0.325 0.5 0 0 0 0 255
-0.3 0.5 0 0 0 0 255
-0.275 0.5 0 0 0 0 255
-0.25 0.5 0 0 0 0 255
-0.225 0.5 0 0 0 0 255
-0.2 0.5 0 0 0 0 255
-0.175 0.5 0 0 0 0 255
-0.15 0.5 0 0 0 0 255
-0.125 0.5 0 0 0 0 255
-0.1 0.5 0 0 0 0 255
-0.075 0.5 0 0 0 0 255
-0.05 0.5 0 0 0 0 255
-0.025 0.5 0 0 0 0 255
0 0.5 0 0 0 0 255
0.025 0.5 0 0 0 0 255
0.05 0.5 0 0 0 0 255
0.075 0.5 0 0 0 0 255
0.1 0.5 0 0 0 0 255
0.125 0.5 0 0 0 0 255
0.15 0.5 0 0 0 0 255
0.175 0.5 0 0 0 0 255
0.2 0.5 -39632.8 -11433.6 255 0 0
0.225 0.5 -19355 -8470.49 255 0 0
0.25 0.5 -3473.96 -2847.81 255 0 0
0.275 0.5 415019 2.06325e+06 255 0 0
0.3 0.5 34211 -159273 255 0 0
0.325 0.5 19060.3 -66012.7 255 0 0
0.35 0.5 -6432.61 -5232.32 255 0 0
0.375 0.5 -57959.1 33329.5 255 0 0
0.4 0.5 -74849.6 -118152 255 0 0
0.425 0.5 0 0 0 0 255
0.45 0.5 0 0 0 0 255
0.475 0.5 0 0 0 0 255
0.5 0.5 0 0 0 0 255
-0.5 0.475 0 0 0 0 255
-0.475 0.475 0 0 0 0 255
-0.45 0.475 0 0 0 0 255
-0.425 0.475 0 0 0 0 255
-0.4 0.475 0 0 0 0 255
-0.375 0.475 0 0 0 0 255
-0.35 0.475 0 0 0 0 255
-0.325 0.475 0 0 0 0 255
-0.3 0.475 0 0 0 0 255
-0.275 0.475 0 0 0 0 255
-0.25 0.475 0 0 0 0 255
-0.225 0.475 0 0 0 0 255
-0.2 0.475 0 0 0 0 255
-0.175 0.475 0 0 0 0 255
-0.15 0.475 0 0 0 0 255
-0.125 0.475 0 0 0 0 255
-0.1 0.475 0 0 0 0 255
-0.075 0.475 0 0 0 0 255
-0.05 0.475 0 0 0 0 255
-0.025 0.475 0 0 0 0 255
0 0.475 0 0 0 0 255
0.025 0.475 0 0 0 0 255
0.05 0.475 0 0 0 0 255
0.075 0.475 0 0 0 0 255
0.1 0.475 0 0 0 0 255
0.125 0.475 0 0 0 0 255
0.15 0.475 0 0 0 0 255
0.175 0.475 0 0 0 0 255
0.2 0.475 -39625.7 -23706.7 255 0 0
0.225 0.475 -10486.2 -10852.1 255 0 0
0.25 0.475 -9954.99 -3773.94 255 0 0
0.275 0.475 -25005.3 1544.68 255 0 0
0.3 0.475 -42292.7 -126595 255 0 0
0.325 0.475 -141999 -412381 255 0 0
0.35 0.475 -11300.1 -198963 255 0 0
0.375 0.475 -84936.1 30648.5 255 0 0
0.4 0.475 -51366.6 -244495 255 0 0
0.425 0.475 0 0 0 0 255
0.45 0.475 0 0 0 0 255
0.475 0.475 0 0 0 0 255
0.5 0.475 0 0 0 0 255
-0.5 0.45 0 0 0 0 255
-0.475 0.45 0 0 0 0 255
-0.45 0.45 0 0 0 0 255
-0.425 0.45 0 0 0 0 255
-0.4 0.45 0 0 0 0 255
-0.375 0.45 0 0 0 0 255
-0.35 0.45 0 0 0 0 255
-0.325 0.45 0 0 0 0 255
-0.3 0.45 0 0 0 0 255
-0.275 0.45 0 0 0 0 255
-0.25 0.45 0 0 0 0 255
-0.225 0.45 0 0 0 0 255
-0.2 0.45 0 0 0 0 255
-0.175 0.45 0 0 0 0 255
-0.15 0.45 0 0 0 0 255
-0.125 0.45 0 0 0 0 255
-0.1 0.45 0 0 0 0 255
-0.075 0.45 0 0 0 0 255
-0.05 0.45 0 0 0 0 255
-0.025 0.45 0 0 0 0 255
0 0.45 0 0 0 0 255
0.025 0.45 0 0 0 0 255
0.05 0.45 0 0 0 0 255
0.075 0.45 0 0 0 0 255
0.1 0.45 0 0 0 0 255
0.125 0.45 0 0 0 0 255
0.15 0.45 0 0 0 0 255
0.175 0.45 0 0 0 0 255
0.2 0.45 -198551 -55568 255 0 0
0.225 0.45 -139539 -38518.6 255 0 0
0.25 0.45 -54195.1 -28276.9 255 0 0
0.275 0.45 -19230.4 11008.3 255 0 0
0.3 0.45 11641.3 200552 255 0 0
0.325 0.45 -166107 -276068 255 0 0
0.35 0.45 -112537 -132742 255 0 0
0.375 0.45 -108698 55631.3 255 0 0
0.4 0.45 0 0 0 0 255
0.425 0.45 0 0 0 0 255
0.45 0.45 0 0 0 0 255
0.475 0.45 0 0 0 0 255
0.5 0.45 0 0 0 0 255
-0.5 0.425 0 0 0 0 255
-0.475 0.425 0 0 0 0 255
-0.45 0.425 0 0 0 0 255
-0.425 0.425 0 0 0 0 255
-0.4 0.425 0 0 0 0 255
-0.375 0.425 0 0 0 0 255
-0.35 0.425 0 0 0 0 255
-0.325 0.425 0 0 0 0 255
-0.3 0.425 0 0 0 0 255
-0.275 0.425 0 0 0 0 255
-0.25 0.425 0 0 0 0 255
-0.225 0.425 0 0 0 0 255
-0.2 0.425 0 0 0 0 255
-0.175 0.425 0 0 0 0 255
-0.15 0.425 0 0 0 0 255
-0.125 0.425 0 0 0 0 255
-0.1 0.425 0 0 0 0 255
-0.075 0.425 0 0 0 0 255
-0.05 0.425 0 0 0 0 255
-0.025 0.425 0 0 0 0 255
0 0.425 0 0 0 0 255
0.025 0.425 0 0 0 0 255
0.05 0.425 0 0 0 0 255
0.075 0.425 0 0 0 0 255
0.1 0.425 0 0 0 0 255
0.125 0.425 0 0 0 0 255
0.15 0.425 0 0 0 0 255
0.175 0.425 122343 19650.4 255 0 0
0.2 0.425 94645.8 9874.48 255 0 0
0.225 0.425 -7226.23 18.1346 255 0 0
0.25 0.425 -42339.9 -49177.6 255 0 0
0.275 0.425 34548 -48647.4 255 0 0
0.3 0.425 46384.8 227504 255 0 0
0.325 0.425 67388.1 380358 255 0 0
0.35 0.425 -200207 140183 255 0 0
0.375 0.425 0 0 0 0 255
0.4 0.425 0 0 0 0 255
0.425 0.425 0 0 0 0 255
0.45 0.425 0 0 0 0 255
0.475 0.425 0 0 0 0 255
0.5 0.425 0 0 0 0 255
-0.5 0.4 0 0 0 0 255
-0.475 0.4 0 0 0 0 255
-0.45 0.4 0 0 0 0 255
-0.425 0.4 0 0 0 0 255
-0.4 0.4 0 0 0 0 255
-0.375 0.4 0 0 0 0 255
-0.35 0.4 0 0 0 0 255
-0.325 0.4 0 0 0 0 255
-0.3 0.4 0 0 0 0 255
-0.275 0.4 0 0 0 0 255
-0.25 0.4 0 0 0 0 255
-0.225 0.4 0 0 0 0 255
-0.2 0.4 0 0 0 0 255
-0.175 0.4 0 0 0 0 255
-0.15 0.4 0 0 0 0 255
-0.125 0.4 0 0 0 0 255
-0.1 0.4 0 0 0 0 255
-0.075 0.4 0 0 0 0 255
-0.05 0.4 0 0 0 0 255
-0.025 0.4 0 0 0 0 255
0 0.4 0 0 0 0 255
0.025 0.4 0 0 0 0 255
0.05 0.4 0 0 0 0 255
0.075 0.4 0 0 0 0 255
0.1 0.4 0 0 0 0 255
0.125 0.4 0 0 0 0 255
0.15 0.4 0 0 0 0 255
0.175 0.4 16201.4 370.885 255 0 0
0.2 0.4 28012 4046.48 255 0 0
0.225 0.4 30005.1 38749.1 255 0 0
0.25 0.4 -9299.2 -16561.9 255 0 0
0.275 0.4 101394 14939.5 255 0 0
0.3 0.4 -93693.3 112902 255 0 0
0.325 0.4 -111363 514615 255 0 0
0.35 0.4 0 0 0 0 255
0.375 0.4 0 0 0 0 255
0.4 0.4 0 0 0 0 255
0.425 0.4 0 0 0 0 255
0.45 0.4 0 0 0 0 255
0.475 0.4 0 0 0 0 255
0.5 0.4 0 0 0 0 255
-0.5 0.375 0 0 0 0 255
-0.475 0.375 0 0 0 0 255
-0.45 0.375 0 0 0 0 255
-0.425 0.375 0 0 0 0 255
-0.4 0.375 0 0 0 0 255
-0.375 0.375 0 0 0 0 255
-0.35 0.375 0 0 0 0 255
-0.325 0.375 0 0 0 0 255
-0.3 0.375 0 0 0 0 255
-0.275 0.375 0 0 0 0 255
-0.25 0.375 0 0 0 0 255
-0.225 0.375 0 0 0 0 255
-0.2 0.375 0 0 0 0 255
-0.175 0.375 0 0 0 0 255
-0.15 0.375 0 0 0 0 255
-0.125 0.375 0 0 0 0 255
-0.1 0.375 0 0 0 0 255
-0.075 0.375 0 0 0 0 255
-0.05 0.375 0 0 0 0 255
-0.025 0.375 0 0 0 0 255
0 0.375 0 0 0 0 255
0.025 0.375 0 0 0 0 255
0.05 0.375 0 0 0 0 255
0.075 0.375 0 0 0 0 255
0.1 0.375 0 0 0 0 255
0.125 0.375 0 0 0 0 255
0.15 0.375 0 0 0 0 255
0.175 0.375 -14040.5 -15442.6 255 0 0
0.2 0.375 249.662 -12099.7 255 0 0
0.225 0.375 136903 34813.5 255 0 0
0.25 0.375 4675.26 69527.5 255 0 0
0.275 0.375 -356817 79851.1 255 0 0
0.3 0.375 0 0 0 0 255
0.325 0.375 0 0 0 0 255
0.35 0.375 0 0 0 0 255
0.375 0.375 0 0 0 0 255
0.4 0.375 0 0 0 0 255
0.425 0.375 0 0 0 0 255
0.45 0.375 0 0 0 0 255
0.475 0.375 0 0 0 0 255
0.5 0.375 0 0 0 0 255
-0.5 0.35 0 0 0 0 255
-0.475 0.35 0 0 0 0 255
-0.45 0.35 0 0 0 0 255
-0.425 0.35 0 0 0 0 255
-0.4 0.35 0 0 0 0 255
-0.375 0.35 0 0 0 0 255
-0.35 0.35 0 0 0 0 255
-0.325 0.35 0 0 0 0 255
-0.3 0.35 0 0 0 0 255
-0.275 0.35 0 0 0 0 255
-0.25 0.35 0 0 0 0 255
-0.225 0.35 0 0 0 0 255
-0.2 0.35 0 0 0 0 255
-0.175 0.35 0 0 0 0 255
-0.15 0.35 0 0 0 0 255
-0.125 0.35 0 0 0 0 255
-0.1 0.35 0 0 0 0 255
-0.075 0.35 0 0 0 0 255
-0.05 0.35 0 0 0 0 255
-0.025 0.35 0 0 0 0 255
0 0.35 0 0 0 0 255
0.025 0.35 0 0 0 0 255
0.05 0.35 0 0 0 0 255
0.075 0.35 0 0 0 0 255
0.1 0.35 0 0 0 0 255
0.125 0.35 0 0 0 0 255
0.15 0.35 0 0 0 0 255
0.175 0.35 -9889.55 -11476.3 255 0 0
0.2 0.35 -16177.5 -17961 255 0 0
0.225 0.35 -24359.4 -23808.5 255 0 0
0.25 0.35 -5772.67 -6528.82 255 0 0
0.275 0.35 0 0 0 0 255
0.3 0.35 0 0 0 0 255
0.325 0.35 0 0 0 0 255
0.35 0.35 0 0 0 0 255
0.375 0.35 0 0 0 0 255
0.4 0.35 0 0 0 0 255
0.425 0.35 0 0 0 0 255
0.45 0.35 0 0 0 0 255
0.475 0.35 0 0 0 0 255
0.5 0.35 0 0 0 0 255
-0.5 0.325 0 0 0 0 255
-0.475 0.325 0 0 0 0 255
-0.45 0.325 0 0 0 0 255
-0.425 0.325 0 0 0 0 255
-0.4 0.325 0 0 0 0 255
-0.375 0.325 0 0 0 0 255
-0.35 0.325 0 0 0 0 255
-0.325 0.325 0 0 0 0 255
-0.3 0.325 0 0 0 0 255
-0.275 0.325 0 0 0 0 255
-0.25 0.325 0 0 0 0 255
-0.225 0.325 0 0 0 0 255
-0.2 0.325 0 0 0 0 255
-0.175 0.325 0 0 0 0 255
-0.15 0.325 0 0 0 0 255
-0.125 0.325 0 0 0 0 255
-0.1 0.325 0 0 0 0 255
-0.075 0.325 0 0 0 0 255
-0.05 0.325 0 0 0 0 255
-0.025 0.325 0 0 0 0 255
0 0.325 0 0 0 0 255
0.025 0.325 0 0 0 0 255
0.05 0.325 0 0 0 0 255
0.075 0.325 0 0 0 0 255
0.1 0.325 0 0 0 0 255
0.125 0.325 0 0 0 0 255
0.15 0.325 0 0 0 0 255
0.175 0.325 -10529.4 -9955.5 255 0 0
0.2 0.325 -14772.1 -14096.3 255 0 0
0.225 0.325 -27745.3 -2410.52 255 0 0
0.25 0.325 -43035.3 -26959.8 255 0 0
0.275 0.325 0 0 0 0 255
0.3 0.325 0 0 0 0 255
0.325 0.325 0 0 0 0 255
0.35 0.325 0 0 0 0 255
0.375 0.325 0 0 0 0 255
0.4 0.325 0 0 0 0 255
0.425 0.325 0 0 0 0 255
0.45 0.325 0 0 0 0 255
0.475 0.325 0 0 0 0 255
0.5 0.325 0 0 0 0 255
-0.5 0.3 0 0 0 0 255
-0.475 0.3 0 0 0 0 255
-0.45 0.3 0 0 0 0 255
-0.425 0.3 0 0 0 0 255
-0.4 0.3 0 0 0 0 255
-0.375 0.3 0 0 0 0 255
-0.35 0.3 0 0 0 0 255
-0.325 0.3 0 0 0 0 255
-0.3 0.3 0 0 0 0 255
-0.275 0.3 0 0 0 0 255
-0.25 0.3 0 0 0 0 255
-0.225 0.3 0 0 0 0 255
-0.2 0.3 0 0 0 0 255
-0.175 0.3 0 0 0 0 255
-0.15 0.3 0 0 0 0 255
-0.125 0.3 0 0 0 0 255
-0.1 0.3 0 0 0 0 255
-0.075 0.3 0 0 0 0 255
-0.05 0.3 0 0 0 0 255
-0.025 0.3 0 0 0 0 255
0 0.3 0 0 0 0 255
0.025 0.3 0 0 0 0 255
0.05 0.3 0 0 0 0 255
0.075 0.3 0 0 0 0 255
0.1 0.3 0 0 0 0 255
0.125 0.3 0 0 0 0 255
0.15 0.3 0 0 0 0 255
0.175 0.3 0 0 0 0 255
0.2 0.3 6583.93 9297.9 255 0 0
0.225 0.3 -14678.6 20220.4 255 0 0
0.25 0.3 0 0 0 0 255
0.275 0.3 0 0 0 0 255
0.3 0.3 0 0 0 0 255
0.325 0.3 0 0 0 0 255
0.35 0.3 0 0 0 0 255
0.375 0.3 0 0 0 0 255
0.4 0.3 0 0 0 0 255
0.425 0.3 0 0 0 0 255
0.45 0.3 0 0 0 0 255
0.475 0.3 0 0 0 0 255
0.5 0.3 0 0 0 0 255
-0.5 0.275 0 0 0 0 255
-0.475 0.275 -45470.2 2114.86 255 0 0
-0.45 0.275 -44402.8 4204.25 255 0 0
-0.425 0.275 -47606.8 10118.2 255 0 0
-0.4 0.275 -20731.7 46959.8 255 0 0
-0.375 0.275 0 0 0 0 255
-0.35 0.275 0 0 0 0 255
-0.325 0.275 0 0 0 0 255
-0.3 0.275 0 0 0 0 255
-0.275 0.275 0 0 0 0 255
-0.25 0.275 0 0 0 0 255
-0.225 0.275 0 0 0 0 255
-0.2 0.275 0 0 0 0 255
-0.175 0.275 0 0 0 0 255
-0.15 0.275 0 0 0 0 255
-0.125 0.275 0 0 0 0 255
-0.1 0.275 0 0 0 0 255
-0.075 0.275 0 0 0 0 255
-0.05 0.275 0 0 0 0 255
-0.025 0.275 0 0 0 0 255
0 0.275 0 0 0 0 255
0.025 0.275 0 0 0 0 255
0.05 0.275 0 0 0 0 255
0.075 0.275 0 0 0 0 255
0.1 0.275 0 0 0 0 255
0.125 0.275 0 0 0 0 255
0.15 0.275 0 0 0 0 255
0.175 0.275 0 0 0 0 255
0.2 0.275 0 0 0 0 255
0.225 0.275 0 0 0 0 255
0.25 0.275 0 0 0 0 255
0.275 0.275 0 0 0 0 255
0.3 0.275 0 0 0 0 255
0.325 0.275 0 0 0 0 255
0.35 0.275 0 0 0 0 255
0.375 0.275 0 0 0 0 255
0.4 0.275 0 0 0 0 255
0.425 0.275 0 0 0 0 255
0.45 0.275 0 0 0 0 255
0.475 0.275 0 0 0 0 255
0.5 0.275 0 0 0 0 255
-0.5 0.25 0 0 0 0 255
-0.475 0.25 -25951.9 -1226.62 255 0 0
-0.45 0.25 -25603.8 1110.3 255 0 0
-0.425 0.25 -42780.5 -20004.5 255 0 0
-0.4 0.25 -40716.9 -80329.3 255 0 0
-0.375 0.25 107539 -124763 255 0 0
-0.35 0.25 0 0 0 0 255
-0.325 0.25 0 0 0 0 255
-0.3 0.25 0 0 0 0 255
-0.275 0.25 0 0 0 0 255
-0.25 0.25 0 0 0 0 255
-0.225 0.25 0 0 0 0 255
-0.2 0.25 0 0 0 0 255
-0.175 0.25 0 0 0 0 255
-0.15 0.25 0 0 0 0 255
-0.125 0.25 0 0 0 0 255
-0.1 0.25 0 0 0 0 255
-0.075 0.25 0 0 0 0 255
-0.05 0.25 0 0 0 0 255
-0.025 0.25 0 0 0 0 255
0 0.25 0 0 0 0 255
0.025 0.25 0 0 0 0 255
0.05 0.25 0 0 0 0 255
0.075 0.25 0 0 0 0 255
0.1 0.25 0 0 0 0 255
0.125 0.25 0 0 0 0 255
0.15 0.25 0 0 0 0 255
0.175 0.25 0 0 0 0 255
0.2 0.25 0 0 0 0 255
0.225 0.25 0 0 0 0 255
0.25 0.25 0 0 0 0 255
0.275 0.25 0 0 0 0 255
0.3 0.25 0 0 0 0 255
0.325 0.25 0 0 0 0 255
0.35 0.25 0 0 0 0 255
0.375 0.25 0 0 0 0 255
0.4 0.25 0 0 0 0 255
0.425 0.25 0 0 0 0 255
0.45 0.25 0 0 0 0 255
0.475 0.25 0 0 0 0 255
0.5 0.25 0 0 0 0 255
-0.5 0.225 0 0 0 0 255
-0.475 0.225 -2379.54 -3399.25 255 0 0
-0.45 0.225 -7089.62 -1699.46 255 0 0
-0.425 0.225 -15691.2 -29880.4 255 0 0
-0.4 0.225 31447.8 -102625 255 0 0
-0.375 0.225 -1490.58 -89296.1 255 0 0
-0.35 0.225 -36793.8 602.249 255 0 0
-0.325 0.225 0 0 0 0 255
-0.3 0.225 0 0 0 0 255
-0.275 0.225 0 0 0 0 255
-0.25 0.225 0 0 0 0 255
-0.225 0.225 0 0 0 0 255
-0.2 0.225 0 0 0 0 255
-0.175 0.225 0 0 0 0 255
-0.15 0.225 0 0 0 0 255
-0.125 0.225 0 0 0 0 255
-0.1 0.225 0 0 0 0 255
-0.075 0.225 0 0 0 0 255
-0.05 0.225 0 0 0 0 255
-0.025 0.225 0 0 0 0 255
0 0.225 0 0 0 0 255
0.025 0.225 0 0 0 0 255
0.05 0.225 0 0 0 0 255
0.075 0.225 0 0 0 0 255
0.1 0.225 0 0 0 0 255
0.125 0.225 0 0 0 0 255
0.15 0.225 0 0 0 0 255
0.175 0.225 0 0 0 0 255
0.2 0.225 0 0 0 0 255
0.225 0.225 0 0 0 0 255
0.25 0.225 0 0 0 0 255
0.275 0.225 0 0 0 0 255
0.3 0.225 0 0 0 0 255
0.325 0.225 0 0 0 0 255
0.35 0.225 21289.5 4214.17 255 0 0
0.375 0.225 25736.7 16103.9 255 0 0
0.4 0.225 501069 529508 255 0 0
0.425 0.225 1.94514e+06 2.10822e+06 255 0 0
0.45 0.225 0 0 0 0 255
0.475 0.225 0 0 0 0 255
0.5 0.225 0 0 0 0 255
-0.5 0.2 0 0 0 0 255
-0.475 0.2 -3147.81 209.091 255 0 0
-0.45 0.2 249.455 8185.26 255 0 0
-0.425 0.2 20765.5 -19854.8 255 0 0
-0.4 0.2 60048.9 -47297.2 255 0 0
-0.375 0.2 -30358.4 -100964 255 0 0
-0.35 0.2 -21105.2 -8841.95 255 0 0
-0.325 0.2 0 0 0 0 255
-0.3 0.2 0 0 0 0 255
-0.275 0.2 0 0 0 0 255
-0.25 0.2 0 0 0 0 255
-0.225 0.2 0 0 0 0 255
-0.2 0.2 0 0 0 0 255
-0.175 0.2 0 0 0 0 255
-0.15 0.2 0 0 0 0 255
-0.125 0.2 0 0 0 0 255
-0.1 0.2 0 0 0 0 255
-0.075 0.2 0 0 0 0 255
-0.05 0.2 0 0 0 0 255
-0.025 0.2 0 0 0 0 255
0 0.2 0 0 0 0 255
0.025 0.2 0 0 0 0 255
0.05 0.2 0 0 0 0 255
0.075 0.2 0 0 0 0 255
0.1 0.2 0 0 0 0 255
0.125 0.2 0 0 0 0 255
0.15 0.2 0 0 0 0 255
0.175 0.2 0 0 0 0 255
0.2 0.2 0 0 0 0 255
0.225 0.2 0 0 0 0 255
0.25 0.2 0 0 0 0 255
0.275 0.2 0 0 0 0 255
0.3 0.2 0 0 0 0 255
0.325 0.2 35542.5 -19782.9 255 0 0
0.35 0.2 37072.2 -8124.82 255 0 0
0.375 0.2 8493.49 6185.32 255 0 0
0.4 0.2 14429.9 20065.4 255 0 0
0.425 0.2 503377 567757 255 0 0
0.45 0.2 0 0 0 0 255
0.475 0.2 0 0 0 0 255
0.5 0.2 0 0 0 0 255
-0.5 0.175 0 0 0 0 255
-0.475 0.175 0 0 0 0 255
-0.45 0.175 0 0 0 0 255
-0.425 0.175 61656.4 -35706.5 255 0 0
-0.4 0.175 77946.3 -140232 255 0 0
-0.375 0.175 -271072 -168294 255 0 0
-0.35 0.175 -138058 -114356 255 0 0
-0.325 0.175 -166815 -519425 255 0 0
-0.3 0.175 55515.8 2142.08 255 0 0
-0.275 0.175 0 0 0 0 255
-0.25 0.175 0 0 0 0 255
-0.225 0.175 0 0 0 0 255
-0.2 0.175 0 0 0 0 255
-0.175 0.175 0 0 0 0 255
-0.15 0.175 0 0 0 0 255
-0.125 0.175 0 0 0 0 255
-0.1 0.175 0 0 0 0 255
-0.075 0.175 0 0 0 0 255
-0.05 0.175 0 0 0 0 255
-0.025 0.175 0 0 0 0 255
0 0.175 0 0 0 0 255
0.025 0.175 0 0 0 0 255
0.05 0.175 0 0 0 0 255
0.075 0.175 0 0 0 0 255
0.1 0.175 0 0 0 0 255
0.125 0.175 0 0 0 0 255
0.15 0.175 0 0 0 0 255
0.175 0.175 0 0 0 0 255
0.2 0.175 -17316.9 -62294 255 0 0
0.225 0.175 -41954.2 -85235.4 255 0 0
0.25 0.175 28803.9 -12652.1 255 0 0
0.275 0.175 7279.85 -17239.7 255 0 0
0.3 0.175 -12388.7 -37651.3 255 0 0
0.325 0.175 68471.8 -24592.6 255 0 0
0.35 0.175 28511.4 -9663.15 255 0 0
0.375 0.175 -58934.1 15803.6 255 0 0
0.4 0.175 -14977.8 6086.16 255 0 0
0.425 0.175 -10054 5153.7 255 0 0
0.45 0.175 0 0 0 0 255
0.475 0.175 0 0 0 0 255
0.5 0.175 0 0 0 0 255
-0.5 0.15 0 0 0 0 255
-0.475 0.15 0 0 0 0 255
-0.45 0.15 0 0 0 0 255
-0.425 0.15 0 0 0 0 255
-0.4 0.15 0 0 0 0 255
-0.375 0.15 -577471 -661640 255 0 0
-0.35 0.15 -1.13862e+06 -2.47345e+06 255 0 0
-0.325 0.15 -161646 -411021 255 0 0
-0.3 0.15 -59571.7 -198419 255 0 0
-0.275 0.15 0 0 0 0 255
-0.25 0.15 0 0 0 0 255
-0.225 0.15 0 0 0 0 255
-0.2 0.15 0 0 0 0 255
-0.175 0.15 0 0 0 0 255
-0.15 0.15 0 0 0 0 255
-0.125 0.15 0 0 0 0 255
-0.1 0.15 0 0 0 0 255
-0.075 0.15 0 0 0 0 255
-0.05 0.15 0 0 0 0 255
-0.025 0.15 0 0 0 0 255
0 0.15 0 0 0 0 255
0.025 0.15 0 0 0 0 255
0.05 0.15 1.18227e+06 427714 255 0 0
0.075 0.15 1.26527e+06 583959 255 0 0
0.1 0.15 292429 -17091.5 255 0 0
0.125 0.15 -704554 -430854 255 0 0
0.15 0.15 145963 68289.2 255 0 0
0.175 0.15 86894.4 41829.8 255 0 0
0.2 0.15 -27932.5 -40376.5 255 0 0
0.225 0.15 -123096 -138685 255 0 0
0.25 0.15 -40617.3 -35246.6 255 0 0
0.275 0.15 10226.4 -11597.7 255 0 0
0.3 0.15 -52881.7 -73856.2 255 0 0
0.325 0.15 56118.8 -31016.4 255 0 0
0.35 0.15 4421.71 -8708.58 255 0 0
0.375 0.15 -65037.5 7914.16 255 0 0
0.4 0.15 -28170.3 3292.46 255 0 0
0.425 0.15 -9378.29 -5801.49 255 0 0
0.45 0.15 0 0 0 0 255
0.475 0.15 0 0 0 0 255
0.5 0.15 0 0 0 0 255
-0.5 0.125 0 0 0 0 255
-0.475 0.125 0 0 0 0 255
-0.45 0.125 0 0 0 0 255
-0.425 0.125 0 0 0 0 255
-0.4 0.125 154433 372057 255 0 0
-0.375 0.125 548973 1.15317e+06 255 0 0
-0.35 0.125 41835.9 120923 255 0 0
-0.325 0.125 -295775 -747563 255 0 0
-0.3 0.125 -78395.7 -282087 255 0 0
-0.275 0.125 0 0 0 0 255
-0.25 0.125 0 0 0 0 255
-0.225 0.125 0 0 0 0 255
-0.2 0.125 0 0 0 0 255
-0.175 0.125 0 0 0 0 255
-0.15 0.125 0 0 0 0 255
-0.125 0.125 0 0 0 0 255
-0.1 0.125 0 0 0 0 255
-0.075 0.125 0 0 0 0 255
-0.05 0.125 0 0 0 0 255
-0.025 0.125 109616 -40883.3 255 0 0
0 0.125 -62110 -78319.8 255 0 0
0.025 0.125 -139515 -144461 255 0 0
0.05 0.125 33302.8 -46856.5 255 0 0
0.075 0.125 287600 77938.6 255 0 0
0.1 0.125 431558 215940 255 0 0
0.125 0.125 -3066.1 -12325.7 255 0 0
0.15 0.125 29367 -53.6555 255 0 0
0.175 0.125 89883.8 59158.8 255 0 0
0.2 0.125 157013 141751 255 0 0
0.225 0.125 -8107.45 -33414.8 255 0 0
0.25 0.125 -178147 -168429 255 0 0
0.275 0.125 9146.5 -12103.7 255 0 0
0.3 0.125 90359.1 -33207.1 255 0 0
0.325 0.125 -58587 -42392.8 255 0 0
0.35 0.125 -173623 -739.203 255 0 0
0.375 0.125 -30596.4 -28124.8 255 0 0
0.4 0.125 0 0 0 0 255
0.425 0.125 0 0 0 0 255
0.45 0.125 0 0 0 0 255
0.475 0.125 0 0 0 0 255
0.5 0.125 0 0 0 0 255
-0.5 0.1 0 0 0 0 255
-0.475 0.1 0 0 0 0 255
-0.45 0.1 -124232 3615.93 255 0 0
-0.425 0.1 -117375 -14816.1 255 0 0
-0.4 0.1 5647.85 56393.5 255 0 0
-0.375 0.1 212616 516333 255 0 0
-0.35 0.1 919489 2.25996e+06 255 0 0
-0.325 0.1 -1.12731e+06 -1.3248e+06 255 0 0
-0.3 0.1 25800.8 -42677.1 255 0 0
-0.275 0.1 -84470.7 -121071 255 0 0
-0.25 0.1 -15036.7 -126378 255 0 0
-0.225 0.1 -75303.4 -93704.5 255 0 0
-0.2 0.1 -131927 -2477.46 255 0 0
-0.175 0.1 0 0 0 0 255
-0.15 0.1 77620.7 -62640.4 255 0 0
-0.125 0.1 24138.7 -53577.1 255 0 0
-0.1 0.1 27369.4 -49429.7 255 0 0
-0.075 0.1 -26022.6 -65677.3 255 0 0
-0.05 0.1 -84615.6 -98077.9 255 0 0
-0.025 0.1 2473.93 -56440.8 255 0 0
0 0.1 60385.2 -39273.5 255 0 0
0.025 0.1 24829.9 -44469.2 255 0 0
0.05 0.1 3655.91 20764.1 255 0 0
0.075 0.1 897.285 18316.5 255 0 0
0.1 0.1 -11766.2 112873 255 0 0
0.125 0.1 320153 -2.97611e+06 255 0 0
0.15 0.1 -891.948 -9878.83 255 0 0
0.175 0.1 8016.67 3106.58 255 0 0
0.2 0.1 79138.8 67364.8 255 0 0
0.225 0.1 197030 161265 255 0 0
0.25 0.1 -34103.6 -37793.1 255 0 0
0.275 0.1 -70550.9 -47008.4 255 0 0
0.3 0.1 26131.8 29894.6 255 0 0
0.325 0.1 -104439 -51768.3 255 0 0
0.35 0.1 -88536.8 2579.81 255 0 0
0.375 0.1 0 0 0 0 255
0.4 0.1 0 0 0 0 255
0.425 0.1 0 0 0 0 255
0.45 0.1 0 0 0 0 255
0.475 0.1 0 0 0 0 255
0.5 0.1 0 0 0 0 255
-0.5 0.075 0 0 0 0 255
-0.475 0.075 171830 43195.8 255 0 0
-0.45 0.075 -5700.12 33072 255 0 0
-0.425 0.075 -122734 -23621.9 255 0 0
-0.4 0.075 -29108.6 -18520.6 255 0 0
-0.375 0.075 68610.5 84963.7 255 0 0
-0.35 0.075 991894 1.25621e+06 255 0 0
-0.325 0.075 64466.9 -26877.1 255 0 0
-0.3 0.075 -911573 -1.23976e+06 255 0 0
-0.275 0.075 -13787.6 28336.3 255 0 0
-0.25 0.075 -52751 -54050.3 255 0 0
-0.225 0.075 -17818.5 -101300 255 0 0
-0.2 0.075 71100.9 -74776.3 255 0 0
-0.175 0.075 -59486 -39957.9 255 0 0
-0.15 0.075 -87783.4 -28261.2 255 0 0
-0.125 0.075 -3608.22 -32845 255 0 0
-0.1 0.075 4622.44 -35746.2 255 0 0
-0.075 0.075 17378.3 -42724.8 255 0 0
-0.05 0.075 20863.1 -43208.1 255 0 0
-0.025 0.075 -587.06 997.237 255 0 0
0 0.075 1674.7 -1724.24 255 0 0
0.025 0.075 -4341.03 5138.2 255 0 0
0.05 0.075 -7215.93 15966.7 255 0 0
0.075 0.075 -13245.3 42769.2 255 0 0
0.1 0.075 27077.5 -272327 255 0 0
0.125 0.075 645637 -5.92738e+06 255 0 0
0.15 0.075 -25305.7 315142 255 0 0
0.175 0.075 5612.82 -2497.09 255 0 0
0.2 0.075 28792.9 12356.8 255 0 0
0.225 0.075 120591 101742 255 0 0
0.25 0.075 40920.6 37076.1 255 0 0
0.275 0.075 -75456.8 -49418.5 255 0 0
0.3 0.075 105104 57882.7 255 0 0
0.325 0.075 54412.7 50439.1 255 0 0
0.35 0.075 0 0 0 0 255
0.375 0.075 0 0 0 0 255
0.4 0.075 0 0 0 0 255
0.425 0.075 0 0 0 0 255
0.45 0.075 0 0 0 0 255
0.475 0.075 0 0 0 0 255
0.5 0.075 0 0 0 0 255
-0.5 0.05 0 0 0 0 255
-0.475 0.05 -17130.9 -10944.2 255 0 0
-0.45 0.05 16152.4 9719 255 0 0
-0.425 0.05 12780 13262.1 255 0 0
-0.4 0.05 3558.45 -5948.78 255 0 0
-0.375 0.05 3850.75 -14696.3 255 0 0
-0.35 0.05 18582.2 7612.84 255 0 0
-0.325 0.05 1.27391e+06 1.60427e+06 255 0 0
-0.3 0.05 7316.62 -6400.77 255 0 0
-0.275 0.05 65256.6 28170.7 255 0 0
-0.25 0.05 53980.7 34107.7 255 0 0
-0.225 0.05 28480.8 17249.6 255 0 0
-0.2 0.05 -17166 -24845.4 255 0 0
-0.175 0.05 -13269 -31275 255 0 0
-0.15 0.05 2242.84 -9563.6 255 0 0
-0.125 0.05 -2314.39 -2358.88 255 0 0
-0.1 0.05 2307.86 -5218.09 255 0 0
-0.075 0.05 904.421 -3777.78 255 0 0
-0.05 0.05 1443.12 -3522.3 255 0 0
-0.025 0.05 276.155 -436.403 255 0 0
0 0.05 -11229.1 36923.7 255 0 0
0.025 0.05 -10019.2 6239.68 255 0 0
0.05 0.05 7153.17 28857.8 255 0 0
0.075 0.05 19351.3 89483 255 0 0
0.1 0.05 0 0 0 0 255
0.125 0.05 0 0 0 0 255
0.15 0.05 0 0 0 0 255
0.175 0.05 0 0 0 0 255
0.2 0.05 0 0 0 0 255
0.225 0.05 0 0 0 0 255
0.25 0.05 0 0 0 0 255
0.275 0.05 0 0 0 0 255
0.3 0.05 0 0 0 0 255
0.325 0.05 0 0 0 0 255
0.35 0.05 0 0 0 0 255
0.375 0.05 0 0 0 0 255
0.4 0.05 0 0 0 0 255
0.425 0.05 0 0 0 0 255
0.45 0.05 0 0 0 0 255
0.475 0.05 0 0 0 0 255
0.5 0.05 0 0 0 0 255
-0.5 0.025 0 0 0 0 255
-0.475 0.025 66.994 81.9405 255 0 0
-0.45 0.025 269.807 -150.667 255 0 0
-0.425 0.025 94.8975 2713.48 255 0 0
-0.4 0.025 -1109.83 -5037.08 255 0 0
-0.375 0.025 2374 -15760 255 0 0
-0.35 0.025 6056.62 -8362.01 255 0 0
-0.325 0.025 9727.4 -9247.47 255 0 0
-0.3 0.025 10669.7 -7327.01 255 0 0
-0.275 0.025 7299.09 -5146.65 255 0 0
-0.25 0.025 -2770.04 -1403.89 255 0 0
-0.225 0.025 -4556.22 -2348.09 255 0 0
-0.2 0.025 -2837.28 -3812.06 255 0 0
-0.175 0.025 121.187 -7879.15 255 0 0
-0.15 0.025 1189.84 -7799.33 255 0 0
-0.125 0.025 -745.022 -2828 255 0 0
-0.1 0.025 3013.67 -5059.8 255 0 0
-0.075 0.025 -610.307 -2323.63 255 0 0
-0.05 0.025 2141.4 -4679.89 255 0 0
-0.025 0.025 59127.2 8286.18 255 0 0
0 0.025 94415.1 92713.5 255 0 0
0.025 0.025 0 0 0 0 255
0.05 0.025 0 0 0 0 255
0.075 0.025 0 0 0 0 255
0.1 0.025 0 0 0 0 255
0.125 0.025 0 0 0 0 255
0.15 0.025 0 0 0 0 255
0.175 0.025 0 0 0 0 255
0.2 0.025 0 0 0 0 255
0.225 0.025 0 0 0 0 255
0.25 0.025 0 0 0 0 255
0.275 0.025 0 0 0 0 255
0.3 0.025 0 0 0 0 255
0.325 0.025 0 0 0 0 255
0.35 0.025 0 0 0 0 255
0.375 0.025 0 0 0 0 255
0.4 0.025 0 0 0 0 255
0.425 0.025 0 0 0 0 255
0.45 0.025 0 0 0 0 255
0.475 0.025 0 0 0 0 255
0.5 0.025 0 0 0 0 255
-0.5 0 0 0 0 0 255
-0.475 0 0 0 0 0 255
-0.45 0 0 0 0 0 255
-0.425 0 0 0 0 0 255
-0.4 0 0 0 0 0 255
-0.375 0 0 0 0 0 255
-0.35 0 0 0 0 0 255
-0.325 0 0 0 0 0 255
-0.3 0 0 0 0 0 255
-0.275 0 0 0 0 0 255
-0.25 0 0 0 0 0 255
-0.225 0 0 0 0 0 255
-0.2 0 0 0 0 0 255
-0.175 0 0 0 0 0 255
-0.15 0 0 0 0 0 255
-0.125 0 0 0 0 0 255
-0.1 0 0 0 0 0 255
-0.075 0 0 0 0 0 255
-0.05 0 0 0 0 0 255
-0.025 0 0 0 0 0 255
0 0 0 0 0 0 255
0.025 0 0 0 0 0 255
0.05 0 0 0 0 0 255
0.075 0 0 0 0 0 255
0.1 0 0 0 0 0 255
0.125 0 0 0 0 0 255
0.15 0 0 0 0 0 255
0.175 0 0 0 0 0 255
0.2 0 0 0 0 0 255
0.225 0 0 0 0 0 255
0.25 0 0 0 0 0 255
0.275 0 0 0 0 0 255
0.3 0 0 0 0 0 255
0.325 0 0 0 0 0 255
0.35 0 0 0 0 0 255
0.375 0 0 0 0 0 255
0.4 0 0 0 0 0 255
0.425 0 0 0 0 0 255
0.45 0 0 0 0 0 255
0.475 0 0 0 0 0 255
0.5 0 0 0 0 0 255
