-0.475 0.075 0
-0.405616 0.572858 1


-0.475 0.1 0
-0.426192 0.579382 1


-0.475 0.125 0
-0.445403 0.581133 1


-0.475 0.15 0
-0.464588 0.582731 1


-0.475 0.675 0
-0.477338 1.1499 1


-0.475 0.7 0
-0.463922 1.17596 1


-0.475 0.725 0
-0.450651 1.20188 1


-0.475 0.75 0
-0.43767 1.22732 1


-0.45 0.05 0
-0.393234 0.541513 1


-0.45 0.075 0
-0.41414 0.549354 1


-0.45 0.1 0
-0.431735 0.549882 1


-0.45 0.125 0
-0.450923 0.550603 1


-0.45 0.15 0
-0.470298 0.552334 1


-0.45 0.675 0
-0.481815 1.11105 1


-0.45 0.7 0
-0.468398 1.13711 1


-0.45 0.725 0
-0.455127 1.16303 1


-0.45 0.75 0
-0.44215 1.1885 1


-0.425 0.05 0
-0.398305 0.507437 1


-0.425 0.075 0
-0.418991 0.514011 1


-0.425 0.1 0
-0.438632 0.520479 1


-0.425 0.125 0
-0.456642 0.521061 1


-0.425 0.15 0
-0.476023 0.521888 1


-0.425 0.675 0
-0.486268 1.07221 1


-0.425 0.7 0
-0.47285 1.09828 1


-0.425 0.725 0
-0.459579 1.1242 1


-0.425 0.75 0
-0.446604 1.14968 1


-0.425 0.875 0
-0.626332 1.13753 1


-0.425 0.9 0
-0.475077 1.2677 1


-0.4 0.025 0
-0.371409 0.467165 1


-0.4 0.05 0
-0.403285 0.473321 1


-0.4 0.075 0
-0.423736 0.479469 1


-0.4 0.1 0
-0.444014 0.485992 1


-0.4 0.125 0
-0.463772 0.492812 1


-0.4 0.15 0
-0.480966 0.489311 1


-0.4 0.675 0
-0.490733 1.03337 1


-0.4 0.7 0
-0.477315 1.05943 1


-0.4 0.725 0
-0.464043 1.08536 1


-0.4 0.75 0
-0.451071 1.11085 1


-0.4 0.85 0
-0.704785 1.04566 1


-0.4 0.875 0
-0.55353 1.17583 1


-0.4 0.9 0
-0.402276 1.306 1


-0.4 0.925 0
-0.251021 1.43617 1


-0.375 0.025 0
-0.365779 0.432528 1


-0.375 0.05 0
-0.396995 0.438961 1


-0.375 0.075 0
-0.428222 0.445227 1


-0.375 0.1 0
-0.448311 0.451262 1


-0.375 0.125 0
-0.468342 0.457189 1


-0.375 0.85 0
-0.631983 1.08395 1


-0.375 0.875 0
-0.480729 1.21413 1


-0.375 0.9 0
-0.320752 1.34969 1


-0.375 0.925 0
-0.0420014 1.57413 1


-0.375 0.95 0
0.0167215 1.66748 1


-0.375 0.975 0
0.0525452 1.74408 1


-0.35 0.025 0
-0.360148 0.397891 1


-0.35 0.05 0
-0.390649 0.404315 1


-0.35 0.075 0
-0.42115 0.410738 1


-0.35 0.75 0
-0.413503 1.13745 1


-0.35 0.775 0
-0.422324 1.2014 1


-0.35 0.85 0
-0.559182 1.12225 1


-0.35 0.875 0
-0.407927 1.25242 1


-0.35 0.9 0
-0.27602 1.35221 1


-0.35 0.925 0
-0.242546 1.42469 1


-0.35 0.95 0
-0.20625 1.50167 1


-0.35 0.975 0
-0.170344 1.57838 1


-0.325 0.725 0
-0.384758 1.06642 1


-0.325 0.75 0
-0.393579 1.13037 1


-0.325 0.775 0
-0.402401 1.19432 1


-0.325 0.8 0
-0.411222 1.25827 1


-0.325 0.9 0
-0.498976 1.18387 1


-0.325 0.925 0
-0.462718 1.26083 1


-0.325 0.95 0
-0.426325 1.33789 1


-0.325 0.975 0
-0.390349 1.41467 1


-0.3 0.725 0
-0.364835 1.05935 1


-0.3 0.75 0
-0.373656 1.1233 1


-0.3 0.775 0
-0.382478 1.18725 1


-0.3 0.8 0
-0.391299 1.2512 1


-0.3 0.9 0
-0.534767 1.13167 1


-0.3 0.925 0
-0.616899 1.13354 1


-0.3 0.95 0
-0.626051 1.18422 1


-0.3 0.975 0
-0.611607 1.25024 1


-0.275 0.725 0
-0.344912 1.05227 1


-0.275 0.75 0
-0.353733 1.11622 1


-0.275 0.775 0
-0.362554 1.18017 1


-0.275 0.8 0
-0.371376 1.24412 1


-0.275 0.9 0
-0.202031 1.30193 1


-0.275 0.925 0
-0.172259 1.35455 1


-0.275 0.95 0
-0.142486 1.40717 1


-0.25 0.9 0
-0.0921455 1.33723 1


-0.25 0.925 0
-0.0623733 1.38985 1


-0.25 0.95 0
-0.032601 1.44246 1


-0.225 0.9 0
0.0177398 1.37253 1


-0.225 0.925 0
0.0475121 1.42514 1


-0.225 0.95 0
0.0772844 1.47776 1


-0.15 0.6 0
-0.547216 0.719617 1


-0.15 0.625 0
-0.511679 0.734644 1


-0.15 0.65 0
-0.476141 0.749672 1


-0.15 0.775 0
-0.145911 1.14251 1


-0.15 0.8 0
-0.188683 1.18882 1


-0.15 0.825 0
-0.226735 1.23438 1


-0.15 0.85 0
-0.27117 1.28023 1


-0.125 0.175 0
0.100865 0.535118 1


-0.125 0.2 0
0.0740903 0.574295 1


-0.125 0.225 0
0.0377209 0.614846 1


-0.125 0.25 0
-0.00793672 0.659111 1


-0.125 0.275 0
-0.040716 0.701047 1


-0.125 0.3 0
-0.0675534 0.736142 1


-0.125 0.325 0
-0.0814709 0.767089 1


-0.125 0.35 0
-0.07571 0.793543 1


-0.125 0.6 0
-0.357946 0.91399 1


-0.125 0.625 0
-0.320584 0.930181 1


-0.125 0.65 0
-0.234188 0.955181 1


-0.125 0.675 0
-0.0939827 0.92445 1


-0.125 0.7 0
-0.0549675 0.868923 1


-0.125 0.725 0
0.054459 1.37789 1


-0.125 0.75 0
-0.0121118 1.35263 1


-0.125 0.775 0
-0.138866 1.17205 1


-0.125 0.8 0
-0.149198 1.22271 1


-0.125 0.825 0
-0.170028 1.2691 1


-0.125 0.85 0
-0.254679 1.28951 1


-0.1 0.075 0
0.218898 0.372007 1


-0.1 0.1 0
0.130935 0.449736 1


-0.1 0.125 0
0.0657109 0.513313 1


-0.1 0.15 0
0.0225091 0.562868 1


-0.1 0.175 0
-0.000995761 0.602352 1


-0.1 0.2 0
-0.0160881 0.637581 1


-0.1 0.225 0
-0.0366118 0.671757 1


-0.1 0.25 0
-0.0591145 0.705673 1


-0.1 0.275 0
-0.0769276 0.741825 1


-0.1 0.3 0
-0.0941672 0.773553 1


-0.1 0.325 0
-0.102115 0.802899 1


-0.1 0.35 0
-0.0876809 0.825092 1


-0.1 0.375 0
-0.061813 0.841666 1


-0.1 0.575 0
-0.0961758 1.08708 1


-0.1 0.6 0
-0.0782693 1.13618 1


-0.1 0.625 0
-0.0790385 1.15449 1


-0.1 0.65 0
-0.0794359 1.1639 1


-0.1 0.675 0
-0.0587461 1.08708 1


-0.1 0.7 0
-0.0262455 0.970983 1


-0.1 0.725 0
0.0299016 1.24887 1


-0.1 0.75 0
-0.0356197 1.22645 1


-0.1 0.775 0
-0.118054 1.1653 1


-0.1 0.8 0
-0.127574 1.21846 1


-0.1 0.825 0
-0.137696 1.27192 1


-0.1 0.85 0
-0.229277 1.29799 1


-0.075 0.025 0
0.353933 0.22303 1


-0.075 0.05 0
0.230084 0.331835 1


-0.075 0.075 0
0.105608 0.440901 1


-0.075 0.1 0
0.00137143 0.530315 1


-0.075 0.125 0
-0.0664917 0.594158 1


-0.075 0.15 0
-0.102438 0.641027 1


-0.075 0.175 0
-0.114004 0.675203 1


-0.075 0.2 0
-0.114011 0.704062 1


-0.075 0.225 0
-0.115803 0.73042 1


-0.075 0.25 0
-0.120871 0.757019 1


-0.075 0.275 0
-0.119394 0.785296 1


-0.075 0.3 0
-0.121135 0.810896 1


-0.075 0.325 0
-0.114211 0.834476 1


-0.075 0.35 0
-0.0889245 0.851566 1


-0.075 0.375 0
-0.0677746 0.862546 1


-0.075 0.4 0
-0.0654667 0.878129 1


-0.075 0.425 0
-0.0660059 0.903414 1


-0.075 0.45 0
-0.0674227 0.932442 1


-0.075 0.475 0
-0.0688314 0.96189 1


-0.075 0.5 0
-0.0691299 0.993311 1


-0.075 0.525 0
-0.0722731 1.02556 1


-0.075 0.55 0
-0.0678617 1.06094 1


-0.075 0.575 0
-0.0723258 1.09364 1


-0.075 0.6 0
-0.070529 1.13441 1


-0.075 0.625 0
-0.0645213 1.1668 1


-0.075 0.65 0
-0.0677304 1.18176 1


-0.075 0.675 0
-0.0690953 1.19214 1


-0.075 0.7 0
-0.0336652 1.04874 1


-0.075 0.725 0
0.00841264 1.12769 1


-0.075 0.75 0
-0.0561873 1.10784 1


-0.075 0.775 0
-0.0969748 1.15769 1


-0.075 0.8 0
-0.105807 1.21319 1


-0.075 0.825 0
-0.115141 1.26705 1


-0.075 0.85 0
-0.182594 1.30201 1


-0.05 0.025 0
0.226294 0.292536 1


-0.05 0.05 0
0.104446 0.400103 1


-0.05 0.075 0
-0.0183601 0.508489 1


-0.05 0.1 0
-0.131636 0.609559 1


-0.05 0.125 0
-0.203333 0.676952 1


-0.05 0.15 0
-0.231629 0.720932 1


-0.05 0.175 0
-0.229295 0.749052 1


-0.05 0.2 0
-0.212757 0.770889 1


-0.05 0.225 0
-0.195529 0.789307 1


-0.05 0.25 0
-0.184012 0.808939 1


-0.05 0.275 0
-0.16362 0.829463 1


-0.05 0.3 0
-0.147963 0.848152 1


-0.05 0.325 0
-0.118483 0.862742 1


-0.05 0.35 0
-0.0875543 0.871576 1


-0.05 0.375 0
-0.0703636 0.881078 1


-0.05 0.4 0
-0.068247 0.897965 1


-0.05 0.425 0
-0.0629285 0.923514 1


-0.05 0.45 0
-0.0642702 0.95132 1


-0.05 0.475 0
-0.0600139 0.979049 1


-0.05 0.5 0
-0.0556719 1.00756 1


-0.05 0.525 0
-0.0594965 1.03761 1


-0.05 0.55 0
-0.0557302 1.07118 1


-0.05 0.575 0
-0.0573796 1.10323 1


-0.05 0.6 0
-0.0613825 1.13608 1


-0.05 0.625 0
-0.0539178 1.17683 1


-0.05 0.65 0
-0.0542439 1.19361 1


-0.05 0.675 0
-0.0523975 1.20776 1


-0.05 0.7 0
-0.0404201 1.21094 1


-0.05 0.725 0
0.00276428 1.02614 1


-0.05 0.75 0
-0.0780597 0.986401 1


-0.05 0.775 0
-0.0777493 1.14544 1


-0.05 0.8 0
-0.0771469 1.20937 1


-0.05 0.825 0
-0.031703 1.27053 1


-0.05 0.85 0
0.0475787 1.33342 1


-0.025 0.025 0
0.098946 0.361967 1


-0.025 0.05 0
-0.0224045 0.469248 1


-0.025 0.075 0
-0.144326 0.576879 1


-0.025 0.1 0
-0.262577 0.682808 1


-0.025 0.125 0
-0.348198 0.763928 1


-0.025 0.15 0
-0.384691 0.811121 1


-0.025 0.175 0
-0.393356 0.845811 1


-0.025 0.325 0
-0.10611 0.880151 1


-0.025 0.35 0
-0.0868373 0.88752 1


-0.025 0.375 0
-0.0712038 0.899747 1


-0.025 0.4 0
-0.0684494 0.917562 1


-0.025 0.425 0
-0.0593841 0.942847 1


-0.025 0.45 0
-0.0580459 0.969168 1


-0.025 0.475 0
-0.0506931 0.99556 1


-0.025 0.5 0
-0.0442717 1.02263 1


-0.025 0.525 0
-0.0471991 1.05082 1


-0.025 0.55 0
-0.0436853 1.08238 1


-0.025 0.575 0
-0.0428598 1.11373 1


-0.025 0.6 0
-0.0488773 1.14265 1


-0.025 0.625 0
-0.0385582 1.18496 1


-0.025 0.65 0
-0.0327 1.19975 1


-0.025 0.675 0
-0.0276542 1.21338 1


-0.025 0.7 0
-0.00100322 1.22434 1


-0.025 0.725 0
0.127476 1.20929 1


-0.025 0.775 0
0.117184 1.20979 1


-0.025 0.8 0
0.167721 1.2684 1


-0.025 0.825 0
0.218285 1.32705 1


-0.025 0.85 0
0.269276 1.39527 1


-0.025 0.875 0
0.25724 1.4507 1


0 0.025 0
-0.0294627 0.432107 1


0 0.05 0
-0.150235 0.539054 1


0 0.075 0
-0.271347 0.64605 1


0 0.1 0
-0.391752 0.751998 1


0 0.125 0
-0.504072 0.857417 1


0 0.35 0
-0.0712355 0.905923 1


0 0.375 0
-0.0749442 0.917368 1


0 0.4 0
-0.0656359 0.937209 1


0 0.425 0
-0.055207 0.9619 1


0 0.45 0
-0.0509875 0.986633 1


0 0.475 0
-0.0411181 1.01194 1


0 0.5 0
-0.0330034 1.03791 1


0 0.525 0
-0.0349771 1.06467 1


0 0.55 0
-0.0322824 1.09401 1


0 0.575 0
-0.0280576 1.12603 1


0 0.6 0
-0.0318467 1.15542 1


0 0.625 0
-0.0145209 1.19802 1


0 0.65 0
-0.00922329 1.21315 1


0 0.675 0
-0.00416539 1.22777 1


0 0.7 0
0.0025469 1.23677 1


0 0.725 0
0.0681857 1.19333 1


0 0.8 0
0.388935 1.32059 1


0 0.825 0
0.390308 1.37367 1


0 0.85 0
0.201909 1.36332 1


0 0.875 0
0.185919 1.37007 1


0 0.9 0
0.172143 1.37779 1


0.025 0.625 0
0.00754291 1.2142 1


0.025 0.65 0
0.0120323 1.23061 1


0.025 0.675 0
0.0167862 1.24225 1


0.025 0.7 0
0.0223827 1.24802 1


0.025 0.725 0
0.0427644 1.18599 1


0.025 0.825 0
0.113304 1.25855 1


0.025 0.85 0
0.118688 1.27117 1


0.025 0.875 0
0.112137 1.27818 1


0.025 0.9 0
0.102579 1.29275 1


0.05 0.625 0
0.0293297 1.22883 1


0.05 0.65 0
0.0353248 1.23851 1


0.05 0.675 0
0.0407803 1.24761 1


0.05 0.7 0
0.0461409 1.25579 1


0.05 0.725 0
0.0560273 1.19599 1


0.05 0.775 0
0.0850519 1.24551 1


0.05 0.8 0
0.0846279 1.28477 1


0.05 0.825 0
0.0986134 1.29657 1


0.05 0.85 0
0.103462 1.27494 1


0.05 0.875 0
0.0806202 1.25154 1


0.05 0.9 0
0.0730275 1.26403 1


0.075 0.625 0
0.0607088 1.21503 1


0.075 0.65 0
0.0635081 1.23348 1


0.075 0.675 0
0.0687446 1.24573 1


0.075 0.7 0
0.0750835 1.25519 1


0.075 0.725 0
0.0835027 1.26381 1


0.075 0.75 0
0.0851161 1.29151 1


0.075 0.775 0
0.0853113 1.32146 1


0.075 0.8 0
0.0815321 1.36139 1


0.075 0.825 0
0.0830493 1.40152 1


0.075 0.85 0
0.0961646 1.41674 1


0.075 0.875 0
0.11276 1.36437 1


0.075 0.9 0
0.0541547 1.28842 1


0.1 0.625 0
0.0877556 1.22037 1


0.1 0.65 0
0.0901447 1.23551 1


0.1 0.675 0
0.0944338 1.25178 1


0.1 0.7 0
0.0984495 1.27251 1


0.1 0.725 0
0.0975512 1.30488 1


0.1 0.75 0
0.0943205 1.34259 1


0.1 0.775 0
0.0909041 1.38083 1


0.1 0.8 0
0.0835674 1.4274 1


0.1 0.825 0
0.0789015 1.47862 1


0.1 0.85 0
0.0825529 1.51831 1


0.1 0.875 0
0.108933 1.51615 1


0.125 0.625 0
0.114516 1.22727 1


0.125 0.65 0
0.112362 1.24939 1


0.125 0.675 0
0.116102 1.27071 1


0.125 0.7 0
0.117873 1.30017 1


0.125 0.725 0
0.112915 1.34256 1


0.125 0.75 0
0.104856 1.39077 1


0.125 0.775 0
0.0975324 1.43791 1


0.125 0.8 0
0.0872532 1.49019 1


0.125 0.825 0
0.0788525 1.54674 1


0.125 0.85 0
0.0763783 1.59771 1


0.125 0.875 0
0.0704078 1.65046 1


0.15 0.65 0
0.13345 1.26937 1


0.15 0.675 0
0.137279 1.29489 1


0.15 0.7 0
0.137107 1.32902 1


0.15 0.725 0
0.13064 1.37494 1


0.15 0.75 0
0.119744 1.42924 1


0.15 0.775 0
0.109174 1.48357 1


0.15 0.8 0
0.100866 1.5339 1


0.225 0.775 0
0.312057 1.54872 1


0.225 0.8 0
0.284256 1.47561 1


0.225 0.825 0
0.256607 1.40295 1


0.25 0.725 0
0.354141 1.50905 1


0.25 0.75 0
0.314439 1.44376 1


0.25 0.775 0
0.310033 1.40473 1


0.25 0.8 0
0.28868 1.3384 1


0.25 0.825 0
0.25661 1.25919 1


0.25 0.85 0
0.220923 1.17855 1


0.275 0.55 0
0.428213 1.30794 1


0.275 0.575 0
0.391677 1.29751 1


0.275 0.6 0
0.355142 1.28709 1


0.275 0.675 0
0.403782 1.52015 1


0.275 0.7 0
0.34272 1.4107 1


0.275 0.725 0
0.341718 1.34129 1


0.275 0.75 0
0.307449 1.2833 1


0.275 0.775 0
0.293523 1.23916 1


0.275 0.8 0
0.283576 1.18955 1


0.275 0.825 0
0.253878 1.11239 1


0.275 0.85 0
0.214258 1.02768 1


0.3 0.525 0
0.466502 1.19422 1


0.3 0.55 0
0.429967 1.1838 1


0.3 0.575 0
0.393432 1.17338 1


0.3 0.6 0
0.356896 1.16296 1


0.3 0.65 0
0.391005 1.38463 1


0.3 0.675 0
0.34937 1.31844 1


0.3 0.7 0
0.341265 1.27541 1


0.3 0.725 0
0.333186 1.2001 1


0.3 0.75 0
0.305127 1.12585 1


0.3 0.775 0
0.279304 1.07325 1


0.3 0.8 0
0.270997 1.03099 1


0.3 0.825 0
0.253416 0.96816 1


0.3 0.85 0
0.206985 0.876207 1


0.325 0.525 0
0.468257 1.07008 1


0.325 0.55 0
0.431721 1.05966 1


0.325 0.575 0
0.395186 1.04924 1


0.325 0.6 0
0.358651 1.03882 1


0.325 0.625 0
0.477064 1.3627 1


0.325 0.65 0
0.401012 1.24174 1


0.325 0.675 0
0.344391 1.16408 1


0.325 0.7 0
0.320728 1.1106 1


0.325 0.725 0
0.322771 1.06627 1


0.325 0.75 0
0.30897 0.975955 1


0.325 0.775 0
0.281546 0.918362 1


0.325 0.8 0
0.253346 0.858884 1


0.35 0.55 0
0.433476 0.935528 1


0.35 0.575 0
0.39694 0.925107 1


0.35 0.65 0
0.408461 1.09745 1


0.35 0.675 0
0.347391 1.01551 1


0.35 0.7 0
0.305824 0.948961 1


0.35 0.725 0
0.311316 0.916289 1


0.35 0.75 0
0.271225 0.839593 1


0.375 0.65 0
0.423338 0.961754 1


0.375 0.675 0
0.374132 0.885343 1


0.375 0.7 0
0.322926 0.808682 1


0.4 0.4 0
0.30392 0.891819 1


0.4 0.425 0
0.408776 0.918173 1


0.4 0.45 0
0.513633 0.944528 1


0.4 0.475 0
0.618489 0.970882 1


0.425 0.4 0
0.395279 0.906217 1


0.425 0.425 0
0.500135 0.932571 1


0.425 0.45 0
0.604991 0.958925 1


0.425 0.475 0
0.709847 0.98528 1


0.45 0.4 0
0.486637 0.920614 1


0.45 0.425 0
0.591494 0.946969 1


0.45 0.45 0
0.69635 0.973323 1


0.45 0.475 0
0.801206 0.999678 1


0.475 0.4 0
0.577996 0.935012 1


0.475 0.425 0
0.682852 0.961367 1


0.475 0.45 0
0.787708 0.987721 1


0.475 0.475 0
0.892565 1.01408 1


