-0.25 0.675 0
-0.0356187 1.45369 1


-0.25 0.7 0
-0.103018 1.49623 1


-0.25 0.725 0
-0.170417 1.53877 1


-0.25 0.75 0
-0.237816 1.58131 1


-0.225 0.675 0
-0.0834628 1.27623 1


-0.225 0.7 0
-0.150862 1.31877 1


-0.225 0.725 0
-0.218261 1.36131 1


-0.225 0.75 0
-0.28566 1.40385 1


-0.2 0.675 0
-0.131307 1.09877 1


-0.2 0.7 0
-0.198706 1.14131 1


-0.2 0.725 0
-0.266105 1.18385 1


-0.2 0.75 0
-0.333505 1.22639 1


-0.175 0.675 0
-0.179151 0.92131 1


-0.175 0.7 0
-0.24655 0.963849 1


-0.175 0.725 0
-0.313949 1.00639 1


-0.175 0.75 0
-0.381349 1.04893 1


-0.15 0.25 0
-0.190355 0.768615 1


-0.15 0.275 0
-0.200988 0.750808 1


-0.15 0.3 0
-0.211621 0.733002 1


-0.15 0.325 0
-0.222254 0.715195 1


-0.125 0.25 0
-0.131219 0.841039 1


-0.125 0.275 0
-0.141852 0.823232 1


-0.125 0.3 0
-0.152485 0.805426 1


-0.125 0.325 0
-0.163118 0.787619 1


-0.1 0.25 0
-0.0720827 0.913463 1


-0.1 0.275 0
-0.0827156 0.895656 1


-0.1 0.3 0
-0.0933484 0.877849 1


-0.1 0.325 0
-0.103981 0.860043 1


-0.075 0.25 0
-0.0129465 0.985887 1


-0.075 0.275 0
-0.0235793 0.96808 1


-0.075 0.3 0
-0.0342121 0.950273 1


-0.075 0.325 0
-0.044845 0.932467 1


