-0.175 0.4 0
-0.349199 0.799987 1


-0.175 0.425 0
-0.349358 0.85038 1


-0.175 0.45 0
-0.34962 0.900861 1


-0.175 0.475 0
-0.350001 0.951443 1


-0.175 0.5 0
-0.350527 1.00215 1


-0.175 0.525 0
-0.351226 1.053 1


-0.175 0.55 0
-0.352055 1.10394 1


-0.175 0.575 0
-0.352984 1.15488 1


-0.15 0.375 0
-0.299226 0.749485 1


-0.15 0.4 0
-0.299236 0.799745 1


-0.15 0.425 0
-0.299335 0.850081 1


-0.15 0.45 0
-0.299541 0.900505 1


-0.15 0.475 0
-0.299873 0.951034 1


-0.15 0.5 0
-0.300351 1.00168 1


-0.15 0.525 0
-0.301004 1.05248 1


-0.15 0.55 0
-0.301821 1.10339 1


-0.15 0.575 0
-0.302768 1.15434 1


-0.15 0.6 0
-0.303808 1.20532 1


-0.15 0.625 0
-0.30492 1.2563 1


-0.125 0.35 0
-0.249495 0.699221 1


-0.125 0.375 0
-0.249366 0.749361 1


-0.125 0.4 0
-0.249316 0.799563 1


-0.125 0.425 0
-0.249354 0.849836 1


-0.125 0.45 0
-0.249497 0.900194 1


-0.125 0.475 0
-0.249764 0.950649 1


-0.125 0.5 0
-0.250176 1.00122 1


-0.125 0.525 0
-0.250759 1.05192 1


-0.125 0.55 0
-0.251524 1.10276 1


-0.125 0.575 0
-0.252444 1.15368 1


-0.125 0.6 0
-0.253466 1.20459 1


-0.125 0.625 0
-0.254538 1.25544 1


-0.125 0.65 0
-0.255646 1.3062 1


-0.1 0.325 0
-0.200002 0.649194 1


-0.1 0.35 0
-0.199755 0.699232 1


-0.1 0.375 0
-0.199568 0.749313 1


-0.1 0.4 0
-0.199452 0.79945 1


-0.1 0.425 0
-0.199423 0.849655 1


-0.1 0.45 0
-0.199495 0.899938 1


-0.1 0.475 0
-0.199687 0.950308 1


-0.1 0.5 0
-0.200017 1.00078 1


-0.1 0.525 0
-0.200511 1.05137 1


-0.1 0.55 0
-0.201186 1.10209 1


-0.1 0.575 0
-0.202047 1.15291 1


-0.1 0.6 0
-0.203041 1.20377 1


-0.1 0.625 0
-0.20409 1.25456 1


-0.1 0.65 0
-0.205136 1.30525 1


-0.075 0.325 0
-0.150396 0.649352 1


-0.075 0.35 0
-0.150089 0.69933 1


-0.075 0.375 0
-0.149841 0.749351 1


-0.075 0.4 0
-0.149656 0.799422 1


-0.075 0.425 0
-0.149553 0.849554 1


-0.075 0.45 0
-0.149546 0.899756 1


-0.075 0.475 0
-0.149657 0.950039 1


-0.075 0.5 0
-0.149902 1.00042 1


-0.075 0.525 0
-0.150302 1.05089 1


-0.075 0.55 0
-0.150874 1.10148 1


-0.075 0.575 0
-0.151633 1.15218 1


-0.075 0.6 0
-0.152566 1.20295 1


-0.075 0.625 0
-0.153585 1.25369 1


-0.075 0.65 0
-0.154598 1.30435 1


-0.075 0.675 0
-0.155562 1.3549 1


-0.05 0.325 0
-0.100876 0.649609 1


-0.05 0.35 0
-0.100512 0.699531 1


-0.05 0.375 0
-0.100196 0.74949 1


-0.05 0.4 0
-0.0999357 0.799492 1


-0.05 0.425 0
-0.0997511 0.849546 1


-0.05 0.45 0
-0.0996616 0.899666 1


-0.05 0.475 0
-0.0996871 0.949863 1


-0.05 0.5 0
-0.0998459 1.00015 1


-0.05 0.525 0
-0.100155 1.05053 1


-0.05 0.55 0
-0.100627 1.101 1


-0.05 0.575 0
-0.101275 1.15157 1


-0.05 0.6 0
-0.102104 1.20222 1


-0.05 0.625 0
-0.103067 1.2529 1


-0.05 0.65 0
-0.104047 1.30355 1


-0.05 0.675 0
-0.104988 1.35414 1


-0.025 0.325 0
-0.0514554 0.649981 1


-0.025 0.35 0
-0.0510357 0.699853 1


-0.025 0.375 0
-0.0506449 0.749747 1


-0.025 0.4 0
-0.0503012 0.799675 1


-0.025 0.425 0
-0.0500294 0.84965 1


-0.025 0.45 0
-0.0498523 0.899687 1


-0.025 0.475 0
-0.0497898 0.949797 1


-0.025 0.5 0
-0.0498599 0.999991 1


-0.025 0.525 0
-0.0500779 1.05027 1


-0.025 0.55 0
-0.0504554 1.10065 1


-0.025 0.575 0
-0.0510005 1.15111 1


-0.025 0.6 0
-0.0517192 1.20165 1


-0.025 0.625 0
-0.0525912 1.25225 1


-0.025 0.65 0
-0.0535166 1.30285 1


-0.025 0.675 0
-0.0544305 1.35343 1


0 0.325 0
-0.00215818 0.650492 1


0 0.35 0
-0.00167324 0.700312 1


0 0.375 0
-0.00120025 0.75014 1


0 0.4 0
-0.00076333 0.79999 1


0 0.425 0
-0.000397088 0.849883 1


0 0.45 0
-0.000127188 0.899835 1


0 0.475 0
2.64428e-05 0.949858 1


0 0.5 0
4.68404e-05 0.999963 1


0 0.525 0
-8.01174e-05 1.05015 1


0 0.55 0
-0.000364814 1.10043 1


0 0.575 0
-0.00081332 1.1508 1


0 0.6 0
-0.00142936 1.20124 1


0 0.625 0
-0.00220096 1.25175 1


0 0.65 0
-0.00305036 1.30229 1


0 0.675 0
-0.00391151 1.35283 1


0.025 0.325 0
0.0469927 0.651175 1


0.025 0.35 0
0.0475521 0.700937 1


0.025 0.375 0
0.0481209 0.750691 1


0.025 0.4 0
0.0486675 0.800455 1


0.025 0.425 0
0.0491392 0.85026 1


0.025 0.45 0
0.0495082 0.900125 1


0.025 0.475 0
0.0497566 0.950061 1


0.025 0.5 0
0.0498691 1.00008 1


0.025 0.525 0
0.0498331 1.05018 1


0.025 0.55 0
0.04964 1.10037 1


0.025 0.575 0
0.0492849 1.15064 1


0.025 0.6 0
0.0487647 1.201 1


0.025 0.625 0
0.0480882 1.25142 1


0.025 0.65 0
0.0473196 1.3019 1


0.025 0.675 0
0.0465175 1.35239 1


0.05 0.325 0
0.0960288 0.652004 1


0.05 0.35 0
0.0966405 0.701732 1


0.05 0.375 0
0.0973085 0.751417 1


0.05 0.4 0
0.0979836 0.801086 1


0.05 0.425 0
0.0985774 0.850796 1


0.05 0.45 0
0.0990538 0.900569 1


0.05 0.475 0
0.0994005 0.950415 1


0.05 0.5 0
0.099606 1.00034 1


0.05 0.525 0
0.0996606 1.05035 1


0.05 0.55 0
0.0995579 1.10045 1


0.05 0.575 0
0.0992944 1.15064 1


0.05 0.6 0
0.0988678 1.20091 1


0.05 0.625 0
0.0982858 1.25125 1


0.05 0.65 0
0.0976015 1.30166 1


0.05 0.675 0
0.0968504 1.3521 1


0.075 0.325 0
0.144966 0.652971 1


0.075 0.35 0
0.145632 0.702677 1


0.075 0.375 0
0.146394 0.752305 1


0.075 0.4 0
0.147193 0.801892 1


0.075 0.425 0
0.147923 0.851498 1


0.075 0.45 0
0.148516 0.901173 1


0.075 0.475 0
0.148964 0.950926 1


0.075 0.5 0
0.149262 1.00076 1


0.075 0.525 0
0.149405 1.05068 1


0.075 0.55 0
0.149391 1.10069 1


0.075 0.575 0
0.149218 1.15079 1


0.075 0.6 0
0.148887 1.20097 1


0.075 0.625 0
0.148404 1.25123 1


0.075 0.65 0
0.147807 1.30156 1


0.075 0.675 0
0.14711 1.35195 1


0.1 0.325 0
0.193878 0.654023 1


0.1 0.35 0
0.194632 0.7037 1


0.1 0.375 0
0.195469 0.753297 1


0.1 0.4 0
0.196353 0.802842 1


0.1 0.425 0
0.1972 0.852367 1


0.1 0.45 0
0.197911 0.90194 1


0.1 0.475 0
0.198458 0.951595 1


0.1 0.5 0
0.198846 1.00134 1


0.1 0.525 0
0.199073 1.05117 1


0.1 0.55 0
0.199143 1.10109 1


0.1 0.575 0
0.19906 1.1511 1


0.1 0.6 0
0.198826 1.20118 1


0.1 0.625 0
0.198445 1.25135 1


0.1 0.65 0
0.197936 1.3016 1


0.1 0.675 0
0.1973 1.35191 1


0.125 0.35 0
0.243692 0.704748 1


0.125 0.375 0
0.244609 0.754326 1


0.125 0.4 0
0.245557 0.803863 1


0.125 0.425 0
0.246472 0.853354 1


0.125 0.45 0
0.247269 0.902852 1


0.125 0.475 0
0.247904 0.952413 1


0.125 0.5 0
0.248371 1.00207 1


0.125 0.525 0
0.248674 1.05181 1


0.125 0.55 0
0.248821 1.10164 1


0.125 0.575 0
0.24882 1.15155 1


0.125 0.6 0
0.248679 1.20153 1


0.125 0.625 0
0.248401 1.2516 1


0.125 0.65 0
0.247984 1.30175 1


0.15 0.375 0
0.293847 0.755384 1


0.15 0.4 0
0.294849 0.804895 1


0.15 0.425 0
0.295799 0.854363 1


0.15 0.45 0
0.296641 0.903816 1


0.15 0.475 0
0.297332 0.95331 1


0.15 0.5 0
0.297864 1.00288 1


0.15 0.525 0
0.298229 1.05255 1


0.15 0.55 0
0.298442 1.1023 1


0.15 0.575 0
0.298513 1.15212 1


0.15 0.6 0
0.298455 1.20202 1


0.15 0.625 0
0.298272 1.25199 1


0.175 0.4 0
0.344254 0.805918 1


0.175 0.425 0
0.345198 0.855343 1


0.175 0.45 0
0.346047 0.904761 1


0.175 0.475 0
0.346765 0.954213 1


0.175 0.5 0
0.347347 1.00372 1


0.175 0.525 0
0.347759 1.05333 1


0.175 0.55 0
0.348023 1.10302 1


0.175 0.575 0
0.348153 1.15279 1


0.175 0.6 0
0.348164 1.20263 1


