-0.175 0.4 0
-0.350004 0.800169 1


-0.175 0.425 0
-0.349976 0.850196 1


-0.175 0.45 0
-0.34995 0.900228 1


-0.175 0.475 0
-0.349927 0.950265 1


-0.175 0.5 0
-0.349906 1.00031 1


-0.175 0.525 0
-0.349889 1.05036 1


-0.175 0.55 0
-0.349874 1.10042 1


-0.175 0.575 0
-0.349861 1.15049 1


-0.175 0.6 0
-0.349851 1.20056 1


-0.15 0.375 0
-0.300051 0.750106 1


-0.15 0.4 0
-0.300019 0.800128 1


-0.15 0.425 0
-0.29999 0.850152 1


-0.15 0.45 0
-0.299963 0.900181 1


-0.15 0.475 0
-0.299939 0.950215 1


-0.15 0.5 0
-0.299918 1.00026 1


-0.15 0.525 0
-0.2999 1.0503 1


-0.15 0.55 0
-0.299886 1.10036 1


-0.15 0.575 0
-0.299874 1.15043 1


-0.15 0.6 0
-0.299866 1.20049 1


-0.15 0.625 0
-0.299862 1.25055 1


-0.125 0.35 0
-0.250106 0.700051 1


-0.125 0.375 0
-0.250069 0.750069 1


-0.125 0.4 0
-0.250035 0.800089 1


-0.125 0.425 0
-0.250005 0.850111 1


-0.125 0.45 0
-0.249977 0.900137 1


-0.125 0.475 0
-0.249952 0.950167 1


-0.125 0.5 0
-0.24993 1.0002 1


-0.125 0.525 0
-0.249912 1.05025 1


-0.125 0.55 0
-0.249897 1.1003 1


-0.125 0.575 0
-0.249886 1.15036 1


-0.125 0.6 0
-0.24988 1.20042 1


-0.125 0.625 0
-0.249879 1.25047 1


-0.125 0.65 0
-0.249883 1.30052 1


-0.1 0.325 0
-0.200169 0.650004 1


-0.1 0.35 0
-0.200128 0.700019 1


-0.1 0.375 0
-0.200089 0.750035 1


-0.1 0.4 0
-0.200053 0.800053 1


-0.1 0.425 0
-0.20002 0.850073 1


-0.1 0.45 0
-0.199991 0.900095 1


-0.1 0.475 0
-0.199965 0.950121 1


-0.1 0.5 0
-0.199942 1.00015 1


-0.1 0.525 0
-0.199924 1.05019 1


-0.1 0.55 0
-0.199909 1.10023 1


-0.1 0.575 0
-0.199899 1.15029 1


-0.1 0.6 0
-0.199894 1.20034 1


-0.1 0.625 0
-0.199895 1.2504 1


-0.1 0.65 0
-0.199901 1.30044 1


-0.1 0.675 0
-0.199913 1.35049 1


-0.075 0.325 0
-0.150197 0.649976 1


-0.075 0.35 0
-0.150153 0.69999 1


-0.075 0.375 0
-0.150111 0.750005 1


-0.075 0.4 0
-0.150073 0.80002 1


-0.075 0.425 0
-0.150037 0.850037 1


-0.075 0.45 0
-0.150006 0.900057 1


-0.075 0.475 0
-0.149978 0.950079 1


-0.075 0.5 0
-0.149954 1.00011 1


-0.075 0.525 0
-0.149935 1.05014 1


-0.075 0.55 0
-0.14992 1.10018 1


-0.075 0.575 0
-0.14991 1.15022 1


-0.075 0.6 0
-0.149906 1.20027 1


-0.075 0.625 0
-0.149908 1.25032 1


-0.075 0.65 0
-0.149914 1.30037 1


-0.075 0.675 0
-0.149922 1.35041 1


-0.05 0.325 0
-0.100229 0.649951 1


-0.05 0.35 0
-0.100182 0.699964 1


-0.05 0.375 0
-0.100137 0.749977 1


-0.05 0.4 0
-0.100095 0.799991 1


-0.05 0.425 0
-0.100057 0.850006 1


-0.05 0.45 0
-0.100022 0.900022 1


-0.05 0.475 0
-0.0999923 0.950041 1


-0.05 0.5 0
-0.0999668 1.00006 1


-0.05 0.525 0
-0.0999459 1.05009 1


-0.05 0.55 0
-0.09993 1.10012 1


-0.05 0.575 0
-0.0999193 1.15016 1


-0.05 0.6 0
-0.0999149 1.20021 1


-0.05 0.625 0
-0.099917 1.25025 1


-0.05 0.65 0
-0.099922 1.3003 1


-0.05 0.675 0
-0.0999268 1.35034 1


-0.025 0.325 0
-0.0502656 0.649928 1


-0.025 0.35 0
-0.0502157 0.69994 1


-0.025 0.375 0
-0.0501672 0.749952 1


-0.025 0.4 0
-0.0501213 0.799965 1


-0.025 0.425 0
-0.0500791 0.849978 1


-0.025 0.45 0
-0.0500414 0.899992 1


-0.025 0.475 0
-0.0500086 0.950009 1


-0.025 0.5 0
-0.0499807 1.00003 1


-0.025 0.525 0
-0.0499579 1.05005 1


-0.025 0.55 0
-0.0499404 1.10008 1


-0.025 0.575 0
-0.0499284 1.15011 1


-0.025 0.6 0
-0.0499223 1.20015 1


-0.025 0.625 0
-0.0499223 1.25019 1


-0.025 0.65 0
-0.0499253 1.30024 1


-0.025 0.675 0
-0.0499283 1.35028 1


0 0.325 0
-0.000309634 0.649907 1


0 0.35 0
-0.000256244 0.699919 1


0 0.375 0
-0.000203338 0.749931 1


0 0.4 0
-0.000152529 0.799943 1


0 0.425 0
-0.000105815 0.849955 1


0 0.45 0
-6.41083e-05 0.899967 1


0 0.475 0
-2.77864e-05 0.949981 1


0 0.5 0
2.97928e-06 0.999997 1


0 0.525 0
2.81428e-05 1.05002 1


0 0.55 0
4.77179e-05 1.10004 1


0 0.575 0
6.17262e-05 1.15007 1


0 0.6 0
7.00947e-05 1.2001 1


0 0.625 0
7.30327e-05 1.25014 1


0 0.65 0
7.28994e-05 1.30018 1


0 0.675 0
7.21557e-05 1.35022 1


0.025 0.325 0
0.0496375 0.64989 1


0.025 0.35 0
0.0496947 0.699902 1


0.025 0.375 0
0.0497529 0.749913 1


0.025 0.4 0
0.0498099 0.799924 1


0.025 0.425 0
0.0498622 0.849935 1


0.025 0.45 0
0.0499087 0.899946 1


0.025 0.475 0
0.049949 0.949958 1


0.025 0.5 0
0.0499833 0.999972 1


0.025 0.525 0
0.0500113 1.04999 1


0.025 0.55 0
0.0500335 1.10001 1


0.025 0.575 0
0.0500498 1.15003 1


0.025 0.6 0
0.0500608 1.20006 1


0.025 0.625 0
0.0500669 1.2501 1


0.025 0.65 0
0.05007 1.30014 1


0.025 0.675 0
0.0500717 1.35017 1


0.05 0.325 0
0.0995775 0.649876 1


0.05 0.35 0
0.099637 0.699887 1


0.05 0.375 0
0.0997005 0.749899 1


0.05 0.4 0
0.0997648 0.79991 1


0.05 0.425 0
0.0998241 0.849921 1


0.05 0.45 0
0.0998761 0.899931 1


0.05 0.475 0
0.0999212 0.949941 1


0.05 0.5 0
0.0999593 0.999953 1


0.05 0.525 0
0.0999907 1.04997 1


0.05 0.55 0
0.100016 1.09998 1


0.05 0.575 0
0.100035 1.15001 1


0.05 0.6 0
0.100049 1.20003 1


0.05 0.625 0
0.100058 1.25006 1


0.05 0.65 0
0.100064 1.3001 1


0.05 0.675 0
0.100068 1.35013 1


0.075 0.325 0
0.149512 0.649864 1


0.075 0.35 0
0.149574 0.699876 1


0.075 0.375 0
0.149642 0.749888 1


0.075 0.4 0
0.149713 0.7999 1


0.075 0.425 0
0.149779 0.849911 1


0.075 0.45 0
0.149838 0.89992 1


0.075 0.475 0
0.149888 0.949929 1


0.075 0.5 0
0.149931 0.999939 1


0.075 0.525 0
0.149966 1.04995 1


0.075 0.55 0
0.149994 1.09997 1


0.075 0.575 0
0.150016 1.14998 1


0.075 0.6 0
0.150032 1.20001 1


0.075 0.625 0
0.150045 1.25003 1


0.075 0.65 0
0.150055 1.30006 1


0.075 0.675 0
0.150062 1.3501 1


0.1 0.325 0
0.199442 0.649854 1


0.1 0.35 0
0.199511 0.699868 1


0.1 0.375 0
0.199583 0.749882 1


0.1 0.4 0
0.199657 0.799895 1


0.1 0.425 0
0.19973 0.849907 1


0.1 0.45 0
0.199795 0.899916 1


0.1 0.475 0
0.19985 0.949923 1


0.1 0.5 0
0.199897 0.99993 1


0.1 0.525 0
0.199936 1.04994 1


0.1 0.55 0
0.199968 1.09995 1


0.1 0.575 0
0.199993 1.14997 1


0.1 0.6 0
0.200012 1.19999 1


0.1 0.625 0
0.200027 1.25001 1


0.1 0.65 0
0.20004 1.30004 1


0.1 0.675 0
0.200051 1.35007 1


0.125 0.35 0
0.249451 0.699864 1


0.125 0.375 0
0.249527 0.749881 1


0.125 0.4 0
0.249604 0.799897 1


0.125 0.425 0
0.249679 0.84991 1


0.125 0.45 0
0.249748 0.899918 1


0.125 0.475 0
0.249808 0.949923 1


0.125 0.5 0
0.249859 0.999928 1


0.125 0.525 0
0.249902 1.04993 1


0.125 0.55 0
0.249937 1.09994 1


0.125 0.575 0
0.249966 1.14996 1


0.125 0.6 0
0.249988 1.19997 1


0.125 0.625 0
0.250006 1.24999 1


0.125 0.65 0
0.250021 1.30002 1


0.15 0.375 0
0.299476 0.749886 1


0.15 0.4 0
0.299555 0.799903 1


0.15 0.425 0
0.299631 0.849916 1


0.15 0.45 0
0.299701 0.899923 1


0.15 0.475 0
0.299764 0.949926 1


0.15 0.5 0
0.299819 0.999928 1


0.15 0.525 0
0.299865 1.04993 1


0.15 0.55 0
0.299904 1.09994 1


0.15 0.575 0
0.299936 1.14995 1


0.15 0.6 0
0.299962 1.19996 1


0.15 0.625 0
0.299982 1.24998 1


0.175 0.4 0
0.349511 0.799915 1


0.175 0.425 0
0.349587 0.849924 1


0.175 0.45 0
0.349657 0.899928 1


0.175 0.475 0
0.34972 0.94993 1


0.175 0.5 0
0.349777 0.999929 1


0.175 0.525 0
0.349826 1.04993 1


0.175 0.55 0
0.349868 1.09993 1


0.175 0.575 0
0.349903 1.14994 1


0.175 0.6 0
0.349933 1.19995 1


