-0.475 0.025 0
-0.530619 0.28824 1


-0.475 0.05 0
-0.558986 0.274844 1


-0.475 0.075 0
-0.587352 0.261447 1


-0.475 0.1 0
-0.61572 0.248048 1


-0.475 0.575 0
-1.33464 1.08581 1


-0.475 0.6 0
-1.07102 1.13528 1


-0.475 0.625 0
-0.807396 1.18476 1


-0.475 0.675 0
-0.52718 1.0759 1


-0.475 0.7 0
-0.541273 1.13734 1


-0.475 0.725 0
-0.555366 1.19878 1


-0.45 0.025 0
-0.456606 0.502679 1


-0.45 0.05 0
-0.484972 0.489282 1


-0.45 0.075 0
-0.513338 0.475886 1


-0.45 0.1 0
-0.541708 0.462487 1


-0.45 0.55 0
-1.00236 1.08044 1


-0.45 0.575 0
-0.738741 1.12991 1


-0.45 0.6 0
-0.475118 1.17938 1


-0.45 0.625 0
-0.211495 1.22886 1


-0.45 0.675 0
-0.471626 1.13741 1


-0.45 0.7 0
-0.485719 1.19886 1


-0.45 0.725 0
-0.499812 1.2603 1


-0.45 0.75 0
-0.513905 1.32174 1


-0.45 0.8 0
-0.403827 1.37787 1


-0.45 0.825 0
-0.406778 1.37286 1


-0.425 0.025 0
-0.382592 0.717111 1


-0.425 0.05 0
-0.410958 0.703714 1


-0.425 0.075 0
-0.439325 0.690318 1


-0.425 0.1 0
-0.467695 0.67692 1


-0.425 0.575 0
-0.14284 1.17401 1


-0.425 0.6 0
0.120783 1.22348 1


-0.425 0.625 0
0.384407 1.27296 1


-0.425 0.675 0
-0.416072 1.19893 1


-0.425 0.7 0
-0.430165 1.26037 1


-0.425 0.725 0
-0.444258 1.32181 1


-0.425 0.75 0
-0.458351 1.38326 1


-0.425 0.775 0
-0.400321 1.40838 1


-0.425 0.8 0
-0.414851 1.40443 1


-0.425 0.825 0
-0.415841 1.39011 1


-0.425 0.85 0
-0.416209 1.36607 1


-0.425 0.875 0
-0.41731 1.32839 1


-0.4 0.025 0
-0.308599 0.931576 1


-0.4 0.05 0
-0.336966 0.918179 1


-0.4 0.075 0
-0.365333 0.904783 1


-0.4 0.1 0
-0.393706 0.891386 1


-0.4 0.675 0
-0.360517 1.26044 1


-0.4 0.7 0
-0.37461 1.32189 1


-0.4 0.725 0
-0.388704 1.38333 1


-0.4 0.75 0
-0.402797 1.44477 1


-0.4 0.775 0
-0.398929 1.43205 1


-0.4 0.8 0
-0.402041 1.44019 1


-0.4 0.825 0
-0.404083 1.43473 1


-0.4 0.85 0
-0.403817 1.39528 1


-0.4 0.875 0
-0.396683 1.30346 1


-0.4 0.9 0
-0.38797 1.18792 1


-0.375 0.525 0
-0.533829 1.09478 1


-0.375 0.55 0
-0.547391 1.10755 1


-0.375 0.575 0
-0.560953 1.12032 1


-0.375 0.775 0
-0.396802 1.45301 1


-0.375 0.8 0
-0.387793 1.47096 1


-0.375 0.825 0
-0.390681 1.46182 1


-0.375 0.85 0
-0.385889 1.38789 1


-0.375 0.875 0
-0.377831 1.28724 1


-0.375 0.9 0
-0.3698 1.17019 1


-0.35 0.5 0
-0.426062 1.05513 1


-0.35 0.525 0
-0.4061 1.07436 1


-0.35 0.55 0
-0.418453 1.0957 1


-0.35 0.575 0
-0.438702 1.11235 1


-0.35 0.6 0
-0.458927 1.12687 1


-0.35 0.8 0
-0.374286 1.50629 1


-0.35 0.825 0
-0.374822 1.46937 1


-0.35 0.85 0
-0.367028 1.37284 1


-0.35 0.875 0
-0.359103 1.26976 1


-0.35 0.9 0
-0.351612 1.15277 1


-0.325 0.475 0
-0.376869 1.07013 1


-0.325 0.5 0
-0.403461 1.06182 1


-0.325 0.525 0
-0.344199 1.07875 1


-0.325 0.55 0
-0.297841 1.09529 1


-0.325 0.575 0
-0.29977 1.10673 1


-0.325 0.825 0
-0.356898 1.4105 1


-0.325 0.85 0
-0.349881 1.30968 1


-0.325 0.875 0
-0.342669 1.21022 1


-0.325 0.9 0
-0.335732 1.10935 1


-0.3 0.425 0
-0.297521 1.07869 1


-0.3 0.45 0
-0.300599 1.08092 1


-0.3 0.475 0
-0.305987 1.08191 1


-0.3 0.5 0
-0.338318 1.06899 1


-0.3 0.525 0
-0.336976 1.07582 1


-0.3 0.55 0
-0.252433 1.10975 1


-0.3 0.575 0
-0.198522 1.12668 1


-0.275 0.425 0
-0.238251 1.0834 1


-0.275 0.45 0
-0.245353 1.0837 1


-0.275 0.475 0
-0.24391 1.08819 1


-0.275 0.5 0
-0.271156 1.07727 1


-0.275 0.525 0
-0.297547 1.07115 1


-0.275 0.55 0
-0.250349 1.10564 1


-0.275 0.575 0
-0.156332 1.14655 1


-0.25 0.425 0
-0.178981 1.08811 1


-0.25 0.45 0
-0.186483 1.08822 1


-0.25 0.475 0
-0.19163 1.08946 1


-0.25 0.5 0
-0.196852 1.08966 1


-0.25 0.525 0
-0.225247 1.07756 1


-0.225 0.45 0
-0.127257 1.0929 1


-0.225 0.475 0
-0.134803 1.09299 1


-0.2 0.025 0
-0.129717 0.573638 1


-0.2 0.05 0
-0.174351 0.586593 1


-0.2 0.075 0
-0.218985 0.599549 1


-0.2 0.1 0
-0.263619 0.612504 1


-0.2 0.475 0
-0.0769495 1.16713 1


-0.2 0.5 0
-0.0904919 1.18792 1


-0.2 0.525 0
-0.104034 1.20872 1


-0.175 0.025 0
-0.107309 0.59666 1


-0.175 0.05 0
-0.151943 0.609616 1


-0.175 0.075 0
-0.196577 0.622571 1


-0.175 0.1 0
-0.241211 0.635527 1


-0.175 0.475 0
-0.135721 1.07602 1


-0.175 0.5 0
-0.149263 1.09681 1


-0.175 0.525 0
-0.162806 1.11761 1


-0.15 0.025 0
-0.0849007 0.619683 1


-0.15 0.05 0
-0.129535 0.632638 1


-0.15 0.075 0
-0.174169 0.645594 1


-0.15 0.1 0
-0.218803 0.658549 1


-0.15 0.3 0
-0.12254 0.924854 1


-0.15 0.325 0
-0.143299 0.935187 1


-0.15 0.35 0
-0.164571 0.944733 1


-0.15 0.475 0
-0.194493 0.984902 1


-0.15 0.5 0
-0.208035 1.0057 1


-0.15 0.525 0
-0.221577 1.02649 1


-0.125 0.025 0
-0.0624927 0.642705 1


-0.125 0.05 0
-0.107127 0.65566 1


-0.125 0.075 0
-0.151761 0.668616 1


-0.125 0.1 0
-0.196395 0.681572 1


-0.125 0.275 0
-0.0611296 0.907966 1


-0.125 0.3 0
-0.126313 0.911352 1


-0.125 0.325 0
-0.151466 0.917328 1


-0.125 0.35 0
-0.172307 0.925239 1


-0.125 0.375 0
-0.160901 0.952327 1


-0.125 0.475 0
-0.253264 0.893789 1


-0.125 0.5 0
-0.266807 0.914586 1


-0.125 0.525 0
-0.280349 0.935382 1


-0.1 0.25 0
-0.0861054 0.866526 1


-0.1 0.275 0
-0.0661952 0.897036 1


-0.1 0.3 0
-0.0901557 0.910661 1


-0.1 0.325 0
-0.131911 0.912517 1


-0.1 0.35 0
-0.16542 0.914984 1


-0.1 0.375 0
-0.150671 0.942141 1


-0.075 0.25 0
-0.0357435 0.857068 1


-0.075 0.275 0
-0.0817903 0.869698 1


-0.075 0.3 0
-0.095164 0.88959 1


-0.075 0.325 0
-0.101702 0.908519 1


-0.075 0.35 0
-0.148292 0.908394 1


-0.075 0.875 0
-0.0574129 1.48387 1


-0.075 0.9 0
-0.0804378 1.49063 1


-0.075 0.925 0
-0.103389 1.49743 1


-0.075 0.95 0
-0.126386 1.5042 1


-0.05 0.225 0
0.00475991 0.83102 1


-0.05 0.25 0
-0.00752122 0.837589 1


-0.05 0.275 0
-0.0435592 0.849878 1


-0.05 0.3 0
-0.0929659 0.864852 1


-0.05 0.325 0
-0.113031 0.883053 1


-0.05 0.35 0
-0.095095 0.906564 1


-0.05 0.875 0
-0.0265061 1.48812 1


-0.05 0.9 0
-0.0494856 1.49477 1


-0.05 0.925 0
-0.0723832 1.50152 1


-0.05 0.95 0
-0.0952556 1.50819 1


-0.025 0.2 0
0.0339651 0.81839 1


-0.025 0.225 0
0.0024524 0.82319 1


-0.025 0.25 0
-0.0139321 0.828197 1


-0.025 0.275 0
-0.0263989 0.834514 1


-0.025 0.3 0
-0.0552472 0.846419 1


-0.025 0.325 0
-0.122588 0.859921 1


-0.025 0.875 0
0.004617 1.49234 1


-0.025 0.9 0
-0.0178615 1.49888 1


-0.025 0.925 0
-0.0402968 1.50559 1


-0.025 0.95 0
-0.0621634 1.51228 1


0 0.2 0
0.0487393 0.814423 1


0 0.225 0
0.0141501 0.816545 1


0 0.25 0
-0.0138992 0.821103 1


0 0.275 0
-0.0333452 0.826252 1


0 0.3 0
-0.0404143 0.830916 1


0 0.875 0
0.0386619 1.4959 1


0 0.9 0
0.0240946 1.50212 1


0 0.925 0
0.00513536 1.50938 1


0 0.95 0
-0.0134622 1.51699 1


0.025 0.2 0
0.0659386 0.811467 1


0.025 0.225 0
0.0298534 0.811793 1


0.025 0.25 0
-0.000914879 0.814933 1


0.025 0.275 0
-0.0311661 0.819262 1


0.025 0.8 0
0.143119 1.41693 1


0.025 0.825 0
0.137805 1.43653 1


0.025 0.85 0
0.114477 1.47543 1


0.025 0.875 0
0.117782 1.46224 1


0.025 0.9 0
0.0909074 1.48735 1


0.025 0.925 0
0.0551088 1.5141 1


0.025 0.95 0
0.0344519 1.52224 1


0.05 0.2 0
0.112022 0.822874 1


0.05 0.225 0
0.0656313 0.817931 1


0.05 0.25 0
0.0283214 0.817407 1


0.05 0.275 0
-0.00960856 0.816222 1


0.05 0.775 0
0.146206 1.37453 1


0.05 0.8 0
0.110372 1.39862 1


0.05 0.825 0
0.108617 1.41883 1


0.05 0.85 0
0.103699 1.43848 1


0.05 0.875 0
0.114543 1.41782 1


0.05 0.9 0
0.125418 1.39653 1


0.075 0.575 0
0.327474 1.20681 1


0.075 0.6 0
0.277915 1.22882 1


0.075 0.625 0
0.228356 1.25084 1


0.075 0.65 0
0.178798 1.27285 1


0.075 0.7 0
0.111579 1.33832 1


0.075 0.725 0
0.169062 1.33217 1


0.075 0.75 0
0.242646 1.33911 1


0.075 0.775 0
0.140406 1.35722 1


0.075 0.8 0
0.081182 1.37957 1


0.075 0.825 0
0.0778863 1.40088 1


0.075 0.85 0
0.07441 1.42013 1


0.075 0.875 0
0.111113 1.37366 1


0.075 0.9 0
0.122155 1.35214 1


0.1 0.575 0
0.256307 1.16114 1


0.1 0.6 0
0.206061 1.18384 1


0.1 0.625 0
0.156502 1.20586 1


0.1 0.65 0
0.106944 1.22788 1


0.1 0.675 0
-0.00714608 1.34103 1


0.1 0.7 0
0.0503367 1.33488 1


0.1 0.725 0
0.10782 1.32873 1


0.1 0.75 0
0.169757 1.32258 1


0.1 0.775 0
0.132125 1.33967 1


0.1 0.8 0
0.0642597 1.36042 1


0.1 0.825 0
0.0454789 1.38273 1


0.1 0.85 0
0.0443352 1.40269 1


0.125 0.525 0
0.313636 1.21203 1


0.125 0.55 0
0.239887 1.17194 1


0.125 0.575 0
0.170215 1.13242 1


0.125 0.6 0
0.125622 1.12835 1


0.125 0.625 0
0.0846485 1.16089 1


0.125 0.65 0
0.0350899 1.1829 1


0.125 0.675 0
-0.0683886 1.33758 1


0.125 0.7 0
-0.0109058 1.33143 1


0.125 0.725 0
0.046577 1.32528 1


0.125 0.75 0
0.104147 1.31912 1


0.125 0.775 0
0.137538 1.32355 1


0.125 0.8 0
0.075026 1.34382 1


0.125 0.825 0
0.00859661 1.36318 1


0.15 0.525 0
0.252212 1.19946 1


0.15 0.55 0
0.172569 1.15705 1


0.15 0.575 0
0.103498 1.11685 1


0.15 0.6 0
0.0343294 1.07529 1


0.15 0.7 0
-0.0721483 1.32799 1


0.15 0.725 0
-0.0146655 1.32184 1


0.15 0.75 0
0.0428173 1.31569 1


0.175 0.525 0
0.206858 1.193 1


0.175 0.55 0
0.15447 1.16148 1


0.175 0.575 0
0.101631 1.12674 1


0.175 0.6 0
0.0484196 1.09026 1


0.2 0.525 0
0.143442 1.14272 1


0.2 0.55 0
0.190122 1.17622 1


0.2 0.575 0
0.187696 1.1705 1


0.2 0.6 0
0.162914 1.15305 1


0.225 0.5 0
0.288825 1.12205 1


0.225 0.525 0
0.176786 1.13817 1


0.225 0.55 0
0.134673 1.16138 1


0.225 0.575 0
0.155646 1.17634 1


0.225 0.6 0
0.184357 1.17579 1


0.25 0.5 0
0.410723 1.15416 1


0.25 0.525 0
0.298475 1.16676 1


0.25 0.55 0
0.203387 1.18002 1


0.25 0.575 0
0.135908 1.19374 1


0.275 0.5 0
0.530249 1.18632 1


0.275 0.525 0
0.435836 1.20163 1


0.275 0.55 0
0.340406 1.2164 1


0.275 0.575 0
0.236663 1.22705 1


0.375 0.25 0
0.37817 1.08266 1


0.375 0.275 0
0.395012 1.01639 1


0.4 0.125 0
0.855145 -0.120155 1


0.4 0.15 0
0.585213 0.127293 1


0.4 0.175 0
0.315282 0.374739 1


0.4 0.25 0
0.347953 1.00061 1


0.4 0.275 0
0.354413 0.918918 1


0.4 0.3 0
0.388692 0.879466 1


0.4 0.325 0
0.503951 0.960524 1


0.4 0.35 0
0.620051 1.04248 1


0.425 0.1 0
1.04902 -0.0996954 1


0.425 0.125 0
0.780085 0.147152 1


0.425 0.15 0
0.51016 0.394595 1


0.425 0.175 0
0.240235 0.642038 1


0.425 0.225 0
0.300894 0.984819 1


0.425 0.25 0
0.317736 0.918556 1


0.425 0.275 0
0.297623 0.797198 1


0.425 0.3 0
0.403505 0.864147 1


0.425 0.325 0
0.517975 0.943904 1


0.425 0.35 0
0.633509 1.02503 1


0.45 0.1 0
0.975279 0.166807 1


0.45 0.125 0
0.706352 0.413649 1


0.45 0.15 0
0.436427 0.661092 1


0.45 0.175 0
0.166503 0.908535 1


0.45 0.25 0
0.28752 0.836506 1


0.45 0.275 0
0.302592 0.767178 1


0.45 0.3 0
0.416988 0.846804 1


0.45 0.325 0
0.531262 0.926264 1


0.45 0.35 0
0.646632 1.00716 1


0.475 0.1 0
0.901532 0.433312 1


0.475 0.125 0
0.632613 0.68015 1


0.475 0.15 0
0.362689 0.927593 1


0.475 0.175 0
0.0927653 1.17503 1


0.475 0.275 0
0.316055 0.749789 1


0.475 0.3 0
0.430441 0.829399 1


0.475 0.325 0
0.544639 0.908744 1


0.475 0.35 0
0.659783 0.989334 1


