-0.4 0.35 0
-0.369712 0.629106 1


-0.4 0.375 0
-0.401852 0.741115 1


-0.4 0.4 0
-0.433992 0.853124 1


-0.4 0.425 0
-0.466131 0.965133 1


-0.375 0.35 0
-0.325224 0.658177 1


-0.375 0.375 0
-0.357364 0.770186 1


-0.375 0.4 0
-0.389504 0.882195 1


-0.375 0.425 0
-0.421643 0.994204 1


-0.35 0.35 0
-0.280736 0.687248 1


-0.35 0.375 0
-0.312876 0.799257 1


-0.35 0.4 0
-0.345015 0.911266 1


-0.35 0.425 0
-0.377155 1.02328 1


-0.325 0.35 0
-0.236248 0.71632 1


-0.325 0.375 0
-0.268388 0.828329 1


-0.325 0.4 0
-0.300527 0.940338 1


-0.325 0.425 0
-0.332667 1.05235 1


-0.25 0.275 0
-0.310385 0.753932 1


-0.25 0.3 0
-0.331288 0.735202 1


-0.25 0.325 0
-0.352191 0.716471 1


-0.25 0.35 0
-0.373094 0.69774 1


-0.225 0.275 0
-0.236385 0.831144 1


-0.225 0.3 0
-0.257288 0.812414 1


-0.225 0.325 0
-0.278191 0.793683 1


-0.225 0.35 0
-0.299094 0.774952 1


-0.2 0.275 0
-0.162386 0.908357 1


-0.2 0.3 0
-0.183289 0.889626 1


-0.2 0.325 0
-0.204191 0.870895 1


-0.2 0.35 0
-0.225094 0.852164 1


-0.175 0.275 0
-0.088386 0.985569 1


-0.175 0.3 0
-0.109289 0.966838 1


-0.175 0.325 0
-0.130192 0.948107 1


-0.175 0.35 0
-0.151095 0.929377 1


-0.025 0.225 0
0.184459 0.7237 1


-0.025 0.25 0
0.139536 0.780647 1


-0.025 0.275 0
0.0946117 0.837594 1


-0.025 0.3 0
0.0487613 0.891517 1


-0.025 0.325 0
0.0523077 0.897691 1


-0.025 0.35 0
0.0669581 0.940109 1


-0.025 0.375 0
0.0816085 0.982527 1


0 0.225 0
0.077208 0.734486 1


0 0.25 0
0.0322842 0.791433 1


0 0.275 0
-0.0126397 0.84838 1


0 0.3 0
-0.0497891 0.899852 1


0 0.325 0
0.0643692 0.87219 1


0 0.35 0
0.0790196 0.914608 1


0 0.375 0
0.09367 0.957026 1


0.025 0.075 0
0.0265489 0.024244 1


0.025 0.1 0
-0.018373 0.288907 1


0.025 0.125 0
-0.0632947 0.553569 1


0.025 0.15 0
-0.108217 0.818234 1


0.025 0.225 0
-0.0300433 0.745271 1


0.025 0.25 0
-0.0749672 0.802219 1


0.025 0.275 0
-0.119891 0.859166 1


0.025 0.3 0
-0.149385 0.908497 1


0.025 0.325 0
0.0764306 0.846689 1


0.025 0.35 0
0.091081 0.889107 1


0.025 0.375 0
0.105731 0.931524 1


0.05 0.075 0
0.0775555 0.107432 1


0.05 0.1 0
0.0326336 0.372095 1


0.05 0.125 0
-0.0122881 0.636757 1


0.05 0.15 0
-0.05721 0.901421 1


0.05 0.45 0
0.0403731 0.939684 1


0.05 0.475 0
-0.0052199 0.993178 1


0.05 0.5 0
-0.0508129 1.04667 1


0.05 0.525 0
-0.0964059 1.10017 1


0.075 0.075 0
0.128562 0.190613 1


0.075 0.1 0
0.0836407 0.455277 1


0.075 0.125 0
0.038719 0.719938 1


0.075 0.15 0
-0.00620294 0.984603 1


0.075 0.45 0
0.0650598 0.958522 1


0.075 0.475 0
0.0194668 1.01202 1


0.075 0.5 0
-0.0261262 1.06551 1


0.075 0.525 0
-0.0717192 1.11901 1


0.1 0.075 0
0.179569 0.273795 1


0.1 0.1 0
0.134648 0.538459 1


0.1 0.125 0
0.089726 0.80312 1


0.1 0.15 0
0.0448041 1.06778 1


0.1 0.45 0
0.0897465 0.97736 1


0.1 0.475 0
0.0441535 1.03085 1


0.1 0.5 0
-0.00143948 1.08435 1


0.1 0.525 0
-0.0470325 1.13784 1


0.15 0.875 0
0.23494 1.41407 1


0.175 0.85 0
0.308188 1.47289 1


0.175 0.875 0
0.225888 1.35215 1


0.175 0.9 0
0.143588 1.23142 1


0.2 0.85 0
0.299136 1.41097 1


0.2 0.875 0
0.216836 1.29023 1


0.2 0.9 0
0.134536 1.1695 1


0.225 0.85 0
0.290084 1.34905 1


0.225 0.875 0
0.207784 1.22832 1


0.225 0.9 0
0.125484 1.10758 1


0.325 0.275 0
0.397982 0.859557 1


0.325 0.3 0
0.402797 0.881174 1


0.35 0.25 0
0.425108 0.843116 1


0.35 0.275 0
0.429922 0.864734 1


0.35 0.3 0
0.434737 0.886351 1


0.35 0.325 0
0.439552 0.907969 1


0.35 0.575 0
0.575018 1.33461 1


0.35 0.6 0
0.489678 1.22209 1


0.35 0.625 0
0.404337 1.10957 1


0.375 0.25 0
0.457048 0.848294 1


0.375 0.275 0
0.461863 0.869911 1


0.375 0.3 0
0.466677 0.891529 1


0.375 0.325 0
0.471492 0.913146 1


0.375 0.575 0
0.565259 1.27383 1


0.375 0.6 0
0.479919 1.16131 1


0.375 0.625 0
0.394578 1.04879 1


0.4 0.25 0
0.488989 0.853471 1


0.4 0.275 0
0.493803 0.875088 1


0.4 0.3 0
0.498618 0.896706 1


0.4 0.575 0
0.555501 1.21306 1


0.4 0.6 0
0.47016 1.10054 1


0.4 0.625 0
0.384819 0.988015 1


0.425 0.575 0
0.545742 1.15228 1


0.425 0.6 0
0.460401 1.03976 1


0.425 0.625 0
0.375061 0.927237 1


