-0.175 0.425 0
-0.345371 0.823996 1


-0.175 0.45 0
-0.351905 0.875448 1


-0.175 0.475 0
-0.360515 0.92802 1


-0.175 0.5 0
-0.371238 0.981691 1


-0.175 0.525 0
-0.383681 1.03623 1


-0.15 0.375 0
-0.286745 0.728456 1


-0.15 0.4 0
-0.288435 0.777099 1


-0.15 0.425 0
-0.291932 0.826776 1


-0.15 0.45 0
-0.297515 0.877649 1


-0.15 0.475 0
-0.305554 0.929864 1


-0.15 0.5 0
-0.316262 0.983492 1


-0.15 0.525 0
-0.329618 1.0385 1


-0.15 0.55 0
-0.345267 1.09461 1


-0.15 0.575 0
-0.362356 1.15127 1


-0.125 0.35 0
-0.23707 0.686043 1


-0.125 0.375 0
-0.236145 0.733172 1


-0.125 0.4 0
-0.236707 0.781097 1


-0.125 0.425 0
-0.239092 0.83005 1


-0.125 0.45 0
-0.243603 0.880201 1


-0.125 0.475 0
-0.25064 0.931737 1


-0.125 0.5 0
-0.260588 0.984835 1


-0.125 0.525 0
-0.273566 1.03951 1


-0.125 0.55 0
-0.289094 1.0954 1


-0.125 0.575 0
-0.306258 1.15187 1


-0.125 0.6 0
-0.324539 1.2085 1


-0.1 0.325 0
-0.191637 0.6462 1


-0.1 0.35 0
-0.18839 0.692117 1


-0.1 0.375 0
-0.186391 0.738578 1


-0.1 0.4 0
-0.185854 0.785789 1


-0.1 0.425 0
-0.187039 0.833931 1


-0.1 0.45 0
-0.190289 0.88321 1


-0.1 0.475 0
-0.195989 0.933823 1


-0.1 0.5 0
-0.204622 0.986006 1


-0.1 0.525 0
-0.216618 1.03996 1


-0.1 0.55 0
-0.231698 1.09544 1


-0.1 0.575 0
-0.248705 1.1516 1


-0.1 0.6 0
-0.266623 1.20775 1


-0.1 0.625 0
-0.284965 1.26344 1


-0.075 0.325 0
-0.145016 0.653568 1


-0.075 0.35 0
-0.140707 0.698918 1


-0.075 0.375 0
-0.137668 0.744782 1


-0.075 0.4 0
-0.135979 0.79128 1


-0.075 0.425 0
-0.135935 0.838617 1


-0.075 0.45 0
-0.13789 0.887017 1


-0.075 0.475 0
-0.142212 0.936675 1


-0.075 0.5 0
-0.149298 0.987773 1


-0.075 0.525 0
-0.159635 1.04054 1


-0.075 0.55 0
-0.173544 1.09512 1


-0.075 0.575 0
-0.190209 1.15089 1


-0.075 0.6 0
-0.207951 1.20669 1


-0.075 0.625 0
-0.225754 1.26184 1


-0.075 0.65 0
-0.242977 1.31568 1


-0.05 0.3 0
-0.105819 0.616957 1


-0.05 0.325 0
-0.0994422 0.661568 1


-0.05 0.35 0
-0.0941785 0.706493 1


-0.05 0.375 0
-0.0900214 0.751797 1


-0.05 0.4 0
-0.0871481 0.797639 1


-0.05 0.425 0
-0.0858919 0.844259 1


-0.05 0.45 0
-0.086634 0.8919 1


-0.05 0.475 0
-0.0897026 0.940729 1


-0.05 0.5 0
-0.0953939 0.990865 1


-0.05 0.525 0
-0.104043 1.04244 1


-0.05 0.55 0
-0.116067 1.09563 1


-0.05 0.575 0
-0.131539 1.15044 1


-0.05 0.6 0
-0.148964 1.20582 1


-0.05 0.625 0
-0.166504 1.26063 1


-0.05 0.65 0
-0.183359 1.31435 1


-0.025 0.3 0
-0.0622452 0.625752 1


-0.025 0.325 0
-0.0550541 0.670143 1


-0.025 0.35 0
-0.048768 0.714716 1


-0.025 0.375 0
-0.0434794 0.759558 1


-0.025 0.4 0
-0.0394491 0.804883 1


-0.025 0.425 0
-0.0370844 0.850981 1


-0.025 0.45 0
-0.036742 0.898062 1


-0.025 0.475 0
-0.038704 0.946251 1


-0.025 0.5 0
-0.0431971 0.995615 1


-0.025 0.525 0
-0.0504205 1.0462 1


-0.025 0.55 0
-0.0606355 1.0981 1


-0.025 0.575 0
-0.0741576 1.15145 1


-0.025 0.6 0
-0.0905382 1.20592 1


-0.025 0.625 0
-0.107669 1.26028 1


-0.025 0.65 0
-0.124231 1.31385 1


0 0.275 0
-0.029107 0.590625 1


0 0.3 0
-0.0199399 0.63481 1


0 0.325 0
-0.0118166 0.679078 1


0 0.35 0
-0.00449088 0.723407 1


0 0.375 0
0.00190754 0.76793 1


0 0.4 0
0.0069749 0.81296 1


0 0.425 0
0.0102967 0.858788 1


0 0.45 0
0.0115715 0.905562 1


0 0.475 0
0.0105713 0.953335 1


0 0.5 0
0.00711977 1.00213 1


0 0.525 0
0.00109304 1.05196 1


0 0.55 0
-0.00762128 1.10283 1


0 0.575 0
-0.0192321 1.15479 1


0 0.6 0
-0.0338037 1.20786 1


0 0.625 0
-0.049985 1.26137 1


0 0.65 0
-0.0660615 1.31451 1


0 0.675 0
-0.0810156 1.36649 1


0.025 0.275 0
0.0110063 0.599673 1


0.025 0.3 0
0.0210389 0.643928 1


0.025 0.325 0
0.0302001 0.688145 1


0.025 0.35 0
0.0386112 0.73233 1


0.025 0.375 0
0.0460264 0.776718 1


0.025 0.4 0
0.0519685 0.821702 1


0.025 0.425 0
0.0560818 0.867531 1


0.025 0.45 0
0.0581374 0.914255 1


0.025 0.475 0
0.0579646 0.961836 1


0.025 0.5 0
0.0554335 1.01026 1


0.025 0.525 0
0.0504616 1.05955 1


0.025 0.55 0
0.0430118 1.10965 1


0.025 0.575 0
0.0330138 1.16051 1


0.025 0.6 0
0.0203666 1.21215 1


0.025 0.625 0
0.00569609 1.26446 1


0.025 0.65 0
-0.00955335 1.31695 1


0.025 0.675 0
-0.0251402 1.36956 1


0.05 0.25 0
0.0378059 0.56362 1


0.05 0.275 0
0.0497931 0.608257 1


0.05 0.3 0
0.0607595 0.652723 1


0.05 0.325 0
0.0709945 0.697016 1


0.05 0.35 0
0.0804654 0.741194 1


0.05 0.375 0
0.0887507 0.785653 1


0.05 0.4 0
0.0953939 0.830832 1


0.05 0.425 0
0.100146 0.8769 1


0.05 0.45 0
0.102856 0.923773 1


0.05 0.475 0
0.103405 0.971326 1


0.05 0.5 0
0.101709 1.01957 1


0.05 0.525 0
0.0977106 1.06854 1


0.05 0.55 0
0.0913975 1.11817 1


0.05 0.575 0
0.0827829 1.16822 1


0.05 0.6 0
0.071847 1.21866 1


0.05 0.625 0
0.0589326 1.26969 1


0.05 0.65 0
0.0449755 1.32123 1


0.05 0.675 0
0.0297259 1.37348 1


0.075 0.25 0
0.0743936 0.571088 1


0.075 0.275 0
0.0872182 0.616148 1


0.075 0.3 0
0.0992082 0.660925 1


0.075 0.325 0
0.110546 0.705398 1


0.075 0.35 0
0.120989 0.749713 1


0.075 0.375 0
0.129973 0.794429 1


0.075 0.4 0
0.137157 0.839997 1


0.075 0.425 0
0.142423 0.886463 1


0.075 0.45 0
0.145694 0.933572 1


0.075 0.475 0
0.146901 0.98116 1


0.075 0.5 0
0.145997 1.02934 1


0.075 0.525 0
0.142934 1.07828 1


0.075 0.55 0
0.1377 1.12778 1


0.075 0.575 0
0.130359 1.17732 1


0.075 0.6 0
0.120947 1.22685 1


0.075 0.625 0
0.109649 1.27685 1


0.075 0.65 0
0.0970284 1.32748 1


0.1 0.25 0
0.109586 0.577591 1


0.1 0.275 0
0.123244 0.623095 1


0.1 0.3 0
0.136338 0.668286 1


0.1 0.325 0
0.148805 0.713037 1


0.1 0.35 0
0.160103 0.757624 1


0.1 0.375 0
0.169628 0.802734 1


0.1 0.4 0
0.177221 0.848812 1


0.1 0.425 0
0.182906 0.895722 1


0.1 0.45 0
0.186671 0.943018 1


0.1 0.475 0
0.188506 0.990586 1


0.1 0.5 0
0.188394 1.0388 1


0.1 0.525 0
0.186265 1.08802 1


0.1 0.55 0
0.182095 1.13784 1


0.1 0.575 0
0.176014 1.18721 1


0.1 0.6 0
0.168063 1.23615 1


0.1 0.625 0
0.158321 1.28532 1


0.1 0.65 0
0.147007 1.3351 1


0.125 0.25 0
0.143195 0.582894 1


0.125 0.275 0
0.157833 0.62892 1


0.125 0.3 0
0.172089 0.674591 1


0.125 0.325 0
0.185704 0.719728 1


0.125 0.35 0
0.197767 0.7647 1


0.125 0.375 0
0.207706 0.810282 1


0.125 0.4 0
0.215605 0.856914 1


0.125 0.425 0
0.22163 0.904204 1


0.125 0.45 0
0.225839 0.951512 1


0.125 0.475 0
0.228295 0.998901 1


0.125 0.5 0
0.229005 1.04716 1


0.125 0.525 0
0.227847 1.09695 1


0.125 0.55 0
0.224789 1.14769 1


0.125 0.575 0
0.219992 1.19746 1


0.125 0.6 0
0.213479 1.24614 1


0.125 0.625 0
0.205207 1.29478 1


0.15 0.25 0
0.174823 0.586386 1


0.15 0.275 0
0.19072 0.633285 1


0.15 0.3 0
0.206328 0.679616 1


0.15 0.325 0
0.221181 0.725305 1


0.15 0.35 0
0.233989 0.770758 1


0.15 0.375 0
0.244255 0.816845 1


0.15 0.4 0
0.252371 0.864021 1


0.15 0.425 0
0.258664 0.911556 1


0.15 0.45 0
0.263271 0.958612 1


0.15 0.475 0
0.266349 1.0056 1


0.15 0.5 0
0.26792 1.05386 1


0.15 0.525 0
0.267844 1.10412 1


0.15 0.55 0
0.266011 1.15593 1


0.15 0.575 0
0.262508 1.20742 1


0.15 0.6 0
0.257306 1.25657 1


0.175 0.25 0
0.204846 0.588558 1


0.175 0.275 0
0.221853 0.636083 1


0.175 0.3 0
0.238914 0.683175 1


0.175 0.325 0
0.255197 0.729641 1


0.175 0.35 0
0.26883 0.775684 1


0.175 0.375 0
0.27937 0.82229 1


0.175 0.4 0
0.287625 0.869989 1


0.175 0.425 0
0.294111 0.91761 1


0.175 0.45 0
0.299064 0.964109 1


0.175 0.475 0
0.302746 1.01043 1


0.175 0.5 0
0.305182 1.05867 1


0.175 0.525 0
0.306287 1.1092 1


0.175 0.55 0
0.305807 1.16131 1


0.175 0.575 0
0.303664 1.21469 1


0.2 0.25 0
0.232621 0.588873 1


0.2 0.275 0
0.251007 0.637093 1


0.2 0.3 0
0.269688 0.6851 1


0.2 0.325 0
0.287719 0.732643 1


0.2 0.35 0
0.302393 0.77944 1


0.2 0.375 0
0.313198 0.826597 1


0.2 0.4 0
0.321514 0.874811 1


0.2 0.425 0
0.328118 0.922362 1


0.2 0.45 0
0.333332 0.96802 1


0.2 0.475 0
0.337549 1.01339 1


0.2 0.5 0
0.340902 1.06118 1


0.2 0.525 0
0.343114 1.11189 1


0.2 0.55 0
0.344071 1.16464 1


0.225 0.25 0
0.258291 0.587196 1


0.225 0.275 0
0.277831 0.636024 1


0.225 0.3 0
0.298396 0.685187 1


0.225 0.325 0
0.318705 0.734239 1


0.225 0.35 0
0.334835 0.782082 1


0.225 0.375 0
0.345941 0.829862 1


0.225 0.4 0
0.354226 0.878566 1


0.225 0.425 0
0.360834 0.925926 1


0.225 0.45 0
0.366171 0.970742 1


0.225 0.475 0
0.370786 1.01511 1


0.225 0.5 0
0.374942 1.06155 1


0.225 0.525 0
0.378485 1.11144 1


0.25 0.25 0
0.28048 0.582655 1


0.25 0.275 0
0.301762 0.632376 1


0.25 0.3 0
0.324676 0.68312 1


0.25 0.325 0
0.348054 0.734335 1


0.25 0.35 0
0.366366 0.783779 1


0.25 0.375 0
0.377861 0.832325 1


0.25 0.4 0
0.385957 0.881512 1


0.25 0.425 0
0.392412 0.928828 1


0.25 0.45 0
0.397786 0.973408 1


0.25 0.475 0
0.402679 1.01703 1


0.25 0.5 0
0.407423 1.06162 1


0.275 0.25 0
0.300864 0.576047 1


0.275 0.275 0
0.321789 0.625304 1


0.275 0.3 0
0.347732 0.678246 1


0.275 0.325 0
0.375429 0.732681 1


0.275 0.35 0
0.397077 0.784741 1


0.275 0.375 0
0.409109 0.834475 1


0.275 0.4 0
0.416904 0.884535 1


0.275 0.425 0
0.423267 0.932369 1


0.275 0.45 0
0.428821 0.977047 1


0.275 0.475 0
0.433825 1.02012 1


0.275 0.5 0
0.438417 1.06317 1


0.3 0.25 0
0.31043 0.560076 1


0.3 0.275 0
0.335475 0.612595 1


0.3 0.3 0
0.366755 0.669813 1


0.3 0.325 0
0.400353 0.728972 1


0.3 0.35 0
0.427005 0.785142 1


0.3 0.375 0
0.439853 0.836638 1


0.3 0.4 0
0.447492 0.888249 1


0.3 0.425 0
0.454001 0.937459 1


0.3 0.45 0
0.459748 0.982462 1


0.325 0.275 0
0.348161 0.598916 1


0.325 0.3 0
0.38147 0.657642 1


0.325 0.325 0
0.422074 0.722755 1


0.325 0.35 0
0.457961 0.786481 1


0.325 0.375 0
0.473316 0.840016 1


0.325 0.4 0
0.480068 0.8924 1


0.325 0.425 0
0.485694 0.943629 1


0.35 0.275 0
0.336641 0.564458 1


0.35 0.3 0
0.387553 0.638588 1


0.35 0.325 0
0.442351 0.716239 1


0.35 0.35 0
0.491235 0.790255 1


0.35 0.375 0
0.515935 0.849056 1


0.35 0.4 0
0.515718 0.897261 1


0.35 0.425 0
0.520237 0.949885 1


0.375 0.275 0
0.349476 0.551682 1


0.375 0.3 0
0.401858 0.627446 1


0.375 0.325 0
0.464152 0.711211 1


0.375 0.35 0
0.525316 0.794495 1


0.375 0.375 0
0.577812 0.871896 1


0.4 0.275 0
0.340377 0.523524 1


0.4 0.3 0
0.418803 0.619736 1


0.4 0.325 0
0.490475 0.710516 1


0.4 0.35 0
0.559855 0.799663 1


0.4 0.375 0
0.624117 0.885301 1


0.425 0.275 0
0.383376 0.538302 1


0.425 0.3 0
0.450751 0.624562 1


0.425 0.325 0
0.521795 0.714434 1


0.425 0.35 0
0.593183 0.804734 1


0.425 0.375 0
0.66437 0.895065 1


0.45 0.275 0
0.432155 0.557994 1


0.45 0.3 0
0.495282 0.640763 1


0.45 0.325 0
0.563284 0.727818 1


0.45 0.35 0
0.632165 0.815633 1


0.475 0.275 0
0.48063 0.577487 1


0.475 0.3 0
0.544946 0.661391 1


0.475 0.325 0
0.611751 0.747461 1


0.475 0.35 0
0.678432 0.833423 1


