-0.35 0.375 0
-0.111178 1.17654 1


-0.35 0.4 0
-0.178601 1.21909 1


-0.35 0.425 0
-0.246023 1.26163 1


-0.35 0.45 0
-0.313445 1.30418 1


-0.325 0.375 0
-0.159048 0.999026 1


-0.325 0.4 0
-0.22647 1.04157 1


-0.325 0.425 0
-0.293892 1.08412 1


-0.325 0.45 0
-0.361314 1.12667 1


-0.3 0.375 0
-0.206917 0.821512 1


-0.3 0.4 0
-0.274339 0.864059 1


-0.3 0.425 0
-0.341761 0.906606 1


-0.3 0.45 0
-0.409184 0.949153 1


-0.275 0.375 0
-0.254786 0.643998 1


-0.275 0.4 0
-0.322208 0.686545 1


-0.275 0.425 0
-0.389631 0.729092 1


-0.275 0.45 0
-0.457053 0.771639 1


-0.175 0.2 0
-0.211977 0.700931 1


-0.175 0.225 0
-0.2363 0.682044 1


-0.175 0.25 0
-0.260623 0.663157 1


-0.175 0.275 0
-0.284946 0.64427 1


-0.15 0.2 0
-0.143598 0.774343 1


-0.15 0.225 0
-0.167922 0.755456 1


-0.15 0.25 0
-0.192245 0.736569 1


-0.15 0.275 0
-0.216568 0.717682 1


-0.125 0.2 0
-0.0752201 0.847755 1


-0.125 0.225 0
-0.0995432 0.828868 1


-0.125 0.25 0
-0.123866 0.809981 1


-0.125 0.275 0
-0.14819 0.791095 1


-0.1 0.2 0
-0.00684176 0.921167 1


-0.1 0.225 0
-0.0311649 0.902281 1


-0.1 0.25 0
-0.0554881 0.883394 1


-0.1 0.275 0
-0.0798113 0.864507 1


0.175 0.8 0
0.0311332 1.34684 1


0.175 0.825 0
0.032295 1.3631 1


0.175 0.85 0
0.0334569 1.37935 1


0.2 0.775 0
0.102924 1.3351 1


0.2 0.8 0
0.104086 1.35136 1


0.2 0.825 0
0.105247 1.36761 1


0.2 0.85 0
0.106409 1.38387 1


0.225 0.775 0
0.175876 1.33961 1


0.225 0.8 0
0.177038 1.35587 1


0.225 0.825 0
0.1782 1.37213 1


0.225 0.85 0
0.179362 1.38839 1


0.25 0.8 0
0.24999 1.36039 1


0.25 0.825 0
0.251152 1.37664 1


0.25 0.85 0
0.252314 1.3929 1


