-0.5 1 0 0 0 0 255
-0.475 1 0 0 0 0 255
-0.45 1 0 0 0 0 255
-0.425 1 0 0 0 0 255
-0.4 1 0 0 0 0 255
-0.375 1 0 0 0 0 255
-0.35 1 0 0 0 0 255
-0.325 1 0 0 0 0 255
-0.3 1 0 0 0 0 255
-0.275 1 0 0 0 0 255
-0.25 1 0 0 0 0 255
-0.225 1 0 0 0 0 255
-0.2 1 0 0 0 0 255
-0.175 1 0 0 0 0 255
-0.15 1 0 0 0 0 255
-0.125 1 0 0 0 0 255
-0.1 1 0 0 0 0 255
-0.075 1 0 0 0 0 255
-0.05 1 0 0 0 0 255
-0.025 1 0 0 0 0 255
0 1 0 0 0 0 255
0.025 1 0 0 0 0 255
0.05 1 0 0 0 0 255
0.075 1 0 0 0 0 255
0.1 1 0 0 0 0 255
0.125 1 0 0 0 0 255
0.15 1 0 0 0 0 255
0.175 1 0 0 0 0 255
0.2 1 0 0 0 0 255
0.225 1 0 0 0 0 255
0.25 1 0 0 0 0 255
0.275 1 0 0 0 0 255
0.3 1 0 0 0 0 255
0.325 1 0 0 0 0 255
0.35 1 0 0 0 0 255
0.375 1 0 0 0 0 255
0.4 1 0 0 0 0 255
0.425 1 0 0 0 0 255
0.45 1 0 0 0 0 255
0.475 1 0 0 0 0 255
0.5 1 0 0 0 0 255
-0.5 0.975 0 0 0 0 255
-0.475 0.975 0 0 0 0 255
-0.45 0.975 0 0 0 0 255
-0.425 0.975 0 0 0 0 255
-0.4 0.975 0 0 0 0 255
-0.375 0.975 0 0 0 0 255
-0.35 0.975 0 0 0 0 255
-0.325 0.975 0 0 0 0 255
-0.3 0.975 0 0 0 0 255
-0.275 0.975 0 0 0 0 255
-0.25 0.975 0 0 0 0 255
-0.225 0.975 0 0 0 0 255
-0.2 0.975 0 0 0 0 255
-0.175 0.975 0 0 0 0 255
-0.15 0.975 0 0 0 0 255
-0.125 0.975 0 0 0 0 255
-0.1 0.975 0 0 0 0 255
-0.075 0.975 0 0 0 0 255
-0.05 0.975 0 0 0 0 255
-0.025 0.975 0 0 0 0 255
0 0.975 0 0 0 0 255
0.025 0.975 0 0 0 0 255
0.05 0.975 0 0 0 0 255
0.075 0.975 0 0 0 0 255
0.1 0.975 0 0 0 0 255
0.125 0.975 0 0 0 0 255
0.15 0.975 0 0 0 0 255
0.175 0.975 0 0 0 0 255
0.2 0.975 0 0 0 0 255
0.225 0.975 0 0 0 0 255
0.25 0.975 0 0 0 0 255
0.275 0.975 0 0 0 0 255
0.3 0.975 0 0 0 0 255
0.325 0.975 0 0 0 0 255
0.35 0.975 0 0 0 0 255
0.375 0.975 0 0 0 0 255
0.4 0.975 0 0 0 0 255
0.425 0.975 0 0 0 0 255
0.45 0.975 0 0 0 0 255
0.475 0.975 0 0 0 0 255
0.5 0.975 0 0 0 0 255
-0.5 0.95 0 0 0 0 255
-0.475 0.95 0 0 0 0 255
-0.45 0.95 0 0 0 0 255
-0.425 0.95 0 0 0 0 255
-0.4 0.95 0 0 0 0 255
-0.375 0.95 0 0 0 0 255
-0.35 0.95 0 0 0 0 255
-0.325 0.95 0 0 0 0 255
-0.3 0.95 0 0 0 0 255
-0.275 0.95 0 0 0 0 255
-0.25 0.95 0 0 0 0 255
-0.225 0.95 0 0 0 0 255
-0.2 0.95 0 0 0 0 255
-0.175 0.95 0 0 0 0 255
-0.15 0.95 0 0 0 0 255
-0.125 0.95 0 0 0 0 255
-0.1 0.95 0 0 0 0 255
-0.075 0.95 0 0 0 0 255
-0.05 0.95 0 0 0 0 255
-0.025 0.95 0 0 0 0 255
0 0.95 0 0 0 0 255
0.025 0.95 0 0 0 0 255
0.05 0.95 0 0 0 0 255
0.075 0.95 0 0 0 0 255
0.1 0.95 0 0 0 0 255
0.125 0.95 0 0 0 0 255
0.15 0.95 0 0 0 0 255
0.175 0.95 0 0 0 0 255
0.2 0.95 0 0 0 0 255
0.225 0.95 0 0 0 0 255
0.25 0.95 0 0 0 0 255
0.275 0.95 0 0 0 0 255
0.3 0.95 0 0 0 0 255
0.325 0.95 0 0 0 0 255
0.35 0.95 0 0 0 0 255
0.375 0.95 0 0 0 0 255
0.4 0.95 0 0 0 0 255
0.425 0.95 0 0 0 0 255
0.45 0.95 0 0 0 0 255
0.475 0.95 0 0 0 0 255
0.5 0.95 0 0 0 0 255
-0.5 0.925 0 0 0 0 255
-0.475 0.925 0 0 0 0 255
-0.45 0.925 0 0 0 0 255
-0.425 0.925 0 0 0 0 255
-0.4 0.925 0 0 0 0 255
-0.375 0.925 0 0 0 0 255
-0.35 0.925 0 0 0 0 255
-0.325 0.925 0 0 0 0 255
-0.3 0.925 0 0 0 0 255
-0.275 0.925 0 0 0 0 255
-0.25 0.925 0 0 0 0 255
-0.225 0.925 0 0 0 0 255
-0.2 0.925 0 0 0 0 255
-0.175 0.925 0 0 0 0 255
-0.15 0.925 0 0 0 0 255
-0.125 0.925 0 0 0 0 255
-0.1 0.925 0 0 0 0 255
-0.075 0.925 0 0 0 0 255
-0.05 0.925 0 0 0 0 255
-0.025 0.925 0 0 0 0 255
0 0.925 0 0 0 0 255
0.025 0.925 0 0 0 0 255
0.05 0.925 0 0 0 0 255
0.075 0.925 0 0 0 0 255
0.1 0.925 0 0 0 0 255
0.125 0.925 0 0 0 0 255
0.15 0.925 0 0 0 0 255
0.175 0.925 0 0 0 0 255
0.2 0.925 0 0 0 0 255
0.225 0.925 0 0 0 0 255
0.25 0.925 0 0 0 0 255
0.275 0.925 0 0 0 0 255
0.3 0.925 0 0 0 0 255
0.325 0.925 0 0 0 0 255
0.35 0.925 0 0 0 0 255
0.375 0.925 0 0 0 0 255
0.4 0.925 0 0 0 0 255
0.425 0.925 0 0 0 0 255
0.45 0.925 0 0 0 0 255
0.475 0.925 0 0 0 0 255
0.5 0.925 0 0 0 0 255
-0.5 0.9 0 0 0 0 255
-0.475 0.9 0 0 0 0 255
-0.45 0.9 0 0 0 0 255
-0.425 0.9 0 0 0 0 255
-0.4 0.9 0 0 0 0 255
-0.375 0.9 32887.1 -1582.48 255 0 0
-0.35 0.9 16593.5 -17943.8 255 0 0
-0.325 0.9 636.071 -34418 255 0 0
-0.3 0.9 -15351.8 -50799.9 255 0 0
-0.275 0.9 0 0 0 0 255
-0.25 0.9 0 0 0 0 255
-0.225 0.9 0 0 0 0 255
-0.2 0.9 0 0 0 0 255
-0.175 0.9 0 0 0 0 255
-0.15 0.9 0 0 0 0 255
-0.125 0.9 0 0 0 0 255
-0.1 0.9 0 0 0 0 255
-0.075 0.9 0 0 0 0 255
-0.05 0.9 0 0 0 0 255
-0.025 0.9 0 0 0 0 255
0 0.9 0 0 0 0 255
0.025 0.9 0 0 0 0 255
0.05 0.9 0 0 0 0 255
0.075 0.9 0 0 0 0 255
0.1 0.9 0 0 0 0 255
0.125 0.9 0 0 0 0 255
0.15 0.9 0 0 0 0 255
0.175 0.9 0 0 0 0 255
0.2 0.9 0 0 0 0 255
0.225 0.9 0 0 0 0 255
0.25 0.9 0 0 0 0 255
0.275 0.9 0 0 0 0 255
0.3 0.9 0 0 0 0 255
0.325 0.9 0 0 0 0 255
0.35 0.9 0 0 0 0 255
0.375 0.9 0 0 0 0 255
0.4 0.9 0 0 0 0 255
0.425 0.9 0 0 0 0 255
0.45 0.9 0 0 0 0 255
0.475 0.9 0 0 0 0 255
0.5 0.9 0 0 0 0 255
-0.5 0.875 0 0 0 0 255
-0.475 0.875 0 0 0 0 255
-0.45 0.875 0 0 0 0 255
-0.425 0.875 0 0 0 0 255
-0.4 0.875 0 0 0 0 255
-0.375 0.875 30160.2 11589 255 0 0
-0.35 0.875 14189.4 -4887.06 255 0 0
-0.325 0.875 -1767.79 -21361 255 0 0
-0.3 0.875 -17746.2 -37830.6 255 0 0
-0.275 0.875 0 0 0 0 255
-0.25 0.875 0 0 0 0 255
-0.225 0.875 0 0 0 0 255
-0.2 0.875 0 0 0 0 255
-0.175 0.875 0 0 0 0 255
-0.15 0.875 0 0 0 0 255
-0.125 0.875 0 0 0 0 255
-0.1 0.875 0 0 0 0 255
-0.075 0.875 0 0 0 0 255
-0.05 0.875 0 0 0 0 255
-0.025 0.875 0 0 0 0 255
0 0.875 0 0 0 0 255
0.025 0.875 0 0 0 0 255
0.05 0.875 0 0 0 0 255
0.075 0.875 0 0 0 0 255
0.1 0.875 0 0 0 0 255
0.125 0.875 0 0 0 0 255
0.15 0.875 0 0 0 0 255
0.175 0.875 0 0 0 0 255
0.2 0.875 0 0 0 0 255
0.225 0.875 0 0 0 0 255
0.25 0.875 0 0 0 0 255
0.275 0.875 0 0 0 0 255
0.3 0.875 0 0 0 0 255
0.325 0.875 0 0 0 0 255
0.35 0.875 0 0 0 0 255
0.375 0.875 0 0 0 0 255
0.4 0.875 0 0 0 0 255
0.425 0.875 0 0 0 0 255
0.45 0.875 0 0 0 0 255
0.475 0.875 0 0 0 0 255
0.5 0.875 0 0 0 0 255
-0.5 0.85 0 0 0 0 255
-0.475 0.85 0 0 0 0 255
-0.45 0.85 0 0 0 0 255
-0.425 0.85 0 0 0 0 255
-0.4 0.85 0 0 0 0 255
-0.375 0.85 27745.2 24643.4 255 0 0
-0.35 0.85 11789 8169.47 255 0 0
-0.325 0.85 -4167.87 -8304.35 255 0 0
-0.3 0.85 -20141.4 -24774 255 0 0
-0.275 0.85 0 0 0 0 255
-0.25 0.85 0 0 0 0 255
-0.225 0.85 0 0 0 0 255
-0.2 0.85 0 0 0 0 255
-0.175 0.85 0 0 0 0 255
-0.15 0.85 0 0 0 0 255
-0.125 0.85 0 0 0 0 255
-0.1 0.85 0 0 0 0 255
-0.075 0.85 0 0 0 0 255
-0.05 0.85 0 0 0 0 255
-0.025 0.85 0 0 0 0 255
0 0.85 0 0 0 0 255
0.025 0.85 0 0 0 0 255
0.05 0.85 0 0 0 0 255
0.075 0.85 0 0 0 0 255
0.1 0.85 0 0 0 0 255
0.125 0.85 0 0 0 0 255
0.15 0.85 0 0 0 0 255
0.175 0.85 0 0 0 0 255
0.2 0.85 0 0 0 0 255
0.225 0.85 0 0 0 0 255
0.25 0.85 0 0 0 0 255
0.275 0.85 0 0 0 0 255
0.3 0.85 0 0 0 0 255
0.325 0.85 0 0 0 0 255
0.35 0.85 0 0 0 0 255
0.375 0.85 0 0 0 0 255
0.4 0.85 0 0 0 0 255
0.425 0.85 0 0 0 0 255
0.45 0.85 0 0 0 0 255
0.475 0.85 0 0 0 0 255
0.5 0.85 0 0 0 0 255
-0.5 0.825 0 0 0 0 255
-0.475 0.825 0 0 0 0 255
-0.45 0.825 0 0 0 0 255
-0.425 0.825 0 0 0 0 255
-0.4 0.825 0 0 0 0 255
-0.375 0.825 25344.9 37700 255 0 0
-0.35 0.825 9388.79 21226.1 255 0 0
-0.325 0.825 -6578.22 4754.71 255 0 0
-0.3 0.825 -22794.4 -11636.4 255 0 0
-0.275 0.825 0 0 0 0 255
-0.25 0.825 0 0 0 0 255
-0.225 0.825 0 0 0 0 255
-0.2 0.825 0 0 0 0 255
-0.175 0.825 0 0 0 0 255
-0.15 0.825 0 0 0 0 255
-0.125 0.825 0 0 0 0 255
-0.1 0.825 0 0 0 0 255
-0.075 0.825 0 0 0 0 255
-0.05 0.825 0 0 0 0 255
-0.025 0.825 0 0 0 0 255
0 0.825 0 0 0 0 255
0.025 0.825 0 0 0 0 255
0.05 0.825 0 0 0 0 255
0.075 0.825 0 0 0 0 255
0.1 0.825 0 0 0 0 255
0.125 0.825 0 0 0 0 255
0.15 0.825 0 0 0 0 255
0.175 0.825 0 0 0 0 255
0.2 0.825 0 0 0 0 255
0.225 0.825 0 0 0 0 255
0.25 0.825 0 0 0 0 255
0.275 0.825 0 0 0 0 255
0.3 0.825 0 0 0 0 255
0.325 0.825 0 0 0 0 255
0.35 0.825 0 0 0 0 255
0.375 0.825 0 0 0 0 255
0.4 0.825 0 0 0 0 255
0.425 0.825 0 0 0 0 255
0.45 0.825 0 0 0 0 255
0.475 0.825 0 0 0 0 255
0.5 0.825 0 0 0 0 255
-0.5 0.8 0 0 0 0 255
-0.475 0.8 0 0 0 0 255
-0.45 0.8 0 0 0 0 255
-0.425 0.8 0 0 0 0 255
-0.4 0.8 0 0 0 0 255
-0.375 0.8 0 0 0 0 255
-0.35 0.8 0 0 0 0 255
-0.325 0.8 0 0 0 0 255
-0.3 0.8 0 0 0 0 255
-0.275 0.8 0 0 0 0 255
-0.25 0.8 0 0 0 0 255
-0.225 0.8 0 0 0 0 255
-0.2 0.8 0 0 0 0 255
-0.175 0.8 0 0 0 0 255
-0.15 0.8 0 0 0 0 255
-0.125 0.8 0 0 0 0 255
-0.1 0.8 0 0 0 0 255
-0.075 0.8 0 0 0 0 255
-0.05 0.8 0 0 0 0 255
-0.025 0.8 0 0 0 0 255
0 0.8 0 0 0 0 255
0.025 0.8 0 0 0 0 255
0.05 0.8 0 0 0 0 255
0.075 0.8 0 0 0 0 255
0.1 0.8 0 0 0 0 255
0.125 0.8 0 0 0 0 255
0.15 0.8 0 0 0 0 255
0.175 0.8 0 0 0 0 255
0.2 0.8 0 0 0 0 255
0.225 0.8 0 0 0 0 255
0.25 0.8 0 0 0 0 255
0.275 0.8 0 0 0 0 255
0.3 0.8 0 0 0 0 255
0.325 0.8 0 0 0 0 255
0.35 0.8 0 0 0 0 255
0.375 0.8 0 0 0 0 255
0.4 0.8 0 0 0 0 255
0.425 0.8 0 0 0 0 255
0.45 0.8 0 0 0 0 255
0.475 0.8 0 0 0 0 255
0.5 0.8 0 0 0 0 255
-0.5 0.775 0 0 0 0 255
-0.475 0.775 0 0 0 0 255
-0.45 0.775 0 0 0 0 255
-0.425 0.775 0 0 0 0 255
-0.4 0.775 0 0 0 0 255
-0.375 0.775 0 0 0 0 255
-0.35 0.775 0 0 0 0 255
-0.325 0.775 0 0 0 0 255
-0.3 0.775 0 0 0 0 255
-0.275 0.775 0 0 0 0 255
-0.25 0.775 0 0 0 0 255
-0.225 0.775 0 0 0 0 255
-0.2 0.775 0 0 0 0 255
-0.175 0.775 0 0 0 0 255
-0.15 0.775 0 0 0 0 255
-0.125 0.775 0 0 0 0 255
-0.1 0.775 0 0 0 0 255
-0.075 0.775 0 0 0 0 255
-0.05 0.775 0 0 0 0 255
-0.025 0.775 0 0 0 0 255
0 0.775 0 0 0 0 255
0.025 0.775 0 0 0 0 255
0.05 0.775 0 0 0 0 255
0.075 0.775 0 0 0 0 255
0.1 0.775 0 0 0 0 255
0.125 0.775 0 0 0 0 255
0.15 0.775 0 0 0 0 255
0.175 0.775 0 0 0 0 255
0.2 0.775 0 0 0 0 255
0.225 0.775 0 0 0 0 255
0.25 0.775 0 0 0 0 255
0.275 0.775 0 0 0 0 255
0.3 0.775 0 0 0 0 255
0.325 0.775 0 0 0 0 255
0.35 0.775 0 0 0 0 255
0.375 0.775 0 0 0 0 255
0.4 0.775 0 0 0 0 255
0.425 0.775 0 0 0 0 255
0.45 0.775 0 0 0 0 255
0.475 0.775 0 0 0 0 255
0.5 0.775 0 0 0 0 255
-0.5 0.75 0 0 0 0 255
-0.475 0.75 0 0 0 0 255
-0.45 0.75 0 0 0 0 255
-0.425 0.75 0 0 0 0 255
-0.4 0.75 0 0 0 0 255
-0.375 0.75 0 0 0 0 255
-0.35 0.75 0 0 0 0 255
-0.325 0.75 0 0 0 0 255
-0.3 0.75 0 0 0 0 255
-0.275 0.75 0 0 0 0 255
-0.25 0.75 0 0 0 0 255
-0.225 0.75 0 0 0 0 255
-0.2 0.75 0 0 0 0 255
-0.175 0.75 0 0 0 0 255
-0.15 0.75 0 0 0 0 255
-0.125 0.75 0 0 0 0 255
-0.1 0.75 0 0 0 0 255
-0.075 0.75 0 0 0 0 255
-0.05 0.75 0 0 0 0 255
-0.025 0.75 0 0 0 0 255
0 0.75 0 0 0 0 255
0.025 0.75 0 0 0 0 255
0.05 0.75 0 0 0 0 255
0.075 0.75 0 0 0 0 255
0.1 0.75 0 0 0 0 255
0.125 0.75 0 0 0 0 255
0.15 0.75 0 0 0 0 255
0.175 0.75 0 0 0 0 255
0.2 0.75 0 0 0 0 255
0.225 0.75 0 0 0 0 255
0.25 0.75 0 0 0 0 255
0.275 0.75 0 0 0 0 255
0.3 0.75 0 0 0 0 255
0.325 0.75 0 0 0 0 255
0.35 0.75 0 0 0 0 255
0.375 0.75 0 0 0 0 255
0.4 0.75 0 0 0 0 255
0.425 0.75 0 0 0 0 255
0.45 0.75 0 0 0 0 255
0.475 0.75 0 0 0 0 255
0.5 0.75 0 0 0 0 255
-0.5 0.725 0 0 0 0 255
-0.475 0.725 0 0 0 0 255
-0.45 0.725 0 0 0 0 255
-0.425 0.725 0 0 0 0 255
-0.4 0.725 0 0 0 0 255
-0.375 0.725 0 0 0 0 255
-0.35 0.725 0 0 0 0 255
-0.325 0.725 0 0 0 0 255
-0.3 0.725 0 0 0 0 255
-0.275 0.725 0 0 0 0 255
-0.25 0.725 0 0 0 0 255
-0.225 0.725 0 0 0 0 255
-0.2 0.725 0 0 0 0 255
-0.175 0.725 0 0 0 0 255
-0.15 0.725 0 0 0 0 255
-0.125 0.725 0 0 0 0 255
-0.1 0.725 0 0 0 0 255
-0.075 0.725 0 0 0 0 255
-0.05 0.725 0 0 0 0 255
-0.025 0.725 0 0 0 0 255
0 0.725 0 0 0 0 255
0.025 0.725 0 0 0 0 255
0.05 0.725 0 0 0 0 255
0.075 0.725 0 0 0 0 255
0.1 0.725 0 0 0 0 255
0.125 0.725 0 0 0 0 255
0.15 0.725 0 0 0 0 255
0.175 0.725 0 0 0 0 255
0.2 0.725 0 0 0 0 255
0.225 0.725 0 0 0 0 255
0.25 0.725 0 0 0 0 255
0.275 0.725 0 0 0 0 255
0.3 0.725 0 0 0 0 255
0.325 0.725 0 0 0 0 255
0.35 0.725 0 0 0 0 255
0.375 0.725 0 0 0 0 255
0.4 0.725 0 0 0 0 255
0.425 0.725 0 0 0 0 255
0.45 0.725 0 0 0 0 255
0.475 0.725 0 0 0 0 255
0.5 0.725 0 0 0 0 255
-0.5 0.7 0 0 0 0 255
-0.475 0.7 0 0 0 0 255
-0.45 0.7 0 0 0 0 255
-0.425 0.7 0 0 0 0 255
-0.4 0.7 0 0 0 0 255
-0.375 0.7 0 0 0 0 255
-0.35 0.7 0 0 0 0 255
-0.325 0.7 0 0 0 0 255
-0.3 0.7 0 0 0 0 255
-0.275 0.7 0 0 0 0 255
-0.25 0.7 0 0 0 0 255
-0.225 0.7 0 0 0 0 255
-0.2 0.7 0 0 0 0 255
-0.175 0.7 0 0 0 0 255
-0.15 0.7 0 0 0 0 255
-0.125 0.7 0 0 0 0 255
-0.1 0.7 0 0 0 0 255
-0.075 0.7 0 0 0 0 255
-0.05 0.7 0 0 0 0 255
-0.025 0.7 0 0 0 0 255
0 0.7 0 0 0 0 255
0.025 0.7 0 0 0 0 255
0.05 0.7 0 0 0 0 255
0.075 0.7 0 0 0 0 255
0.1 0.7 0 0 0 0 255
0.125 0.7 0 0 0 0 255
0.15 0.7 0 0 0 0 255
0.175 0.7 0 0 0 0 255
0.2 0.7 0 0 0 0 255
0.225 0.7 0 0 0 0 255
0.25 0.7 0 0 0 0 255
0.275 0.7 0 0 0 0 255
0.3 0.7 0 0 0 0 255
0.325 0.7 0 0 0 0 255
0.35 0.7 0 0 0 0 255
0.375 0.7 0 0 0 0 255
0.4 0.7 0 0 0 0 255
0.425 0.7 0 0 0 0 255
0.45 0.7 0 0 0 0 255
0.475 0.7 0 0 0 0 255
0.5 0.7 0 0 0 0 255
-0.5 0.675 0 0 0 0 255
-0.475 0.675 0 0 0 0 255
-0.45 0.675 0 0 0 0 255
-0.425 0.675 0 0 0 0 255
-0.4 0.675 0 0 0 0 255
-0.375 0.675 0 0 0 0 255
-0.35 0.675 0 0 0 0 255
-0.325 0.675 0 0 0 0 255
-0.3 0.675 0 0 0 0 255
-0.275 0.675 0 0 0 0 255
-0.25 0.675 0 0 0 0 255
-0.225 0.675 0 0 0 0 255
-0.2 0.675 0 0 0 0 255
-0.175 0.675 0 0 0 0 255
-0.15 0.675 0 0 0 0 255
-0.125 0.675 0 0 0 0 255
-0.1 0.675 0 0 0 0 255
-0.075 0.675 0 0 0 0 255
-0.05 0.675 0 0 0 0 255
-0.025 0.675 0 0 0 0 255
0 0.675 0 0 0 0 255
0.025 0.675 0 0 0 0 255
0.05 0.675 0 0 0 0 255
0.075 0.675 0 0 0 0 255
0.1 0.675 0 0 0 0 255
0.125 0.675 0 0 0 0 255
0.15 0.675 0 0 0 0 255
0.175 0.675 0 0 0 0 255
0.2 0.675 0 0 0 0 255
0.225 0.675 0 0 0 0 255
0.25 0.675 0 0 0 0 255
0.275 0.675 0 0 0 0 255
0.3 0.675 0 0 0 0 255
0.325 0.675 0 0 0 0 255
0.35 0.675 0 0 0 0 255
0.375 0.675 0 0 0 0 255
0.4 0.675 0 0 0 0 255
0.425 0.675 0 0 0 0 255
0.45 0.675 0 0 0 0 255
0.475 0.675 0 0 0 0 255
0.5 0.675 0 0 0 0 255
-0.5 0.65 0 0 0 0 255
-0.475 0.65 0 0 0 0 255
-0.45 0.65 0 0 0 0 255
-0.425 0.65 0 0 0 0 255
-0.4 0.65 0 0 0 0 255
-0.375 0.65 0 0 0 0 255
-0.35 0.65 0 0 0 0 255
-0.325 0.65 0 0 0 0 255
-0.3 0.65 0 0 0 0 255
-0.275 0.65 0 0 0 0 255
-0.25 0.65 0 0 0 0 255
-0.225 0.65 0 0 0 0 255
-0.2 0.65 0 0 0 0 255
-0.175 0.65 0 0 0 0 255
-0.15 0.65 0 0 0 0 255
-0.125 0.65 0 0 0 0 255
-0.1 0.65 0 0 0 0 255
-0.075 0.65 0 0 0 0 255
-0.05 0.65 0 0 0 0 255
-0.025 0.65 0 0 0 0 255
0 0.65 0 0 0 0 255
0.025 0.65 0 0 0 0 255
0.05 0.65 0 0 0 0 255
0.075 0.65 0 0 0 0 255
0.1 0.65 0 0 0 0 255
0.125 0.65 0 0 0 0 255
0.15 0.65 0 0 0 0 255
0.175 0.65 0 0 0 0 255
0.2 0.65 0 0 0 0 255
0.225 0.65 0 0 0 0 255
0.25 0.65 0 0 0 0 255
0.275 0.65 0 0 0 0 255
0.3 0.65 0 0 0 0 255
0.325 0.65 0 0 0 0 255
0.35 0.65 0 0 0 0 255
0.375 0.65 0 0 0 0 255
0.4 0.65 0 0 0 0 255
0.425 0.65 0 0 0 0 255
0.45 0.65 0 0 0 0 255
0.475 0.65 0 0 0 0 255
0.5 0.65 0 0 0 0 255
-0.5 0.625 0 0 0 0 255
-0.475 0.625 0 0 0 0 255
-0.45 0.625 0 0 0 0 255
-0.425 0.625 0 0 0 0 255
-0.4 0.625 0 0 0 0 255
-0.375 0.625 0 0 0 0 255
-0.35 0.625 0 0 0 0 255
-0.325 0.625 0 0 0 0 255
-0.3 0.625 0 0 0 0 255
-0.275 0.625 0 0 0 0 255
-0.25 0.625 0 0 0 0 255
-0.225 0.625 0 0 0 0 255
-0.2 0.625 0 0 0 0 255
-0.175 0.625 0 0 0 0 255
-0.15 0.625 0 0 0 0 255
-0.125 0.625 0 0 0 0 255
-0.1 0.625 0 0 0 0 255
-0.075 0.625 0 0 0 0 255
-0.05 0.625 0 0 0 0 255
-0.025 0.625 0 0 0 0 255
0 0.625 0 0 0 0 255
0.025 0.625 0 0 0 0 255
0.05 0.625 0 0 0 0 255
0.075 0.625 0 0 0 0 255
0.1 0.625 0 0 0 0 255
0.125 0.625 0 0 0 0 255
0.15 0.625 0 0 0 0 255
0.175 0.625 0 0 0 0 255
0.2 0.625 0 0 0 0 255
0.225 0.625 0 0 0 0 255
0.25 0.625 0 0 0 0 255
0.275 0.625 0 0 0 0 255
0.3 0.625 0 0 0 0 255
0.325 0.625 0 0 0 0 255
0.35 0.625 0 0 0 0 255
0.375 0.625 0 0 0 0 255
0.4 0.625 0 0 0 0 255
0.425 0.625 0 0 0 0 255
0.45 0.625 0 0 0 0 255
0.475 0.625 0 0 0 0 255
0.5 0.625 0 0 0 0 255
-0.5 0.6 0 0 0 0 255
-0.475 0.6 0 0 0 0 255
-0.45 0.6 0 0 0 0 255
-0.425 0.6 0 0 0 0 255
-0.4 0.6 0 0 0 0 255
-0.375 0.6 0 0 0 0 255
-0.35 0.6 0 0 0 0 255
-0.325 0.6 0 0 0 0 255
-0.3 0.6 0 0 0 0 255
-0.275 0.6 0 0 0 0 255
-0.25 0.6 0 0 0 0 255
-0.225 0.6 0 0 0 0 255
-0.2 0.6 0 0 0 0 255
-0.175 0.6 0 0 0 0 255
-0.15 0.6 0 0 0 0 255
-0.125 0.6 0 0 0 0 255
-0.1 0.6 0 0 0 0 255
-0.075 0.6 0 0 0 0 255
-0.05 0.6 0 0 0 0 255
-0.025 0.6 0 0 0 0 255
0 0.6 0 0 0 0 255
0.025 0.6 0 0 0 0 255
0.05 0.6 0 0 0 0 255
0.075 0.6 0 0 0 0 255
0.1 0.6 0 0 0 0 255
0.125 0.6 0 0 0 0 255
0.15 0.6 0 0 0 0 255
0.175 0.6 0 0 0 0 255
0.2 0.6 0 0 0 0 255
0.225 0.6 0 0 0 0 255
0.25 0.6 0 0 0 0 255
0.275 0.6 0 0 0 0 255
0.3 0.6 0 0 0 0 255
0.325 0.6 0 0 0 0 255
0.35 0.6 0 0 0 0 255
0.375 0.6 0 0 0 0 255
0.4 0.6 0 0 0 0 255
0.425 0.6 0 0 0 0 255
0.45 0.6 0 0 0 0 255
0.475 0.6 0 0 0 0 255
0.5 0.6 0 0 0 0 255
-0.5 0.575 0 0 0 0 255
-0.475 0.575 0 0 0 0 255
-0.45 0.575 0 0 0 0 255
-0.425 0.575 0 0 0 0 255
-0.4 0.575 0 0 0 0 255
-0.375 0.575 0 0 0 0 255
-0.35 0.575 0 0 0 0 255
-0.325 0.575 0 0 0 0 255
-0.3 0.575 0 0 0 0 255
-0.275 0.575 0 0 0 0 255
-0.25 0.575 0 0 0 0 255
-0.225 0.575 0 0 0 0 255
-0.2 0.575 0 0 0 0 255
-0.175 0.575 0 0 0 0 255
-0.15 0.575 0 0 0 0 255
-0.125 0.575 0 0 0 0 255
-0.1 0.575 0 0 0 0 255
-0.075 0.575 0 0 0 0 255
-0.05 0.575 0 0 0 0 255
-0.025 0.575 0 0 0 0 255
0 0.575 0 0 0 0 255
0.025 0.575 1988.43 -2592.4 255 0 0
0.05 0.575 1026.83 -1120.72 255 0 0
0.075 0.575 732.244 -861.001 255 0 0
0.1 0.575 2796.01 -2715.96 255 0 0
0.125 0.575 0 0 0 0 255
0.15 0.575 0 0 0 0 255
0.175 0.575 0 0 0 0 255
0.2 0.575 0 0 0 0 255
0.225 0.575 0 0 0 0 255
0.25 0.575 0 0 0 0 255
0.275 0.575 0 0 0 0 255
0.3 0.575 0 0 0 0 255
0.325 0.575 0 0 0 0 255
0.35 0.575 0 0 0 0 255
0.375 0.575 0 0 0 0 255
0.4 0.575 0 0 0 0 255
0.425 0.575 0 0 0 0 255
0.45 0.575 0 0 0 0 255
0.475 0.575 0 0 0 0 255
0.5 0.575 0 0 0 0 255
-0.5 0.55 0 0 0 0 255
-0.475 0.55 0 0 0 0 255
-0.45 0.55 0 0 0 0 255
-0.425 0.55 0 0 0 0 255
-0.4 0.55 0 0 0 0 255
-0.375 0.55 0 0 0 0 255
-0.35 0.55 0 0 0 0 255
-0.325 0.55 0 0 0 0 255
-0.3 0.55 0 0 0 0 255
-0.275 0.55 0 0 0 0 255
-0.25 0.55 0 0 0 0 255
-0.225 0.55 0 0 0 0 255
-0.2 0.55 0 0 0 0 255
-0.175 0.55 0 0 0 0 255
-0.15 0.55 0 0 0 0 255
-0.125 0.55 0 0 0 0 255
-0.1 0.55 0 0 0 0 255
-0.075 0.55 0 0 0 0 255
-0.05 0.55 0 0 0 0 255
-0.025 0.55 0 0 0 0 255
0 0.55 1202.43 -1143.31 255 0 0
0.025 0.55 887.028 -892.111 255 0 0
0.05 0.55 589.503 -663.614 255 0 0
0.075 0.55 292.913 -434.496 255 0 0
0.1 0.55 6.74241 -196.457 255 0 0
0.125 0.55 1022.85 1126.75 255 0 0
0.15 0.55 -1788.98 503.544 255 0 0
0.175 0.55 -7392.3 -697.656 255 0 0
0.2 0.55 0 0 0 0 255
0.225 0.55 0 0 0 0 255
0.25 0.55 0 0 0 0 255
0.275 0.55 0 0 0 0 255
0.3 0.55 0 0 0 0 255
0.325 0.55 0 0 0 0 255
0.35 0.55 0 0 0 0 255
0.375 0.55 0 0 0 0 255
0.4 0.55 0 0 0 0 255
0.425 0.55 0 0 0 0 255
0.45 0.55 0 0 0 0 255
0.475 0.55 0 0 0 0 255
0.5 0.55 0 0 0 0 255
-0.5 0.525 0 0 0 0 255
-0.475 0.525 0 0 0 0 255
-0.45 0.525 0 0 0 0 255
-0.425 0.525 0 0 0 0 255
-0.4 0.525 0 0 0 0 255
-0.375 0.525 0 0 0 0 255
-0.35 0.525 0 0 0 0 255
-0.325 0.525 0 0 0 0 255
-0.3 0.525 0 0 0 0 255
-0.275 0.525 0 0 0 0 255
-0.25 0.525 0 0 0 0 255
-0.225 0.525 0 0 0 0 255
-0.2 0.525 0 0 0 0 255
-0.175 0.525 0 0 0 0 255
-0.15 0.525 0 0 0 0 255
-0.125 0.525 0 0 0 0 255
-0.1 0.525 0 0 0 0 255
-0.075 0.525 0 0 0 0 255
-0.05 0.525 1935.97 -1030.45 255 0 0
-0.025 0.525 1097.45 -911.246 255 0 0
0 0.525 780.964 -685.689 255 0 0
0.025 0.525 476.081 -459.624 255 0 0
0.05 0.525 177.536 -231.388 255 0 0
0.075 0.525 -119.577 -1.74451 255 0 0
0.1 0.525 -448.334 268.425 255 0 0
0.125 0.525 -1001.41 611.987 255 0 0
0.15 0.525 -1576 685.366 255 0 0
0.175 0.525 -1977.91 695.893 255 0 0
0.2 0.525 -2110.33 767.673 255 0 0
0.225 0.525 -2046.35 1078.94 255 0 0
0.25 0.525 0 0 0 0 255
0.275 0.525 0 0 0 0 255
0.3 0.525 0 0 0 0 255
0.325 0.525 0 0 0 0 255
0.35 0.525 0 0 0 0 255
0.375 0.525 0 0 0 0 255
0.4 0.525 0 0 0 0 255
0.425 0.525 0 0 0 0 255
0.45 0.525 0 0 0 0 255
0.475 0.525 0 0 0 0 255
0.5 0.525 0 0 0 0 255
-0.5 0.5 0 0 0 0 255
-0.475 0.5 0 0 0 0 255
-0.45 0.5 0 0 0 0 255
-0.425 0.5 0 0 0 0 255
-0.4 0.5 0 0 0 0 255
-0.375 0.5 0 0 0 0 255
-0.35 0.5 0 0 0 0 255
-0.325 0.5 0 0 0 0 255
-0.3 0.5 0 0 0 0 255
-0.275 0.5 0 0 0 0 255
-0.25 0.5 0 0 0 0 255
-0.225 0.5 0 0 0 0 255
-0.2 0.5 0 0 0 0 255
-0.175 0.5 0 0 0 0 255
-0.15 0.5 0 0 0 0 255
-0.125 0.5 0 0 0 0 255
-0.1 0.5 0 0 0 0 255
-0.075 0.5 2000.07 -1228.37 255 0 0
-0.05 0.5 1034.55 -728.491 255 0 0
-0.025 0.5 701.505 -494.525 255 0 0
0 0.5 378.63 -262.298 255 0 0
0.025 0.5 67.6648 -31.4307 255 0 0
0.05 0.5 -233.625 199.158 255 0 0
0.075 0.5 -528.6 430.417 255 0 0
0.1 0.5 -690.055 671.564 255 0 0
0.125 0.5 -741.332 889.982 255 0 0
0.15 0.5 -1026.45 918.187 255 0 0
0.175 0.5 -1303 888.644 255 0 0
0.2 0.5 -1355.84 908.624 255 0 0
0.225 0.5 -1169.17 1125.98 255 0 0
0.25 0.5 -898.99 1526.5 255 0 0
0.275 0.5 0 0 0 0 255
0.3 0.5 0 0 0 0 255
0.325 0.5 0 0 0 0 255
0.35 0.5 0 0 0 0 255
0.375 0.5 0 0 0 0 255
0.4 0.5 0 0 0 0 255
0.425 0.5 0 0 0 0 255
0.45 0.5 0 0 0 0 255
0.475 0.5 0 0 0 0 255
0.5 0.5 0 0 0 0 255
-0.5 0.475 0 0 0 0 255
-0.475 0.475 0 0 0 0 255
-0.45 0.475 0 0 0 0 255
-0.425 0.475 0 0 0 0 255
-0.4 0.475 0 0 0 0 255
-0.375 0.475 0 0 0 0 255
-0.35 0.475 0 0 0 0 255
-0.325 0.475 0 0 0 0 255
-0.3 0.475 0 0 0 0 255
-0.275 0.475 0 0 0 0 255
-0.25 0.475 0 0 0 0 255
-0.225 0.475 0 0 0 0 255
-0.2 0.475 0 0 0 0 255
-0.175 0.475 0 0 0 0 255
-0.15 0.475 0 0 0 0 255
-0.125 0.475 0 0 0 0 255
-0.1 0.475 2811.24 -1398.4 255 0 0
-0.075 0.475 991.972 -582.549 255 0 0
-0.05 0.475 651.52 -345.52 255 0 0
-0.025 0.475 313.707 -100.106 255 0 0
0 0.475 -16.9778 145.639 255 0 0
0.025 0.475 -336.183 388.106 255 0 0
0.05 0.475 -641.747 625.433 255 0 0
0.075 0.475 -911.013 851.673 255 0 0
0.1 0.475 -997.423 1032.01 255 0 0
0.125 0.475 -623.806 1188.03 255 0 0
0.15 0.475 -465.53 1126.88 255 0 0
0.175 0.475 -603.835 983.982 255 0 0
0.2 0.475 -620.495 855.352 255 0 0
0.225 0.475 -443.355 967.81 255 0 0
0.25 0.475 -233.257 1257.86 255 0 0
0.275 0.475 -17.0515 1911.21 255 0 0
0.3 0.475 0 0 0 0 255
0.325 0.475 0 0 0 0 255
0.35 0.475 0 0 0 0 255
0.375 0.475 23785.9 -33506.1 255 0 0
0.4 0.475 8059.75 -82231.2 255 0 0
0.425 0.475 -4657.87 -128499 255 0 0
0.45 0.475 -16824.1 -173301 255 0 0
0.475 0.475 0 0 0 0 255
0.5 0.475 0 0 0 0 255
-0.5 0.45 0 0 0 0 255
-0.475 0.45 0 0 0 0 255
-0.45 0.45 0 0 0 0 255
-0.425 0.45 0 0 0 0 255
-0.4 0.45 0 0 0 0 255
-0.375 0.45 0 0 0 0 255
-0.35 0.45 0 0 0 0 255
-0.325 0.45 0 0 0 0 255
-0.3 0.45 0 0 0 0 255
-0.275 0.45 0 0 0 0 255
-0.25 0.45 0 0 0 0 255
-0.225 0.45 0 0 0 0 255
-0.2 0.45 0 0 0 0 255
-0.175 0.45 0 0 0 0 255
-0.15 0.45 0 0 0 0 255
-0.125 0.45 5696.85 -1718.76 255 0 0
-0.1 0.45 940.841 -445.254 255 0 0
-0.075 0.45 606.045 -239.486 255 0 0
-0.05 0.45 269.801 3.21225 255 0 0
-0.025 0.45 -68.9959 262.781 255 0 0
0 0.45 -404.577 527.184 255 0 0
0.025 0.45 -724.478 792.344 255 0 0
0.05 0.45 -1016.62 1038.12 255 0 0
0.075 0.45 -1300.91 1191.99 255 0 0
0.1 0.45 -1551.23 1146.15 255 0 0
0.125 0.45 -996.983 1102.6 255 0 0
0.15 0.45 -34.311 1308.36 255 0 0
0.175 0.45 -264.04 619.599 255 0 0
0.2 0.45 -50.9546 487.831 255 0 0
0.225 0.45 203.591 640.914 255 0 0
0.25 0.45 315.069 929.597 255 0 0
0.275 0.45 322.592 1417.3 255 0 0
0.3 0.45 482.306 2703.42 255 0 0
0.325 0.45 0 0 0 0 255
0.35 0.45 0 0 0 0 255
0.375 0.45 21412.1 23605.4 255 0 0
0.4 0.45 8661.41 -22700.8 255 0 0
0.425 0.45 -4052.83 -68979.6 255 0 0
0.45 0.45 -16786.2 -115229 255 0 0
0.475 0.45 0 0 0 0 255
0.5 0.45 0 0 0 0 255
-0.5 0.425 0 0 0 0 255
-0.475 0.425 0 0 0 0 255
-0.45 0.425 0 0 0 0 255
-0.425 0.425 0 0 0 0 255
-0.4 0.425 0 0 0 0 255
-0.375 0.425 0 0 0 0 255
-0.35 0.425 0 0 0 0 255
-0.325 0.425 0 0 0 0 255
-0.3 0.425 0 0 0 0 255
-0.275 0.425 0 0 0 0 255
-0.25 0.425 0 0 0 0 255
-0.225 0.425 0 0 0 0 255
-0.2 0.425 0 0 0 0 255
-0.175 0.425 0 0 0 0 255
-0.15 0.425 7009.28 473.084 255 0 0
-0.125 0.425 882.147 -210.203 255 0 0
-0.1 0.425 524.179 -145.884 255 0 0
-0.075 0.425 202.734 52.9837 255 0 0
-0.05 0.425 -121.223 305.774 255 0 0
-0.025 0.425 -452.26 582.279 255 0 0
0 0.425 -768.213 867.62 255 0 0
0.025 0.425 -1002.57 1160.89 255 0 0
0.05 0.425 -1170.36 1421.9 255 0 0
0.075 0.425 -1467.96 1445.47 255 0 0
0.1 0.425 -2134.77 934.073 255 0 0
0.125 0.425 -2275.48 1054.64 255 0 0
0.15 0.425 616.495 1866.11 255 0 0
0.175 0.425 -293.739 200.487 255 0 0
0.2 0.425 -1135.06 -1343.27 255 0 0
0.225 0.425 659.22 52.2733 255 0 0
0.25 0.425 636.869 421.845 255 0 0
0.275 0.425 507.654 987.412 255 0 0
0.3 0.425 319.288 1672.63 255 0 0
0.325 0.425 0 0 0 0 255
0.35 0.425 0 0 0 0 255
0.375 0.425 22034.2 83146.4 255 0 0
0.4 0.425 9321.27 36866.8 255 0 0
0.425 0.425 -3392.61 -9412.08 255 0 0
0.45 0.425 -16125.6 -55681.3 255 0 0
0.475 0.425 0 0 0 0 255
0.5 0.425 0 0 0 0 255
-0.5 0.4 0 0 0 0 255
-0.475 0.4 0 0 0 0 255
-0.45 0.4 0 0 0 0 255
-0.425 0.4 0 0 0 0 255
-0.4 0.4 0 0 0 0 255
-0.375 0.4 0 0 0 0 255
-0.35 0.4 0 0 0 0 255
-0.325 0.4 0 0 0 0 255
-0.3 0.4 0 0 0 0 255
-0.275 0.4 0 0 0 0 255
-0.25 0.4 0 0 0 0 255
-0.225 0.4 0 0 0 0 255
-0.2 0.4 0 0 0 0 255
-0.175 0.4 4153.21 3390.81 255 0 0
-0.15 0.4 995.042 512.406 255 0 0
-0.125 0.4 422.396 55.9404 255 0 0
-0.1 0.4 53.752 52.1101 255 0 0
-0.075 0.4 -245.115 259.02 255 0 0
-0.05 0.4 -537.392 542.42 255 0 0
-0.025 0.4 -820.034 833.537 255 0 0
0 0.4 -1037.02 1098.01 255 0 0
0.025 0.4 -1098.57 1394.48 255 0 0
0.05 0.4 -998.037 1718.33 255 0 0
0.075 0.4 -998.44 1850.02 255 0 0
0.1 0.4 -1991.54 988.926 255 0 0
0.125 0.4 -3726.29 19.9714 255 0 0
0.15 0.4 2166.07 3232.37 255 0 0
0.175 0.4 971.543 1452.19 255 0 0
0.2 0.4 -502.841 -742.057 255 0 0
0.225 0.4 738.591 -927.151 255 0 0
0.25 0.4 698.594 -108.515 255 0 0
0.275 0.4 494.61 560.737 255 0 0
0.3 0.4 273.797 1260.84 255 0 0
0.325 0.4 4447.26 8719.54 255 0 0
0.35 0.4 0 0 0 0 255
0.375 0.4 22694.8 142714 255 0 0
0.4 0.4 9981.9 96434.8 255 0 0
0.425 0.4 -2747.13 50167.5 255 0 0
0.45 0.4 -15798.3 4026.85 255 0 0
0.475 0.4 0 0 0 0 255
0.5 0.4 0 0 0 0 255
-0.5 0.375 0 0 0 0 255
-0.475 0.375 0 0 0 0 255
-0.45 0.375 0 0 0 0 255
-0.425 0.375 0 0 0 0 255
-0.4 0.375 0 0 0 0 255
-0.375 0.375 0 0 0 0 255
-0.35 0.375 0 0 0 0 255
-0.325 0.375 0 0 0 0 255
-0.3 0.375 0 0 0 0 255
-0.275 0.375 0 0 0 0 255
-0.25 0.375 0 0 0 0 255
-0.225 0.375 0 0 0 0 255
-0.2 0.375 47813.9 86536.1 255 0 0
-0.175 0.375 1506.65 2098.53 255 0 0
-0.15 0.375 561.108 859.743 255 0 0
-0.125 0.375 -99.6667 201.678 255 0 0
-0.1 0.375 -497.125 109.556 255 0 0
-0.075 0.375 -759.087 339.591 255 0 0
-0.05 0.375 -942.665 690.729 255 0 0
-0.025 0.375 -1100.25 951.782 255 0 0
0 0.375 -1194.27 1136.14 255 0 0
0.025 0.375 -1107.9 1363.01 255 0 0
0.05 0.375 -817.551 1666.59 255 0 0
0.075 0.375 -437.386 1968.97 255 0 0
0.1 0.375 -1022.85 1317.42 255 0 0
0.125 0.375 -1660.82 657.21 255 0 0
0.15 0.375 5217.41 6319.52 255 0 0
0.175 0.375 4281.5 5124.18 255 0 0
0.2 0.375 3298.49 3966.38 255 0 0
0.225 0.375 443.389 -1903.22 255 0 0
0.25 0.375 639.313 -536.477 255 0 0
0.275 0.375 418.049 210.642 255 0 0
0.3 0.375 153.046 960.102 255 0 0
0.325 0.375 -96.6658 1908.27 255 0 0
0.35 0.375 0 0 0 0 255
0.375 0.375 0 0 0 0 255
0.4 0.375 0 0 0 0 255
0.425 0.375 0 0 0 0 255
0.45 0.375 0 0 0 0 255
0.475 0.375 0 0 0 0 255
0.5 0.375 0 0 0 0 255
-0.5 0.35 0 0 0 0 255
-0.475 0.35 0 0 0 0 255
-0.45 0.35 0 0 0 0 255
-0.425 0.35 0 0 0 0 255
-0.4 0.35 0 0 0 0 255
-0.375 0.35 0 0 0 0 255
-0.35 0.35 0 0 0 0 255
-0.325 0.35 0 0 0 0 255
-0.3 0.35 0 0 0 0 255
-0.275 0.35 0 0 0 0 255
-0.25 0.35 0 0 0 0 255
-0.225 0.35 0 0 0 0 255
-0.2 0.35 4099.8 7557.78 255 0 0
-0.175 0.35 1058.16 2409.38 255 0 0
-0.15 0.35 65.6989 1073.74 255 0 0
-0.125 0.35 -679.546 242.073 255 0 0
-0.1 0.35 -1116.07 30.9072 255 0 0
-0.075 0.35 -1227.26 350.065 255 0 0
-0.05 0.35 -1225.02 735.014 255 0 0
-0.025 0.35 -1253.78 916.139 255 0 0
0 0.35 -1247.15 984.393 255 0 0
0.025 0.35 -1088.98 1094.56 255 0 0
0.05 0.35 -738.699 1306.19 255 0 0
0.075 0.35 -277.358 1572.19 255 0 0
0.1 0.35 -264.125 1354.43 255 0 0
0.125 0.35 -1.84265 1398.34 255 0 0
0.15 0.35 7419.59 8475.62 255 0 0
0.175 0.35 9024.41 10236.3 255 0 0
0.2 0.35 8399.69 10036.3 255 0 0
0.225 0.35 2045.59 -90.3363 255 0 0
0.25 0.35 658.589 -663.993 255 0 0
0.275 0.35 334.45 65.0994 255 0 0
0.3 0.35 17.5345 835.696 255 0 0
0.325 0.35 -341.452 1627.78 255 0 0
0.35 0.35 0 0 0 0 255
0.375 0.35 0 0 0 0 255
0.4 0.35 0 0 0 0 255
0.425 0.35 0 0 0 0 255
0.45 0.35 0 0 0 0 255
0.475 0.35 0 0 0 0 255
0.5 0.35 0 0 0 0 255
-0.5 0.325 0 0 0 0 255
-0.475 0.325 0 0 0 0 255
-0.45 0.325 0 0 0 0 255
-0.425 0.325 0 0 0 0 255
-0.4 0.325 0 0 0 0 255
-0.375 0.325 0 0 0 0 255
-0.35 0.325 0 0 0 0 255
-0.325 0.325 0 0 0 0 255
-0.3 0.325 0 0 0 0 255
-0.275 0.325 0 0 0 0 255
-0.25 0.325 0 0 0 0 255
-0.225 0.325 0 0 0 0 255
-0.2 0.325 1414.21 3944.8 255 0 0
-0.175 0.325 486.258 2479.48 255 0 0
-0.15 0.325 -509.844 1121.63 255 0 0
-0.125 0.325 -1306.27 136.958 255 0 0
-0.1 0.325 -1591.56 -36.3782 255 0 0
-0.075 0.325 -1486.39 364.678 255 0 0
-0.05 0.325 -1347.37 688.231 255 0 0
-0.025 0.325 -1277.39 761.265 255 0 0
0 0.325 -1202.38 729.525 255 0 0
0.025 0.325 -1030.23 734.082 255 0 0
0.05 0.325 -727.97 820.144 255 0 0
0.075 0.325 -318.346 980.97 255 0 0
0.1 0.325 -55.1986 947.824 255 0 0
0.125 0.325 571.418 1288.04 255 0 0
0.15 0.325 3879.93 4164.18 255 0 0
0.175 0.325 6854.49 6711.12 255 0 0
0.2 0.325 10689.4 7567.24 255 0 0
0.225 0.325 4013.45 1927.52 255 0 0
0.25 0.325 1405.69 214.88 255 0 0
0.275 0.325 372.977 264.531 255 0 0
0.3 0.325 -77.2501 934.694 255 0 0
0.325 0.325 -455.357 1764.86 255 0 0
0.35 0.325 0 0 0 0 255
0.375 0.325 0 0 0 0 255
0.4 0.325 0 0 0 0 255
0.425 0.325 0 0 0 0 255
0.45 0.325 0 0 0 0 255
0.475 0.325 0 0 0 0 255
0.5 0.325 0 0 0 0 255
-0.5 0.3 0 0 0 0 255
-0.475 0.3 0 0 0 0 255
-0.45 0.3 0 0 0 0 255
-0.425 0.3 0 0 0 0 255
-0.4 0.3 0 0 0 0 255
-0.375 0.3 0 0 0 0 255
-0.35 0.3 0 0 0 0 255
-0.325 0.3 0 0 0 0 255
-0.3 0.3 0 0 0 0 255
-0.275 0.3 0 0 0 0 255
-0.25 0.3 0 0 0 0 255
-0.225 0.3 0 0 0 0 255
-0.2 0.3 650.378 3559.26 255 0 0
-0.175 0.3 -288.555 2063.48 255 0 0
-0.15 0.3 -1185.56 761.432 255 0 0
-0.125 0.3 -1753.04 -29.7279 255 0 0
-0.1 0.3 -1777.15 11.1307 255 0 0
-0.075 0.3 -1537.12 382.438 255 0 0
-0.05 0.3 -1335.22 570.123 255 0 0
-0.025 0.3 -1208.84 543.374 255 0 0
0 0.3 -1088.33 453.348 255 0 0
0.025 0.3 -926.495 389.976 255 0 0
0.05 0.3 -698.39 374.808 255 0 0
0.075 0.3 -446.268 366.652 255 0 0
0.1 0.3 -232.326 292.083 255 0 0
0.125 0.3 -161.36 3.54619 255 0 0
0.15 0.3 1155.12 920.313 255 0 0
0.175 0.3 4155.16 3470.47 255 0 0
0.2 0.3 7450.41 5158.34 255 0 0
0.225 0.3 4423.13 2926.74 255 0 0
0.25 0.3 1565.81 822.432 255 0 0
0.275 0.3 360.172 740.151 255 0 0
0.3 0.3 -380.199 1103.94 255 0 0
0.325 0.3 -1001.51 3806.89 255 0 0
0.35 0.3 0 0 0 0 255
0.375 0.3 0 0 0 0 255
0.4 0.3 0 0 0 0 255
0.425 0.3 0 0 0 0 255
0.45 0.3 0 0 0 0 255
0.475 0.3 0 0 0 0 255
0.5 0.3 0 0 0 0 255
-0.5 0.275 0 0 0 0 255
-0.475 0.275 0 0 0 0 255
-0.45 0.275 0 0 0 0 255
-0.425 0.275 0 0 0 0 255
-0.4 0.275 0 0 0 0 255
-0.375 0.275 0 0 0 0 255
-0.35 0.275 0 0 0 0 255
-0.325 0.275 0 0 0 0 255
-0.3 0.275 0 0 0 0 255
-0.275 0.275 0 0 0 0 255
-0.25 0.275 0 0 0 0 255
-0.225 0.275 0 0 0 0 255
-0.2 0.275 -208.041 2805.53 255 0 0
-0.175 0.275 -1028.1 1385.08 255 0 0
-0.15 0.275 -1650.55 407.249 255 0 0
-0.125 0.275 -1882.4 2.00859 255 0 0
-0.1 0.275 -1725.36 141.632 255 0 0
-0.075 0.275 -1455.76 361.481 255 0 0
-0.05 0.275 -1250.43 394.168 255 0 0
-0.025 0.275 -1096.85 302.41 255 0 0
0 0.275 -950.143 191.022 255 0 0
0.025 0.275 -795.079 94.2356 255 0 0
0.05 0.275 -624.763 16.538 255 0 0
0.075 0.275 -471.578 -81.983 255 0 0
0.1 0.275 -331.575 -213.15 255 0 0
0.125 0.275 82.7669 -83.934 255 0 0
0.15 0.275 822.314 332.631 255 0 0
0.175 0.275 2074.28 1428.55 255 0 0
0.2 0.275 5520.08 4267.6 255 0 0
0.225 0.275 2993.87 2264.1 255 0 0
0.25 0.275 882.485 1100.53 255 0 0
0.275 0.275 -390.999 893.097 255 0 0
0.3 0.275 -1486.48 1123.61 255 0 0
0.325 0.275 0 0 0 0 255
0.35 0.275 0 0 0 0 255
0.375 0.275 0 0 0 0 255
0.4 0.275 0 0 0 0 255
0.425 0.275 0 0 0 0 255
0.45 0.275 0 0 0 0 255
0.475 0.275 0 0 0 0 255
0.5 0.275 0 0 0 0 255
-0.5 0.25 0 0 0 0 255
-0.475 0.25 0 0 0 0 255
-0.45 0.25 0 0 0 0 255
-0.425 0.25 0 0 0 0 255
-0.4 0.25 0 0 0 0 255
-0.375 0.25 0 0 0 0 255
-0.35 0.25 0 0 0 0 255
-0.325 0.25 0 0 0 0 255
-0.3 0.25 0 0 0 0 255
-0.275 0.25 0 0 0 0 255
-0.25 0.25 0 0 0 0 255
-0.225 0.25 0 0 0 0 255
-0.2 0.25 0 0 0 0 255
-0.175 0.25 -1502.08 867.229 255 0 0
-0.15 0.25 -1791.65 307.365 255 0 0
-0.125 0.25 -1788.56 144.959 255 0 0
-0.1 0.25 -1569.9 220.447 255 0 0
-0.075 0.25 -1334.66 250.757 255 0 0
-0.05 0.25 -1142.66 174.543 255 0 0
-0.025 0.25 -974.991 56.6878 255 0 0
0 0.25 -816.481 -58.87 255 0 0
0.025 0.25 -669.938 -171.482 255 0 0
0.05 0.25 -537.647 -289.778 255 0 0
0.075 0.25 -411.573 -414.05 255 0 0
0.1 0.25 -244.876 -492.514 255 0 0
0.125 0.25 96.4829 -417.645 255 0 0
0.15 0.25 732.825 -97.312 255 0 0
0.175 0.25 1503.64 551.19 255 0 0
0.2 0.25 2038.02 1076.24 255 0 0
0.225 0.25 1269.43 1433.18 255 0 0
0.25 0.25 -146.412 1103.09 255 0 0
0.275 0.25 -1465.52 843.674 255 0 0
0.3 0.25 -2243.47 1502.21 255 0 0
0.325 0.25 0 0 0 0 255
0.35 0.25 0 0 0 0 255
0.375 0.25 0 0 0 0 255
0.4 0.25 0 0 0 0 255
0.425 0.25 0 0 0 0 255
0.45 0.25 0 0 0 0 255
0.475 0.25 0 0 0 0 255
0.5 0.25 0 0 0 0 255
-0.5 0.225 0 0 0 0 255
-0.475 0.225 0 0 0 0 255
-0.45 0.225 0 0 0 0 255
-0.425 0.225 0 0 0 0 255
-0.4 0.225 0 0 0 0 255
-0.375 0.225 0 0 0 0 255
-0.35 0.225 0 0 0 0 255
-0.325 0.225 0 0 0 0 255
-0.3 0.225 0 0 0 0 255
-0.275 0.225 0 0 0 0 255
-0.25 0.225 0 0 0 0 255
-0.225 0.225 0 0 0 0 255
-0.2 0.225 0 0 0 0 255
-0.175 0.225 -2062.74 631.093 255 0 0
-0.15 0.225 -1774.22 274.201 255 0 0
-0.125 0.225 -1625.88 185.019 255 0 0
-0.1 0.225 -1420.42 140.619 255 0 0
-0.075 0.225 -1220.02 51.1467 255 0 0
-0.05 0.225 -1034.33 -69.1761 255 0 0
-0.025 0.225 -858.603 -191.551 255 0 0
0 0.225 -698.516 -309.22 255 0 0
0.025 0.225 -565.015 -435.091 255 0 0
0.05 0.225 -454.984 -572.701 255 0 0
0.075 0.225 -349.025 -708.289 255 0 0
0.1 0.225 -192.231 -797.163 255 0 0
0.125 0.225 72.1782 -792.63 255 0 0
0.15 0.225 308.802 -802.118 255 0 0
0.175 0.225 588.897 -688.914 255 0 0
0.2 0.225 1140.5 -215.32 255 0 0
0.225 0.225 -10.9301 24.4973 255 0 0
0.25 0.225 -1091.07 725.43 255 0 0
0.275 0.225 -2428.8 1379.24 255 0 0
0.3 0.225 0 0 0 0 255
0.325 0.225 0 0 0 0 255
0.35 0.225 0 0 0 0 255
0.375 0.225 0 0 0 0 255
0.4 0.225 0 0 0 0 255
0.425 0.225 0 0 0 0 255
0.45 0.225 0 0 0 0 255
0.475 0.225 0 0 0 0 255
0.5 0.225 0 0 0 0 255
-0.5 0.2 0 0 0 0 255
-0.475 0.2 0 0 0 0 255
-0.45 0.2 0 0 0 0 255
-0.425 0.2 0 0 0 0 255
-0.4 0.2 0 0 0 0 255
-0.375 0.2 0 0 0 0 255
-0.35 0.2 0 0 0 0 255
-0.325 0.2 0 0 0 0 255
-0.3 0.2 0 0 0 0 255
-0.275 0.2 0 0 0 0 255
-0.25 0.2 0 0 0 0 255
-0.225 0.2 0 0 0 0 255
-0.2 0.2 0 0 0 0 255
-0.175 0.2 0 0 0 0 255
-0.15 0.2 -1813.94 -95.1645 255 0 0
-0.125 0.2 -1495.45 38.3643 255 0 0
-0.1 0.2 -1303.55 -67.5939 255 0 0
-0.075 0.2 -1114.79 -194.087 255 0 0
-0.05 0.2 -929.89 -321.37 255 0 0
-0.025 0.2 -751.634 -445.762 255 0 0
0 0.2 -594.757 -570.556 255 0 0
0.025 0.2 -482.993 -715.34 255 0 0
0.05 0.2 -394.989 -870.332 255 0 0
0.075 0.2 -314.708 -1023.21 255 0 0
0.1 0.2 -205.296 -1147.52 255 0 0
0.125 0.2 -50.6773 -1239.04 255 0 0
0.15 0.2 130.692 -1310.55 255 0 0
0.175 0.2 336.3 -1311.54 255 0 0
0.2 0.2 459.933 -1134.01 255 0 0
0.225 0.2 -190.239 -527.513 255 0 0
0.25 0.2 -1208.43 178.486 255 0 0
0.275 0.2 -2355.48 953.721 255 0 0
0.3 0.2 0 0 0 0 255
0.325 0.2 0 0 0 0 255
0.35 0.2 0 0 0 0 255
0.375 0.2 0 0 0 0 255
0.4 0.2 0 0 0 0 255
0.425 0.2 0 0 0 0 255
0.45 0.2 0 0 0 0 255
0.475 0.2 0 0 0 0 255
0.5 0.2 0 0 0 0 255
-0.5 0.175 0 0 0 0 255
-0.475 0.175 0 0 0 0 255
-0.45 0.175 0 0 0 0 255
-0.425 0.175 0 0 0 0 255
-0.4 0.175 0 0 0 0 255
-0.375 0.175 0 0 0 0 255
-0.35 0.175 0 0 0 0 255
-0.325 0.175 0 0 0 0 255
-0.3 0.175 0 0 0 0 255
-0.275 0.175 0 0 0 0 255
-0.25 0.175 0 0 0 0 255
-0.225 0.175 0 0 0 0 255
-0.2 0.175 0 0 0 0 255
-0.175 0.175 0 0 0 0 255
-0.15 0.175 0 0 0 0 255
-0.125 0.175 -1387.63 -246.447 255 0 0
-0.1 0.175 -1200.52 -325.139 255 0 0
-0.075 0.175 -1010.94 -449.762 255 0 0
-0.05 0.175 -827.213 -577.702 255 0 0
-0.025 0.175 -651.305 -708.189 255 0 0
0 0.175 -508.951 -853.15 255 0 0
0.025 0.175 -423.399 -1018.41 255 0 0
0.05 0.175 -359.68 -1182.83 255 0 0
0.075 0.175 -306.415 -1342.83 255 0 0
0.1 0.175 -243.269 -1504.44 255 0 0
0.125 0.175 -134.918 -1650.08 255 0 0
0.15 0.175 20.4944 -1751.76 255 0 0
0.175 0.175 216.161 -1890.28 255 0 0
0.2 0.175 319.534 -1731.77 255 0 0
0.225 0.175 -212.479 -1120.14 255 0 0
0.25 0.175 -1158.64 -369.088 255 0 0
0.275 0.175 -2334 625.398 255 0 0
0.3 0.175 0 0 0 0 255
0.325 0.175 0 0 0 0 255
0.35 0.175 0 0 0 0 255
0.375 0.175 0 0 0 0 255
0.4 0.175 0 0 0 0 255
0.425 0.175 0 0 0 0 255
0.45 0.175 0 0 0 0 255
0.475 0.175 0 0 0 0 255
0.5 0.175 0 0 0 0 255
-0.5 0.15 0 0 0 0 255
-0.475 0.15 0 0 0 0 255
-0.45 0.15 0 0 0 0 255
-0.425 0.15 0 0 0 0 255
-0.4 0.15 0 0 0 0 255
-0.375 0.15 0 0 0 0 255
-0.35 0.15 0 0 0 0 255
-0.325 0.15 0 0 0 0 255
-0.3 0.15 0 0 0 0 255
-0.275 0.15 0 0 0 0 255
-0.25 0.15 0 0 0 0 255
-0.225 0.15 0 0 0 0 255
-0.2 0.15 0 0 0 0 255
-0.175 0.15 0 0 0 0 255
-0.15 0.15 0 0 0 0 255
-0.125 0.15 0 0 0 0 255
-0.1 0.15 0 0 0 0 255
-0.075 0.15 -896.004 -701.166 255 0 0
-0.05 0.15 -725.862 -839.794 255 0 0
-0.025 0.15 -558.831 -1010.06 255 0 0
0 0.15 -434.364 -1147.66 255 0 0
0.025 0.15 -387.673 -1322.73 255 0 0
0.05 0.15 -343.545 -1467.34 255 0 0
0.075 0.15 -306.325 -1596.56 255 0 0
0.1 0.15 -262.854 -1725.9 255 0 0
0.125 0.15 -173.512 -1859.29 255 0 0
0.15 0.15 -21.0923 -2024.45 255 0 0
0.175 0.15 117.981 -2206.18 255 0 0
0.2 0.15 146.266 -2238.15 255 0 0
0.225 0.15 -42.4021 -1968.67 255 0 0
0.25 0.15 -477.789 -557.64 255 0 0
0.275 0.15 0 0 0 0 255
0.3 0.15 0 0 0 0 255
0.325 0.15 0 0 0 0 255
0.35 0.15 0 0 0 0 255
0.375 0.15 0 0 0 0 255
0.4 0.15 0 0 0 0 255
0.425 0.15 0 0 0 0 255
0.45 0.15 0 0 0 0 255
0.475 0.15 0 0 0 0 255
0.5 0.15 0 0 0 0 255
-0.5 0.125 0 0 0 0 255
-0.475 0.125 0 0 0 0 255
-0.45 0.125 0 0 0 0 255
-0.425 0.125 0 0 0 0 255
-0.4 0.125 0 0 0 0 255
-0.375 0.125 0 0 0 0 255
-0.35 0.125 0 0 0 0 255
-0.325 0.125 0 0 0 0 255
-0.3 0.125 0 0 0 0 255
-0.275 0.125 0 0 0 0 255
-0.25 0.125 0 0 0 0 255
-0.225 0.125 0 0 0 0 255
-0.2 0.125 0 0 0 0 255
-0.175 0.125 0 0 0 0 255
-0.15 0.125 0 0 0 0 255
-0.125 0.125 0 0 0 0 255
-0.1 0.125 0 0 0 0 255
-0.075 0.125 0 0 0 0 255
-0.05 0.125 0 0 0 0 255
-0.025 0.125 0 0 0 0 255
0 0.125 -119.78 -933.158 255 0 0
0.025 0.125 -367.401 -1529.24 255 0 0
0.05 0.125 -336.429 -1624.64 255 0 0
0.075 0.125 -309.625 -1688.53 255 0 0
0.1 0.125 -277.671 -1759 255 0 0
0.125 0.125 -192.67 -1860.29 255 0 0
0.15 0.125 -20.3882 -1955.72 255 0 0
0.175 0.125 213.415 -2126.35 255 0 0
0.2 0.125 374.479 -2298.08 255 0 0
0.225 0.125 416.553 -2350.65 255 0 0
0.25 0.125 0 0 0 0 255
0.275 0.125 0 0 0 0 255
0.3 0.125 0 0 0 0 255
0.325 0.125 0 0 0 0 255
0.35 0.125 0 0 0 0 255
0.375 0.125 0 0 0 0 255
0.4 0.125 8441.41 -11948 255 0 0
0.425 0.125 6053.43 -9108.33 255 0 0
0.45 0.125 3896.4 -6401.25 255 0 0
0.475 0.125 1823.38 -3602.66 255 0 0
0.5 0.125 0 0 0 0 255
-0.5 0.1 0 0 0 0 255
-0.475 0.1 -3792.61 -36016.2 255 0 0
-0.45 0.1 -3284.72 -31390.1 255 0 0
-0.425 0.1 -3223.07 -29690.6 255 0 0
-0.4 0.1 -3196.05 -28316.6 255 0 0
-0.375 0.1 -3541.42 -26886.2 255 0 0
-0.35 0.1 -3440.92 -27446.3 255 0 0
-0.325 0.1 -2920.58 -28424 255 0 0
-0.3 0.1 0 0 0 0 255
-0.275 0.1 0 0 0 0 255
-0.25 0.1 0 0 0 0 255
-0.225 0.1 0 0 0 0 255
-0.2 0.1 0 0 0 0 255
-0.175 0.1 0 0 0 0 255
-0.15 0.1 0 0 0 0 255
-0.125 0.1 0 0 0 0 255
-0.1 0.1 0 0 0 0 255
-0.075 0.1 0 0 0 0 255
-0.05 0.1 0 0 0 0 255
-0.025 0.1 0 0 0 0 255
0 0.1 -749.779 -2672.46 255 0 0
0.025 0.1 -347.348 -1573.38 255 0 0
0.05 0.1 -333.837 -1533.7 255 0 0
0.075 0.1 -315.315 -1496 255 0 0
0.1 0.1 -287.419 -1476.54 255 0 0
0.125 0.1 -207.812 -1540.41 255 0 0
0.15 0.1 -5.22281 -1725.28 255 0 0
0.175 0.1 304.669 -1995.13 255 0 0
0.2 0.1 572.377 -2268.63 255 0 0
0.225 0.1 833.811 -2763.44 255 0 0
0.25 0.1 2260.81 -6179.41 255 0 0
0.275 0.1 3860.85 -5922.53 255 0 0
0.3 0.1 4144.27 -6032.4 255 0 0
0.325 0.1 4967.72 -10631.3 255 0 0
0.35 0.1 7809.21 -9330.18 255 0 0
0.375 0.1 6322.54 -8320.92 255 0 0
0.4 0.1 5170.37 -7095.56 255 0 0
0.425 0.1 3109.06 -4577.64 255 0 0
0.45 0.1 949.33 -1878.96 255 0 0
0.475 0.1 -1209.02 827.872 255 0 0
0.5 0.1 0 0 0 0 255
-0.5 0.075 0 0 0 0 255
-0.475 0.075 -969.043 -10206 255 0 0
-0.45 0.075 -899.087 -8305.14 255 0 0
-0.425 0.075 -848.781 -6711.32 255 0 0
-0.4 0.075 -795.536 -5391.45 255 0 0
-0.375 0.075 -780.222 -4381.04 255 0 0
-0.35 0.075 -483.006 -5183.28 255 0 0
-0.325 0.075 -156.838 -6134.59 255 0 0
-0.3 0.075 0 0 0 0 255
-0.275 0.075 0 0 0 0 255
-0.25 0.075 0 0 0 0 255
-0.225 0.075 0 0 0 0 255
-0.2 0.075 0 0 0 0 255
-0.175 0.075 0 0 0 0 255
-0.15 0.075 0 0 0 0 255
-0.125 0.075 0 0 0 0 255
-0.1 0.075 0 0 0 0 255
-0.075 0.075 0 0 0 0 255
-0.05 0.075 0 0 0 0 255
-0.025 0.075 0 0 0 0 255
0 0.075 1206.64 -1641.97 255 0 0
0.025 0.075 -284.131 -1218.96 255 0 0
0.05 0.075 -343.418 -1095.89 255 0 0
0.075 0.075 -331.996 -987.151 255 0 0
0.1 0.075 -305.172 -868.472 255 0 0
0.125 0.075 -240.215 -819.537 255 0 0
0.15 0.075 -89.0451 -887.027 255 0 0
0.175 0.075 190.93 -1047.76 255 0 0
0.2 0.075 625.778 -1293.17 255 0 0
0.225 0.075 1084.18 -1540.61 255 0 0
0.25 0.075 1678.57 -1967.92 255 0 0
0.275 0.075 2335.44 -2463.73 255 0 0
0.3 0.075 2801.66 -2808.32 255 0 0
0.325 0.075 3219.69 -3216.27 255 0 0
0.35 0.075 3631.1 -3797.88 255 0 0
0.375 0.075 3271.42 -3531.72 255 0 0
0.4 0.075 2162.68 -2412.75 255 0 0
0.425 0.075 169.499 -48.0215 255 0 0
0.45 0.075 -1992.19 2647.18 255 0 0
0.475 0.075 -4154.54 5351.13 255 0 0
0.5 0.075 0 0 0 0 255
-0.5 0.05 0 0 0 0 255
-0.475 0.05 1412.2 13077 255 0 0
-0.45 0.05 1460.18 14770.9 255 0 0
-0.425 0.05 1517.63 16278.6 255 0 0
-0.4 0.05 1595.59 17540.1 255 0 0
-0.375 0.05 1928.83 18123 255 0 0
-0.35 0.05 2464.16 16993.3 255 0 0
-0.325 0.05 2726.47 15958.6 255 0 0
-0.3 0.05 0 0 0 0 255
-0.275 0.05 0 0 0 0 255
-0.25 0.05 0 0 0 0 255
-0.225 0.05 0 0 0 0 255
-0.2 0.05 0 0 0 0 255
-0.175 0.05 0 0 0 0 255
-0.15 0.05 0 0 0 0 255
-0.125 0.05 0 0 0 0 255
-0.1 0.05 0 0 0 0 255
-0.075 0.05 0 0 0 0 255
-0.05 0.05 0 0 0 0 255
-0.025 0.05 0 0 0 0 255
0 0.05 1875.85 -4314.04 255 0 0
0.025 0.05 -245.434 -661.859 255 0 0
0.05 0.05 -366.967 -468.87 255 0 0
0.075 0.05 -365.213 -294.77 255 0 0
0.1 0.05 -351.2 -79.1143 255 0 0
0.125 0.05 -316.979 80.5779 255 0 0
0.15 0.05 -238.022 147.079 255 0 0
0.175 0.05 -93.9479 180.082 255 0 0
0.2 0.05 139.176 190.11 255 0 0
0.225 0.05 437.78 139.602 255 0 0
0.25 0.05 728.111 78.9896 255 0 0
0.275 0.05 987.94 50.6768 255 0 0
0.3 0.05 1197.9 13.2518 255 0 0
0.325 0.05 1322.89 -66.9878 255 0 0
0.35 0.05 1248.96 -52.9238 255 0 0
0.375 0.05 632.881 584.231 255 0 0
0.4 0.05 -653.336 1999.97 255 0 0
0.425 0.05 -2705.86 4421.18 255 0 0
0.45 0.05 -4923.1 7165.05 255 0 0
0.475 0.05 -7102.2 9917.44 255 0 0
0.5 0.05 0 0 0 0 255
-0.5 0.025 0 0 0 0 255
-0.475 0.025 4046.19 38171.8 255 0 0
-0.45 0.025 3809.18 37730.2 255 0 0
-0.425 0.025 3874.04 39258.8 255 0 0
-0.4 0.025 3974.54 40514.1 255 0 0
-0.375 0.025 5972.1 37847.2 255 0 0
-0.35 0.025 21686.7 15667.7 255 0 0
-0.325 0.025 0 0 0 0 255
-0.3 0.025 0 0 0 0 255
-0.275 0.025 0 0 0 0 255
-0.25 0.025 0 0 0 0 255
-0.225 0.025 0 0 0 0 255
-0.2 0.025 0 0 0 0 255
-0.175 0.025 0 0 0 0 255
-0.15 0.025 0 0 0 0 255
-0.125 0.025 0 0 0 0 255
-0.1 0.025 0 0 0 0 255
-0.075 0.025 0 0 0 0 255
-0.05 0.025 0 0 0 0 255
-0.025 0.025 0 0 0 0 255
0 0.025 0 0 0 0 255
0.025 0.025 4011.76 4194.89 255 0 0
0.05 0.025 -398.176 246.606 255 0 0
0.075 0.025 -408.875 476.758 255 0 0
0.1 0.025 -405.706 753.877 255 0 0
0.125 0.025 -398.317 991.652 255 0 0
0.15 0.025 -388.643 1191.54 255 0 0
0.175 0.025 -391.915 1423.95 255 0 0
0.2 0.025 -371.618 1707.81 255 0 0
0.225 0.025 -214.705 1835.76 255 0 0
0.25 0.025 -249.449 2145.78 255 0 0
0.275 0.025 -359.915 2538.09 255 0 0
0.3 0.025 -438.985 2849.26 255 0 0
0.325 0.025 -587.97 3030.48 255 0 0
0.35 0.025 -1037.58 3514.69 255 0 0
0.375 0.025 -1871.59 4499.55 255 0 0
0.4 0.025 -3213.08 6035.2 255 0 0
0.425 0.025 -7355.43 9788.67 255 0 0
0.45 0.025 0 0 0 0 255
0.475 0.025 0 0 0 0 255
0.5 0.025 0 0 0 0 255
-0.5 0 0 0 0 0 255
-0.475 0 0 0 0 0 255
-0.45 0 0 0 0 0 255
-0.425 0 0 0 0 0 255
-0.4 0 0 0 0 0 255
-0.375 0 0 0 0 0 255
-0.35 0 0 0 0 0 255
-0.325 0 0 0 0 0 255
-0.3 0 0 0 0 0 255
-0.275 0 0 0 0 0 255
-0.25 0 0 0 0 0 255
-0.225 0 0 0 0 0 255
-0.2 0 0 0 0 0 255
-0.175 0 0 0 0 0 255
-0.15 0 0 0 0 0 255
-0.125 0 0 0 0 0 255
-0.1 0 0 0 0 0 255
-0.075 0 0 0 0 0 255
-0.05 0 0 0 0 0 255
-0.025 0 0 0 0 0 255
0 0 0 0 0 0 255
0.025 0 0 0 0 0 255
0.05 0 0 0 0 0 255
0.075 0 0 0 0 0 255
0.1 0 0 0 0 0 255
0.125 0 0 0 0 0 255
0.15 0 0 0 0 0 255
0.175 0 0 0 0 0 255
0.2 0 0 0 0 0 255
0.225 0 0 0 0 0 255
0.25 0 0 0 0 0 255
0.275 0 0 0 0 0 255
0.3 0 0 0 0 0 255
0.325 0 0 0 0 0 255
0.35 0 0 0 0 0 255
0.375 0 0 0 0 0 255
0.4 0 0 0 0 0 255
0.425 0 0 0 0 0 255
0.45 0 0 0 0 0 255
0.475 0 0 0 0 0 255
0.5 0 0 0 0 0 255
