-0.5 1 0 0 0 0 255
-0.475 1 0 0 0 0 255
-0.45 1 0 0 0 0 255
-0.425 1 0 0 0 0 255
-0.4 1 0 0 0 0 255
-0.375 1 0 0 0 0 255
-0.35 1 0 0 0 0 255
-0.325 1 0 0 0 0 255
-0.3 1 0 0 0 0 255
-0.275 1 0 0 0 0 255
-0.25 1 0 0 0 0 255
-0.225 1 0 0 0 0 255
-0.2 1 0 0 0 0 255
-0.175 1 0 0 0 0 255
-0.15 1 0 0 0 0 255
-0.125 1 0 0 0 0 255
-0.1 1 0 0 0 0 255
-0.075 1 0 0 0 0 255
-0.05 1 0 0 0 0 255
-0.025 1 0 0 0 0 255
0 1 0 0 0 0 255
0.025 1 0 0 0 0 255
0.05 1 0 0 0 0 255
0.075 1 0 0 0 0 255
0.1 1 0 0 0 0 255
0.125 1 0 0 0 0 255
0.15 1 0 0 0 0 255
0.175 1 0 0 0 0 255
0.2 1 0 0 0 0 255
0.225 1 0 0 0 0 255
0.25 1 0 0 0 0 255
0.275 1 0 0 0 0 255
0.3 1 0 0 0 0 255
0.325 1 0 0 0 0 255
0.35 1 0 0 0 0 255
0.375 1 0 0 0 0 255
0.4 1 0 0 0 0 255
0.425 1 0 0 0 0 255
0.45 1 0 0 0 0 255
0.475 1 0 0 0 0 255
0.5 1 0 0 0 0 255
-0.5 0.975 0 0 0 0 255
-0.475 0.975 -39.6842 314.969 255 0 0
-0.45 0.975 -75.9173 94.8638 255 0 0
-0.425 0.975 -96.3805 -119.301 255 0 0
-0.4 0.975 -535.088 -561.39 255 0 0
-0.375 0.975 0 0 0 0 255
-0.35 0.975 0 0 0 0 255
-0.325 0.975 0 0 0 0 255
-0.3 0.975 0 0 0 0 255
-0.275 0.975 0 0 0 0 255
-0.25 0.975 0 0 0 0 255
-0.225 0.975 0 0 0 0 255
-0.2 0.975 0 0 0 0 255
-0.175 0.975 0 0 0 0 255
-0.15 0.975 0 0 0 0 255
-0.125 0.975 0 0 0 0 255
-0.1 0.975 0 0 0 0 255
-0.075 0.975 0 0 0 0 255
-0.05 0.975 0 0 0 0 255
-0.025 0.975 0 0 0 0 255
0 0.975 0 0 0 0 255
0.025 0.975 0 0 0 0 255
0.05 0.975 0 0 0 0 255
0.075 0.975 0 0 0 0 255
0.1 0.975 0 0 0 0 255
0.125 0.975 0 0 0 0 255
0.15 0.975 0 0 0 0 255
0.175 0.975 0 0 0 0 255
0.2 0.975 0 0 0 0 255
0.225 0.975 0 0 0 0 255
0.25 0.975 0 0 0 0 255
0.275 0.975 0 0 0 0 255
0.3 0.975 0 0 0 0 255
0.325 0.975 0 0 0 0 255
0.35 0.975 0 0 0 0 255
0.375 0.975 0 0 0 0 255
0.4 0.975 0 0 0 0 255
0.425 0.975 0 0 0 0 255
0.45 0.975 0 0 0 0 255
0.475 0.975 0 0 0 0 255
0.5 0.975 0 0 0 0 255
-0.5 0.95 0 0 0 0 255
-0.475 0.95 61.6598 264.977 255 0 0
-0.45 0.95 39.7956 49.8358 255 0 0
-0.425 0.95 19.4877 -164.291 255 0 0
-0.4 0.95 7.98579 -373.719 255 0 0
-0.375 0.95 0 0 0 0 255
-0.35 0.95 0 0 0 0 255
-0.325 0.95 0 0 0 0 255
-0.3 0.95 0 0 0 0 255
-0.275 0.95 -67967.4 -5326.54 255 0 0
-0.25 0.95 -67396.5 -2126.64 255 0 0
-0.225 0.95 0 0 0 0 255
-0.2 0.95 -85229.9 -16339.6 255 0 0
-0.175 0.95 -71198 -9893.62 255 0 0
-0.15 0.95 -55459.5 -3707.49 255 0 0
-0.125 0.95 0 0 0 0 255
-0.1 0.95 0 0 0 0 255
-0.075 0.95 0 0 0 0 255
-0.05 0.95 0 0 0 0 255
-0.025 0.95 0 0 0 0 255
0 0.95 0 0 0 0 255
0.025 0.95 0 0 0 0 255
0.05 0.95 0 0 0 0 255
0.075 0.95 0 0 0 0 255
0.1 0.95 0 0 0 0 255
0.125 0.95 0 0 0 0 255
0.15 0.95 0 0 0 0 255
0.175 0.95 0 0 0 0 255
0.2 0.95 0 0 0 0 255
0.225 0.95 0 0 0 0 255
0.25 0.95 0 0 0 0 255
0.275 0.95 0 0 0 0 255
0.3 0.95 0 0 0 0 255
0.325 0.95 0 0 0 0 255
0.35 0.95 0 0 0 0 255
0.375 0.95 0 0 0 0 255
0.4 0.95 0 0 0 0 255
0.425 0.95 0 0 0 0 255
0.45 0.95 0 0 0 0 255
0.475 0.95 0 0 0 0 255
0.5 0.95 0 0 0 0 255
-0.5 0.925 0 0 0 0 255
-0.475 0.925 176.702 218.619 255 0 0
-0.45 0.925 155.796 4.12865 255 0 0
-0.425 0.925 134.627 -210.578 255 0 0
-0.4 0.925 111.374 -431.039 255 0 0
-0.375 0.925 -3571.98 -4667.43 255 0 0
-0.35 0.925 0 0 0 0 255
-0.325 0.925 0 0 0 0 255
-0.3 0.925 -42900.5 -8179.36 255 0 0
-0.275 0.925 -43601 -6267.56 255 0 0
-0.25 0.925 -44094.5 -4442.99 255 0 0
-0.225 0.925 -46075.4 -3974.93 255 0 0
-0.2 0.925 -45963.7 -8763.66 255 0 0
-0.175 0.925 -31796.7 -2662.14 255 0 0
-0.15 0.925 -17441.2 3431.8 255 0 0
-0.125 0.925 0 0 0 0 255
-0.1 0.925 0 0 0 0 255
-0.075 0.925 0 0 0 0 255
-0.05 0.925 0 0 0 0 255
-0.025 0.925 0 0 0 0 255
0 0.925 0 0 0 0 255
0.025 0.925 0 0 0 0 255
0.05 0.925 0 0 0 0 255
0.075 0.925 0 0 0 0 255
0.1 0.925 0 0 0 0 255
0.125 0.925 5242.97 -5302.21 255 0 0
0.15 0.925 5067.9 -3693.18 255 0 0
0.175 0.925 4515.37 -2414.78 255 0 0
0.2 0.925 3953.49 -968.032 255 0 0
0.225 0.925 0 0 0 0 255
0.25 0.925 0 0 0 0 255
0.275 0.925 0 0 0 0 255
0.3 0.925 0 0 0 0 255
0.325 0.925 0 0 0 0 255
0.35 0.925 0 0 0 0 255
0.375 0.925 0 0 0 0 255
0.4 0.925 0 0 0 0 255
0.425 0.925 0 0 0 0 255
0.45 0.925 0 0 0 0 255
0.475 0.925 0 0 0 0 255
0.5 0.925 0 0 0 0 255
-0.5 0.9 0 0 0 0 255
-0.475 0.9 301.479 176.686 255 0 0
-0.45 0.9 275.877 -39.8339 255 0 0
-0.425 0.9 245.724 -260.297 255 0 0
-0.4 0.9 200.95 -496.317 255 0 0
-0.375 0.9 238.439 -1817.69 255 0 0
-0.35 0.9 0 0 0 0 255
-0.325 0.9 0 0 0 0 255
-0.3 0.9 -8812.32 -4132.26 255 0 0
-0.275 0.9 -9408.63 -2314.23 255 0 0
-0.25 0.9 -9950.35 -515.771 255 0 0
-0.225 0.9 -11018.7 760.631 255 0 0
-0.2 0.9 -6516.57 -2119.7 255 0 0
-0.175 0.9 7653.24 3970.06 255 0 0
-0.15 0.9 22040 10036.9 255 0 0
-0.125 0.9 0 0 0 0 255
-0.1 0.9 0 0 0 0 255
-0.075 0.9 0 0 0 0 255
-0.05 0.9 0 0 0 0 255
-0.025 0.9 0 0 0 0 255
0 0.9 0 0 0 0 255
0.025 0.9 0 0 0 0 255
0.05 0.9 0 0 0 0 255
0.075 0.9 12556 -33584.2 255 0 0
0.1 0.9 4455.45 -4575.53 255 0 0
0.125 0.9 3970.04 -3277.47 255 0 0
0.15 0.9 3409.88 -1978.02 255 0 0
0.175 0.9 2850.15 -695.519 255 0 0
0.2 0.9 2302.57 538.86 255 0 0
0.225 0.9 0 0 0 0 255
0.25 0.9 0 0 0 0 255
0.275 0.9 0 0 0 0 255
0.3 0.9 0 0 0 0 255
0.325 0.9 0 0 0 0 255
0.35 0.9 0 0 0 0 255
0.375 0.9 0 0 0 0 255
0.4 0.9 0 0 0 0 255
0.425 0.9 0 0 0 0 255
0.45 0.9 0 0 0 0 255
0.475 0.9 0 0 0 0 255
0.5 0.9 0 0 0 0 255
-0.5 0.875 0 0 0 0 255
-0.475 0.875 453.061 135.855 255 0 0
-0.45 0.875 409.27 -85.6941 255 0 0
-0.425 0.875 346.095 -327.259 255 0 0
-0.4 0.875 270.714 -571.596 255 0 0
-0.375 0.875 0 0 0 0 255
-0.35 0.875 0 0 0 0 255
-0.325 0.875 0 0 0 0 255
-0.3 0.875 25456.5 -136.613 255 0 0
-0.275 0.875 24813.2 1651.32 255 0 0
-0.25 0.875 24200.7 3427.46 255 0 0
-0.225 0.875 23145.1 5103.25 255 0 0
-0.2 0.875 32931.6 4593.25 255 0 0
-0.175 0.875 47349.7 10566.8 255 0 0
-0.15 0.875 67173.2 15897.4 255 0 0
-0.125 0.875 0 0 0 0 255
-0.1 0.875 0 0 0 0 255
-0.075 0.875 0 0 0 0 255
-0.05 0.875 0 0 0 0 255
-0.025 0.875 0 0 0 0 255
0 0.875 0 0 0 0 255
0.025 0.875 0 0 0 0 255
0.05 0.875 2829.81 -5166.44 255 0 0
0.075 0.875 3326.51 -4297.04 255 0 0
0.1 0.875 2810.74 -2881.2 255 0 0
0.125 0.875 2268.81 -1546.73 255 0 0
0.15 0.875 1708.73 -245.697 255 0 0
0.175 0.875 1148.79 1044 255 0 0
0.2 0.875 1109.44 1576.33 255 0 0
0.225 0.875 -44624.1 212847 255 0 0
0.25 0.875 -70584.3 215749 255 0 0
0.275 0.875 -95256 217874 255 0 0
0.3 0.875 0 0 0 0 255
0.325 0.875 0 0 0 0 255
0.35 0.875 0 0 0 0 255
0.375 0.875 0 0 0 0 255
0.4 0.875 0 0 0 0 255
0.425 0.875 0 0 0 0 255
0.45 0.875 0 0 0 0 255
0.475 0.875 0 0 0 0 255
0.5 0.875 0 0 0 0 255
-0.5 0.85 0 0 0 0 255
-0.475 0.85 619.69 89.9166 255 0 0
-0.45 0.85 547.607 -159.568 255 0 0
-0.425 0.85 423.806 -442.122 255 0 0
-0.4 0.85 270.816 -740.803 255 0 0
-0.375 0.85 0 0 0 0 255
-0.35 0.85 0 0 0 0 255
-0.325 0.85 0 0 0 0 255
-0.3 0.85 0 0 0 0 255
-0.275 0.85 0 0 0 0 255
-0.25 0.85 0 0 0 0 255
-0.225 0.85 0 0 0 0 255
-0.2 0.85 0 0 0 0 255
-0.175 0.85 0 0 0 0 255
-0.15 0.85 0 0 0 0 255
-0.125 0.85 0 0 0 0 255
-0.1 0.85 0 0 0 0 255
-0.075 0.85 0 0 0 0 255
-0.05 0.85 0 0 0 0 255
-0.025 0.85 0 0 0 0 255
0 0.85 0 0 0 0 255
0.025 0.85 -11136.2 -6191.61 255 0 0
0.05 0.85 2210.31 -4227.88 255 0 0
0.075 0.85 1702.11 -2596.25 255 0 0
0.1 0.85 1144.38 -1144.77 255 0 0
0.125 0.85 578.887 196.99 255 0 0
0.15 0.85 11.3362 1490.85 255 0 0
0.175 0.85 -508.923 2768.95 255 0 0
0.2 0.85 0 0 0 0 255
0.225 0.85 9890.78 56837.7 255 0 0
0.25 0.85 -12211 56406.2 255 0 0
0.275 0.85 -34348.3 56089.2 255 0 0
0.3 0.85 0 0 0 0 255
0.325 0.85 0 0 0 0 255
0.35 0.85 0 0 0 0 255
0.375 0.85 0 0 0 0 255
0.4 0.85 0 0 0 0 255
0.425 0.85 0 0 0 0 255
0.45 0.85 0 0 0 0 255
0.475 0.85 0 0 0 0 255
0.5 0.85 0 0 0 0 255
-0.5 0.825 0 0 0 0 255
-0.475 0.825 791.718 333.103 255 0 0
-0.45 0.825 683.191 -283.32 255 0 0
-0.425 0.825 474.467 -616.07 255 0 0
-0.4 0.825 218.088 -971.579 255 0 0
-0.375 0.825 10623.8 6198.61 255 0 0
-0.35 0.825 0 0 0 0 255
-0.325 0.825 0 0 0 0 255
-0.3 0.825 0 0 0 0 255
-0.275 0.825 0 0 0 0 255
-0.25 0.825 0 0 0 0 255
-0.225 0.825 0 0 0 0 255
-0.2 0.825 0 0 0 0 255
-0.175 0.825 0 0 0 0 255
-0.15 0.825 0 0 0 0 255
-0.125 0.825 0 0 0 0 255
-0.1 0.825 0 0 0 0 255
-0.075 0.825 0 0 0 0 255
-0.05 0.825 0 0 0 0 255
-0.025 0.825 0 0 0 0 255
0 0.825 2248.34 -5060.81 255 0 0
0.025 0.825 2052.21 -4999.35 255 0 0
0.05 0.825 924.253 -2719.46 255 0 0
0.075 0.825 165.153 -893.018 255 0 0
0.1 0.825 -454.786 603.062 255 0 0
0.125 0.825 -1056.9 1969.14 255 0 0
0.15 0.825 -1446.74 3234.54 255 0 0
0.175 0.825 0 0 0 0 255
0.2 0.825 0 0 0 0 255
0.225 0.825 67124.7 -101457 255 0 0
0.25 0.825 44769.7 -101568 255 0 0
0.275 0.825 22227.6 -101467 255 0 0
0.3 0.825 0 0 0 0 255
0.325 0.825 0 0 0 0 255
0.35 0.825 0 0 0 0 255
0.375 0.825 0 0 0 0 255
0.4 0.825 0 0 0 0 255
0.425 0.825 0 0 0 0 255
0.45 0.825 0 0 0 0 255
0.475 0.825 0 0 0 0 255
0.5 0.825 0 0 0 0 255
-0.5 0.8 0 0 0 0 255
-0.475 0.8 0 0 0 0 255
-0.45 0.8 788.754 -488.889 255 0 0
-0.425 0.8 476.805 -831.517 255 0 0
-0.4 0.8 112.137 -1230.15 255 0 0
-0.375 0.8 -188.317 -1690.12 255 0 0
-0.35 0.8 0 0 0 0 255
-0.325 0.8 0 0 0 0 255
-0.3 0.8 0 0 0 0 255
-0.275 0.8 0 0 0 0 255
-0.25 0.8 0 0 0 0 255
-0.225 0.8 0 0 0 0 255
-0.2 0.8 0 0 0 0 255
-0.175 0.8 0 0 0 0 255
-0.15 0.8 0 0 0 0 255
-0.125 0.8 0 0 0 0 255
-0.1 0.8 0 0 0 0 255
-0.075 0.8 0 0 0 0 255
-0.05 0.8 0 0 0 0 255
-0.025 0.8 -42838.7 -27109.6 255 0 0
0 0.8 3161.9 -6309.27 255 0 0
0.025 0.8 1358.91 -3539.31 255 0 0
0.05 0.8 -116.238 -1141.21 255 0 0
0.075 0.8 -1159.25 841.861 255 0 0
0.1 0.8 -1893.12 2400.07 255 0 0
0.125 0.8 547.76 4822.07 255 0 0
0.15 0.8 0 0 0 0 255
0.175 0.8 0 0 0 0 255
0.2 0.8 0 0 0 0 255
0.225 0.8 0 0 0 0 255
0.25 0.8 0 0 0 0 255
0.275 0.8 0 0 0 0 255
0.3 0.8 0 0 0 0 255
0.325 0.8 0 0 0 0 255
0.35 0.8 0 0 0 0 255
0.375 0.8 0 0 0 0 255
0.4 0.8 0 0 0 0 255
0.425 0.8 0 0 0 0 255
0.45 0.8 0 0 0 0 255
0.475 0.8 0 0 0 0 255
0.5 0.8 0 0 0 0 255
-0.5 0.775 0 0 0 0 255
-0.475 0.775 0 0 0 0 255
-0.45 0.775 950.477 -564.772 255 0 0
-0.425 0.775 485.436 -955.668 255 0 0
-0.4 0.775 -15.8082 -1403.25 255 0 0
-0.375 0.775 -915.301 -2338.43 255 0 0
-0.35 0.775 0 0 0 0 255
-0.325 0.775 0 0 0 0 255
-0.3 0.775 0 0 0 0 255
-0.275 0.775 0 0 0 0 255
-0.25 0.775 0 0 0 0 255
-0.225 0.775 0 0 0 0 255
-0.2 0.775 0 0 0 0 255
-0.175 0.775 0 0 0 0 255
-0.15 0.775 0 0 0 0 255
-0.125 0.775 0 0 0 0 255
-0.1 0.775 0 0 0 0 255
-0.075 0.775 0 0 0 0 255
-0.05 0.775 0 0 0 0 255
-0.025 0.775 4756.29 -7725.57 255 0 0
0 0.775 2655.56 -4765.43 255 0 0
0.025 0.775 688.761 -1984.11 255 0 0
0.05 0.775 -1032.91 583.612 255 0 0
0.075 0.775 -2298.76 2722.42 255 0 0
0.1 0.775 3825.19 7935.75 255 0 0
0.125 0.775 0 0 0 0 255
0.15 0.775 0 0 0 0 255
0.175 0.775 0 0 0 0 255
0.2 0.775 0 0 0 0 255
0.225 0.775 0 0 0 0 255
0.25 0.775 0 0 0 0 255
0.275 0.775 0 0 0 0 255
0.3 0.775 0 0 0 0 255
0.325 0.775 0 0 0 0 255
0.35 0.775 0 0 0 0 255
0.375 0.775 0 0 0 0 255
0.4 0.775 0 0 0 0 255
0.425 0.775 0 0 0 0 255
0.45 0.775 0 0 0 0 255
0.475 0.775 0 0 0 0 255
0.5 0.775 0 0 0 0 255
-0.5 0.75 0 0 0 0 255
-0.475 0.75 0 0 0 0 255
-0.45 0.75 1396.46 -140.339 255 0 0
-0.425 0.75 521.144 -915.538 255 0 0
-0.4 0.75 -153.184 -1460.67 255 0 0
-0.375 0.75 -539.374 -1077.24 255 0 0
-0.35 0.75 0 0 0 0 255
-0.325 0.75 0 0 0 0 255
-0.3 0.75 0 0 0 0 255
-0.275 0.75 0 0 0 0 255
-0.25 0.75 0 0 0 0 255
-0.225 0.75 0 0 0 0 255
-0.2 0.75 0 0 0 0 255
-0.175 0.75 0 0 0 0 255
-0.15 0.75 0 0 0 0 255
-0.125 0.75 0 0 0 0 255
-0.1 0.75 0 0 0 0 255
-0.075 0.75 0 0 0 0 255
-0.05 0.75 4680.12 -25212.1 255 0 0
-0.025 0.75 4166.81 -5663.66 255 0 0
0 0.75 2075.98 -2869.25 255 0 0
0.025 0.75 32.7 -126.682 255 0 0
0.05 0.75 -1859.67 2530.05 255 0 0
0.075 0.75 1052.53 14756.5 255 0 0
0.1 0.75 0 0 0 0 255
0.125 0.75 0 0 0 0 255
0.15 0.75 0 0 0 0 255
0.175 0.75 0 0 0 0 255
0.2 0.75 0 0 0 0 255
0.225 0.75 0 0 0 0 255
0.25 0.75 0 0 0 0 255
0.275 0.75 0 0 0 0 255
0.3 0.75 0 0 0 0 255
0.325 0.75 0 0 0 0 255
0.35 0.75 0 0 0 0 255
0.375 0.75 0 0 0 0 255
0.4 0.75 0 0 0 0 255
0.425 0.75 0 0 0 0 255
0.45 0.75 0 0 0 0 255
0.475 0.75 0 0 0 0 255
0.5 0.75 0 0 0 0 255
-0.5 0.725 0 0 0 0 255
-0.475 0.725 2508.84 747.995 255 0 0
-0.45 0.725 1216.69 -441.656 255 0 0
-0.425 0.725 247.268 -1168.85 255 0 0
-0.4 0.725 -638.003 -1750.78 255 0 0
-0.375 0.725 -1922.61 -2736.44 255 0 0
-0.35 0.725 -5688.49 -12361.6 255 0 0
-0.325 0.725 0 0 0 0 255
-0.3 0.725 0 0 0 0 255
-0.275 0.725 14463.5 -18239 255 0 0
-0.25 0.725 11513.4 -17276.4 255 0 0
-0.225 0.725 8688.91 -16360.5 255 0 0
-0.2 0.725 7151.4 -15636.1 255 0 0
-0.175 0.725 9688.75 -15680.5 255 0 0
-0.15 0.725 11415.2 -14848.3 255 0 0
-0.125 0.725 13604.4 -13281.7 255 0 0
-0.1 0.725 13597.3 -12528.6 255 0 0
-0.075 0.725 11128.5 -8269.22 255 0 0
-0.05 0.725 4493.85 -5650.21 255 0 0
-0.025 0.725 3556.62 -3445.03 255 0 0
0 0.725 1474.15 -714.68 255 0 0
0.025 0.725 -608.936 1994.75 255 0 0
0.05 0.725 -2361.1 4706.52 255 0 0
0.075 0.725 0 0 0 0 255
0.1 0.725 0 0 0 0 255
0.125 0.725 0 0 0 0 255
0.15 0.725 0 0 0 0 255
0.175 0.725 0 0 0 0 255
0.2 0.725 0 0 0 0 255
0.225 0.725 0 0 0 0 255
0.25 0.725 0 0 0 0 255
0.275 0.725 0 0 0 0 255
0.3 0.725 0 0 0 0 255
0.325 0.725 0 0 0 0 255
0.35 0.725 0 0 0 0 255
0.375 0.725 0 0 0 0 255
0.4 0.725 0 0 0 0 255
0.425 0.725 0 0 0 0 255
0.45 0.725 0 0 0 0 255
0.475 0.725 0 0 0 0 255
0.5 0.725 0 0 0 0 255
-0.5 0.7 0 0 0 0 255
-0.475 0.7 1933.42 15.2202 255 0 0
-0.45 0.7 868.665 -934.994 255 0 0
-0.425 0.7 -199.474 -1747.03 255 0 0
-0.4 0.7 -1405.03 -2462.22 255 0 0
-0.375 0.7 -2739.23 -3498.87 255 0 0
-0.35 0.7 -3943.17 -4955.56 255 0 0
-0.325 0.7 17198.8 -14512.6 255 0 0
-0.3 0.7 10842.3 -9192.62 255 0 0
-0.275 0.7 7251.92 -6730.51 255 0 0
-0.25 0.7 4306.4 -5808.73 255 0 0
-0.225 0.7 1563.5 -5096.12 255 0 0
-0.2 0.7 -500.396 -4723.48 255 0 0
-0.175 0.7 1073.96 -5790.77 255 0 0
-0.15 0.7 2126.93 -5542.22 255 0 0
-0.125 0.7 2873.83 -4688.39 255 0 0
-0.1 0.7 2769.34 -2949.54 255 0 0
-0.075 0.7 1764.37 -451.543 255 0 0
-0.05 0.7 4992.25 -461.978 255 0 0
-0.025 0.7 3042.74 -427.449 255 0 0
0 0.7 923.282 1777.75 255 0 0
0.025 0.7 -1180.96 4296.95 255 0 0
0.05 0.7 0 0 0 0 255
0.075 0.7 0 0 0 0 255
0.1 0.7 0 0 0 0 255
0.125 0.7 0 0 0 0 255
0.15 0.7 0 0 0 0 255
0.175 0.7 0 0 0 0 255
0.2 0.7 0 0 0 0 255
0.225 0.7 0 0 0 0 255
0.25 0.7 0 0 0 0 255
0.275 0.7 0 0 0 0 255
0.3 0.7 0 0 0 0 255
0.325 0.7 0 0 0 0 255
0.35 0.7 0 0 0 0 255
0.375 0.7 0 0 0 0 255
0.4 0.7 0 0 0 0 255
0.425 0.7 0 0 0 0 255
0.45 0.7 0 0 0 0 255
0.475 0.7 0 0 0 0 255
0.5 0.7 0 0 0 0 255
-0.5 0.675 0 0 0 0 255
-0.475 0.675 1513.69 -950.22 255 0 0
-0.45 0.675 447.862 -1857.3 255 0 0
-0.425 0.675 -654.205 -2738.57 255 0 0
-0.4 0.675 -1932.65 -3846.99 255 0 0
-0.375 0.675 -3266.95 -4641.88 255 0 0
-0.35 0.675 -14795 -93399.1 255 0 0
-0.325 0.675 10174.9 -6447.58 255 0 0
-0.3 0.675 4350.73 1265.35 255 0 0
-0.275 0.675 310.514 4478.92 255 0 0
-0.25 0.675 -2774.68 5528.15 255 0 0
-0.225 0.675 -5521.34 6141.96 255 0 0
-0.2 0.675 -7920.04 6346.67 255 0 0
-0.175 0.675 -7497.88 4120.03 255 0 0
-0.15 0.675 -6694.57 4207.48 255 0 0
-0.125 0.675 -6656.17 4691.57 255 0 0
-0.1 0.675 -7578.74 6064.34 255 0 0
-0.075 0.675 -9557.49 7366.51 255 0 0
-0.05 0.675 2449.69 19985.2 255 0 0
-0.025 0.675 4617.37 13575.1 255 0 0
0 0.675 3909.7 24136.2 255 0 0
0.025 0.675 0 0 0 0 255
0.05 0.675 0 0 0 0 255
0.075 0.675 0 0 0 0 255
0.1 0.675 0 0 0 0 255
0.125 0.675 0 0 0 0 255
0.15 0.675 0 0 0 0 255
0.175 0.675 0 0 0 0 255
0.2 0.675 0 0 0 0 255
0.225 0.675 0 0 0 0 255
0.25 0.675 0 0 0 0 255
0.275 0.675 0 0 0 0 255
0.3 0.675 0 0 0 0 255
0.325 0.675 0 0 0 0 255
0.35 0.675 0 0 0 0 255
0.375 0.675 0 0 0 0 255
0.4 0.675 0 0 0 0 255
0.425 0.675 0 0 0 0 255
0.45 0.675 0 0 0 0 255
0.475 0.675 0 0 0 0 255
0.5 0.675 0 0 0 0 255
-0.5 0.65 0 0 0 0 255
-0.475 0.65 1137.78 -2265.05 255 0 0
-0.45 0.65 120.917 -3206.86 255 0 0
-0.425 0.65 -819.82 -4252.25 255 0 0
-0.4 0.65 -1664.46 -5614.73 255 0 0
-0.375 0.65 3835.14 -4789.64 255 0 0
-0.35 0.65 12401.1 -14960.5 255 0 0
-0.325 0.65 4356.45 876.151 255 0 0
-0.3 0.65 -2105.74 11544.6 255 0 0
-0.275 0.65 -6556.94 15705.7 255 0 0
-0.25 0.65 -9819.25 16940.3 255 0 0
-0.225 0.65 -12620.1 17422 255 0 0
-0.2 0.65 -14685.9 19574.4 255 0 0
-0.175 0.65 -15065.2 13683.2 255 0 0
-0.15 0.65 -14973.9 20631.7 255 0 0
-0.125 0.65 0 0 0 0 255
-0.1 0.65 0 0 0 0 255
-0.075 0.65 0 0 0 0 255
-0.05 0.65 0 0 0 0 255
-0.025 0.65 0 0 0 0 255
0 0.65 0 0 0 0 255
0.025 0.65 0 0 0 0 255
0.05 0.65 0 0 0 0 255
0.075 0.65 0 0 0 0 255
0.1 0.65 2563.85 388.972 255 0 0
0.125 0.65 -248.227 509.002 255 0 0
0.15 0.65 -3466.04 588.084 255 0 0
0.175 0.65 -6155.15 199.887 255 0 0
0.2 0.65 0 0 0 0 255
0.225 0.65 0 0 0 0 255
0.25 0.65 0 0 0 0 255
0.275 0.65 0 0 0 0 255
0.3 0.65 0 0 0 0 255
0.325 0.65 0 0 0 0 255
0.35 0.65 0 0 0 0 255
0.375 0.65 0 0 0 0 255
0.4 0.65 0 0 0 0 255
0.425 0.65 0 0 0 0 255
0.45 0.65 0 0 0 0 255
0.475 0.65 0 0 0 0 255
0.5 0.65 0 0 0 0 255
-0.5 0.625 0 0 0 0 255
-0.475 0.625 905.266 -3818.92 255 0 0
-0.45 0.625 19.4575 -4911.72 255 0 0
-0.425 0.625 -753.476 -6155.86 255 0 0
-0.4 0.625 -947.89 -8303.55 255 0 0
-0.375 0.625 14342.2 -23384.1 255 0 0
-0.35 0.625 5807.12 -5233.28 255 0 0
-0.325 0.625 -2258.65 10445 255 0 0
-0.3 0.625 -9291.97 23489.2 255 0 0
-0.275 0.625 -14156.2 28385.1 255 0 0
-0.25 0.625 0 0 0 0 255
-0.225 0.625 0 0 0 0 255
-0.2 0.625 0 0 0 0 255
-0.175 0.625 0 0 0 0 255
-0.15 0.625 0 0 0 0 255
-0.125 0.625 0 0 0 0 255
-0.1 0.625 0 0 0 0 255
-0.075 0.625 0 0 0 0 255
-0.05 0.625 0 0 0 0 255
-0.025 0.625 0 0 0 0 255
0 0.625 0 0 0 0 255
0.025 0.625 0 0 0 0 255
0.05 0.625 0 0 0 0 255
0.075 0.625 0 0 0 0 255
0.1 0.625 2475.18 298.327 255 0 0
0.125 0.625 -708.538 382.032 255 0 0
0.15 0.625 -3919.68 461.187 255 0 0
0.175 0.625 -7695.26 312.971 255 0 0
0.2 0.625 0 0 0 0 255
0.225 0.625 0 0 0 0 255
0.25 0.625 0 0 0 0 255
0.275 0.625 0 0 0 0 255
0.3 0.625 0 0 0 0 255
0.325 0.625 0 0 0 0 255
0.35 0.625 0 0 0 0 255
0.375 0.625 0 0 0 0 255
0.4 0.625 0 0 0 0 255
0.425 0.625 0 0 0 0 255
0.45 0.625 0 0 0 0 255
0.475 0.625 0 0 0 0 255
0.5 0.625 0 0 0 0 255
-0.5 0.6 0 0 0 0 255
-0.475 0.6 952.559 -5744.72 255 0 0
-0.45 0.6 182.239 -6931.46 255 0 0
-0.425 0.6 505.561 -9684.33 255 0 0
-0.4 0.6 14672 -27569.3 255 0 0
-0.375 0.6 6007.36 -10007.9 255 0 0
-0.35 0.6 -2271.45 6640.65 255 0 0
-0.325 0.6 -9966.69 22173.1 255 0 0
-0.3 0.6 -17229.6 36426.6 255 0 0
-0.275 0.6 0 0 0 0 255
-0.25 0.6 0 0 0 0 255
-0.225 0.6 0 0 0 0 255
-0.2 0.6 0 0 0 0 255
-0.175 0.6 0 0 0 0 255
-0.15 0.6 0 0 0 0 255
-0.125 0.6 0 0 0 0 255
-0.1 0.6 0 0 0 0 255
-0.075 0.6 0 0 0 0 255
-0.05 0.6 0 0 0 0 255
-0.025 0.6 0 0 0 0 255
0 0.6 0 0 0 0 255
0.025 0.6 0 0 0 0 255
0.05 0.6 0 0 0 0 255
0.075 0.6 0 0 0 0 255
0.1 0.6 1945.87 176.071 255 0 0
0.125 0.6 -1230.18 247.823 255 0 0
0.15 0.6 -4412.75 323.082 255 0 0
0.175 0.6 -8145.3 175.583 255 0 0
0.2 0.6 0 0 0 0 255
0.225 0.6 0 0 0 0 255
0.25 0.6 0 0 0 0 255
0.275 0.6 0 0 0 0 255
0.3 0.6 0 0 0 0 255
0.325 0.6 0 0 0 0 255
0.35 0.6 0 0 0 0 255
0.375 0.6 0 0 0 0 255
0.4 0.6 0 0 0 0 255
0.425 0.6 0 0 0 0 255
0.45 0.6 0 0 0 0 255
0.475 0.6 0 0 0 0 255
0.5 0.6 0 0 0 0 255
-0.5 0.575 0 0 0 0 255
-0.475 0.575 0 0 0 0 255
-0.45 0.575 29680.1 -53761.9 255 0 0
-0.425 0.575 17172.6 -31816.7 255 0 0
-0.4 0.575 6819.71 -13143.9 255 0 0
-0.375 0.575 -2871.79 4674.19 255 0 0
-0.35 0.575 -11083.2 20943.5 255 0 0
-0.325 0.575 -19128.2 37037.6 255 0 0
-0.3 0.575 0 0 0 0 255
-0.275 0.575 0 0 0 0 255
-0.25 0.575 0 0 0 0 255
-0.225 0.575 0 0 0 0 255
-0.2 0.575 0 0 0 0 255
-0.175 0.575 0 0 0 0 255
-0.15 0.575 0 0 0 0 255
-0.125 0.575 0 0 0 0 255
-0.1 0.575 0 0 0 0 255
-0.075 0.575 0 0 0 0 255
-0.05 0.575 0 0 0 0 255
-0.025 0.575 0 0 0 0 255
0 0.575 0 0 0 0 255
0.025 0.575 0 0 0 0 255
0.05 0.575 0 0 0 0 255
0.075 0.575 0 0 0 0 255
0.1 0.575 1269.88 31.4795 255 0 0
0.125 0.575 -1875.69 85.5181 255 0 0
0.15 0.575 -5024.65 149.609 255 0 0
0.175 0.575 -8403.42 -257.03 255 0 0
0.2 0.575 0 0 0 0 255
0.225 0.575 0 0 0 0 255
0.25 0.575 0 0 0 0 255
0.275 0.575 0 0 0 0 255
0.3 0.575 0 0 0 0 255
0.325 0.575 0 0 0 0 255
0.35 0.575 0 0 0 0 255
0.375 0.575 0 0 0 0 255
0.4 0.575 0 0 0 0 255
0.425 0.575 0 0 0 0 255
0.45 0.575 0 0 0 0 255
0.475 0.575 0 0 0 0 255
0.5 0.575 0 0 0 0 255
-0.5 0.55 0 0 0 0 255
-0.475 0.55 0 0 0 0 255
-0.45 0.55 18245.6 -33462 255 0 0
-0.425 0.55 7676 -14521.2 255 0 0
-0.4 0.55 -2777.31 4232 255 0 0
-0.375 0.55 -12717.6 22239 255 0 0
-0.35 0.55 -21729.3 39700 255 0 0
-0.325 0.55 0 0 0 0 255
-0.3 0.55 0 0 0 0 255
-0.275 0.55 0 0 0 0 255
-0.25 0.55 0 0 0 0 255
-0.225 0.55 0 0 0 0 255
-0.2 0.55 0 0 0 0 255
-0.175 0.55 0 0 0 0 255
-0.15 0.55 0 0 0 0 255
-0.125 0.55 0 0 0 0 255
-0.1 0.55 0 0 0 0 255
-0.075 0.55 -14974.1 -10374.6 255 0 0
-0.05 0.55 -11772.2 -9228.75 255 0 0
-0.025 0.55 -8988.23 -7518.39 255 0 0
0 0.55 -6948.07 -6264.93 255 0 0
0.025 0.55 -5447.04 -5500.98 255 0 0
0.05 0.55 -4529.02 -5892.97 255 0 0
0.075 0.55 3140.04 33.3056 255 0 0
0.1 0.55 289.298 -78.169 255 0 0
0.125 0.55 -2672.9 -108.345 255 0 0
0.15 0.55 -5702.36 -124.971 255 0 0
0.175 0.55 -9012.67 -6857.29 255 0 0
0.2 0.55 0 0 0 0 255
0.225 0.55 0 0 0 0 255
0.25 0.55 0 0 0 0 255
0.275 0.55 0 0 0 0 255
0.3 0.55 0 0 0 0 255
0.325 0.55 0 0 0 0 255
0.35 0.55 0 0 0 0 255
0.375 0.55 0 0 0 0 255
0.4 0.55 0 0 0 0 255
0.425 0.55 0 0 0 0 255
0.45 0.55 0 0 0 0 255
0.475 0.55 0 0 0 0 255
0.5 0.55 0 0 0 0 255
-0.5 0.525 0 0 0 0 255
-0.475 0.525 0 0 0 0 255
-0.45 0.525 8523.2 -15845.7 255 0 0
-0.425 0.525 -2026.88 3062.82 255 0 0
-0.4 0.525 -12558 21943.3 255 0 0
-0.375 0.525 -22873 40592.7 255 0 0
-0.35 0.525 0 0 0 0 255
-0.325 0.525 0 0 0 0 255
-0.3 0.525 0 0 0 0 255
-0.275 0.525 0 0 0 0 255
-0.25 0.525 0 0 0 0 255
-0.225 0.525 0 0 0 0 255
-0.2 0.525 -26591.1 -10351 255 0 0
-0.175 0.525 -15653.7 -9653.29 255 0 0
-0.15 0.525 -12683.6 -9254.78 255 0 0
-0.125 0.525 -10241.4 -7105.47 255 0 0
-0.1 0.525 -10466.8 -6681.89 255 0 0
-0.075 0.525 -9444.76 -6695.05 255 0 0
-0.05 0.525 -7637.36 -6536.23 255 0 0
-0.025 0.525 -5854.61 -5622.45 255 0 0
0 0.525 -4113.93 -4446.43 255 0 0
0.025 0.525 -2838.37 -3569.07 255 0 0
0.05 0.525 -2005.26 -2863.44 255 0 0
0.075 0.525 1431.54 -514.509 255 0 0
0.1 0.525 -1352.26 -496.707 255 0 0
0.125 0.525 -4222.34 -519.716 255 0 0
0.15 0.525 -7041.46 -732.661 255 0 0
0.175 0.525 0 0 0 0 255
0.2 0.525 0 0 0 0 255
0.225 0.525 0 0 0 0 255
0.25 0.525 0 0 0 0 255
0.275 0.525 0 0 0 0 255
0.3 0.525 0 0 0 0 255
0.325 0.525 0 0 0 0 255
0.35 0.525 0 0 0 0 255
0.375 0.525 0 0 0 0 255
0.4 0.525 0 0 0 0 255
0.425 0.525 0 0 0 0 255
0.45 0.525 0 0 0 0 255
0.475 0.525 0 0 0 0 255
0.5 0.525 0 0 0 0 255
-0.5 0.5 0 0 0 0 255
-0.475 0.5 0 0 0 0 255
-0.45 0.5 -1196.43 1759.01 255 0 0
-0.425 0.5 -11747.1 20666.9 255 0 0
-0.4 0.5 -22308.9 39583.2 255 0 0
-0.375 0.5 -37686.1 76262.8 255 0 0
-0.35 0.5 0 0 0 0 255
-0.325 0.5 0 0 0 0 255
-0.3 0.5 0 0 0 0 255
-0.275 0.5 0 0 0 0 255
-0.25 0.5 0 0 0 0 255
-0.225 0.5 0 0 0 0 255
-0.2 0.5 -11441.8 -8329.65 255 0 0
-0.175 0.5 -8887.97 -7595.29 255 0 0
-0.15 0.5 -6148.2 -6350.81 255 0 0
-0.125 0.5 -6416.85 -6058.64 255 0 0
-0.1 0.5 -6574.37 -5620.31 255 0 0
-0.075 0.5 -5667.7 -5007.87 255 0 0
-0.05 0.5 -4111.84 -4629.65 255 0 0
-0.025 0.5 -2690.82 -3701.62 255 0 0
0 0.5 -1444.73 -2706.45 255 0 0
0.025 0.5 -751.359 -2131.05 255 0 0
0.05 0.5 -641.069 -1815.12 255 0 0
0.075 0.5 -283.881 -1055.17 255 0 0
0.1 0.5 -3017.66 -1006.16 255 0 0
0.125 0.5 -5852.74 -995.569 255 0 0
0.15 0.5 -9252.14 -760.641 255 0 0
0.175 0.5 0 0 0 0 255
0.2 0.5 0 0 0 0 255
0.225 0.5 0 0 0 0 255
0.25 0.5 0 0 0 0 255
0.275 0.5 0 0 0 0 255
0.3 0.5 0 0 0 0 255
0.325 0.5 0 0 0 0 255
0.35 0.5 0 0 0 0 255
0.375 0.5 0 0 0 0 255
0.4 0.5 0 0 0 0 255
0.425 0.5 0 0 0 0 255
0.45 0.5 0 0 0 0 255
0.475 0.5 0 0 0 0 255
0.5 0.5 0 0 0 0 255
-0.5 0.475 0 0 0 0 255
-0.475 0.475 0 0 0 0 255
-0.45 0.475 0 0 0 0 255
-0.425 0.475 0 0 0 0 255
-0.4 0.475 0 0 0 0 255
-0.375 0.475 0 0 0 0 255
-0.35 0.475 0 0 0 0 255
-0.325 0.475 0 0 0 0 255
-0.3 0.475 0 0 0 0 255
-0.275 0.475 0 0 0 0 255
-0.25 0.475 0 0 0 0 255
-0.225 0.475 0 0 0 0 255
-0.2 0.475 -5551.92 -6414.26 255 0 0
-0.175 0.475 -3308.22 -6162.25 255 0 0
-0.15 0.475 -3287.18 -6150.55 255 0 0
-0.125 0.475 -3518.81 -5712.19 255 0 0
-0.1 0.475 -3372.29 -4994.49 255 0 0
-0.075 0.475 -1951.59 -3587.51 255 0 0
-0.05 0.475 -468.349 -2832.38 255 0 0
-0.025 0.475 532.904 -1803.2 255 0 0
0 0.475 974.448 -1229.24 255 0 0
0.025 0.475 133.105 -1533.19 255 0 0
0.05 0.475 -405.816 -1478.26 255 0 0
0.075 0.475 -1663.05 -1547.15 255 0 0
0.1 0.475 -4448.21 -1545.72 255 0 0
0.125 0.475 -7267.82 -1525.95 255 0 0
0.15 0.475 -17674.6 -16452.1 255 0 0
0.175 0.475 0 0 0 0 255
0.2 0.475 0 0 0 0 255
0.225 0.475 0 0 0 0 255
0.25 0.475 0 0 0 0 255
0.275 0.475 0 0 0 0 255
0.3 0.475 0 0 0 0 255
0.325 0.475 0 0 0 0 255
0.35 0.475 0 0 0 0 255
0.375 0.475 0 0 0 0 255
0.4 0.475 0 0 0 0 255
0.425 0.475 0 0 0 0 255
0.45 0.475 0 0 0 0 255
0.475 0.475 0 0 0 0 255
0.5 0.475 0 0 0 0 255
-0.5 0.45 0 0 0 0 255
-0.475 0.45 0 0 0 0 255
-0.45 0.45 0 0 0 0 255
-0.425 0.45 0 0 0 0 255
-0.4 0.45 0 0 0 0 255
-0.375 0.45 0 0 0 0 255
-0.35 0.45 0 0 0 0 255
-0.325 0.45 0 0 0 0 255
-0.3 0.45 0 0 0 0 255
-0.275 0.45 0 0 0 0 255
-0.25 0.45 0 0 0 0 255
-0.225 0.45 0 0 0 0 255
-0.2 0.45 -26972 13390.4 255 0 0
-0.175 0.45 -629.381 -6472.43 255 0 0
-0.15 0.45 -1466.23 -6951.4 255 0 0
-0.125 0.45 -1176.07 -5931.19 255 0 0
-0.1 0.45 -819.522 -4917.99 255 0 0
-0.075 0.45 12405.3 -17848.1 255 0 0
-0.05 0.45 0 0 0 0 255
-0.025 0.45 0 0 0 0 255
0 0.45 -75.6471 -2372.38 255 0 0
0.025 0.45 -433.374 -2056.54 255 0 0
0.05 0.45 -881.654 -1818.51 255 0 0
0.075 0.45 -2732.53 -1960.53 255 0 0
0.1 0.45 -5642.06 -2044.34 255 0 0
0.125 0.45 -8644.14 -2269.44 255 0 0
0.15 0.45 0 0 0 0 255
0.175 0.45 0 0 0 0 255
0.2 0.45 0 0 0 0 255
0.225 0.45 0 0 0 0 255
0.25 0.45 0 0 0 0 255
0.275 0.45 0 0 0 0 255
0.3 0.45 0 0 0 0 255
0.325 0.45 0 0 0 0 255
0.35 0.45 0 0 0 0 255
0.375 0.45 0 0 0 0 255
0.4 0.45 0 0 0 0 255
0.425 0.45 0 0 0 0 255
0.45 0.45 0 0 0 0 255
0.475 0.45 0 0 0 0 255
0.5 0.45 0 0 0 0 255
-0.5 0.425 0 0 0 0 255
-0.475 0.425 0 0 0 0 255
-0.45 0.425 0 0 0 0 255
-0.425 0.425 0 0 0 0 255
-0.4 0.425 0 0 0 0 255
-0.375 0.425 0 0 0 0 255
-0.35 0.425 0 0 0 0 255
-0.325 0.425 0 0 0 0 255
-0.3 0.425 0 0 0 0 255
-0.275 0.425 0 0 0 0 255
-0.25 0.425 0 0 0 0 255
-0.225 0.425 0 0 0 0 255
-0.2 0.425 0 0 0 0 255
-0.175 0.425 0 0 0 0 255
-0.15 0.425 -376254 -428293 255 0 0
-0.125 0.425 -231696 -274565 255 0 0
-0.1 0.425 0 0 0 0 255
-0.075 0.425 0 0 0 0 255
-0.05 0.425 0 0 0 0 255
-0.025 0.425 0 0 0 0 255
0 0.425 -1023.71 -3316.46 255 0 0
0.025 0.425 -1191 -2882 255 0 0
0.05 0.425 -1463.04 -2501.3 255 0 0
0.075 0.425 -2970.68 -2242.36 255 0 0
0.1 0.425 -6431.46 -2343.24 255 0 0
0.125 0.425 -39010.8 -12730.5 255 0 0
0.15 0.425 0 0 0 0 255
0.175 0.425 0 0 0 0 255
0.2 0.425 0 0 0 0 255
0.225 0.425 0 0 0 0 255
0.25 0.425 0 0 0 0 255
0.275 0.425 0 0 0 0 255
0.3 0.425 0 0 0 0 255
0.325 0.425 0 0 0 0 255
0.35 0.425 0 0 0 0 255
0.375 0.425 0 0 0 0 255
0.4 0.425 0 0 0 0 255
0.425 0.425 0 0 0 0 255
0.45 0.425 0 0 0 0 255
0.475 0.425 0 0 0 0 255
0.5 0.425 0 0 0 0 255
-0.5 0.4 0 0 0 0 255
-0.475 0.4 0 0 0 0 255
-0.45 0.4 0 0 0 0 255
-0.425 0.4 0 0 0 0 255
-0.4 0.4 0 0 0 0 255
-0.375 0.4 0 0 0 0 255
-0.35 0.4 0 0 0 0 255
-0.325 0.4 0 0 0 0 255
-0.3 0.4 0 0 0 0 255
-0.275 0.4 0 0 0 0 255
-0.25 0.4 0 0 0 0 255
-0.225 0.4 0 0 0 0 255
-0.2 0.4 0 0 0 0 255
-0.175 0.4 0 0 0 0 255
-0.15 0.4 0 0 0 0 255
-0.125 0.4 0 0 0 0 255
-0.1 0.4 0 0 0 0 255
-0.075 0.4 0 0 0 0 255
-0.05 0.4 0 0 0 0 255
-0.025 0.4 -2619.01 -5578.88 255 0 0
0 0.4 -1687.24 -4127.61 255 0 0
0.025 0.4 -1799.05 -3667.73 255 0 0
0.05 0.4 -1955.45 -3236.97 255 0 0
0.075 0.4 -1516.12 -2459.06 255 0 0
0.1 0.4 -664.18 -1436.97 255 0 0
0.125 0.4 0 0 0 0 255
0.15 0.4 0 0 0 0 255
0.175 0.4 0 0 0 0 255
0.2 0.4 0 0 0 0 255
0.225 0.4 0 0 0 0 255
0.25 0.4 0 0 0 0 255
0.275 0.4 0 0 0 0 255
0.3 0.4 0 0 0 0 255
0.325 0.4 0 0 0 0 255
0.35 0.4 0 0 0 0 255
0.375 0.4 0 0 0 0 255
0.4 0.4 0 0 0 0 255
0.425 0.4 0 0 0 0 255
0.45 0.4 0 0 0 0 255
0.475 0.4 0 0 0 0 255
0.5 0.4 0 0 0 0 255
-0.5 0.375 0 0 0 0 255
-0.475 0.375 0 0 0 0 255
-0.45 0.375 0 0 0 0 255
-0.425 0.375 0 0 0 0 255
-0.4 0.375 0 0 0 0 255
-0.375 0.375 0 0 0 0 255
-0.35 0.375 0 0 0 0 255
-0.325 0.375 0 0 0 0 255
-0.3 0.375 0 0 0 0 255
-0.275 0.375 0 0 0 0 255
-0.25 0.375 0 0 0 0 255
-0.225 0.375 0 0 0 0 255
-0.2 0.375 0 0 0 0 255
-0.175 0.375 0 0 0 0 255
-0.15 0.375 0 0 0 0 255
-0.125 0.375 0 0 0 0 255
-0.1 0.375 0 0 0 0 255
-0.075 0.375 0 0 0 0 255
-0.05 0.375 0 0 0 0 255
-0.025 0.375 -2307.92 -5377.14 255 0 0
0 0.375 -2187.7 -4731.56 255 0 0
0.025 0.375 -2236.71 -4263.42 255 0 0
0.05 0.375 -2358.59 -3902.95 255 0 0
0.075 0.375 -1595.7 -2995.69 255 0 0
0.1 0.375 -923.128 -1928.49 255 0 0
0.125 0.375 0 0 0 0 255
0.15 0.375 0 0 0 0 255
0.175 0.375 0 0 0 0 255
0.2 0.375 0 0 0 0 255
0.225 0.375 0 0 0 0 255
0.25 0.375 0 0 0 0 255
0.275 0.375 0 0 0 0 255
0.3 0.375 0 0 0 0 255
0.325 0.375 0 0 0 0 255
0.35 0.375 0 0 0 0 255
0.375 0.375 0 0 0 0 255
0.4 0.375 0 0 0 0 255
0.425 0.375 0 0 0 0 255
0.45 0.375 0 0 0 0 255
0.475 0.375 0 0 0 0 255
0.5 0.375 0 0 0 0 255
-0.5 0.35 0 0 0 0 255
-0.475 0.35 0 0 0 0 255
-0.45 0.35 0 0 0 0 255
-0.425 0.35 0 0 0 0 255
-0.4 0.35 0 0 0 0 255
-0.375 0.35 0 0 0 0 255
-0.35 0.35 0 0 0 0 255
-0.325 0.35 0 0 0 0 255
-0.3 0.35 0 0 0 0 255
-0.275 0.35 0 0 0 0 255
-0.25 0.35 0 0 0 0 255
-0.225 0.35 0 0 0 0 255
-0.2 0.35 0 0 0 0 255
-0.175 0.35 0 0 0 0 255
-0.15 0.35 0 0 0 0 255
-0.125 0.35 0 0 0 0 255
-0.1 0.35 0 0 0 0 255
-0.075 0.35 0 0 0 0 255
-0.05 0.35 0 0 0 0 255
-0.025 0.35 -2156.01 -4843.75 255 0 0
0 0.35 -2099.48 -4303.16 255 0 0
0.025 0.35 -2032.38 -3750.67 255 0 0
0.05 0.35 -1903.55 -3166.4 255 0 0
0.075 0.35 -1746.71 -2550.96 255 0 0
0.1 0.35 -1589.98 -2018.12 255 0 0
0.125 0.35 0 0 0 0 255
0.15 0.35 0 0 0 0 255
0.175 0.35 0 0 0 0 255
0.2 0.35 0 0 0 0 255
0.225 0.35 0 0 0 0 255
0.25 0.35 0 0 0 0 255
0.275 0.35 0 0 0 0 255
0.3 0.35 0 0 0 0 255
0.325 0.35 0 0 0 0 255
0.35 0.35 0 0 0 0 255
0.375 0.35 0 0 0 0 255
0.4 0.35 0 0 0 0 255
0.425 0.35 0 0 0 0 255
0.45 0.35 0 0 0 0 255
0.475 0.35 0 0 0 0 255
0.5 0.35 0 0 0 0 255
-0.5 0.325 0 0 0 0 255
-0.475 0.325 0 0 0 0 255
-0.45 0.325 0 0 0 0 255
-0.425 0.325 0 0 0 0 255
-0.4 0.325 0 0 0 0 255
-0.375 0.325 0 0 0 0 255
-0.35 0.325 0 0 0 0 255
-0.325 0.325 0 0 0 0 255
-0.3 0.325 0 0 0 0 255
-0.275 0.325 0 0 0 0 255
-0.25 0.325 0 0 0 0 255
-0.225 0.325 0 0 0 0 255
-0.2 0.325 0 0 0 0 255
-0.175 0.325 0 0 0 0 255
-0.15 0.325 0 0 0 0 255
-0.125 0.325 0 0 0 0 255
-0.1 0.325 0 0 0 0 255
-0.075 0.325 0 0 0 0 255
-0.05 0.325 0 0 0 0 255
-0.025 0.325 -1578.27 -3435.27 255 0 0
0 0.325 -1484.83 -2846.39 255 0 0
0.025 0.325 -1389.96 -2256.38 255 0 0
0.05 0.325 -1284.79 -1652.94 255 0 0
0.075 0.325 -1149.98 -1046.15 255 0 0
0.1 0.325 -1050.65 -493.242 255 0 0
0.125 0.325 0 0 0 0 255
0.15 0.325 0 0 0 0 255
0.175 0.325 0 0 0 0 255
0.2 0.325 0 0 0 0 255
0.225 0.325 0 0 0 0 255
0.25 0.325 0 0 0 0 255
0.275 0.325 0 0 0 0 255
0.3 0.325 0 0 0 0 255
0.325 0.325 0 0 0 0 255
0.35 0.325 0 0 0 0 255
0.375 0.325 0 0 0 0 255
0.4 0.325 0 0 0 0 255
0.425 0.325 0 0 0 0 255
0.45 0.325 0 0 0 0 255
0.475 0.325 0 0 0 0 255
0.5 0.325 0 0 0 0 255
-0.5 0.3 0 0 0 0 255
-0.475 0.3 0 0 0 0 255
-0.45 0.3 0 0 0 0 255
-0.425 0.3 0 0 0 0 255
-0.4 0.3 0 0 0 0 255
-0.375 0.3 0 0 0 0 255
-0.35 0.3 0 0 0 0 255
-0.325 0.3 0 0 0 0 255
-0.3 0.3 0 0 0 0 255
-0.275 0.3 0 0 0 0 255
-0.25 0.3 0 0 0 0 255
-0.225 0.3 0 0 0 0 255
-0.2 0.3 0 0 0 0 255
-0.175 0.3 0 0 0 0 255
-0.15 0.3 0 0 0 0 255
-0.125 0.3 0 0 0 0 255
-0.1 0.3 0 0 0 0 255
-0.075 0.3 0 0 0 0 255
-0.05 0.3 0 0 0 0 255
-0.025 0.3 -923.358 -1913.18 255 0 0
0 0.3 -828.235 -1327.43 255 0 0
0.025 0.3 -731.052 -735.416 255 0 0
0.05 0.3 -634.351 -87.722 255 0 0
0.075 0.3 -532.981 499.802 255 0 0
0.1 0.3 -362.613 1310.29 255 0 0
0.125 0.3 0 0 0 0 255
0.15 0.3 0 0 0 0 255
0.175 0.3 0 0 0 0 255
0.2 0.3 0 0 0 0 255
0.225 0.3 0 0 0 0 255
0.25 0.3 0 0 0 0 255
0.275 0.3 0 0 0 0 255
0.3 0.3 0 0 0 0 255
0.325 0.3 0 0 0 0 255
0.35 0.3 0 0 0 0 255
0.375 0.3 0 0 0 0 255
0.4 0.3 0 0 0 0 255
0.425 0.3 71746.8 -718715 255 0 0
0.45 0.3 0 0 0 0 255
0.475 0.3 0 0 0 0 255
0.5 0.3 0 0 0 0 255
-0.5 0.275 0 0 0 0 255
-0.475 0.275 0 0 0 0 255
-0.45 0.275 0 0 0 0 255
-0.425 0.275 0 0 0 0 255
-0.4 0.275 0 0 0 0 255
-0.375 0.275 0 0 0 0 255
-0.35 0.275 0 0 0 0 255
-0.325 0.275 0 0 0 0 255
-0.3 0.275 0 0 0 0 255
-0.275 0.275 0 0 0 0 255
-0.25 0.275 0 0 0 0 255
-0.225 0.275 0 0 0 0 255
-0.2 0.275 0 0 0 0 255
-0.175 0.275 0 0 0 0 255
-0.15 0.275 0 0 0 0 255
-0.125 0.275 0 0 0 0 255
-0.1 0.275 0 0 0 0 255
-0.075 0.275 0 0 0 0 255
-0.05 0.275 0 0 0 0 255
-0.025 0.275 0 0 0 0 255
0 0.275 212.92 455.872 255 0 0
0.025 0.275 3007.3 1033.39 255 0 0
0.05 0.275 99484.7 54788.1 255 0 0
0.075 0.275 0 0 0 0 255
0.1 0.275 0 0 0 0 255
0.125 0.275 0 0 0 0 255
0.15 0.275 0 0 0 0 255
0.175 0.275 0 0 0 0 255
0.2 0.275 0 0 0 0 255
0.225 0.275 0 0 0 0 255
0.25 0.275 0 0 0 0 255
0.275 0.275 0 0 0 0 255
0.3 0.275 0 0 0 0 255
0.325 0.275 0 0 0 0 255
0.35 0.275 0 0 0 0 255
0.375 0.275 0 0 0 0 255
0.4 0.275 208427 -658280 255 0 0
0.425 0.275 13355.7 -403791 255 0 0
0.45 0.275 -178065 -163277 255 0 0
0.475 0.275 0 0 0 0 255
0.5 0.275 0 0 0 0 255
-0.5 0.25 0 0 0 0 255
-0.475 0.25 0 0 0 0 255
-0.45 0.25 0 0 0 0 255
-0.425 0.25 0 0 0 0 255
-0.4 0.25 0 0 0 0 255
-0.375 0.25 0 0 0 0 255
-0.35 0.25 0 0 0 0 255
-0.325 0.25 0 0 0 0 255
-0.3 0.25 0 0 0 0 255
-0.275 0.25 0 0 0 0 255
-0.25 0.25 0 0 0 0 255
-0.225 0.25 0 0 0 0 255
-0.2 0.25 0 0 0 0 255
-0.175 0.25 0 0 0 0 255
-0.15 0.25 0 0 0 0 255
-0.125 0.25 0 0 0 0 255
-0.1 0.25 0 0 0 0 255
-0.075 0.25 0 0 0 0 255
-0.05 0.25 0 0 0 0 255
-0.025 0.25 0 0 0 0 255
0 0.25 0 0 0 0 255
0.025 0.25 0 0 0 0 255
0.05 0.25 0 0 0 0 255
0.075 0.25 0 0 0 0 255
0.1 0.25 0 0 0 0 255
0.125 0.25 0 0 0 0 255
0.15 0.25 0 0 0 0 255
0.175 0.25 0 0 0 0 255
0.2 0.25 0 0 0 0 255
0.225 0.25 0 0 0 0 255
0.25 0.25 0 0 0 0 255
0.275 0.25 0 0 0 0 255
0.3 0.25 0 0 0 0 255
0.325 0.25 0 0 0 0 255
0.35 0.25 0 0 0 0 255
0.375 0.25 0 0 0 0 255
0.4 0.25 192391 -265187 255 0 0
0.425 0.25 755.677 -24140 255 0 0
0.45 0.25 -190650 216064 255 0 0
0.475 0.25 0 0 0 0 255
0.5 0.25 0 0 0 0 255
-0.5 0.225 0 0 0 0 255
-0.475 0.225 0 0 0 0 255
-0.45 0.225 0 0 0 0 255
-0.425 0.225 0 0 0 0 255
-0.4 0.225 0 0 0 0 255
-0.375 0.225 0 0 0 0 255
-0.35 0.225 0 0 0 0 255
-0.325 0.225 0 0 0 0 255
-0.3 0.225 0 0 0 0 255
-0.275 0.225 0 0 0 0 255
-0.25 0.225 0 0 0 0 255
-0.225 0.225 0 0 0 0 255
-0.2 0.225 0 0 0 0 255
-0.175 0.225 0 0 0 0 255
-0.15 0.225 0 0 0 0 255
-0.125 0.225 0 0 0 0 255
-0.1 0.225 0 0 0 0 255
-0.075 0.225 0 0 0 0 255
-0.05 0.225 0 0 0 0 255
-0.025 0.225 0 0 0 0 255
0 0.225 0 0 0 0 255
0.025 0.225 0 0 0 0 255
0.05 0.225 0 0 0 0 255
0.075 0.225 0 0 0 0 255
0.1 0.225 0 0 0 0 255
0.125 0.225 0 0 0 0 255
0.15 0.225 0 0 0 0 255
0.175 0.225 0 0 0 0 255
0.2 0.225 0 0 0 0 255
0.225 0.225 0 0 0 0 255
0.25 0.225 0 0 0 0 255
0.275 0.225 0 0 0 0 255
0.3 0.225 0 0 0 0 255
0.325 0.225 0 0 0 0 255
0.35 0.225 0 0 0 0 255
0.375 0.225 0 0 0 0 255
0.4 0.225 179388 116171 255 0 0
0.425 0.225 -11828.8 355593 255 0 0
0.45 0.225 -204351 600030 255 0 0
0.475 0.225 0 0 0 0 255
0.5 0.225 0 0 0 0 255
-0.5 0.2 0 0 0 0 255
-0.475 0.2 0 0 0 0 255
-0.45 0.2 0 0 0 0 255
-0.425 0.2 0 0 0 0 255
-0.4 0.2 0 0 0 0 255
-0.375 0.2 0 0 0 0 255
-0.35 0.2 0 0 0 0 255
-0.325 0.2 0 0 0 0 255
-0.3 0.2 0 0 0 0 255
-0.275 0.2 0 0 0 0 255
-0.25 0.2 0 0 0 0 255
-0.225 0.2 0 0 0 0 255
-0.2 0.2 0 0 0 0 255
-0.175 0.2 0 0 0 0 255
-0.15 0.2 0 0 0 0 255
-0.125 0.2 0 0 0 0 255
-0.1 0.2 0 0 0 0 255
-0.075 0.2 0 0 0 0 255
-0.05 0.2 0 0 0 0 255
-0.025 0.2 0 0 0 0 255
0 0.2 0 0 0 0 255
0.025 0.2 0 0 0 0 255
0.05 0.2 0 0 0 0 255
0.075 0.2 0 0 0 0 255
0.1 0.2 0 0 0 0 255
0.125 0.2 0 0 0 0 255
0.15 0.2 0 0 0 0 255
0.175 0.2 0 0 0 0 255
0.2 0.2 0 0 0 0 255
0.225 0.2 0 0 0 0 255
0.25 0.2 0 0 0 0 255
0.275 0.2 0 0 0 0 255
0.3 0.2 0 0 0 0 255
0.325 0.2 0 0 0 0 255
0.35 0.2 0 0 0 0 255
0.375 0.2 0 0 0 0 255
0.4 0.2 0 0 0 0 255
0.425 0.2 0 0 0 0 255
0.45 0.2 0 0 0 0 255
0.475 0.2 0 0 0 0 255
0.5 0.2 0 0 0 0 255
-0.5 0.175 0 0 0 0 255
-0.475 0.175 0 0 0 0 255
-0.45 0.175 0 0 0 0 255
-0.425 0.175 0 0 0 0 255
-0.4 0.175 0 0 0 0 255
-0.375 0.175 0 0 0 0 255
-0.35 0.175 0 0 0 0 255
-0.325 0.175 0 0 0 0 255
-0.3 0.175 0 0 0 0 255
-0.275 0.175 0 0 0 0 255
-0.25 0.175 0 0 0 0 255
-0.225 0.175 0 0 0 0 255
-0.2 0.175 0 0 0 0 255
-0.175 0.175 0 0 0 0 255
-0.15 0.175 0 0 0 0 255
-0.125 0.175 0 0 0 0 255
-0.1 0.175 0 0 0 0 255
-0.075 0.175 0 0 0 0 255
-0.05 0.175 0 0 0 0 255
-0.025 0.175 0 0 0 0 255
0 0.175 0 0 0 0 255
0.025 0.175 0 0 0 0 255
0.05 0.175 0 0 0 0 255
0.075 0.175 0 0 0 0 255
0.1 0.175 0 0 0 0 255
0.125 0.175 0 0 0 0 255
0.15 0.175 0 0 0 0 255
0.175 0.175 0 0 0 0 255
0.2 0.175 0 0 0 0 255
0.225 0.175 0 0 0 0 255
0.25 0.175 0 0 0 0 255
0.275 0.175 0 0 0 0 255
0.3 0.175 0 0 0 0 255
0.325 0.175 0 0 0 0 255
0.35 0.175 0 0 0 0 255
0.375 0.175 0 0 0 0 255
0.4 0.175 0 0 0 0 255
0.425 0.175 0 0 0 0 255
0.45 0.175 0 0 0 0 255
0.475 0.175 0 0 0 0 255
0.5 0.175 0 0 0 0 255
-0.5 0.15 0 0 0 0 255
-0.475 0.15 0 0 0 0 255
-0.45 0.15 0 0 0 0 255
-0.425 0.15 0 0 0 0 255
-0.4 0.15 0 0 0 0 255
-0.375 0.15 0 0 0 0 255
-0.35 0.15 0 0 0 0 255
-0.325 0.15 0 0 0 0 255
-0.3 0.15 0 0 0 0 255
-0.275 0.15 0 0 0 0 255
-0.25 0.15 0 0 0 0 255
-0.225 0.15 0 0 0 0 255
-0.2 0.15 0 0 0 0 255
-0.175 0.15 0 0 0 0 255
-0.15 0.15 0 0 0 0 255
-0.125 0.15 0 0 0 0 255
-0.1 0.15 0 0 0 0 255
-0.075 0.15 0 0 0 0 255
-0.05 0.15 0 0 0 0 255
-0.025 0.15 0 0 0 0 255
0 0.15 0 0 0 0 255
0.025 0.15 0 0 0 0 255
0.05 0.15 0 0 0 0 255
0.075 0.15 0 0 0 0 255
0.1 0.15 0 0 0 0 255
0.125 0.15 0 0 0 0 255
0.15 0.15 0 0 0 0 255
0.175 0.15 0 0 0 0 255
0.2 0.15 0 0 0 0 255
0.225 0.15 0 0 0 0 255
0.25 0.15 0 0 0 0 255
0.275 0.15 0 0 0 0 255
0.3 0.15 0 0 0 0 255
0.325 0.15 0 0 0 0 255
0.35 0.15 0 0 0 0 255
0.375 0.15 2471.09 208.215 255 0 0
0.4 0.15 2601.05 -555.991 255 0 0
0.425 0.15 2702.89 -1361.71 255 0 0
0.45 0.15 1374.5 -1216.44 255 0 0
0.475 0.15 0 0 0 0 255
0.5 0.15 0 0 0 0 255
-0.5 0.125 0 0 0 0 255
-0.475 0.125 0 0 0 0 255
-0.45 0.125 0 0 0 0 255
-0.425 0.125 0 0 0 0 255
-0.4 0.125 0 0 0 0 255
-0.375 0.125 0 0 0 0 255
-0.35 0.125 0 0 0 0 255
-0.325 0.125 0 0 0 0 255
-0.3 0.125 0 0 0 0 255
-0.275 0.125 0 0 0 0 255
-0.25 0.125 0 0 0 0 255
-0.225 0.125 0 0 0 0 255
-0.2 0.125 0 0 0 0 255
-0.175 0.125 0 0 0 0 255
-0.15 0.125 0 0 0 0 255
-0.125 0.125 0 0 0 0 255
-0.1 0.125 0 0 0 0 255
-0.075 0.125 0 0 0 0 255
-0.05 0.125 0 0 0 0 255
-0.025 0.125 0 0 0 0 255
0 0.125 0 0 0 0 255
0.025 0.125 0 0 0 0 255
0.05 0.125 0 0 0 0 255
0.075 0.125 0 0 0 0 255
0.1 0.125 0 0 0 0 255
0.125 0.125 0 0 0 0 255
0.15 0.125 0 0 0 0 255
0.175 0.125 0 0 0 0 255
0.2 0.125 0 0 0 0 255
0.225 0.125 0 0 0 0 255
0.25 0.125 0 0 0 0 255
0.275 0.125 0 0 0 0 255
0.3 0.125 0 0 0 0 255
0.325 0.125 0 0 0 0 255
0.35 0.125 1333.59 1406.93 255 0 0
0.375 0.125 1373.22 840.605 255 0 0
0.4 0.125 1496.32 28.3527 255 0 0
0.425 0.125 1618.03 -783.486 255 0 0
0.45 0.125 1739.57 -1595.12 255 0 0
0.475 0.125 2381.25 -2625.87 255 0 0
0.5 0.125 0 0 0 0 255
-0.5 0.1 0 0 0 0 255
-0.475 0.1 -1055.88 -11227.3 255 0 0
-0.45 0.1 -2205.67 -12643.7 255 0 0
-0.425 0.1 -3357.88 -14061 255 0 0
-0.4 0.1 -4368.25 -15648.1 255 0 0
-0.375 0.1 0 0 0 0 255
-0.35 0.1 0 0 0 0 255
-0.325 0.1 0 0 0 0 255
-0.3 0.1 0 0 0 0 255
-0.275 0.1 0 0 0 0 255
-0.25 0.1 0 0 0 0 255
-0.225 0.1 0 0 0 0 255
-0.2 0.1 0 0 0 0 255
-0.175 0.1 0 0 0 0 255
-0.15 0.1 0 0 0 0 255
-0.125 0.1 0 0 0 0 255
-0.1 0.1 0 0 0 0 255
-0.075 0.1 0 0 0 0 255
-0.05 0.1 0 0 0 0 255
-0.025 0.1 0 0 0 0 255
0 0.1 0 0 0 0 255
0.025 0.1 0 0 0 0 255
0.05 0.1 0 0 0 0 255
0.075 0.1 0 0 0 0 255
0.1 0.1 0 0 0 0 255
0.125 0.1 0 0 0 0 255
0.15 0.1 0 0 0 0 255
0.175 0.1 0 0 0 0 255
0.2 0.1 0 0 0 0 255
0.225 0.1 6389.1 -24035.9 255 0 0
0.25 0.1 3213.7 -17437.3 255 0 0
0.275 0.1 448.884 -10839.5 255 0 0
0.3 0.1 -2374.94 -4250.84 255 0 0
0.325 0.1 0 0 0 0 255
0.35 0.1 148.279 2200.54 255 0 0
0.375 0.1 261.865 1415.82 255 0 0
0.4 0.1 384.872 603.282 255 0 0
0.425 0.1 506.398 -208.528 255 0 0
0.45 0.1 628.06 -1020.52 255 0 0
0.475 0.1 764.954 -1846.57 255 0 0
0.5 0.1 0 0 0 0 255
-0.5 0.075 0 0 0 0 255
-0.475 0.075 337.648 -3518.62 255 0 0
-0.45 0.075 -813.561 -4935.29 255 0 0
-0.425 0.075 -1966.91 -6353.42 255 0 0
-0.4 0.075 -3225.75 -7732.52 255 0 0
-0.375 0.075 -4619.39 -9160.54 255 0 0
-0.35 0.075 -5486.16 -10303 255 0 0
-0.325 0.075 -6231.46 -11630.7 255 0 0
-0.3 0.075 -6955.93 -12711.7 255 0 0
-0.275 0.075 -8617.39 -14304.2 255 0 0
-0.25 0.075 -9534.37 -14421.8 255 0 0
-0.225 0.075 -10376.3 -14418 255 0 0
-0.2 0.075 -11633.7 -14234.9 255 0 0
-0.175 0.075 0 0 0 0 255
-0.15 0.075 0 0 0 0 255
-0.125 0.075 0 0 0 0 255
-0.1 0.075 0 0 0 0 255
-0.075 0.075 0 0 0 0 255
-0.05 0.075 0 0 0 0 255
-0.025 0.075 0 0 0 0 255
0 0.075 0 0 0 0 255
0.025 0.075 0 0 0 0 255
0.05 0.075 0 0 0 0 255
0.075 0.075 0 0 0 0 255
0.1 0.075 0 0 0 0 255
0.125 0.075 0 0 0 0 255
0.15 0.075 0 0 0 0 255
0.175 0.075 0 0 0 0 255
0.2 0.075 0 0 0 0 255
0.225 0.075 5675.95 -16802.3 255 0 0
0.25 0.075 2915.6 -10203.8 255 0 0
0.275 0.075 157.193 -3605.35 255 0 0
0.3 0.075 -2601.36 2993.26 255 0 0
0.325 0.075 0 0 0 0 255
0.35 0.075 -1017.86 2927.98 255 0 0
0.375 0.075 -849.427 1990.85 255 0 0
0.4 0.075 -726.663 1178.17 255 0 0
0.425 0.075 -605.329 366.486 255 0 0
0.45 0.075 -483.2 -445.828 255 0 0
0.475 0.075 -349.957 -1268.08 255 0 0
0.5 0.075 0 0 0 0 255
-0.5 0.05 0 0 0 0 255
-0.475 0.05 1729.58 4189.8 255 0 0
-0.45 0.05 578.484 2773.27 255 0 0
-0.425 0.05 -571.367 1360.29 255 0 0
-0.4 0.05 -1520.94 386.216 255 0 0
-0.375 0.05 -2109.97 -72.6856 255 0 0
-0.35 0.05 -1972.93 -5.52811 255 0 0
-0.325 0.05 -1636.69 6.62348 255 0 0
-0.3 0.05 -1447.35 -4.55329 255 0 0
-0.275 0.05 -1767.16 -6.16483 255 0 0
-0.25 0.05 -2578.75 5.70168 255 0 0
-0.225 0.05 -3410.7 19.6515 255 0 0
-0.2 0.05 -4255.44 60.8416 255 0 0
-0.175 0.05 0 0 0 0 255
-0.15 0.05 0 0 0 0 255
-0.125 0.05 0 0 0 0 255
-0.1 0.05 0 0 0 0 255
-0.075 0.05 0 0 0 0 255
-0.05 0.05 0 0 0 0 255
-0.025 0.05 0 0 0 0 255
0 0.05 0 0 0 0 255
0.025 0.05 0 0 0 0 255
0.05 0.05 0 0 0 0 255
0.075 0.05 0 0 0 0 255
0.1 0.05 0 0 0 0 255
0.125 0.05 0 0 0 0 255
0.15 0.05 0 0 0 0 255
0.175 0.05 0 0 0 0 255
0.2 0.05 0 0 0 0 255
0.225 0.05 5382.76 -9568.81 255 0 0
0.25 0.05 2624.38 -2970.37 255 0 0
0.275 0.05 -134.01 3628.09 255 0 0
0.3 0.05 -2892.56 10226.6 255 0 0
0.325 0.05 0 0 0 0 255
0.35 0.05 0 0 0 0 255
0.375 0.05 0 0 0 0 255
0.4 0.05 -2003.37 1370.34 255 0 0
0.425 0.05 -1745.19 1007.78 255 0 0
0.45 0.05 -1596.18 132.305 255 0 0
0.475 0.05 -1472.45 -681.95 255 0 0
0.5 0.05 0 0 0 0 255
-0.5 0.025 0 0 0 0 255
-0.475 0.025 3121.5 11898.2 255 0 0
-0.45 0.025 1970.75 10482 255 0 0
-0.425 0.025 835.8 9088.93 255 0 0
-0.4 0.025 265.544 8598.06 255 0 0
-0.375 0.025 461.77 9093.82 255 0 0
-0.35 0.025 1535.59 10293.7 255 0 0
-0.325 0.025 2979.61 11629.6 255 0 0
-0.3 0.025 4070.4 12686.7 255 0 0
-0.275 0.025 5079.07 14290.2 255 0 0
-0.25 0.025 4376.49 14432.6 255 0 0
-0.225 0.025 3552.65 14457 255 0 0
-0.2 0.025 2649.25 14605.9 255 0 0
-0.175 0.025 0 0 0 0 255
-0.15 0.025 0 0 0 0 255
-0.125 0.025 0 0 0 0 255
-0.1 0.025 0 0 0 0 255
-0.075 0.025 0 0 0 0 255
-0.05 0.025 0 0 0 0 255
-0.025 0.025 0 0 0 0 255
0 0.025 0 0 0 0 255
0.025 0.025 0 0 0 0 255
0.05 0.025 0 0 0 0 255
0.075 0.025 0 0 0 0 255
0.1 0.025 0 0 0 0 255
0.125 0.025 0 0 0 0 255
0.15 0.025 0 0 0 0 255
0.175 0.025 0 0 0 0 255
0.2 0.025 0 0 0 0 255
0.225 0.025 5091.58 -2335.38 255 0 0
0.25 0.025 2333.2 4263.07 255 0 0
0.275 0.025 -425.29 10861.6 255 0 0
0.3 0.025 -3185.86 17460.6 255 0 0
0.325 0.025 0 0 0 0 255
0.35 0.025 0 0 0 0 255
0.375 0.025 0 0 0 0 255
0.4 0.025 0 0 0 0 255
0.425 0.025 0 0 0 0 255
0.45 0.025 0 0 0 0 255
0.475 0.025 0 0 0 0 255
0.5 0.025 0 0 0 0 255
-0.5 0 0 0 0 0 255
-0.475 0 0 0 0 0 255
-0.45 0 0 0 0 0 255
-0.425 0 0 0 0 0 255
-0.4 0 0 0 0 0 255
-0.375 0 0 0 0 0 255
-0.35 0 0 0 0 0 255
-0.325 0 0 0 0 0 255
-0.3 0 0 0 0 0 255
-0.275 0 0 0 0 0 255
-0.25 0 0 0 0 0 255
-0.225 0 0 0 0 0 255
-0.2 0 0 0 0 0 255
-0.175 0 0 0 0 0 255
-0.15 0 0 0 0 0 255
-0.125 0 0 0 0 0 255
-0.1 0 0 0 0 0 255
-0.075 0 0 0 0 0 255
-0.05 0 0 0 0 0 255
-0.025 0 0 0 0 0 255
0 0 0 0 0 0 255
0.025 0 0 0 0 0 255
0.05 0 0 0 0 0 255
0.075 0 0 0 0 0 255
0.1 0 0 0 0 0 255
0.125 0 0 0 0 0 255
0.15 0 0 0 0 0 255
0.175 0 0 0 0 0 255
0.2 0 0 0 0 0 255
0.225 0 0 0 0 0 255
0.25 0 0 0 0 0 255
0.275 0 0 0 0 0 255
0.3 0 0 0 0 0 255
0.325 0 0 0 0 0 255
0.35 0 0 0 0 0 255
0.375 0 0 0 0 0 255
0.4 0 0 0 0 0 255
0.425 0 0 0 0 0 255
0.45 0 0 0 0 0 255
0.475 0 0 0 0 0 255
0.5 0 0 0 0 0 255
