-0.5 1 5509.52 -2001.69 0 0 255
-0.475 1 5613.18 -1972.03 0 0 255
-0.45 1 5689.16 -1929.19 0 0 255
-0.425 1 5730.73 -1871.72 0 0 255
-0.4 1 5730.41 -1798.3 0 0 255
-0.375 1 5679.96 -1707.86 0 0 255
-0.35 1 5570.41 -1599.69 0 0 255
-0.325 1 5392.25 -1473.62 0 0 255
-0.3 1 5135.79 -1330.27 0 0 255
-0.275 1 4792.06 -1171.39 0 0 255
-0.25 1 4354.5 -1000.28 0 0 255
-0.225 1 3822.08 -822.429 0 0 255
-0.2 1 3204.52 -646.059 0 0 255
-0.175 1 2529.81 -482.456 0 0 255
-0.15 1 1852.4 -345.189 0 0 255
-0.125 1 1255.33 -247.088 0 0 255
-0.1 1 833.3 -194.258 0 0 255
-0.075 1 645.678 -179.614 0 0 255
-0.05 1 655.096 -183.201 0 0 255
-0.025 1 173.435 -15.4746 0 0 255
0 1 142.047 -32.5752 0 0 255
0.025 1 124.705 -65.1985 0 0 255
0.05 1 113.962 -111.603 0 0 255
0.075 1 139.212 -169.73 0 0 255
0.1 1 1864.2 -98.4814 0 0 255
0.125 1 1838.09 -138.523 0 0 255
0.15 1 1800.04 -194.908 0 0 255
0.175 1 1753.73 -260.852 0 0 255
0.2 1 1701.7 -331.668 0 0 255
0.225 1 1645.9 -403.852 0 0 255
0.25 1 1587.96 -474.661 0 0 255
0.275 1 1529.38 -541.815 0 0 255
0.3 1 1471.66 -603.254 0 0 255
0.325 1 1416.44 -656.936 0 0 255
0.35 1 1365.57 -700.676 0 0 255
0.375 1 1321.2 -732.023 0 0 255
0.4 1 1285.83 -748.18 0 0 255
0.425 1 1262.32 -745.959 0 0 255
0.45 1 1253.88 -721.775 0 0 255
0.475 1 1264.04 -671.683 0 0 255
0.5 1 1296.59 -591.443 0 0 255
-0.5 0.975 5403.17 -2032.12 0 0 255
-0.475 0.975 5538.8 -2013.96 0 0 255
-0.45 0.975 5650.45 -1982.69 0 0 255
-0.425 0.975 5731.01 -1936.49 0 0 255
-0.4 0.975 5772.43 -1873.62 0 0 255
-0.375 0.975 5765.72 -1792.54 0 0 255
-0.35 0.975 5700.89 -1692.01 0 0 255
-0.325 0.975 5566.97 -1571.28 0 0 255
-0.3 0.975 5352.32 -1430.36 0 0 255
-0.275 0.975 5045.15 -1270.36 0 0 255
-0.25 0.975 4635.05 -1094 0 0 255
-0.225 0.975 4115.88 -906.335 0 0 255
-0.2 0.975 3491.22 -715.58 0 0 255
-0.175 0.975 2783.43 -533.849 0 0 255
-0.15 0.975 2045.5 -376.916 0 0 255
-0.125 0.975 1369.33 -261.359 0 0 255
-0.1 0.975 872.86 -197.346 0 0 255
-0.075 0.975 644.371 -179.117 0 0 255
-0.05 0.975 655.096 -183.201 0 0 255
-0.025 0.975 173.435 -15.4746 0 0 255
0 0.975 142.047 -32.5752 0 0 255
0.025 0.975 124.705 -65.1985 0 0 255
0.05 0.975 113.962 -111.603 0 0 255
0.075 0.975 139.212 -169.73 0 0 255
0.1 0.975 1864.2 -98.4814 0 0 255
0.125 0.975 1834.47 -144.077 0 0 255
0.15 0.975 1791.62 -207.388 0 0 255
0.175 0.975 1740.02 -280.38 0 0 255
0.2 0.975 1682.62 -357.636 0 0 255
0.225 0.975 1621.66 -435.205 0 0 255
0.25 0.975 1559 -510.054 0 0 255
0.275 0.975 1496.37 -579.661 0 0 255
0.3 0.975 1435.54 -641.705 0 0 255
0.325 0.975 1378.51 -693.806 0 0 255
0.35 0.975 1327.58 -733.334 0 0 255
0.375 0.975 1285.46 -757.271 0 0 255
0.4 0.975 1255.3 -762.127 0 0 255
0.425 0.975 1240.69 -743.915 0 0 255
0.45 0.975 1245.64 -698.175 0 0 255
0.475 0.975 1274.51 -620.053 0 0 255
0.5 0.975 1331.89 -504.413 0 0 255
-0.5 0.95 5257.08 -2051.68 0 0 255
-0.475 0.95 5424.01 -2046.11 0 0 255
-0.45 0.95 5571.65 -2027.88 0 0 255
-0.425 0.95 5692.58 -1994.8 0 0 255
-0.4 0.95 5778.31 -1944.66 0 0 255
-0.375 0.95 5819.14 -1875.36 0 0 255
-0.35 0.95 5804.1 -1785.06 0 0 255
-0.325 0.95 5720.89 -1672.33 0 0 255
-0.3 0.95 5555.92 -1536.42 0 0 255
-0.275 0.95 5294.64 -1377.65 0 0 255
-0.25 0.95 4922.61 -1197.94 0 0 255
-0.225 0.95 4427.97 -1001.64 0 0 255
-0.2 0.95 3806.83 -796.615 0 0 255
-0.175 0.95 3073.28 -595.489 0 0 255
-0.15 0.95 2275.2 -416.171 0 0 255
-0.125 0.95 1510.7 -279.587 0 0 255
-0.1 0.95 923.983 -201.425 0 0 255
-0.075 0.95 642.779 -178.51 0 0 255
-0.05 0.95 655.096 -183.201 0 0 255
-0.025 0.95 173.435 -15.4746 0 0 255
0 0.95 142.047 -32.5752 0 0 255
0.025 0.95 124.705 -65.1985 0 0 255
0.05 0.95 113.962 -111.603 0 0 255
0.075 0.95 139.212 -169.73 0 0 255
0.1 0.95 1864.2 -98.4814 0 0 255
0.125 0.95 1830.05 -150.848 0 0 255
0.15 0.95 1781.48 -222.368 0 0 255
0.175 0.95 1723.71 -303.459 0 0 255
0.2 0.95 1660.17 -387.851 0 0 255
0.225 0.95 1593.44 -471.11 0 0 255
0.25 0.95 1525.65 -549.891 0 0 255
0.275 0.95 1458.81 -621.402 0 0 255
0.3 0.95 1395.06 -682.993 0 0 255
0.325 0.95 1336.89 -731.831 0 0 255
0.35 0.95 1287.2 -764.676 0 0 255
0.375 0.95 1249.46 -777.731 0 0 255
0.4 0.95 1227.68 -766.572 0 0 255
0.425 0.95 1226.44 -726.158 0 0 255
0.45 0.95 1250.76 -650.907 0 0 255
0.475 0.95 1306 -534.846 0 0 255
0.5 0.95 1397.7 -371.801 0 0 255
-0.5 0.925 5067.99 -2058 0 0 255
-0.475 0.925 5264.26 -2065.82 0 0 255
-0.45 0.925 5447.03 -2061.97 0 0 255
-0.425 0.925 5608.77 -2043.83 0 0 255
-0.4 0.925 5740.59 -2008.69 0 0 255
-0.375 0.925 5832.21 -1953.86 0 0 255
-0.35 0.925 5871.8 -1876.78 0 0 255
-0.325 0.925 5845.78 -1775.21 0 0 255
-0.3 0.925 5738.74 -1647.51 0 0 255
-0.275 0.925 5533.47 -1493.01 0 0 255
-0.25 0.925 5211.47 -1312.58 0 0 255
-0.225 0.925 4754.83 -1109.53 0 0 255
-0.2 0.925 4150.95 -890.968 0 0 255
-0.175 0.925 3402.84 -669.537 0 0 255
-0.15 0.925 2548.43 -464.987 0 0 255
-0.125 0.925 1687.14 -303.092 0 0 255
-0.1 0.925 990.938 -206.881 0 0 255
-0.075 0.925 640.812 -177.761 0 0 255
-0.05 0.925 655.096 -183.201 0 0 255
-0.025 0.925 173.435 -15.4746 0 0 255
0 0.925 142.047 -32.5752 0 0 255
0.025 0.925 124.705 -65.1985 0 0 255
0.05 0.925 113.962 -111.603 0 0 255
0.075 0.925 139.212 -169.73 0 0 255
0.1 0.925 1864.2 -98.4814 0 0 255
0.125 0.925 1824.6 -159.213 0 0 255
0.15 0.925 1769.14 -240.54 0 0 255
0.175 0.925 1704.12 -330.956 0 0 255
0.2 0.925 1633.55 -423.208 0 0 255
0.225 0.925 1560.39 -512.351 0 0 255
0.25 0.925 1487.07 -594.721 0 0 255
0.275 0.925 1415.99 -667.213 0 0 255
0.3 0.925 1349.78 -726.743 0 0 255
0.325 0.925 1291.6 -769.85 0 0 255
0.35 0.925 1245.21 -792.434 0 0 255
0.375 0.925 1215.1 -789.615 0 0 255
0.4 0.925 1206.47 -755.701 0 0 255
0.425 0.925 1225.15 -684.263 0 0 255
0.45 0.925 1277.45 -568.305 0 0 255
0.475 0.925 1369.93 -400.52 0 0 255
0.5 0.925 1509.17 -173.607 0 0 255
-0.5 0.9 4833.69 -2048.66 0 0 255
-0.475 0.9 5055.65 -2070.22 0 0 255
-0.45 0.9 5271.1 -2081.7 0 0 255
-0.425 0.9 5472.58 -2080.13 0 0 255
-0.4 0.9 5651.05 -2062.28 0 0 255
-0.375 0.9 5795.8 -2024.78 0 0 255
-0.35 0.9 5894.21 -1964.29 0 0 255
-0.325 0.9 5931.61 -1877.61 0 0 255
-0.3 0.9 5890.9 -1762.04 0 0 255
-0.275 0.9 5752.37 -1615.67 0 0 255
-0.25 0.9 5493.66 -1438.06 0 0 255
-0.225 0.9 5090.71 -1231.09 0 0 255
-0.2 0.9 4521.32 -1000.59 0 0 255
-0.175 0.9 3774.68 -758.557 0 0 255
-0.15 0.9 2872.89 -525.974 0 0 255
-0.125 0.9 1908.61 -333.697 0 0 255
-0.1 0.9 1079.92 -214.281 0 0 255
-0.075 0.9 638.344 -176.821 0 0 255
-0.05 0.9 655.096 -183.201 0 0 255
-0.025 0.9 173.435 -15.4746 0 0 255
0 0.9 142.047 -32.5752 0 0 255
0.025 0.9 124.705 -65.1985 0 0 255
0.05 0.9 113.962 -111.603 0 0 255
0.075 0.9 139.212 -169.73 0 0 255
0.1 0.9 1864.2 -98.4814 0 0 255
0.125 0.9 1817.75 -169.705 0 0 255
0.15 0.9 1753.93 -262.85 0 0 255
0.175 0.9 1680.35 -364.004 0 0 255
0.2 0.9 1601.73 -464.814 0 0 255
0.225 0.9 1521.42 -559.829 0 0 255
0.25 0.9 1442.25 -645.069 0 0 255
0.275 0.9 1367.12 -717.05 0 0 255
0.3 0.9 1299.36 -772.082 0 0 255
0.325 0.9 1243.08 -805.796 0 0 255
0.35 0.9 1203.25 -812.86 0 0 255
0.375 0.9 1185.79 -786.872 0 0 255
0.4 0.9 1197.5 -720.416 0 0 255
0.425 0.9 1245.82 -605.259 0 0 255
0.45 0.9 1338.61 -432.676 0 0 255
0.475 0.9 1483.82 -193.874 0 0 255
0.5 0.9 1689.04 119.515 0 0 255
-0.5 0.875 4553.91 -2021.48 0 0 255
-0.475 0.875 4795.72 -2056.37 0 0 255
-0.45 0.875 5039.17 -2083.52 0 0 255
-0.425 0.875 5277.24 -2099.67 0 0 255
-0.4 0.875 5501.04 -2101.13 0 0 255
-0.375 0.875 5699.67 -2083.87 0 0 255
-0.35 0.875 5859.98 -2043.63 0 0 255
-0.325 0.875 5966.32 -1976.16 0 0 255
-0.3 0.875 6000.12 -1877.43 0 0 255
-0.275 0.875 5939.42 -1744.08 0 0 255
-0.25 0.875 5758.3 -1573.98 0 0 255
-0.225 0.875 5426.82 -1367.16 0 0 255
-0.2 0.875 4912.86 -1127.52 0 0 255
-0.175 0.875 4189.52 -865.548 0 0 255
-0.15 0.875 3256.53 -602.472 0 0 255
-0.125 0.875 2187.92 -373.946 0 0 255
-0.1 0.875 1200.05 -224.472 0 0 255
-0.075 0.875 635.193 -175.621 0 0 255
-0.05 0.875 655.096 -183.201 0 0 255
-0.025 0.875 173.435 -15.4746 0 0 255
0 0.875 142.047 -32.5752 0 0 255
0.025 0.875 124.705 -65.1985 0 0 255
0.05 0.875 113.962 -111.603 0 0 255
0.075 0.875 139.212 -169.73 0 0 255
0.1 0.875 1864.2 -98.4814 0 0 255
0.125 0.875 1809.02 -183.102 0 0 255
0.15 0.875 1734.91 -290.605 0 0 255
0.175 0.875 1651.19 -404.093 0 0 255
0.2 0.875 1563.34 -514.039 0 0 255
0.225 0.875 1475.17 -614.547 0 0 255
0.25 0.875 1389.99 -701.34 0 0 255
0.275 0.875 1311.4 -770.434 0 0 255
0.3 0.875 1243.75 -817.248 0 0 255
0.325 0.875 1192.56 -836.058 0 0 255
0.35 0.875 1164.52 -819.728 0 0 255
0.375 0.875 1167.56 -759.714 0 0 255
0.4 0.875 1210.55 -646.277 0 0 255
0.425 0.875 1303.03 -468.908 0 0 255
0.45 0.875 1454.64 -216.896 0 0 255
0.475 0.875 1674.67 119.983 0 0 255
0.5 0.875 1971.42 550.735 0 0 255
-0.5 0.85 4231.37 -1974.94 0 0 255
-0.475 0.85 4484.59 -2021.67 0 0 255
-0.45 0.85 4748.51 -2063.8 0 0 255
-0.425 0.85 5017.07 -2097.97 0 0 255
-0.4 0.85 5282.08 -2120.16 0 0 255
-0.375 0.85 5532.89 -2125.73 0 0 255
-0.35 0.85 5756.16 -2109.51 0 0 255
-0.325 0.85 5935.55 -2066.03 0 0 255
-0.3 0.85 6051.25 -1989.75 0 0 255
-0.275 0.85 6079.34 -1875.5 0 0 255
-0.25 0.85 5990.8 -1719.05 0 0 255
-0.225 0.85 5750.42 -1518.04 0 0 255
-0.2 0.85 5316.5 -1273.71 0 0 255
-0.175 0.85 4644.86 -993.941 0 0 255
-0.15 0.85 3706.57 -698.714 0 0 255
-0.125 0.85 2541.15 -427.394 0 0 255
-0.1 0.85 1365.02 -238.74 0 0 255
-0.075 0.85 631.086 -174.057 0 0 255
-0.05 0.85 655.096 -183.201 0 0 255
-0.025 0.85 173.435 -15.4746 0 0 255
0 0.85 142.047 -32.5752 0 0 255
0.025 0.85 124.705 -65.1985 0 0 255
0.05 0.85 113.962 -111.603 0 0 255
0.075 0.85 139.212 -169.73 0 0 255
0.1 0.85 1864.2 -98.4814 0 0 255
0.125 0.85 1797.63 -200.562 0 0 255
0.15 0.85 1710.74 -325.655 0 0 255
0.175 0.85 1614.96 -453.204 0 0 255
0.2 0.85 1516.58 -572.556 0 0 255
0.225 0.85 1419.91 -677.542 0 0 255
0.25 0.85 1328.89 -763.61 0 0 255
0.275 0.85 1248.13 -826.049 0 0 255
0.3 0.85 1183.59 -858.892 0 0 255
0.325 0.85 1142.82 -854.33 0 0 255
0.35 0.85 1135.06 -802.571 0 0 255
0.375 0.85 1170.98 -692.06 0 0 255
0.4 0.85 1262.2 -510.017 0 0 255
0.425 0.85 1420.68 -243.234 0 0 255
0.45 0.85 1657.9 120.958 0 0 255
0.475 0.85 1984.04 593.649 0 0 255
0.5 0.85 2407.21 1183.32 0 0 255
-0.5 0.825 3873.24 -1908.86 0 0 255
-0.475 0.825 4126.57 -1964.53 0 0 255
-0.45 0.825 4399.95 -2019.45 0 0 255
-0.425 0.825 4689.08 -2070.5 0 0 255
-0.4 0.825 4987.19 -2113.62 0 0 255
-0.375 0.825 5284.68 -2143.76 0 0 255
-0.35 0.825 5568.66 -2154.96 0 0 255
-0.325 0.825 5822.61 -2140.48 0 0 255
-0.3 0.825 6025.84 -2093.07 0 0 255
-0.275 0.825 6152.82 -2005.36 0 0 255
-0.25 0.825 6171.94 -1870.51 0 0 255
-0.225 0.825 6043.56 -1683.1 0 0 255
-0.2 0.825 5717.62 -1440.79 0 0 255
-0.175 0.825 5133 -1147.53 0 0 255
-0.15 0.825 4227.59 -820.013 0 0 255
-0.125 0.825 2987.74 -499.029 0 0 255
-0.1 0.825 1595.68 -259.068 0 0 255
-0.075 0.825 625.601 -171.968 0 0 255
-0.05 0.825 655.096 -183.201 0 0 255
-0.025 0.825 173.435 -15.4746 0 0 255
0 0.825 142.047 -32.5752 0 0 255
0.025 0.825 124.705 -65.1985 0 0 255
0.05 0.825 113.962 -111.603 0 0 255
0.075 0.825 139.212 -169.73 0 0 255
0.1 0.825 1864.2 -98.4814 0 0 255
0.125 0.825 1782.42 -223.883 0 0 255
0.15 0.825 1679.48 -370.672 0 0 255
0.175 0.825 1569.32 -513.977 0 0 255
0.2 0.825 1459.05 -642.357 0 0 255
0.225 0.825 1353.45 -749.714 0 0 255
0.25 0.825 1257.38 -831.222 0 0 255
0.275 0.825 1177.08 -880.986 0 0 255
0.3 0.825 1120.94 -890.766 0 0 255
0.325 0.825 1099.69 -849.505 0 0 255
0.35 0.825 1126.21 -743.482 0 0 255
0.375 0.825 1214.87 -557.018 0 0 255
0.4 0.825 1380.68 -273.592 0 0 255
0.425 0.825 1638.09 122.749 0 0 255
0.45 0.825 1999.79 645.855 0 0 255
0.475 0.825 2475.55 1305.99 0 0 255
0.5 0.825 3071.21 2108.57 0 0 255
-0.5 0.8 3492.53 -1825.19 0 0 255
-0.475 0.8 3732.07 -1885.28 0 0 255
-0.45 0.8 4000.25 -1948.88 0 0 255
-0.425 0.8 4295.35 -2013.55 0 0 255
-0.4 0.8 4613.15 -2075.71 0 0 255
-0.375 0.8 4946.26 -2130.41 0 0 255
-0.35 0.8 5283.44 -2171.23 0 0 255
-0.325 0.8 5608.93 -2190.34 0 0 255
-0.3 0.8 5901.89 -2178.68 0 0 255
-0.275 0.8 6135.67 -2126.36 0 0 255
-0.25 0.8 6276.59 -2023.27 0 0 255
-0.225 0.8 6281.55 -1860.04 0 0 255
-0.2 0.8 6094 -1629.59 0 0 255
-0.175 0.8 5638.26 -1330.3 0 0 255
-0.15 0.8 4818.25 -972.931 0 0 255
-0.125 0.8 3549.3 -595.828 0 0 255
-0.1 0.8 1924.14 -288.559 0 0 255
-0.075 0.8 618.055 -169.094 0 0 255
-0.05 0.8 655.096 -183.201 0 0 255
-0.025 0.8 173.435 -15.4746 0 0 255
0 0.8 142.047 -32.5752 0 0 255
0.025 0.8 124.705 -65.1985 0 0 255
0.05 0.8 113.962 -111.603 0 0 255
0.075 0.8 139.212 -169.73 0 0 255
0.1 0.8 1864.2 -98.4814 0 0 255
0.125 0.8 1761.5 -255.962 0 0 255
0.15 0.8 1638.15 -429.602 0 0 255
0.175 0.8 1510.94 -589.93 0 0 255
0.2 0.8 1387.48 -725.671 0 0 255
0.225 0.8 1273.08 -831.429 0 0 255
0.25 0.8 1174 -901.96 0 0 255
0.275 0.8 1099.22 -929.241 0 0 255
0.3 0.8 1061.04 -901.202 0 0 255
0.325 0.8 1075.06 -801.657 0 0 255
0.35 0.8 1159.29 -611.203 0 0 255
0.375 0.8 1332.88 -308.846 0 0 255
0.4 0.8 1614.37 125.871 0 0 255
0.425 0.8 2019.83 710.539 0 0 255
0.45 0.8 2561.12 1457.67 0 0 255
0.475 0.8 3244.47 2372.9 0 0 255
0.5 0.8 4069.64 3453.83 0 0 255
-0.5 0.775 3109.02 -1728.99 0 0 255
-0.475 0.775 3319.52 -1787.45 0 0 255
-0.45 0.775 3564.84 -1853.44 0 0 255
-0.425 0.775 3846.59 -1925.77 0 0 255
-0.4 0.775 4164.31 -2002.02 0 0 255
-0.375 0.775 4514.47 -2078.14 0 0 255
-0.35 0.775 4889.31 -2148.09 0 0 255
-0.325 0.775 5275.71 -2203.6 0 0 255
-0.3 0.775 5654.2 -2234.11 0 0 255
-0.275 0.775 5998.06 -2227.03 0 0 255
-0.25 0.775 6272.17 -2168.33 0 0 255
-0.225 0.775 6430.9 -2043.54 0 0 255
-0.2 0.775 6413.24 -1839.24 0 0 255
-0.175 0.775 6133.35 -1546.06 0 0 255
-0.15 0.775 5466.08 -1165.45 0 0 255
-0.125 0.775 4245.74 -727.505 0 0 255
-0.1 0.775 2400.01 -332.086 0 0 255
-0.075 0.775 607.293 -164.995 0 0 255
-0.05 0.775 655.096 -183.201 0 0 255
-0.025 0.775 173.435 -15.4746 0 0 255
0 0.775 142.047 -32.5752 0 0 255
0.025 0.775 124.705 -65.1985 0 0 255
0.05 0.775 113.962 -111.603 0 0 255
0.075 0.775 139.212 -169.73 0 0 255
0.1 0.775 1864.2 -98.4814 0 0 255
0.125 0.775 1731.66 -301.721 0 0 255
0.15 0.775 1582.15 -508.427 0 0 255
0.175 0.775 1434.98 -685.68 0 0 255
0.2 0.775 1297.48 -824.631 0 0 255
0.225 0.775 1175.54 -921.593 0 0 255
0.25 0.775 1077.99 -970.311 0 0 255
0.275 0.775 1018.51 -958.683 0 0 255
0.3 0.775 1015.89 -868.033 0 0 255
0.325 0.775 1092.99 -674.214 0 0 255
0.35 0.775 1274.77 -350.068 0 0 255
0.375 0.775 1585.53 131.214 0 0 255
0.4 0.775 2045.97 792.405 0 0 255
0.425 0.775 2670.52 1648.83 0 0 255
0.45 0.775 3465.34 2705.76 0 0 255
0.475 0.775 4427.24 3957.01 0 0 255
0.5 0.775 5543.78 5384.86 0 0 255
-0.5 0.75 2748.72 -1628.92 0 0 255
-0.475 0.75 2916.11 -1678.93 0 0 255
-0.45 0.75 3120.2 -1739.3 0 0 255
-0.425 0.75 3366.1 -1810.47 0 0 255
-0.4 0.75 3657.95 -1891.95 0 0 255
-0.375 0.75 3997.72 -1981.7 0 0 255
-0.35 0.75 4383.65 -2075.44 0 0 255
-0.325 0.75 4808.32 -2165.93 0 0 255
-0.3 0.75 5256.75 -2242.3 0 0 255
-0.275 0.75 5704.64 -2289.86 0 0 255
-0.25 0.75 6116.98 -2290.35 0 0 255
-0.225 0.75 6446.39 -2222.85 0 0 255
-0.2 0.75 6629.14 -2065.39 0 0 255
-0.175 0.75 6574.44 -1797.66 0 0 255
-0.15 0.75 6139.58 -1407.15 0 0 255
-0.125 0.75 5085.98 -907.512 0 0 255
-0.1 0.75 3098.49 -397.188 0 0 255
-0.075 0.75 591.217 -158.872 0 0 255
-0.05 0.75 655.096 -183.201 0 0 255
-0.025 0.75 173.435 -15.4746 0 0 255
0 0.75 142.047 -32.5752 0 0 255
0.025 0.75 124.705 -65.1985 0 0 255
0.05 0.75 113.962 -111.603 0 0 255
0.075 0.75 139.212 -169.73 0 0 255
0.1 0.75 1864.2 -98.4814 0 0 255
0.125 0.75 1687.09 -370.067 0 0 255
0.15 0.75 1504.03 -616.423 0 0 255
0.175 0.75 1334.26 -806.984 0 0 255
0.2 0.75 1183.08 -940.244 0 0 255
0.225 0.75 1057.38 -1015.54 0 0 255
0.25 0.75 971.056 -1023.72 0 0 255
0.275 0.75 946.291 -944.563 0 0 255
0.3 0.75 1012.42 -748.093 0 0 255
0.325 0.75 1202.69 -398.472 0 0 255
0.35 0.75 1549.81 140.37 0 0 255
0.375 0.75 2081 898.586 0 0 255
0.4 0.75 2813.75 1894.94 0 0 255
0.425 0.75 3752.9 3133.03 0 0 255
0.45 0.75 4889.68 4599.82 0 0 255
0.475 0.75 6202.56 6266.38 0 0 255
0.5 0.75 7659.57 8090.55 0 0 255
-0.5 0.725 2440.85 -1536.95 0 0 255
-0.475 0.725 2555.86 -1572.37 0 0 255
-0.45 0.725 2703.86 -1618.79 0 0 255
-0.425 0.725 2892.5 -1678.25 0 0 255
-0.4 0.725 3130.06 -1752.51 0 0 255
-0.375 0.725 3424.63 -1842.49 0 0 255
-0.35 0.725 3782.56 -1947.37 0 0 255
-0.325 0.725 4206.04 -2063.35 0 0 255
-0.3 0.725 4689.86 -2182.1 0 0 255
-0.275 0.725 5217.77 -2289.29 0 0 255
-0.25 0.725 5759.25 -2363.65 0 0 255
-0.225 0.725 6267.32 -2377.15 0 0 255
-0.2 0.725 6676.32 -2296.33 0 0 255
-0.175 0.725 6894.49 -2085.07 0 0 255
-0.15 0.725 6777.32 -1709.57 0 0 255
-0.125 0.725 6048.76 -1154.72 0 0 255
-0.1 0.725 4125.68 -494.823 0 0 255
-0.075 0.725 565.705 -149.156 0 0 255
-0.05 0.725 655.096 -183.201 0 0 255
-0.025 0.725 173.435 -15.4746 0 0 255
0 0.725 142.047 -32.5752 0 0 255
0.025 0.725 124.705 -65.1985 0 0 255
0.05 0.725 113.962 -111.603 0 0 255
0.075 0.725 139.212 -169.73 0 0 255
0.1 0.725 1864.2 -98.4814 0 0 255
0.125 0.725 1616.36 -478.535 0 0 255
0.15 0.725 1391.22 -768.225 0 0 255
0.175 0.725 1198.04 -959.887 0 0 255
0.2 0.725 1036.47 -1069.46 0 0 255
0.225 0.725 916.422 -1099.99 0 0 255
0.25 0.725 862.38 -1034.01 0 0 255
0.275 0.725 912.065 -835.17 0 0 255
0.3 0.725 1111.02 -455.122 0 0 255
0.325 0.725 1504.62 156.304 0 0 255
0.35 0.725 2129.44 1040.15 0 0 255
0.375 0.725 3006.18 2219.16 0 0 255
0.4 0.725 4135.71 3692.47 0 0 255
0.425 0.725 5498.76 5434.63 0 0 255
0.45 0.725 7058.86 7398.71 0 0 255
0.475 0.725 8767.14 9521.85 0 0 255
0.5 0.725 10567.8 11731.7 0 0 255
-0.5 0.7 2211.67 -1466.37 0 0 255
-0.475 0.7 2273.48 -1483.79 0 0 255
-0.45 0.7 2359.38 -1510.2 0 0 255
-0.425 0.7 2477.37 -1548.48 0 0 255
-0.4 0.7 2637.52 -1602.06 0 0 255
-0.375 0.7 2852.11 -1674.73 0 0 255
-0.35 0.7 3135.04 -1770.04 0 0 255
-0.325 0.7 3500.21 -1890.11 0 0 255
-0.3 0.7 3958.07 -2033.51 0 0 255
-0.275 0.7 4510.06 -2192.09 0 0 255
-0.25 0.7 5141.24 -2347.24 0 0 255
-0.225 0.7 5813.44 -2466.83 0 0 255
-0.2 0.7 6461.66 -2504.21 0 0 255
-0.175 0.7 6992.82 -2400.18 0 0 255
-0.15 0.7 7272.71 -2086.85 0 0 255
-0.125 0.7 7048.76 -1497.87 0 0 255
-0.1 0.7 5599.09 -637.889 0 0 255
-0.075 0.7 521.629 -132.369 0 0 255
-0.05 0.7 655.096 -183.201 0 0 255
-0.025 0.7 173.435 -15.4746 0 0 255
0 0.7 142.047 -32.5752 0 0 255
0.025 0.7 124.705 -65.1985 0 0 255
0.05 0.7 113.962 -111.603 0 0 255
0.075 0.7 139.212 -169.73 0 0 255
0.1 0.7 1864.2 -98.4814 0 0 255
0.125 0.7 1494.16 -665.926 0 0 255
0.15 0.7 1221.53 -986.577 0 0 255
0.175 0.7 1010.15 -1146.3 0 0 255
0.2 0.7 848.602 -1196.88 0 0 255
0.225 0.7 757.033 -1140.51 0 0 255
0.25 0.7 783.023 -937.125 0 0 255
0.275 0.7 990.885 -519.739 0 0 255
0.3 0.7 1445.99 184.735 0 0 255
0.325 0.7 2198.54 1234.26 0 0 255
0.35 0.7 3271.58 2655.78 0 0 255
0.375 0.7 4656.23 4438.1 0 0 255
0.4 0.7 6314.03 6533.77 0 0 255
0.425 0.7 8184.47 8867.3 0 0 255
0.45 0.7 10194.3 11346.1 0 0 255
0.475 0.7 12266.4 13870.9 0 0 255
0.5 0.7 14326.2 16343.9 0 0 255
-0.5 0.675 2076.45 -1428.26 0 0 255
-0.475 0.675 2094.2 -1428.68 0 0 255
-0.45 0.675 2124.67 -1434.06 0 0 255
-0.425 0.675 2173.68 -1446.89 0 0 255
-0.4 0.675 2249.55 -1470.68 0 0 255
-0.375 0.675 2364.01 -1510.3 0 0 255
-0.35 0.675 2533.18 -1572.13 0 0 255
-0.325 0.675 2778.26 -1664.01 0 0 255
-0.3 0.675 3125.05 -1794.21 0 0 255
-0.275 0.675 3600.37 -1968.47 0 0 255
-0.25 0.675 4223.12 -2183.91 0 0 255
-0.225 0.675 4988.63 -2419.26 0 0 255
-0.2 0.675 5850.92 -2623.81 0 0 255
-0.175 0.675 6715.55 -2710.59 0 0 255
-0.15 0.675 7450.86 -2555.42 0 0 255
-0.125 0.675 7881.55 -1991.9 0 0 255
-0.1 0.675 7529.25 -830.059 0 0 255
-0.075 0.675 434.799 -99.2988 0 0 255
-0.05 0.675 655.096 -183.201 255 0 0
-0.025 0.675 173.435 -15.4746 255 0 0
0 0.675 142.047 -32.5752 255 0 0
0.025 0.675 124.705 -65.1985 255 0 0
0.05 0.675 113.962 -111.603 255 0 0
0.075 0.675 139.212 -169.73 255 0 0
0.1 0.675 1864.2 -98.4814 255 0 0
0.125 0.675 1253.42 -1035.09 0 0 255
0.15 0.675 954.114 -1301.1 0 0 255
0.175 0.675 747.595 -1344.69 0 0 255
0.2 0.675 614.53 -1270.17 0 0 255
0.225 0.675 609.802 -1049.87 0 0 255
0.25 0.675 827.887 -586.038 0 0 255
0.275 0.675 1367.62 236.745 0 0 255
0.3 0.675 2299.38 1505.72 0 0 255
0.325 0.675 3645.02 3251.57 0 0 255
0.35 0.675 5374.49 5441.61 0 0 255
0.375 0.675 7415.77 7990.2 0 0 255
0.4 0.675 9671.35 10777.8 0 0 255
0.425 0.675 12034.8 13670.9 0 0 255
0.45 0.675 14403.3 16537.2 0 0 255
0.475 0.675 16685.2 19255.2 0 0 255
0.5 0.675 18802.9 21718.7 0 0 255
-0.5 0.65 2032.91 -1427.23 0 0 255
-0.475 0.65 2023.29 -1416.16 0 0 255
-0.45 0.65 2016.53 -1405.75 0 0 255
-0.425 0.65 2015.11 -1397.15 0 0 255
-0.4 0.65 2023.02 -1392.28 0 0 255
-0.375 0.65 2046.79 -1394.36 0 0 255
-0.35 0.65 2096.97 -1408.59 0 0 255
-0.325 0.65 2190.46 -1443.32 0 0 255
-0.3 0.65 2353.86 -1511.48 0 0 255
-0.275 0.65 2627.29 -1631.83 0 0 255
-0.25 0.65 3065.94 -1828.14 0 0 255
-0.225 0.65 3731.83 -2121.13 0 0 255
-0.2 0.65 4662.09 -2504.5 0 0 255
-0.175 0.65 5811.1 -2901.45 0 0 255
-0.15 0.65 7020.17 -3118.93 0 0 255
-0.125 0.65 8123.27 -2789.06 0 0 255
-0.1 0.65 9430.2 -1025.87 255 0 0
-0.075 0.65 214.502 -15.3963 255 0 0
-0.05 0.65 147.33 7.52704 255 0 0
-0.025 0.65 124.373 2.23704 255 0 0
0 0.65 105.503 -16.6059 255 0 0
0.025 0.65 89.9379 -49.814 255 0 0
0.05 0.65 77.9777 -98.3097 255 0 0
0.075 0.65 68.8683 -159.278 255 0 0
0.1 0.65 60.449 -228.032 255 0 0
0.125 0.65 642.639 -1971.71 255 0 0
0.15 0.65 517.883 -1688.79 0 0 255
0.175 0.65 390.404 -1420.09 0 0 255
0.2 0.65 365.343 -1130.62 0 0 255
0.225 0.65 600.62 -622.036 0 0 255
0.25 0.65 1258.6 330.02 0 0 255
0.275 0.65 2442.98 1876.05 0 0 255
0.3 0.65 4167.8 4050.36 0 0 255
0.325 0.65 6362.5 6777.26 0 0 255
0.35 0.65 8899.37 9905.18 0 0 255
0.375 0.65 11626.4 13247.3 0 0 255
0.4 0.65 14394.1 16614.6 0 0 255
0.425 0.65 17071.2 19836 0 0 255
0.45 0.65 19551 22766.7 0 0 255
0.475 0.65 21750.4 25288.4 0 0 255
0.5 0.65 23606.3 27306.5 0 0 255
-0.5 0.625 2060.17 -1458.6 0 0 255
-0.475 0.625 2041.38 -1444.04 0 0 255
-0.45 0.625 2020.14 -1427.46 0 0 255
-0.425 0.625 1996.34 -1408.69 0 0 255
-0.4 0.625 1970.12 -1387.66 0 0 255
-0.375 0.625 1942.18 -1364.68 0 0 255
-0.35 0.625 1914.37 -1340.75 0 0 255
-0.325 0.625 1890.95 -1318.4 0 0 255
-0.3 0.625 1881.12 -1303.4 0 0 255
-0.275 0.625 1904.24 -1308.23 0 0 255
-0.25 0.625 2000.34 -1359.28 0 0 255
-0.225 0.625 2249.46 -1510.22 0 0 255
-0.2 0.625 2797.32 -1860.28 0 0 255
-0.175 0.625 3841.65 -2547.19 0 0 255
-0.15 0.625 5412.42 -3599.71 0 0 255
-0.125 0.625 6816.34 -4552.26 255 0 0
-0.1 0.625 170.366 -8.87455 255 0 0
-0.075 0.625 136.042 11.801 255 0 0
-0.05 0.625 111.946 18.9943 255 0 0
-0.025 0.625 90.6623 15.6714 255 0 0
0 0.625 72.6212 -1.38466 255 0 0
0.025 0.625 58.1373 -34.3546 255 0 0
0.05 0.625 47.3231 -83.7444 255 0 0
0.075 0.625 40.0808 -147.239 255 0 0
0.1 0.625 36.4933 -222.055 255 0 0
0.125 0.625 33.536 -306.425 255 0 0
0.15 0.625 52.2873 -632.931 0 0 255
0.175 0.625 65.4297 -735.093 0 0 255
0.2 0.625 309.765 -488.706 0 0 255
0.225 0.625 1093.05 442.429 0 0 255
0.25 0.625 2603.24 2275.62 0 0 255
0.275 0.625 4844.97 5011.49 0 0 255
0.3 0.625 7671.95 8467.69 0 0 255
0.325 0.625 10859 12364.1 0 0 255
0.35 0.625 14169.1 16402.7 0 0 255
0.375 0.625 17395.6 20317.7 0 0 255
0.4 0.625 20378.2 23895.2 0 0 255
0.425 0.625 23001.5 26971.9 0 0 255
0.45 0.625 25185.7 29425.9 0 0 255
0.475 0.625 26876.6 31165.9 0 0 255
0.5 0.625 28037.2 32124.7 0 0 255
-0.5 0.6 2124.92 -1508.73 0 0 255
-0.475 0.6 2110.13 -1497.7 0 0 255
-0.45 0.6 2092.28 -1484.4 0 0 255
-0.425 0.6 2070.5 -1468.16 0 0 255
-0.4 0.6 2043.59 -1448.08 0 0 255
-0.375 0.6 2009.86 -1422.92 0 0 255
-0.35 0.6 1966.9 -1390.87 0 0 255
-0.325 0.6 1911.19 -1349.3 0 0 255
-0.3 0.6 1837.47 -1294.27 0 0 255
-0.275 0.6 1737.64 -1219.72 0 0 255
-0.25 0.6 1598.96 -1116.1 0 0 255
-0.225 0.6 1401.1 -968.151 0 0 255
-0.2 0.6 1112.49 -752.082 0 0 255
-0.175 0.6 693.804 -437.928 0 0 255
-0.15 0.6 172.934 -44.7799 0 0 255
-0.125 0.6 152.342 -18.7759 255 0 0
-0.1 0.6 124.892 3.63301 255 0 0
-0.075 0.6 100.736 20.241 255 0 0
-0.05 0.6 77.9873 29.6761 255 0 0
-0.025 0.6 57.8084 28.702 255 0 0
0 0.6 41.0072 13.444 255 0 0
0.025 0.6 27.9714 -18.9469 255 0 0
0.05 0.6 18.8796 -68.9351 255 0 0
0.075 0.6 13.8401 -134.027 255 0 0
0.1 0.6 12.9827 -210.117 255 0 0
0.125 0.6 16.1202 -293.311 255 0 0
0.15 0.6 71.0387 -959.437 255 0 0
0.175 0.6 84.5845 -883.991 0 0 255
0.2 0.6 732.363 -62.5611 0 0 255
0.225 0.6 2561.02 2187.49 0 0 255
0.25 0.6 5547.8 5849.99 0 0 255
0.275 0.6 9322.36 10475.8 0 0 255
0.3 0.6 13435.8 15514.5 0 0 255
0.325 0.6 17503.8 20487.9 0 0 255
0.35 0.6 21250.2 25042.2 0 0 255
0.375 0.6 24499.9 28938 0 0 255
0.4 0.6 27151.5 32019.3 0 0 255
0.425 0.6 29148.7 34181.8 0 0 255
0.45 0.6 30460.7 35352.5 0 0 255
0.475 0.6 31071.8 35483.1 0 0 255
0.5 0.6 30981.6 34556.9 0 0 255
-0.5 0.575 2192.17 -1558.86 0 0 255
-0.475 0.575 2186.11 -1554.36 0 0 255
-0.45 0.575 2178.73 -1548.86 0 0 255
-0.425 0.575 2169.61 -1542.07 0 0 255
-0.4 0.575 2158.17 -1533.55 0 0 255
-0.375 0.575 2143.56 -1522.68 0 0 255
-0.35 0.575 2124.53 -1508.5 0 0 255
-0.325 0.575 2099.1 -1489.57 0 0 255
-0.3 0.575 2064.13 -1463.53 0 0 255
-0.275 0.575 2014.24 -1426.39 0 0 255
-0.25 0.575 1939.72 -1370.91 0 0 255
-0.225 0.575 1821.47 -1282.86 0 0 255
-0.2 0.575 1617.16 -1130.75 0 0 255
-0.175 0.575 1214.67 -831.076 0 0 255
-0.15 0.575 193.526 -70.784 255 0 0
-0.125 0.575 114.063 -8.898 255 0 0
-0.1 0.575 90.5285 11.4639 255 0 0
-0.075 0.575 67.4439 28.7281 255 0 0
-0.05 0.575 45.8915 39.8852 255 0 0
-0.025 0.575 27.1108 40.8491 255 0 0
0 0.575 11.8932 27.1669 255 0 0
0.025 0.575 0.679586 -4.41044 255 0 0
0.05 0.575 -6.27021 -54.4347 255 0 0
0.075 0.575 -8.67349 -120.105 255 0 0
0.1 0.575 -6.1162 -196.34 255 0 0
0.125 0.575 1.82567 -278.616 255 0 0
0.15 0.575 14.1401 -358.407 255 0 0
0.175 0.575 135.138 -602.424 0 0 255
0.2 0.575 2383.71 2031.46 0 0 255
0.225 0.575 6627.72 7191.33 0 0 255
0.25 0.575 11871.1 13603.8 0 0 255
0.275 0.575 17248 20188.9 0 0 255
0.3 0.575 22195.9 26244.8 0 0 255
0.325 0.575 26406.4 31372.2 0 0 255
0.35 0.575 29740.3 35363.1 0 0 255
0.375 0.575 32153.1 38112.7 0 0 255
0.4 0.575 33641 39560.7 0 0 255
0.425 0.575 34212.9 39665.1 0 0 255
0.45 0.575 33886.2 38409 0 0 255
0.475 0.575 32700.5 35831.2 0 0 255
0.5 0.575 30738.8 32063.3 0 0 255
-0.5 0.55 2235.82 -1591.37 0 0 255
-0.475 0.55 2235.82 -1591.37 0 0 255
-0.45 0.55 2235.82 -1591.37 0 0 255
-0.425 0.55 2235.82 -1591.37 0 0 255
-0.4 0.55 2235.82 -1591.37 0 0 255
-0.375 0.55 2235.82 -1591.37 0 0 255
-0.35 0.55 2235.82 -1591.37 0 0 255
-0.325 0.55 2235.82 -1591.37 0 0 255
-0.3 0.55 2235.82 -1591.37 0 0 255
-0.275 0.55 2235.82 -1591.37 0 0 255
-0.25 0.55 2235.82 -1591.37 0 0 255
-0.225 0.55 2235.82 -1591.37 0 0 255
-0.2 0.55 2235.82 -1591.37 0 0 255
-0.175 0.55 2235.82 -1591.37 255 0 0
-0.15 0.55 106.767 -23.6194 255 0 0
-0.125 0.55 82.1594 -1.36215 255 0 0
-0.1 0.55 59.2318 18.8519 255 0 0
-0.075 0.55 37.1337 36.6259 255 0 0
-0.05 0.55 17.0089 48.7847 255 0 0
-0.025 0.55 -0.0613776 50.8999 255 0 0
0 0.55 -13.3117 38.2801 255 0 0
0.025 0.55 -22.2987 7.48616 255 0 0
0.05 0.55 -26.705 -42.097 255 0 0
0.075 0.55 -26.0852 -107.367 255 0 0
0.1 0.55 -19.7047 -182.041 255 0 0
0.125 0.55 -6.76337 -258.93 255 0 0
0.15 0.55 13.2233 -328.102 255 0 0
0.175 0.55 256.136 -846.441 255 0 0
0.2 0.55 5660.94 5870.29 0 0 255
0.225 0.55 14015.5 16173.4 0 0 255
0.25 0.55 21954.5 25935.5 0 0 255
0.275 0.55 28347.5 33782.4 0 0 255
0.3 0.55 33062.9 39545.5 0 0 255
0.325 0.55 36220.1 43322.9 0 0 255
0.35 0.55 37966.9 45210.6 0 0 255
0.375 0.55 38424.7 45259.9 0 0 255
0.4 0.55 37679 43490.4 0 0 255
0.425 0.55 35812.2 39957 0 0 255
0.45 0.55 32959.9 34848.2 0 0 255
0.475 0.55 29352.5 28552.5 0 0 255
0.5 0.55 25308.9 21633.9 0 0 255
-0.5 0.525 114.048 -47.6107 0 0 255
-0.475 0.525 114.048 -47.6107 0 0 255
-0.45 0.525 114.048 -47.6107 0 0 255
-0.425 0.525 114.048 -47.6107 0 0 255
-0.4 0.525 114.048 -47.6107 0 0 255
-0.375 0.525 114.048 -47.6107 0 0 255
-0.35 0.525 114.048 -47.6107 0 0 255
-0.325 0.525 114.048 -47.6107 0 0 255
-0.3 0.525 114.048 -47.6107 0 0 255
-0.275 0.525 114.048 -47.6107 0 0 255
-0.25 0.525 114.048 -47.6107 0 0 255
-0.225 0.525 114.048 -47.6107 0 0 255
-0.2 0.525 114.048 -47.6107 0 0 255
-0.175 0.525 114.048 -47.6107 255 0 0
-0.15 0.525 75.0805 -14.0406 255 0 0
-0.125 0.525 52.9377 6.11158 255 0 0
-0.1 0.525 31.257 25.6338 255 0 0
-0.075 0.525 10.7835 42.9905 255 0 0
-0.05 0.525 -7.40346 54.9497 255 0 0
-0.025 0.525 -22.2428 57.0425 255 0 0
0 0.525 -32.998 44.5978 255 0 0
0.025 0.525 -39.2461 14.1803 255 0 0
0.05 0.525 -40.6523 -34.8445 255 0 0
0.075 0.525 -36.6391 -99.1959 255 0 0
0.1 0.525 -26.165 -172.01 255 0 0
0.125 0.525 -7.94402 -245.467 255 0 0
0.15 0.525 18.4089 -315.633 255 0 0
0.175 0.525 53.0434 -367.596 255 0 0
0.2 0.525 25832 30937.5 0 0 255
0.225 0.525 35992.8 43276.4 0 0 255
0.25 0.525 41136.3 49522.4 0 0 255
0.275 0.525 43951.7 52935 0 0 255
0.3 0.525 45157 54326.8 0 0 255
0.325 0.525 44846.2 53643.6 0 0 255
0.35 0.525 43038.3 50691 0 0 255
0.375 0.525 39815.2 45409.8 0 0 255
0.4 0.525 35369.1 38009.2 0 0 255
0.425 0.525 30091.2 29128 0 0 255
0.45 0.525 24543.1 19772.5 0 0 255
0.475 0.525 19280.6 10975 0 0 255
0.5 0.525 14687.3 3460.4 0 0 255
-0.5 0.5 66.1763 -23.3027 0 0 255
-0.475 0.5 66.1763 -23.3027 0 0 255
-0.45 0.5 66.1763 -23.3027 0 0 255
-0.425 0.5 66.1763 -23.3027 0 0 255
-0.4 0.5 66.1763 -23.3027 0 0 255
-0.375 0.5 66.1763 -23.3027 0 0 255
-0.35 0.5 66.1763 -23.3027 0 0 255
-0.325 0.5 66.1763 -23.3027 0 0 255
-0.3 0.5 66.1763 -23.3027 0 0 255
-0.275 0.5 66.1763 -23.3027 0 0 255
-0.25 0.5 66.1763 -23.3027 0 0 255
-0.225 0.5 66.1763 -23.3027 0 0 255
-0.2 0.5 66.1763 -23.3027 0 0 255
-0.175 0.5 66.1763 -23.3027 255 0 0
-0.15 0.5 47.5604 -5.69091 255 0 0
-0.125 0.5 27.5737 12.6367 255 0 0
-0.1 0.5 7.89884 30.6248 255 0 0
-0.075 0.5 -10.3477 46.4268 255 0 0
-0.05 0.5 -25.9557 56.7824 255 0 0
-0.025 0.5 -37.8762 57.4236 255 0 0
0 0.5 -45.4218 43.9611 255 0 0
0.025 0.5 -48.237 13.1589 255 0 0
0.05 0.5 -46.04 -35.5407 255 0 0
0.075 0.5 -38.191 -98.6298 255 0 0
0.1 0.5 -23.4561 -168.927 255 0 0
0.125 0.5 -0.489751 -239.507 255 0 0
0.15 0.5 31.366 -306.675 255 0 0
0.175 0.5 77.885 -350.432 255 0 0
0.2 0.5 51610.9 62242.5 255 0 0
0.225 0.5 51610.9 62242.5 0 0 255
0.25 0.5 51567.9 62190 0 0 255
0.275 0.5 51000.1 61478.2 0 0 255
0.3 0.5 48730.5 58453.2 0 0 255
0.325 0.5 43799.3 51342.7 0 0 255
0.35 0.5 36530.6 40062.5 0 0 255
0.375 0.5 28331.4 26593.2 0 0 255
0.4 0.5 20676.7 13553.6 0 0 255
0.425 0.5 14419.7 2757.49 0 0 255
0.45 0.5 9746.29 -5178.49 0 0 255
0.475 0.5 6450.57 -10473.9 0 0 255
0.5 0.5 4201.92 -13693.4 0 0 255
-0.5 0.475 43.4827 -16.0429 0 0 255
-0.475 0.475 43.4827 -16.0429 0 0 255
-0.45 0.475 43.4827 -16.0429 0 0 255
-0.425 0.475 43.4827 -16.0429 0 0 255
-0.4 0.475 43.4827 -16.0429 0 0 255
-0.375 0.475 43.4827 -16.0429 0 0 255
-0.35 0.475 43.4827 -16.0429 0 0 255
-0.325 0.475 43.4827 -16.0429 0 0 255
-0.3 0.475 43.4827 -16.0429 0 0 255
-0.275 0.475 43.4827 -16.0429 0 0 255
-0.25 0.475 43.4827 -16.0429 0 0 255
-0.225 0.475 43.4827 -16.0429 0 0 255
-0.2 0.475 43.4827 -16.0429 0 0 255
-0.175 0.475 43.4827 -16.0429 255 0 0
-0.15 0.475 25.718 0.41509 255 0 0
-0.125 0.475 7.72452 16.909 255 0 0
-0.1 0.475 -9.61374 32.7085 255 0 0
-0.075 0.475 -25.0305 45.8287 255 0 0
-0.05 0.475 -37.3049 53.1858 255 0 0
-0.025 0.475 -45.4445 50.9339 255 0 0
0 0.475 -48.8502 35.2058 255 0 0
0.025 0.475 -47.2918 3.16791 255 0 0
0.05 0.475 -40.6124 -45.4904 255 0 0
0.075 0.475 -28.1956 -106.872 255 0 0
0.1 0.475 -8.95761 -174.153 255 0 0
0.125 0.475 17.3648 -244.862 255 0 0
0.15 0.475 50.9153 -321.842 255 0 0
0.175 0.475 97.1522 -398.333 255 0 0
0.2 0.475 923.737 504.649 255 0 0
0.225 0.475 923.284 503.985 0 0 255
0.25 0.475 890.717 282.51 0 0 255
0.275 0.475 786.4 -1467.42 0 0 255
0.3 0.475 622.283 -5666.27 0 0 255
0.325 0.475 440.033 -11179 0 0 255
0.35 0.475 272.031 -16206.8 0 0 255
0.375 0.475 130.461 -19734.2 0 0 255
0.4 0.475 14.5193 -21643.8 0 0 255
0.425 0.475 -80.9604 -22262.6 0 0 255
0.45 0.475 -161.094 -22002.4 0 0 255
0.475 0.475 -229.712 -21207.4 0 0 255
0.5 0.475 -289.428 -20123.9 0 0 255
-0.5 0.45 25.7667 -11.1344 0 0 255
-0.475 0.45 25.7667 -11.1344 0 0 255
-0.45 0.45 25.7667 -11.1344 0 0 255
-0.425 0.45 25.7667 -11.1344 0 0 255
-0.4 0.45 25.7667 -11.1344 0 0 255
-0.375 0.45 25.7667 -11.1344 0 0 255
-0.35 0.45 25.7667 -11.1344 0 0 255
-0.325 0.45 25.7667 -11.1344 0 0 255
-0.3 0.45 25.7667 -11.1344 0 0 255
-0.275 0.45 25.7667 -11.1344 0 0 255
-0.25 0.45 25.7667 -11.1344 0 0 255
-0.225 0.45 25.7667 -11.1344 0 0 255
-0.2 0.45 25.7667 -11.1344 0 0 255
-0.175 0.45 25.7667 -11.1344 255 0 0
-0.15 0.45 9.62732 4.06273 255 0 0
-0.125 0.45 -6.113 18.518 255 0 0
-0.1 0.45 -20.4938 31.4221 255 0 0
-0.075 0.45 -32.3057 40.8706 255 0 0
-0.05 0.45 -40.3368 44.0807 255 0 0
-0.025 0.45 -43.6622 37.7956 255 0 0
0 0.45 -41.791 18.8787 255 0 0
0.025 0.45 -34.6535 -14.8873 255 0 0
0.05 0.45 -22.2604 -63.338 255 0 0
0.075 0.45 -4.09459 -122.032 255 0 0
0.1 0.45 20.3737 -185.464 255 0 0
0.125 0.45 48.8323 -259.856 255 0 0
0.15 0.45 76.3356 -363.855 255 0 0
0.175 0.45 102.307 -497.137 255 0 0
0.2 0.45 118.275 -662.197 255 0 0
0.225 0.45 116.708 -677.704 0 0 255
0.25 0.45 100.375 -5092.36 0 0 255
0.275 0.45 73.0664 -13433.7 0 0 255
0.3 0.45 35.236 -20685.5 0 0 255
0.325 0.45 -12.9185 -24879.9 0 0 255
0.35 0.45 -68.7618 -26405.6 0 0 255
0.375 0.45 -128.721 -26192.1 0 0 255
0.4 0.45 -189.583 -25005.5 0 0 255
0.425 0.45 -248.944 -23351.4 0 0 255
0.45 0.45 -305.215 -21534.3 0 0 255
0.475 0.45 -357.482 -19727.1 0 0 255
0.5 0.45 -405.325 -18021.1 0 0 255
-0.5 0.425 9.72318 -6.11519 0 0 255
-0.475 0.425 9.72318 -6.11519 0 0 255
-0.45 0.425 9.72318 -6.11519 0 0 255
-0.425 0.425 9.72318 -6.11519 0 0 255
-0.4 0.425 9.72318 -6.11519 0 0 255
-0.375 0.425 9.72318 -6.11519 0 0 255
-0.35 0.425 9.72318 -6.11519 0 0 255
-0.325 0.425 9.72318 -6.11519 0 0 255
-0.3 0.425 9.72318 -6.11519 0 0 255
-0.275 0.425 9.72318 -6.11519 0 0 255
-0.25 0.425 9.72318 -6.11519 0 0 255
-0.225 0.425 9.72318 -6.11519 0 0 255
-0.2 0.425 9.72318 -6.11519 0 0 255
-0.175 0.425 9.72318 -6.11519 255 0 0
-0.15 0.425 -0.518863 5.13827 255 0 0
-0.125 0.425 -13.4493 17.284 255 0 0
-0.1 0.425 -24.1853 26.8629 255 0 0
-0.075 0.425 -31.5149 32.0406 255 0 0
-0.05 0.425 -34.3013 30.4819 255 0 0
-0.025 0.425 -31.683 19.6459 255 0 0
0 0.425 -23.2676 -2.70092 255 0 0
0.025 0.425 -9.14941 -37.9499 255 0 0
0.05 0.425 10.4541 -85.2904 255 0 0
0.075 0.425 35.8545 -139.761 255 0 0
0.1 0.425 66.8815 -197.487 255 0 0
0.125 0.425 98.6683 -273.711 255 0 0
0.15 0.425 121.477 -402.32 255 0 0
0.175 0.425 130.26 -592.445 255 0 0
0.2 0.425 121.188 -848.376 255 0 0
0.225 0.425 69.9824 -1140.15 0 0 255
0.25 0.425 45.4321 -19942.9 0 0 255
0.275 0.425 20.8998 -29367.5 0 0 255
0.3 0.425 -22.9854 -31846.3 0 0 255
0.325 0.425 -82.8662 -30972.6 0 0 255
0.35 0.425 -151.238 -28658.9 0 0 255
0.375 0.425 -221.701 -25861 0 0 255
0.4 0.425 -289.894 -23049.8 0 0 255
0.425 0.425 -353.274 -20444.2 0 0 255
0.45 0.425 -410.635 -18130.2 0 0 255
0.475 0.425 -461.652 -16125.1 0 0 255
0.5 0.425 -506.519 -14412.6 0 0 255
-0.5 0.4 -173.518 120.256 0 0 255
-0.475 0.4 -173.518 120.256 0 0 255
-0.45 0.4 -173.518 120.256 0 0 255
-0.425 0.4 -173.518 120.256 0 0 255
-0.4 0.4 -173.518 120.256 0 0 255
-0.375 0.4 -173.518 120.256 0 0 255
-0.35 0.4 -173.518 120.256 0 0 255
-0.325 0.4 -173.518 120.256 0 0 255
-0.3 0.4 -173.518 120.256 0 0 255
-0.275 0.4 -173.518 120.256 0 0 255
-0.25 0.4 -173.518 120.256 0 0 255
-0.225 0.4 -173.518 120.256 0 0 255
-0.2 0.4 -173.518 120.256 0 0 255
-0.175 0.4 -173.518 120.256 255 0 0
-0.15 0.4 -4.84879 3.71222 255 0 0
-0.125 0.4 -14.0818 13.302 255 0 0
-0.1 0.4 -20.3936 19.4757 255 0 0
-0.075 0.4 -22.3694 20.3815 255 0 0
-0.05 0.4 -18.9544 14.1703 255 0 0
-0.025 0.4 -9.29962 -0.902434 255 0 0
0 0.4 6.92348 -26.0526 255 0 0
0.025 0.4 29.4738 -61.6877 255 0 0
0.05 0.4 57.8587 -106.371 255 0 0
0.075 0.4 91.9651 -154.95 255 0 0
0.1 0.4 130.998 -204.082 255 0 0
0.125 0.4 168.85 -271.913 255 0 0
0.15 0.4 194.071 -397.247 255 0 0
0.175 0.4 201.011 -592.887 255 0 0
0.2 0.4 144.077 -1030.44 255 0 0
0.225 0.4 -121.12 -2229.06 0 0 255
0.25 0.4 20.8819 -38745.6 0 0 255
0.275 0.4 -3.6325 -38792.2 0 0 255
0.3 0.4 -73.9015 -34722.1 0 0 255
0.325 0.4 -163.12 -29801.6 0 0 255
0.35 0.4 -254.764 -25155.7 0 0 255
0.375 0.4 -339.989 -21164.1 0 0 255
0.4 0.4 -415.083 -17888.9 0 0 255
0.425 0.4 -479.282 -15263.9 0 0 255
0.45 0.4 -533.275 -13183 0 0 255
0.475 0.4 -578.326 -11539.6 0 0 255
0.5 0.4 -615.817 -10240.7 0 0 255
-0.5 0.375 -170.126 117.891 0 0 255
-0.475 0.375 -169.655 117.563 0 0 255
-0.45 0.375 -169.081 117.163 0 0 255
-0.425 0.375 -168.373 116.669 0 0 255
-0.4 0.375 -167.484 116.05 0 0 255
-0.375 0.375 -166.348 115.259 0 0 255
-0.35 0.375 -164.869 114.228 0 0 255
-0.325 0.375 -162.893 112.851 0 0 255
-0.3 0.375 -160.175 110.956 0 0 255
-0.275 0.375 -156.298 108.254 0 0 255
-0.25 0.375 -150.507 104.219 0 0 255
-0.225 0.375 -141.317 97.8137 0 0 255
-0.2 0.375 -125.439 86.7484 0 0 255
-0.175 0.375 -94.1604 64.9493 0 0 255
-0.15 0.375 -14.8024 9.64301 255 0 0
-0.125 0.375 -8.07362 6.95578 255 0 0
-0.1 0.375 -9.07443 9.73636 255 0 0
-0.075 0.375 -5.0436 7.01989 255 0 0
-0.05 0.375 5.33389 -2.89527 255 0 0
-0.025 0.375 22.9409 -21.0512 255 0 0
0 0.375 48.0603 -47.5424 255 0 0
0.025 0.375 80.3376 -81.7399 255 0 0
0.05 0.375 118.966 -121.737 255 0 0
0.075 0.375 163.128 -162.787 255 0 0
0.1 0.375 211.572 -200.465 255 0 0
0.125 0.375 259.091 -246.145 255 0 0
0.15 0.375 295.656 -329.981 255 0 0
0.175 0.375 318.403 -453.892 255 0 0
0.2 0.375 338.991 -562.027 255 0 0
0.225 0.375 -386.316 -3427.69 255 0 0
0.25 0.375 58.9311 -48530.2 255 0 0
0.275 0.375 -28.1469 -38838.7 0 0 255
0.3 0.375 -171.557 -29065.8 0 0 255
0.325 0.375 -311.064 -21642.4 0 0 255
0.35 0.375 -425.734 -16488.4 0 0 255
0.375 0.375 -514.368 -12996.9 0 0 255
0.4 0.375 -581.596 -10626.5 0 0 255
0.425 0.375 -632.57 -8995.97 0 0 255
0.45 0.375 -671.526 -7854.83 0 0 255
0.475 0.375 -701.636 -7041.42 0 0 255
0.5 0.375 -725.204 -6451.11 0 0 255
-0.5 0.35 -164.885 114.257 0 0 255
-0.475 0.35 -163.733 113.458 0 0 255
-0.45 0.35 -162.342 112.493 0 0 255
-0.425 0.35 -160.644 111.317 0 0 255
-0.4 0.35 -158.545 109.863 0 0 255
-0.375 0.35 -155.914 108.042 0 0 255
-0.35 0.35 -152.561 105.724 0 0 255
-0.325 0.35 -148.212 102.718 0 0 255
-0.3 0.35 -142.452 98.7435 0 0 255
-0.275 0.35 -134.646 93.3642 0 0 255
-0.25 0.35 -123.789 85.8982 0 0 255
-0.225 0.35 -108.276 75.2608 0 0 255
-0.2 0.35 -85.5909 59.7768 0 0 255
-0.175 0.35 -52.5312 37.4002 0 0 255
-0.15 0.35 -10.902 9.8511 0 0 255
-0.125 0.35 -7.00165 10.0592 255 0 0
-0.1 0.35 9.11407 -1.37304 255 0 0
-0.075 0.35 19.7074 -7.22551 255 0 0
-0.05 0.35 37.616 -19.4504 255 0 0
-0.025 0.35 63.895 -38.7921 255 0 0
0 0.35 98.6168 -64.4672 255 0 0
0.025 0.35 141.498 -94.9889 255 0 0
0.05 0.35 191.486 -127.978 255 0 0
0.075 0.35 246.729 -159.775 255 0 0
0.1 0.35 305.385 -185.105 255 0 0
0.125 0.35 364.512 -203.211 255 0 0
0.15 0.35 418.322 -225.048 255 0 0
0.175 0.35 462.815 -254.075 255 0 0
0.2 0.35 504.768 -244.03 255 0 0
0.225 0.35 459.684 -464.022 255 0 0
0.25 0.35 143.334 -925.788 255 0 0
0.275 0.35 -353.127 -2669.85 0 0 255
0.3 0.35 -548.807 -3357.27 0 0 255
0.325 0.35 -648.136 -3706.21 0 0 255
0.35 0.35 -705.63 -3908.19 0 0 255
0.375 0.35 -741.858 -4035.46 0 0 255
0.4 0.35 -766.113 -4120.67 0 0 255
0.425 0.35 -783.117 -4180.4 0 0 255
0.45 0.35 -795.478 -4223.82 0 0 255
0.475 0.35 -804.733 -4256.34 0 0 255
0.5 0.35 -811.834 -4281.28 0 0 255
-0.5 0.325 -158.227 109.694 0 0 255
-0.475 0.325 -156.282 108.36 0 0 255
-0.45 0.325 -153.963 106.774 0 0 255
-0.425 0.325 -151.172 104.869 0 0 255
-0.4 0.325 -147.783 102.561 0 0 255
-0.375 0.325 -143.625 99.74 0 0 255
-0.35 0.325 -138.468 96.2565 0 0 255
-0.325 0.325 -132.006 91.9149 0 0 255
-0.3 0.325 -123.822 86.4595 0 0 255
-0.275 0.325 -113.378 79.5727 0 0 255
-0.25 0.325 -100.019 70.9097 0 0 255
-0.225 0.325 -83.1363 60.2646 0 0 255
-0.2 0.325 -62.8206 48.1459 0 0 255
-0.175 0.325 -41.9799 37.5007 0 0 255
-0.15 0.325 -31.4286 37.6011 0 0 255
-0.125 0.325 -51.9553 65.3512 0 0 255
-0.1 0.325 -96.9089 120.643 255 0 0
-0.075 0.325 50.089 -18.8916 255 0 0
-0.05 0.325 77.4613 -34.7132 255 0 0
-0.025 0.325 112.19 -53.7076 255 0 0
0 0.325 156.63 -76.3294 255 0 0
0.025 0.325 210.953 -100.506 255 0 0
0.05 0.325 272.662 -124.232 255 0 0
0.075 0.325 338.917 -145.39 255 0 0
0.1 0.325 407.083 -159.871 255 0 0
0.125 0.325 475.461 -159.259 255 0 0
0.15 0.325 541.395 -137.565 255 0 0
0.175 0.325 597.121 -106.755 255 0 0
0.2 0.325 623.329 -114.905 255 0 0
0.225 0.325 577.415 -234.676 255 0 0
0.25 0.325 397.284 -431.43 255 0 0
0.275 0.325 -849.587 -4413.91 255 0 0
0.3 0.325 -849.587 -4413.91 0 0 255
0.325 0.325 -849.587 -4413.91 0 0 255
0.35 0.325 -849.587 -4413.91 0 0 255
0.375 0.325 -849.587 -4413.91 0 0 255
0.4 0.325 -849.587 -4413.91 0 0 255
0.425 0.325 -849.587 -4413.91 0 0 255
0.45 0.325 -849.587 -4413.91 0 0 255
0.475 0.325 -849.587 -4413.91 0 0 255
0.5 0.325 -849.587 -4413.91 0 0 255
-0.5 0.3 -150.547 104.527 0 0 255
-0.475 0.3 -147.789 102.672 0 0 255
-0.45 0.3 -144.547 100.499 0 0 255
-0.425 0.3 -140.711 97.9436 0 0 255
-0.4 0.3 -136.146 94.9219 0 0 255
-0.375 0.3 -130.684 91.3359 0 0 255
-0.35 0.3 -124.117 87.0716 0 0 255
-0.325 0.3 -116.205 82.0073 0 0 255
-0.3 0.3 -106.684 76.0374 0 0 255
-0.275 0.3 -95.3315 69.1341 0 0 255
-0.25 0.3 -82.117 61.4904 0 0 255
-0.225 0.3 -67.5651 53.8336 0 0 255
-0.2 0.3 -53.5078 48.0278 0 0 255
-0.175 0.3 -44.2342 47.9103 0 0 255
-0.15 0.3 -46.6756 59.1836 0 0 255
-0.125 0.3 -64.6953 84.691 0 0 255
-0.1 0.3 -83.2637 112.878 0 0 255
-0.075 0.3 -32.3393 83.8998 0 0 255
-0.05 0.3 -114.768 186.691 255 0 0
-0.025 0.3 160.986 -57.075 255 0 0
0 0.3 222.719 -81.1236 255 0 0
0.025 0.3 288.992 -97.7099 255 0 0
0.05 0.3 361.135 -111.531 255 0 0
0.075 0.3 436.292 -122.824 255 0 0
0.1 0.3 511.934 -128.329 255 0 0
0.125 0.3 585.58 -119.408 255 0 0
0.15 0.3 655.457 -84.3817 255 0 0
0.175 0.3 712.565 -32.3579 255 0 0
0.2 0.3 735.615 -11.1012 255 0 0
0.225 0.3 678.087 -80.7419 255 0 0
0.25 0.3 461.224 -237.63 255 0 0
0.275 0.3 -120.8 -539.999 255 0 0
0.3 0.3 -120.8 -539.999 0 0 255
0.325 0.3 -120.8 -539.999 0 0 255
0.35 0.3 -120.8 -539.999 0 0 255
0.375 0.3 -120.8 -539.999 0 0 255
0.4 0.3 -120.8 -539.999 0 0 255
0.425 0.3 -120.8 -539.999 0 0 255
0.45 0.3 -120.8 -539.999 0 0 255
0.475 0.3 -120.8 -539.999 0 0 255
0.5 0.3 -120.8 -539.999 0 0 255
-0.5 0.275 -142.227 99.0728 0 0 255
-0.475 0.275 -138.715 96.7706 0 0 255
-0.45 0.275 -134.652 94.1279 0 0 255
-0.425 0.275 -129.935 91.0907 0 0 255
-0.4 0.275 -124.449 87.6016 0 0 255
-0.375 0.275 -118.064 83.6059 0 0 255
-0.35 0.275 -110.649 79.0641 0 0 255
-0.325 0.275 -102.094 73.9779 0 0 255
-0.3 0.275 -92.3627 68.4401 0 0 255
-0.275 0.275 -81.5914 62.726 0 0 255
-0.25 0.275 -70.2791 57.4501 0 0 255
-0.225 0.275 -59.5832 53.7995 0 0 255
-0.2 0.275 -51.6623 53.7657 0 0 255
-0.175 0.275 -49.6508 60.0195 0 0 255
-0.15 0.275 -56.1746 74.604 0 0 255
-0.125 0.275 -69.2474 95.826 0 0 255
-0.1 0.275 -77.1705 115.207 0 0 255
-0.075 0.275 -61.1501 121.33 0 0 255
-0.05 0.275 -105.396 178.812 0 0 255
-0.025 0.275 174.102 -56.1732 0 0 255
0 0.275 223.052 -52.8075 0 0 255
0.025 0.275 223.385 -24.4913 255 0 0
0.05 0.275 451.964 -87.274 255 0 0
0.075 0.275 537.379 -93.6413 255 0 0
0.1 0.275 618.211 -93.3851 255 0 0
0.125 0.275 694.424 -79.8834 255 0 0
0.15 0.275 765.092 -40.7502 255 0 0
0.175 0.275 820.53 19.7626 255 0 0
0.2 0.275 843.277 66.1007 255 0 0
0.225 0.275 788.889 143.88 255 0 0
0.25 0.275 502.437 134.092 255 0 0
0.275 0.275 -229.253 3971.47 255 0 0
0.3 0.275 -229.253 3971.47 0 0 255
0.325 0.275 -229.253 3971.47 0 0 255
0.35 0.275 -229.253 3971.47 0 0 255
0.375 0.275 -229.253 3971.47 0 0 255
0.4 0.275 -229.253 3971.47 0 0 255
0.425 0.275 -229.253 3971.47 0 0 255
0.45 0.275 -229.253 3971.47 0 0 255
0.475 0.275 -229.253 3971.47 0 0 255
0.5 0.275 -229.253 3971.47 0 0 255
-0.5 0.25 -133.625 93.6217 0 0 255
-0.475 0.25 -129.479 90.9948 0 0 255
-0.45 0.25 -124.765 88.0471 0 0 255
-0.425 0.25 -119.406 84.7513 0 0 255
-0.4 0.25 -113.327 81.0909 0 0 255
-0.375 0.25 -106.463 77.0729 0 0 255
-0.35 0.25 -98.7851 72.7487 0 0 255
-0.325 0.25 -90.3324 68.2492 0 0 255
-0.3 0.25 -81.2792 63.8398 0 0 255
-0.275 0.25 -72.0306 60.0011 0 0 255
-0.25 0.25 -63.3532 57.528 0 0 255
-0.225 0.25 -56.4956 57.6052 0 0 255
-0.2 0.25 -53.1487 61.7302 0 0 255
-0.175 0.25 -54.9241 71.2424 0 0 255
-0.15 0.25 -61.9751 86.2487 0 0 255
-0.125 0.25 -70.9805 104.327 0 0 255
-0.1 0.25 -74.3102 120.66 0 0 255
-0.075 0.25 -67.4253 133.786 0 0 255
-0.05 0.25 -80.0381 158.823 0 0 255
-0.025 0.25 187.621 -52.172 0 0 255
0 0.25 223.183 -41.6466 0 0 255
0.025 0.25 223.385 -24.4913 0 0 255
0.05 0.25 451.964 -87.274 0 0 255
0.075 0.25 537.379 -93.6413 0 0 255
0.1 0.25 618.211 -93.3851 0 0 255
0.125 0.25 694.424 -79.8834 0 0 255
0.15 0.25 765.092 -40.7502 0 0 255
0.175 0.25 820.53 19.7626 0 0 255
0.2 0.25 843.277 66.1007 0 0 255
0.225 0.25 788.889 143.88 0 0 255
0.25 0.25 502.437 134.092 0 0 255
0.275 0.25 -229.253 3971.47 0 0 255
0.3 0.25 -229.253 3971.47 0 0 255
0.325 0.25 -229.253 3971.47 0 0 255
0.35 0.25 -229.253 3971.47 0 0 255
0.375 0.25 -229.253 3971.47 0 0 255
0.4 0.25 -229.253 3971.47 0 0 255
0.425 0.25 -229.253 3971.47 0 0 255
0.45 0.25 -229.253 3971.47 0 0 255
0.475 0.25 -229.253 3971.47 0 0 255
0.5 0.25 -229.253 3971.47 0 0 255
-0.5 0.225 -125.054 88.4227 0 0 255
-0.475 0.225 -120.434 85.6198 0 0 255
-0.45 0.225 -115.279 82.5564 0 0 255
-0.425 0.225 -109.549 79.2395 0 0 255
-0.4 0.225 -103.219 75.7004 0 0 255
-0.375 0.225 -96.3008 72.0108 0 0 255
-0.35 0.225 -88.8628 68.3059 0 0 255
-0.325 0.225 -81.0727 64.8177 0 0 255
-0.3 0.225 -73.2486 61.9182 0 0 255
-0.275 0.225 -65.921 60.1648 0 0 255
-0.25 0.225 -59.8797 60.3267 0 0 255
-0.225 0.225 -56.1416 63.3385 0 0 255
-0.2 0.225 -55.7246 70.0938 0 0 255
-0.175 0.225 -59.0823 80.9958 0 0 255
-0.15 0.225 -65.1923 95.3275 0 0 255
-0.125 0.225 -70.6881 110.836 0 0 255
-0.1 0.225 -70.0867 124.219 0 0 255
-0.075 0.225 -59.9066 132.797 0 0 255
-0.05 0.225 -41.7221 130.404 0 0 255
-0.025 0.225 198.05 -47.4326 0 0 255
0 0.225 223.25 -35.9813 0 0 255
0.025 0.225 223.385 -24.4913 0 0 255
0.05 0.225 451.964 -87.274 0 0 255
0.075 0.225 537.379 -93.6413 0 0 255
0.1 0.225 618.211 -93.3851 0 0 255
0.125 0.225 694.424 -79.8834 0 0 255
0.15 0.225 765.092 -40.7502 0 0 255
0.175 0.225 820.53 19.7626 0 0 255
0.2 0.225 843.277 66.1007 0 0 255
0.225 0.225 788.889 143.88 0 0 255
0.25 0.225 502.437 134.092 0 0 255
0.275 0.225 -229.253 3971.47 0 0 255
0.3 0.225 -229.253 3971.47 0 0 255
0.325 0.225 -229.253 3971.47 0 0 255
0.35 0.225 -229.253 3971.47 0 0 255
0.375 0.225 -229.253 3971.47 0 0 255
0.4 0.225 -229.253 3971.47 0 0 255
0.425 0.225 -229.253 3971.47 0 0 255
0.45 0.225 -229.253 3971.47 0 0 255
0.475 0.225 -229.253 3971.47 0 0 255
0.5 0.225 -229.253 3971.47 0 0 255
-0.5 0.2 -116.777 83.6723 0 0 255
-0.475 0.2 -111.859 80.8499 0 0 255
-0.45 0.2 -106.481 77.8586 0 0 255
-0.425 0.2 -100.643 74.7414 0 0 255
-0.4 0.2 -94.374 71.5751 0 0 255
-0.375 0.2 -87.7514 68.4864 0 0 255
-0.35 0.2 -80.9232 65.6716 0 0 255
-0.325 0.2 -74.1385 63.4206 0 0 255
-0.3 0.2 -67.7781 62.1391 0 0 255
-0.275 0.2 -62.3728 62.3574 0 0 255
-0.25 0.2 -58.5803 64.7009 0 0 255
-0.225 0.2 -57.0699 69.7858 0 0 255
-0.2 0.2 -58.2528 78.0011 0 0 255
-0.175 0.2 -61.8265 89.1787 0 0 255
-0.15 0.2 -66.2087 102.246 0 0 255
-0.125 0.2 -68.0862 115.025 0 0 255
-0.1 0.2 -62.4274 124.137 0 0 255
-0.075 0.2 -43.3281 123.933 0 0 255
-0.05 0.2 1.99113 99.7021 0 0 255
-0.025 0.2 205.385 -43.1515 0 0 255
0 0.2 223.288 -32.702 0 0 255
0.025 0.2 223.385 -24.4913 0 0 255
0.05 0.2 451.964 -87.274 0 0 255
0.075 0.2 537.379 -93.6413 0 0 255
0.1 0.2 618.211 -93.3851 0 0 255
0.125 0.2 694.424 -79.8834 0 0 255
0.15 0.2 765.092 -40.7502 0 0 255
0.175 0.2 820.53 19.7626 0 0 255
0.2 0.2 843.277 66.1007 0 0 255
0.225 0.2 788.889 143.88 0 0 255
0.25 0.2 502.437 134.092 0 0 255
0.275 0.2 -229.253 3971.47 0 0 255
0.3 0.2 -229.253 3971.47 0 0 255
0.325 0.2 -229.253 3971.47 0 0 255
0.35 0.2 -229.253 3971.47 0 0 255
0.375 0.2 -229.253 3971.47 0 0 255
0.4 0.2 -229.253 3971.47 0 0 255
0.425 0.2 -229.253 3971.47 0 0 255
0.45 0.2 -229.253 3971.47 0 0 255
0.475 0.2 -229.253 3971.47 0 0 255
0.5 0.2 -229.253 3971.47 0 0 255
-0.5 0.175 -108.99 79.5108 0 0 255
-0.475 0.175 -103.95 76.8171 0 0 255
-0.45 0.175 -98.5536 74.0654 0 0 255
-0.425 0.175 -92.8389 71.3309 0 0 255
-0.4 0.175 -86.8808 68.7272 0 0 255
-0.375 0.175 -80.8064 66.4185 0 0 255
-0.35 0.175 -74.812 64.6337 0 0 255
-0.325 0.175 -69.1788 63.6769 0 0 255
-0.3 0.175 -64.28 63.93 0 0 255
-0.275 0.175 -60.5634 65.8327 0 0 255
-0.25 0.175 -58.4856 69.8236 0 0 255
-0.225 0.175 -58.3672 76.2226 0 0 255
-0.2 0.175 -60.1452 85.0447 0 0 255
-0.175 0.175 -63.0261 95.7677 0 0 255
-0.15 0.175 -65.0876 107.09 0 0 255
-0.125 0.175 -62.8745 116.655 0 0 255
-0.1 0.175 -50.9536 120.381 0 0 255
-0.075 0.175 -21.0992 110.609 0 0 255
-0.05 0.175 44.3679 71.3701 0 0 255
-0.025 0.175 210.412 -39.6424 0 0 255
0 0.175 223.313 -30.6358 0 0 255
0.025 0.175 223.385 -24.4913 0 0 255
0.05 0.175 451.964 -87.274 0 0 255
0.075 0.175 537.379 -93.6413 0 0 255
0.1 0.175 618.211 -93.3851 0 0 255
0.125 0.175 694.424 -79.8834 0 0 255
0.15 0.175 765.092 -40.7502 0 0 255
0.175 0.175 820.53 19.7626 0 0 255
0.2 0.175 843.277 66.1007 0 0 255
0.225 0.175 788.889 143.88 0 0 255
0.25 0.175 502.437 134.092 0 0 255
0.275 0.175 -229.253 3971.47 0 0 255
0.3 0.175 -229.253 3971.47 0 0 255
0.325 0.175 -229.253 3971.47 0 0 255
0.35 0.175 -229.253 3971.47 0 0 255
0.375 0.175 -229.253 3971.47 0 0 255
0.4 0.175 -229.253 3971.47 0 0 255
0.425 0.175 -229.253 3971.47 0 0 255
0.45 0.175 -229.253 3971.47 0 0 255
0.475 0.175 -229.253 3971.47 0 0 255
0.5 0.175 -229.253 3971.47 0 0 255
-0.5 0.15 -101.832 76.0242 0 0 255
-0.475 0.15 -96.8286 73.5874 0 0 255
-0.45 0.15 -91.588 71.2107 0 0 255
-0.425 0.15 -86.179 68.9939 0 0 255
-0.4 0.15 -80.7094 67.0745 0 0 255
-0.375 0.15 -75.335 65.6352 0 0 255
-0.35 0.15 -70.2689 64.91 0 0 255
-0.325 0.15 -65.7822 65.1828 0 0 255
-0.3 0.15 -62.1919 66.7747 0 0 255
-0.275 0.15 -59.8193 70.0069 0 0 255
-0.25 0.15 -58.9057 75.1317 0 0 255
-0.225 0.15 -59.467 82.222 0 0 255
-0.2 0.15 -61.0797 91.0198 0 0 255
-0.175 0.15 -62.6016 100.751 0 0 255
-0.15 0.15 -61.8231 109.891 0 0 255
-0.125 0.15 -54.9937 115.749 0 0 255
-0.1 0.15 -36.1142 113.579 0 0 255
-0.075 0.15 4.11341 95.1395 0 0 255
-0.05 0.15 81.539 47.6328 0 0 255
-0.025 0.15 213.861 -36.8677 0 0 255
0 0.15 223.329 -29.2524 0 0 255
0.025 0.15 223.385 -24.4913 0 0 255
0.05 0.15 451.964 -87.274 0 0 255
0.075 0.15 537.379 -93.6413 0 0 255
0.1 0.15 618.211 -93.3851 0 0 255
0.125 0.15 694.424 -79.8834 0 0 255
0.15 0.15 765.092 -40.7502 0 0 255
0.175 0.15 820.53 19.7626 0 0 255
0.2 0.15 843.277 66.1007 0 0 255
0.225 0.15 788.889 143.88 0 0 255
0.25 0.15 502.437 134.092 0 0 255
0.275 0.15 -229.253 3971.47 0 0 255
0.3 0.15 -229.253 3971.47 0 0 255
0.325 0.15 -229.253 3971.47 0 0 255
0.35 0.15 -229.253 3971.47 0 0 255
0.375 0.15 -229.253 3971.47 0 0 255
0.4 0.15 -229.253 3971.47 0 0 255
0.425 0.15 -229.253 3971.47 0 0 255
0.45 0.15 -229.253 3971.47 0 0 255
0.475 0.15 -229.253 3971.47 0 0 255
0.5 0.15 -229.253 3971.47 0 0 255
-0.5 0.125 -95.3818 73.2502 0 0 255
-0.475 0.125 -90.549 71.1716 0 0 255
-0.45 0.125 -85.5997 69.2677 0 0 255
-0.425 0.125 -80.6248 67.6535 0 0 255
-0.4 0.125 -75.7495 66.4769 0 0 255
-0.375 0.125 -71.1381 65.9213 0 0 255
-0.35 0.125 -66.9932 66.2039 0 0 255
-0.325 0.125 -63.546 67.5655 0 0 255
-0.3 0.125 -61.0287 70.2476 0 0 255
-0.275 0.125 -59.6219 74.448 0 0 255
-0.25 0.125 -59.364 80.2517 0 0 255
-0.225 0.125 -60.0157 87.5321 0 0 255
-0.2 0.125 -60.8722 95.8211 0 0 255
-0.175 0.125 -60.513 104.137 0 0 255
-0.15 0.125 -56.4524 110.72 0 0 255
-0.125 0.125 -44.6228 112.546 0 0 255
-0.1 0.125 -18.7062 104.542 0 0 255
-0.075 0.125 30.2061 79.1478 0 0 255
-0.05 0.125 112.19 28.9016 0 0 255
-0.025 0.125 216.259 -34.6961 0 0 255
0 0.125 223.34 -28.2825 0 0 255
0.025 0.125 223.385 -24.4913 0 0 255
0.05 0.125 451.964 -87.274 0 0 255
0.075 0.125 537.379 -93.6413 0 0 255
0.1 0.125 618.211 -93.3851 0 0 255
0.125 0.125 694.424 -79.8834 0 0 255
0.15 0.125 765.092 -40.7502 0 0 255
0.175 0.125 820.53 19.7626 0 0 255
0.2 0.125 843.277 66.1007 0 0 255
0.225 0.125 788.889 143.88 0 0 255
0.25 0.125 502.437 134.092 0 0 255
0.275 0.125 -229.253 3971.47 0 0 255
0.3 0.125 -229.253 3971.47 0 0 255
0.325 0.125 -229.253 3971.47 0 0 255
0.35 0.125 -229.253 3971.47 0 0 255
0.375 0.125 -229.253 3971.47 0 0 255
0.4 0.125 -229.253 3971.47 0 0 255
0.425 0.125 -229.253 3971.47 0 0 255
0.45 0.125 -229.253 3971.47 0 0 255
0.475 0.125 -229.253 3971.47 0 0 255
0.5 0.125 -229.253 3971.47 0 0 255
-0.5 0.1 -89.6718 71.1863 0 0 255
-0.475 0.1 -85.1119 69.5382 0 0 255
-0.45 0.1 -80.5485 68.1672 0 0 255
-0.425 0.1 -76.0832 67.1944 0 0 255
-0.4 0.1 -71.8449 66.766 0 0 255
-0.375 0.1 -67.9883 67.0514 0 0 255
-0.35 0.1 -64.6862 68.2362 0 0 255
-0.325 0.1 -62.1103 70.5054 0 0 255
-0.3 0.1 -60.3964 74.0149 0 0 255
-0.275 0.1 -59.5854 78.846 0 0 255
-0.25 0.1 -59.5348 84.9392 0 0 255
-0.225 0.1 -59.7923 92.0053 0 0 255
-0.2 0.1 -59.4227 99.4037 0 0 255
-0.175 0.1 -56.767 105.968 0 0 255
-0.15 0.1 -49.0918 109.718 0 0 255
-0.125 0.1 -32.1121 107.408 0 0 255
-0.1 0.1 0.366641 94.07 0 0 255
-0.075 0.1 55.6015 63.7444 0 0 255
-0.05 0.1 136.543 14.6499 0 0 255
-0.025 0.1 217.954 -32.9939 0 0 255
0 0.1 223.349 -27.5775 0 0 255
0.025 0.1 223.385 -24.4913 0 0 255
0.05 0.1 451.964 -87.274 0 0 255
0.075 0.1 537.379 -93.6413 0 0 255
0.1 0.1 618.211 -93.3851 0 0 255
0.125 0.1 694.424 -79.8834 0 0 255
0.15 0.1 765.092 -40.7502 0 0 255
0.175 0.1 820.53 19.7626 0 0 255
0.2 0.1 843.277 66.1007 0 0 255
0.225 0.1 788.889 143.88 0 0 255
0.25 0.1 502.437 134.092 0 0 255
0.275 0.1 -229.253 3971.47 0 0 255
0.3 0.1 -229.253 3971.47 0 0 255
0.325 0.1 -229.253 3971.47 0 0 255
0.35 0.1 -229.253 3971.47 0 0 255
0.375 0.1 -229.253 3971.47 0 0 255
0.4 0.1 -229.253 3971.47 0 0 255
0.425 0.1 -229.253 3971.47 0 0 255
0.45 0.1 -229.253 3971.47 0 0 255
0.475 0.1 -229.253 3971.47 0 0 255
0.5 0.1 -229.253 3971.47 0 0 255
-0.5 0.075 -84.6941 69.7998 0 0 255
-0.475 0.075 -80.4779 68.6254 0 0 255
-0.45 0.075 -76.3553 67.8133 0 0 255
-0.425 0.075 -72.429 67.4819 0 0 255
-0.4 0.075 -68.8192 67.7659 0 0 255
-0.375 0.075 -65.6575 68.8108 0 0 255
-0.35 0.075 -63.0736 70.7613 0 0 255
-0.325 0.075 -61.1706 73.7412 0 0 255
-0.3 0.075 -59.9852 77.8232 0 0 255
-0.275 0.075 -59.4283 82.9829 0 0 255
-0.25 0.075 -59.1982 89.0375 0 0 255
-0.225 0.075 -58.6625 95.5612 0 0 255
-0.2 0.075 -56.6912 101.766 0 0 255
-0.175 0.075 -51.4221 106.323 0 0 255
-0.15 0.075 -39.9355 107.085 0 0 255
-0.125 0.075 -17.914 100.753 0 0 255
-0.1 0.075 20.2271 82.8759 0 0 255
-0.075 0.075 79.2363 49.616 0 0 255
-0.05 0.075 155.49 4.03332 0 0 255
-0.025 0.075 219.175 -31.6502 0 0 255
0 0.075 223.355 -27.0496 0 0 255
0.025 0.075 223.385 -24.4913 0 0 255
0.05 0.075 451.964 -87.274 0 0 255
0.075 0.075 537.379 -93.6413 0 0 255
0.1 0.075 618.211 -93.3851 0 0 255
0.125 0.075 694.424 -79.8834 0 0 255
0.15 0.075 765.092 -40.7502 0 0 255
0.175 0.075 820.53 19.7626 0 0 255
0.2 0.075 843.277 66.1007 0 0 255
0.225 0.075 788.889 143.88 0 0 255
0.25 0.075 502.437 134.092 0 0 255
0.275 0.075 -229.253 3971.47 0 0 255
0.3 0.075 -229.253 3971.47 0 0 255
0.325 0.075 -229.253 3971.47 0 0 255
0.35 0.075 -229.253 3971.47 0 0 255
0.375 0.075 -229.253 3971.47 0 0 255
0.4 0.075 -229.253 3971.47 0 0 255
0.425 0.075 -229.253 3971.47 0 0 255
0.45 0.075 -229.253 3971.47 0 0 255
0.475 0.075 -229.253 3971.47 0 0 255
0.5 0.075 -229.253 3971.47 0 0 255
-0.5 0.05 -80.4115 69.036 0 0 255
-0.475 0.05 -76.5797 68.3526 0 0 255
-0.45 0.05 -72.9184 68.0964 0 0 255
-0.425 0.05 -69.5224 68.3761 0 0 255
-0.4 0.05 -66.4939 69.3078 0 0 255
-0.375 0.05 -63.9323 71.0065 0 0 255
-0.35 0.05 -61.9167 73.5717 0 0 255
-0.325 0.05 -60.4782 77.0663 0 0 255
-0.3 0.05 -59.5581 81.4845 0 0 255
-0.275 0.05 -58.9486 86.7087 0 0 255
-0.25 0.05 -58.2095 92.4499 0 0 255
-0.225 0.05 -56.5535 98.1653 0 0 255
-0.2 0.05 -52.6859 102.941 0 0 255
-0.175 0.05 -44.585 105.317 0 0 255
-0.15 0.05 -29.2394 103.06 0 0 255
-0.125 0.05 -2.52466 93.0057 0 0 255
-0.1 0.05 40.1044 71.5448 0 0 255
-0.075 0.05 100.509 37.1109 0 0 255
-0.05 0.05 170.081 -3.78681 0 0 255
-0.025 0.05 220.07 -30.5797 0 0 255
0 0.05 223.36 -26.6446 0 0 255
0.025 0.05 223.385 -24.4913 0 0 255
0.05 0.05 451.964 -87.274 0 0 255
0.075 0.05 537.379 -93.6413 0 0 255
0.1 0.05 618.211 -93.3851 0 0 255
0.125 0.05 694.424 -79.8834 0 0 255
0.15 0.05 765.092 -40.7502 0 0 255
0.175 0.05 820.53 19.7626 0 0 255
0.2 0.05 843.277 66.1007 0 0 255
0.225 0.05 788.889 143.88 0 0 255
0.25 0.05 502.437 134.092 0 0 255
0.275 0.05 -229.253 3971.47 0 0 255
0.3 0.05 -229.253 3971.47 0 0 255
0.325 0.05 -229.253 3971.47 0 0 255
0.35 0.05 -229.253 3971.47 0 0 255
0.375 0.05 -229.253 3971.47 0 0 255
0.4 0.05 -229.253 3971.47 0 0 255
0.425 0.05 -229.253 3971.47 0 0 255
0.45 0.05 -229.253 3971.47 0 0 255
0.475 0.05 -229.253 3971.47 0 0 255
0.5 0.05 -229.253 3971.47 0 0 255
-0.5 0.025 -76.7664 68.8267 0 0 255
-0.475 0.025 -73.3331 68.6295 0 0 255
-0.45 0.025 -70.1245 68.9031 0 0 255
-0.425 0.025 -67.2209 69.7416 0 0 255
-0.4 0.025 -64.6997 71.2374 0 0 255
-0.375 0.025 -62.6222 73.4716 0 0 255
-0.35 0.025 -61.0139 76.498 0 0 255
-0.325 0.025 -59.8346 80.3204 0 0 255
-0.3 0.025 -58.9364 84.8622 0 0 255
-0.275 0.025 -58.005 89.9232 0 0 255
-0.25 0.025 -56.4787 95.1224 0 0 255
-0.225 0.025 -53.4383 99.8173 0 0 255
-0.2 0.025 -47.4556 102.99 0 0 255
-0.175 0.025 -36.4048 103.094 0 0 255
-0.15 0.025 -17.2998 97.9007 0 0 255
-0.125 0.025 13.5625 84.5646 0 0 255
-0.1 0.025 59.3787 60.5243 0 0 255
-0.075 0.025 119.184 26.3292 0 0 255
-0.05 0.025 181.279 -9.51896 0 0 255
-0.025 0.025 220.737 -29.718 0 0 255
0 0.025 223.363 -26.3274 0 0 255
0.025 0.025 223.385 -24.4913 0 0 255
0.05 0.025 451.964 -87.274 0 0 255
0.075 0.025 537.379 -93.6413 0 0 255
0.1 0.025 618.211 -93.3851 0 0 255
0.125 0.025 694.424 -79.8834 0 0 255
0.15 0.025 765.092 -40.7502 0 0 255
0.175 0.025 820.53 19.7626 0 0 255
0.2 0.025 843.277 66.1007 0 0 255
0.225 0.025 788.889 143.88 0 0 255
0.25 0.025 502.437 134.092 0 0 255
0.275 0.025 -229.253 3971.47 0 0 255
0.3 0.025 -229.253 3971.47 0 0 255
0.325 0.025 -229.253 3971.47 0 0 255
0.35 0.025 -229.253 3971.47 0 0 255
0.375 0.025 -229.253 3971.47 0 0 255
0.4 0.025 -229.253 3971.47 0 0 255
0.425 0.025 -229.253 3971.47 0 0 255
0.45 0.025 -229.253 3971.47 0 0 255
0.475 0.025 -229.253 3971.47 0 0 255
0.5 0.025 -229.253 3971.47 0 0 255
-0.5 0 -73.6883 69.0962 0 0 255
-0.475 0 -70.6454 69.3627 0 0 255
-0.45 0 -67.8583 70.1231 0 0 255
-0.425 0 -65.3881 71.4529 0 0 255
-0.4 0 -63.2827 73.4186 0 0 255
-0.375 0 -61.5628 76.0661 0 0 255
-0.35 0 -60.1996 79.4044 0 0 255
-0.325 0 -59.0849 83.3826 0 0 255
-0.3 0 -57.9888 87.8598 0 0 255
-0.275 0 -56.5019 92.5635 0 0 255
-0.25 0 -53.9575 97.0331 0 0 255
-0.225 0 -49.3263 100.543 0 0 255
-0.2 0 -41.0824 101.997 0 0 255
-0.175 0 -27.0624 99.814 0 0 255
-0.15 0 -4.43185 91.8697 0 0 255
-0.125 0 29.891 75.7835 0 0 255
-0.1 0 77.5967 50.1284 0 0 255
-0.075 0 135.283 17.2102 0 0 255
-0.05 0 189.882 -13.7166 0 0 255
-0.025 0 221.243 -29.0173 0 0 255
0 0 223.366 -26.0745 0 0 255
0.025 0 223.385 -24.4913 0 0 255
0.05 0 451.964 -87.274 0 0 255
0.075 0 537.379 -93.6413 0 0 255
0.1 0 618.211 -93.3851 0 0 255
0.125 0 694.424 -79.8834 0 0 255
0.15 0 765.092 -40.7502 0 0 255
0.175 0 820.53 19.7626 0 0 255
0.2 0 843.277 66.1007 0 0 255
0.225 0 788.889 143.88 0 0 255
0.25 0 502.437 134.092 0 0 255
0.275 0 -229.253 3971.47 0 0 255
0.3 0 -229.253 3971.47 0 0 255
0.325 0 -229.253 3971.47 0 0 255
0.35 0 -229.253 3971.47 0 0 255
0.375 0 -229.253 3971.47 0 0 255
0.4 0 -229.253 3971.47 0 0 255
0.425 0 -229.253 3971.47 0 0 255
0.45 0 -229.253 3971.47 0 0 255
0.475 0 -229.253 3971.47 0 0 255
0.5 0 -229.253 3971.47 0 0 255
