-0.5 1 -0.200423 -1.18004 0 0 255
-0.475 1 -0.115696 -1.10634 0 0 255
-0.45 1 -0.025915 -1.03537 0 0 255
-0.425 1 0.0686225 -0.968564 0 0 255
-0.4 1 0.167411 -0.90751 0 0 255
-0.375 1 0.269703 -0.853828 0 0 255
-0.35 1 0.374487 -0.809084 0 0 255
-0.325 1 0.480477 -0.774627 0 0 255
-0.3 1 0.586125 -0.7514 0 0 255
-0.275 1 0.689661 -0.739737 0 0 255
-0.25 1 0.789159 -0.739177 0 0 255
-0.225 1 0.88262 -0.748329 0 0 255
-0.2 1 0.96805 -0.764859 0 0 255
-0.175 1 1.0435 -0.785624 0 0 255
-0.15 1 1.10701 -0.806992 0 0 255
-0.125 1 1.15643 -0.825302 0 0 255
-0.1 1 1.18869 -0.837337 0 0 255
-0.075 1 -0.122761 -0.118731 0 0 255
-0.05 1 -0.140177 -0.0799291 0 0 255
-0.025 1 -0.140593 -0.0539945 0 0 255
0 1 -0.140595 -0.0300526 0 0 255
0.025 1 -0.14095 -0.00741333 0 0 255
0.05 1 -0.142427 0.0138453 0 0 255
0.075 1 -0.183486 0.043573 0 0 255
0.1 1 -2.16113 1.22699 0 0 255
0.125 1 -2.11641 1.20171 0 0 255
0.15 1 -2.04758 1.16291 0 0 255
0.175 1 -1.96044 1.11484 0 0 255
0.2 1 -1.86034 1.06183 0 0 255
0.225 1 -1.75246 1.0081 0 0 255
0.25 1 -1.64164 0.957464 0 0 255
0.275 1 -1.53211 0.91302 0 0 255
0.3 1 -1.42735 0.876998 0 0 255
0.325 1 -1.32996 0.850735 0 0 255
0.35 1 -1.2417 0.834753 0 0 255
0.375 1 -1.16355 0.8289 0 0 255
0.4 1 -1.09582 0.832526 0 0 255
0.425 1 -1.03834 0.844644 0 0 255
0.45 1 -0.990581 0.864088 0 0 255
0.475 1 -0.951765 0.889625 0 0 255
0.5 1 -0.920994 0.920044 0 0 255
-0.5 0.975 -0.28515 -1.25375 0 0 255
-0.475 0.975 -0.201075 -1.17384 0 0 255
-0.45 0.975 -0.111165 -1.0956 0 0 255
-0.425 0.975 -0.0155731 -1.0206 0 0 255
-0.4 0.975 0.0853311 -0.950584 0 0 255
-0.375 0.975 0.190912 -0.887473 0 0 255
-0.35 0.975 0.300222 -0.833228 0 0 255
-0.325 0.975 0.411978 -0.789687 0 0 255
-0.3 0.975 0.524548 -0.758336 0 0 255
-0.275 0.975 0.635989 -0.74004 0 0 255
-0.25 0.975 0.744107 -0.734765 0 0 255
-0.225 0.975 0.846558 -0.741351 0 0 255
-0.2 0.975 0.940955 -0.757401 0 0 255
-0.175 0.975 1.02494 -0.779381 0 0 255
-0.15 0.975 1.09615 -0.802965 0 0 255
-0.125 0.975 1.15196 -0.823632 0 0 255
-0.1 0.975 1.18869 -0.837337 0 0 255
-0.075 0.975 -0.122761 -0.118731 0 0 255
-0.05 0.975 -0.140177 -0.0799291 0 0 255
-0.025 0.975 -0.140593 -0.0539945 0 0 255
0 0.975 -0.140595 -0.0300526 0 0 255
0.025 0.975 -0.14095 -0.00741333 0 0 255
0.05 0.975 -0.142427 0.0138453 0 0 255
0.075 0.975 -0.183486 0.043573 0 0 255
0.1 0.975 -2.16113 1.22699 0 0 255
0.125 0.975 -2.11021 1.1982 0 0 255
0.15 0.975 -2.03244 1.15438 0 0 255
0.175 0.975 -1.93498 1.1008 0 0 255
0.2 0.975 -1.8244 1.04279 0 0 255
0.225 0.975 -1.70692 0.985418 0 0 255
0.25 0.975 -1.58821 0.933055 0 0 255
0.275 0.975 -1.47303 0.889046 0 0 255
0.3 0.975 -1.36504 0.855574 0 0 255
0.325 0.975 -1.26682 0.833707 0 0 255
0.35 0.975 -1.17986 0.823554 0 0 255
0.375 0.975 -1.10478 0.8245 0 0 255
0.4 0.975 -1.04147 0.835435 0 0 255
0.425 0.975 -0.989356 0.854973 0 0 255
0.45 0.975 -0.947512 0.881622 0 0 255
0.475 0.975 -0.914852 0.913909 0 0 255
0.5 0.975 -0.890223 0.950463 0 0 255
-0.5 0.95 -0.373561 -1.33778 0 0 255
-0.475 0.95 -0.290985 -1.25207 0 0 255
-0.45 0.95 -0.20182 -1.16674 0 0 255
-0.425 0.95 -0.106036 -1.08337 0 0 255
-0.4 0.95 -0.00381612 -1.00387 0 0 255
-0.375 0.95 0.104373 -0.930416 0 0 255
-0.35 0.95 0.21772 -0.865372 0 0 255
-0.325 0.95 0.335004 -0.811125 0 0 255
-0.3 0.95 0.454568 -0.769825 0 0 255
-0.275 0.95 0.574323 -0.743048 0 0 255
-0.25 0.95 0.691803 -0.731403 0 0 255
-0.225 0.95 0.804277 -0.734162 0 0 255
-0.2 0.95 0.908889 -0.749009 0 0 255
-0.175 0.95 1.00277 -0.772039 0 0 255
-0.15 0.95 1.08304 -0.798111 0 0 255
-0.125 0.95 1.14651 -0.821597 0 0 255
-0.1 0.95 1.18869 -0.837337 0 0 255
-0.075 0.95 -0.122761 -0.118731 0 0 255
-0.05 0.95 -0.140177 -0.0799291 0 0 255
-0.025 0.95 -0.140593 -0.0539945 0 0 255
0 0.95 -0.140595 -0.0300526 0 0 255
0.025 0.95 -0.14095 -0.00741333 0 0 255
0.05 0.95 -0.142427 0.0138453 0 0 255
0.075 0.95 -0.183486 0.043573 0 0 255
0.1 0.95 -2.16113 1.22699 0 0 255
0.125 0.95 -2.10265 1.19392 0 0 255
0.15 0.95 -2.01417 1.14408 0 0 255
0.175 0.95 -1.90464 1.08412 0 0 255
0.2 0.95 -1.78217 1.02064 0 0 255
0.225 0.95 -1.65431 0.959721 0 0 255
0.25 0.95 -1.52761 0.906322 0 0 255
0.275 0.95 -1.40733 0.863945 0 0 255
0.3 0.95 -1.29724 0.834556 0 0 255
0.325 0.95 -1.19966 0.818754 0 0 255
0.35 0.95 -1.11567 0.816059 0 0 255
0.375 0.95 -1.04534 0.825248 0 0 255
0.4 0.95 -0.988022 0.844668 0 0 255
0.425 0.95 -0.942633 0.872489 0 0 255
0.45 0.95 -0.907829 0.906895 0 0 255
0.475 0.95 -0.882191 0.946196 0 0 255
0.5 0.95 -0.864323 0.988902 0 0 255
-0.5 0.925 -0.465134 -1.43284 0 0 255
-0.475 0.925 -0.385005 -1.34204 0 0 255
-0.45 0.925 -0.297604 -1.2501 0 0 255
-0.425 0.925 -0.20268 -1.15854 0 0 255
-0.4 0.925 -0.100181 -1.0693 0 0 255
-0.375 0.925 0.00966941 -0.984763 0 0 255
-0.35 0.925 0.126274 -0.907668 0 0 255
-0.325 0.925 0.248572 -0.840979 0 0 255
-0.3 0.925 0.374966 -0.787624 0 0 255
-0.275 0.925 0.503284 -0.75009 0 0 255
-0.25 0.925 0.630812 -0.729907 0 0 255
-0.225 0.925 0.754401 -0.727083 0 0 255
-0.2 0.925 0.870643 -0.739627 0 0 255
-0.175 0.925 0.976039 -0.763356 0 0 255
-0.15 0.925 1.06705 -0.792195 0 0 255
-0.125 0.925 1.13977 -0.819083 0 0 255
-0.1 0.925 1.18869 -0.837337 0 0 255
-0.075 0.925 -0.122761 -0.118731 0 0 255
-0.05 0.925 -0.140177 -0.0799291 0 0 255
-0.025 0.925 -0.140593 -0.0539945 0 0 255
0 0.925 -0.140595 -0.0300526 0 0 255
0.025 0.925 -0.14095 -0.00741333 0 0 255
0.05 0.925 -0.142427 0.0138453 0 0 255
0.075 0.925 -0.183486 0.043573 0 0 255
0.1 0.925 -2.16113 1.22699 0 0 255
0.125 0.925 -2.09331 1.18864 0 0 255
0.15 0.925 -1.99189 1.13153 0 0 255
0.175 0.925 -1.86816 1.06415 0 0 255
0.2 0.925 -1.73228 0.994781 0 0 255
0.225 0.925 -1.59335 0.930676 0 0 255
0.25 0.925 -1.45891 0.877366 0 0 255
0.275 0.925 -1.3346 0.838319 0 0 255
0.3 0.925 -1.22405 0.815021 0 0 255
0.325 0.925 -1.12912 0.807331 0 0 255
0.35 0.925 -1.05018 0.813958 0 0 255
0.375 0.925 -0.986571 0.832926 0 0 255
0.4 0.925 -0.936973 0.861965 0 0 255
0.425 0.925 -0.899719 0.898793 0 0 255
0.45 0.925 -0.873026 0.9413 0 0 255
0.475 0.925 -0.855157 0.987638 0 0 255
0.5 0.925 -0.844509 1.03626 0 0 255
-0.5 0.9 -0.55915 -1.53937 0 0 255
-0.475 0.9 -0.482495 -1.4446 0 0 255
-0.45 0.9 -0.398003 -1.34694 0 0 255
-0.425 0.9 -0.30518 -1.24777 0 0 255
-0.4 0.9 -0.203686 -1.14895 0 0 255
-0.375 0.9 -0.0934335 -1.05293 0 0 255
-0.35 0.9 0.0252962 -0.96273 0 0 255
-0.325 0.9 0.151723 -0.881863 0 0 255
-0.3 0.9 0.284435 -0.814105 0 0 255
-0.275 0.9 0.421293 -0.763066 0 0 255
-0.25 0.9 0.559405 -0.731538 0 0 255
-0.225 0.9 0.695204 -0.720695 0 0 255
-0.2 0.9 0.824651 -0.729273 0 0 255
-0.175 0.9 0.943475 -0.753037 0 0 255
-0.15 0.9 1.0473 -0.784893 0 0 255
-0.125 0.9 1.13132 -0.815929 0 0 255
-0.1 0.9 1.18869 -0.837337 0 0 255
-0.075 0.9 -0.122761 -0.118731 0 0 255
-0.05 0.9 -0.140177 -0.0799291 0 0 255
-0.025 0.9 -0.140593 -0.0539945 0 0 255
0 0.9 -0.140595 -0.0300526 0 0 255
0.025 0.9 -0.14095 -0.00741333 0 0 255
0.05 0.9 -0.142427 0.0138453 0 0 255
0.075 0.9 -0.183486 0.043573 0 0 255
0.1 0.9 -2.16113 1.22699 0 0 255
0.125 0.9 -2.08159 1.18202 0 0 255
0.15 0.9 -1.96434 1.11602 0 0 255
0.175 0.9 -1.82389 1.04004 0 0 255
0.2 0.9 -1.67299 0.964509 0 0 255
0.225 0.9 -1.52259 0.89803 0 0 255
0.25 0.9 -1.38123 0.846565 0 0 255
0.275 0.9 -1.25467 0.813215 0 0 255
0.3 0.9 -1.14607 0.798583 0 0 255
0.325 0.9 -1.05638 0.801439 0 0 255
0.35 0.9 -0.985 0.81943 0 0 255
0.375 0.9 -0.930327 0.849697 0 0 255
0.4 0.9 -0.890241 0.889326 0 0 255
0.425 0.9 -0.862464 0.935622 0 0 255
0.45 0.9 -0.844793 0.986259 0 0 255
0.475 0.9 -0.835225 1.03932 0 0 255
0.5 0.9 -0.832016 1.09331 0 0 255
-0.5 0.875 -0.654682 -1.65748 0 0 255
-0.475 0.875 -0.582563 -1.56025 0 0 255
-0.45 0.875 -0.502218 -1.45829 0 0 255
-0.425 0.875 -0.412896 -1.35265 0 0 255
-0.4 0.875 -0.313938 -1.24497 0 0 255
-0.375 0.875 -0.204877 -1.1376 0 0 255
-0.35 0.875 -0.0855729 -1.03365 0 0 255
-0.325 0.875 0.0436183 -0.937056 0 0 255
-0.3 0.875 0.181648 -0.852438 0 0 255
-0.275 0.875 0.326592 -0.784684 0 0 255
-0.25 0.875 0.475524 -0.738236 0 0 255
-0.225 0.875 0.624524 -0.716012 0 0 255
-0.2 0.875 0.768869 -0.718117 0 0 255
-0.175 0.875 0.903359 -0.740728 0 0 255
-0.15 0.875 1.02257 -0.775756 0 0 255
-0.125 0.875 1.12053 -0.811902 0 0 255
-0.1 0.875 1.18869 -0.837337 0 0 255
-0.075 0.875 -0.122761 -0.118731 0 0 255
-0.05 0.875 -0.140177 -0.0799291 0 0 255
-0.025 0.875 -0.140593 -0.0539945 0 0 255
0 0.875 -0.140595 -0.0300526 0 0 255
0.025 0.875 -0.14095 -0.00741333 0 0 255
0.05 0.875 -0.142427 0.0138453 0 0 255
0.075 0.875 -0.183486 0.043573 0 0 255
0.1 0.875 -2.16113 1.22699 0 0 255
0.125 0.875 -2.06663 1.17356 0 0 255
0.15 0.875 -1.92983 1.09659 0 0 255
0.175 0.875 -1.76962 1.01069 0 0 255
0.2 0.875 -1.60215 0.929049 0 0 255
0.225 0.875 -1.44047 0.861731 0 0 255
0.25 0.875 -1.29391 0.814776 0 0 255
0.275 0.875 -1.16789 0.790347 0 0 255
0.3 0.875 -1.0645 0.787594 0 0 255
0.325 0.875 -0.98332 0.803765 0 0 255
0.35 0.875 -0.922406 0.835207 0 0 255
0.375 0.875 -0.879009 0.878108 0 0 255
0.4 0.875 -0.850154 0.928955 0 0 255
0.425 0.875 -0.832985 0.984756 0 0 255
0.45 0.875 -0.824954 1.04311 0 0 255
0.475 0.875 -0.823893 1.10217 0 0 255
0.5 0.875 -0.828017 1.16059 0 0 255
-0.5 0.85 -0.750593 -1.78679 0 0 255
-0.475 0.85 -0.68405 -1.68906 0 0 255
-0.45 0.85 -0.609122 -1.58472 0 0 255
-0.425 0.85 -0.524812 -1.47442 0 0 255
-0.4 0.85 -0.430129 -1.35937 0 0 255
-0.375 0.85 -0.324181 -1.24155 0 0 255
-0.35 0.85 -0.206313 -1.12392 0 0 255
-0.325 0.85 -0.0762986 -1.01057 0 0 255
-0.3 0.85 0.0653953 -0.906782 0 0 255
-0.275 0.85 0.217321 -0.818762 0 0 255
-0.25 0.85 0.376779 -0.752964 0 0 255
-0.225 0.85 0.539673 -0.714775 0 0 255
-0.2 0.85 0.700621 -0.706643 0 0 255
-0.175 0.85 0.85334 -0.726031 0 0 255
-0.15 0.85 0.991094 -0.764143 0 0 255
-0.125 0.85 1.10646 -0.806654 0 0 255
-0.1 0.85 1.18869 -0.837337 0 0 255
-0.075 0.85 -0.122761 -0.118731 0 0 255
-0.05 0.85 -0.140177 -0.0799291 0 0 255
-0.025 0.85 -0.140593 -0.0539945 0 0 255
0 0.85 -0.140595 -0.0300526 0 0 255
0.025 0.85 -0.14095 -0.00741333 0 0 255
0.05 0.85 -0.142427 0.0138453 0 0 255
0.075 0.85 -0.183486 0.043573 0 0 255
0.1 0.85 -2.16113 1.22699 0 0 255
0.125 0.85 -2.04713 1.16253 0 0 255
0.15 0.85 -1.88588 1.07186 0 0 255
0.175 0.85 -1.7024 0.974649 0 0 255
0.2 0.85 -1.51716 0.887618 0 0 255
0.225 0.85 -1.34544 0.82216 0 0 255
0.25 0.85 -1.19679 0.783659 0 0 255
0.275 0.85 -1.07543 0.772423 0 0 255
0.3 0.85 -0.981565 0.785386 0 0 255
0.325 0.85 -0.912796 0.817814 0 0 255
0.35 0.85 -0.865478 0.864592 0 0 255
0.375 0.85 -0.835612 0.921009 0 0 255
0.4 0.85 -0.819412 0.983126 0 0 255
0.425 0.85 -0.813568 1.04786 0 0 255
0.45 0.85 -0.815343 1.11295 0 0 255
0.475 0.85 -0.822552 1.17678 0 0 255
0.5 0.85 -0.833501 1.23828 0 0 255
-0.5 0.825 -0.845563 -1.92627 0 0 255
-0.475 0.825 -0.785545 -1.83038 0 0 255
-0.45 0.825 -0.717255 -1.72618 0 0 255
-0.425 0.825 -0.639487 -1.61376 0 0 255
-0.4 0.825 -0.550943 -1.49372 0 0 255
-0.375 0.825 -0.450301 -1.36742 0 0 255
-0.35 0.825 -0.336326 -1.23727 0 0 255
-0.325 0.825 -0.208078 -1.1071 0 0 255
-0.3 0.825 -0.0651957 -0.98244 0 0 255
-0.275 0.825 0.0916927 -0.870602 0 0 255
-0.25 0.825 0.260517 -0.78022 0 0 255
-0.225 0.825 0.437372 -0.719944 0 0 255
-0.2 0.825 0.616402 -0.695951 0 0 255
-0.175 0.825 0.790166 -0.708552 0 0 255
-0.15 0.825 0.950325 -0.74912 0 0 255
-0.125 0.825 1.08768 -0.799645 0 0 255
-0.1 0.825 1.18869 -0.837337 0 0 255
-0.075 0.825 -0.122761 -0.118731 0 0 255
-0.05 0.825 -0.140177 -0.0799291 0 0 255
-0.025 0.825 -0.140593 -0.0539945 0 0 255
0 0.825 -0.140595 -0.0300526 0 0 255
0.025 0.825 -0.14095 -0.00741333 0 0 255
0.05 0.825 -0.142427 0.0138453 0 0 255
0.075 0.825 -0.183486 0.043573 0 0 255
0.1 0.825 -2.16113 1.22699 0 0 255
0.125 0.825 -2.02108 1.14781 0 0 255
0.15 0.825 -1.82889 1.03982 0 0 255
0.175 0.825 -1.61826 0.930068 0 0 255
0.2 0.825 -1.415 0.839624 0 0 255
0.225 0.825 -1.23629 0.780554 0 0 255
0.25 0.825 -1.09069 0.75618 0 0 255
0.275 0.825 -0.979828 0.76357 0 0 255
0.3 0.825 -0.900877 0.796529 0 0 255
0.325 0.825 -0.848839 0.847972 0 0 255
0.35 0.825 -0.818159 0.91137 0 0 255
0.375 0.825 -0.803657 0.981375 0 0 255
0.4 0.825 -0.800937 1.05396 0 0 255
0.425 0.825 -0.80649 1.12627 0 0 255
0.45 0.825 -0.817619 1.19642 0 0 255
0.475 0.825 -0.832318 1.26324 0 0 255
0.5 0.825 -0.849126 1.32607 0 0 255
-0.5 0.8 -0.93813 -2.07417 0 0 255
-0.475 0.8 -0.885416 -1.98277 0 0 255
-0.45 0.8 -0.824835 -1.8817 0 0 255
-0.425 0.8 -0.755041 -1.77042 0 0 255
-0.4 0.8 -0.674495 -1.64878 0 0 255
-0.375 0.8 -0.58149 -1.51723 0 0 255
-0.35 0.8 -0.474225 -1.37723 0 0 255
-0.325 0.8 -0.35096 -1.23175 0 0 255
-0.3 0.8 -0.210304 -1.08588 0 0 255
-0.275 0.8 -0.0516772 -0.947356 0 0 255
-0.25 0.8 0.12404 -0.826735 0 0 255
-0.225 0.8 0.313767 -0.736509 0 0 255
-0.2 0.8 0.511676 -0.688356 0 0 255
-0.175 0.8 0.709293 -0.688067 0 0 255
-0.15 0.8 0.89644 -0.729299 0 0 255
-0.125 0.8 1.06184 -0.790003 0 0 255
-0.1 0.8 1.18869 -0.837337 0 0 255
-0.075 0.8 -0.122761 -0.118731 0 0 255
-0.05 0.8 -0.140177 -0.0799291 0 0 255
-0.025 0.8 -0.140593 -0.0539945 0 0 255
0 0.8 -0.140595 -0.0300526 0 0 255
0.025 0.8 -0.14095 -0.00741333 0 0 255
0.05 0.8 -0.142427 0.0138453 0 0 255
0.075 0.8 -0.183486 0.043573 0 0 255
0.1 0.8 -2.16113 1.22699 0 0 255
0.125 0.8 -1.98526 1.12755 0 0 255
0.15 0.8 -1.7535 0.997449 0 0 255
0.175 0.8 -1.5119 0.87465 0 0 255
0.2 0.8 -1.29249 0.785115 0 0 255
0.225 0.8 -1.11291 0.73977 0 0 255
0.25 0.8 -0.978332 0.73737 0 0 255
0.275 0.8 -0.885681 0.769847 0 0 255
0.3 0.8 -0.827855 0.827012 0 0 255
0.325 0.8 -0.796801 0.899416 0 0 255
0.35 0.8 -0.785171 0.979537 0 0 255
0.375 0.8 -0.786963 1.06196 0 0 255
0.4 0.8 -0.797599 1.14306 0 0 255
0.425 0.8 -0.813736 1.22065 0 0 255
0.45 0.8 -0.833015 1.29346 0 0 255
0.475 0.8 -0.853814 1.36095 0 0 255
0.5 0.8 -0.875049 1.42297 0 0 255
-0.5 0.775 -1.02676 -2.22784 0 0 255
-0.475 0.775 -0.981888 -2.14373 0 0 255
-0.45 0.775 -0.929834 -2.0491 0 0 255
-0.425 0.775 -0.869206 -1.94284 0 0 255
-0.4 0.775 -0.79833 -1.82394 0 0 255
-0.375 0.775 -0.715228 -1.69178 0 0 255
-0.35 0.775 -0.617628 -1.54647 0 0 255
-0.325 0.775 -0.503034 -1.38947 0 0 255
-0.3 0.775 -0.36893 -1.22441 0 0 255
-0.275 0.775 -0.213204 -1.05824 0 0 255
-0.25 0.775 -0.0349009 -0.90232 0 0 255
-0.225 0.775 0.164674 -0.772785 0 0 255
-0.2 0.775 0.380728 -0.688548 0 0 255
-0.175 0.775 0.604372 -0.664951 0 0 255
-0.15 0.775 0.823588 -0.702561 0 0 255
-0.125 0.775 1.02498 -0.776249 0 0 255
-0.1 0.775 1.18869 -0.837337 0 0 255
-0.075 0.775 -0.122761 -0.118731 0 0 255
-0.05 0.775 -0.140177 -0.0799291 0 0 255
-0.025 0.775 -0.140593 -0.0539945 0 0 255
0 0.775 -0.140595 -0.0300526 0 0 255
0.025 0.775 -0.14095 -0.00741333 0 0 255
0.05 0.775 -0.142427 0.0138453 0 0 255
0.075 0.775 -0.183486 0.043573 0 0 255
0.1 0.775 -2.16113 1.22699 0 0 255
0.125 0.775 -1.93415 1.09866 0 0 255
0.15 0.775 -1.65142 0.940143 0 0 255
0.175 0.775 -1.37646 0.805804 0 0 255
0.2 0.775 -1.1471 0.725786 0 0 255
0.225 0.775 -0.977616 0.705611 0 0 255
0.25 0.775 -0.865594 0.73536 0 0 255
0.275 0.775 -0.800511 0.7997 0 0 255
0.3 0.775 -0.77003 0.884178 0 0 255
0.325 0.775 -0.763227 0.977698 0 0 255
0.35 0.775 -0.77164 1.07275 0 0 255
0.375 0.775 -0.789198 1.16471 0 0 255
0.4 0.775 -0.811761 1.25106 0 0 255
0.425 0.775 -0.836609 1.33061 0 0 255
0.45 0.775 -0.862018 1.40301 0 0 255
0.475 0.775 -0.886936 1.46842 0 0 255
0.5 0.775 -0.910754 1.52725 0 0 255
-0.5 0.75 -1.10996 -2.38378 0 0 255
-0.475 0.75 -1.07315 -2.30963 0 0 255
-0.45 0.75 -1.0301 -2.22484 0 0 255
-0.425 0.75 -0.979447 -2.12778 0 0 255
-0.4 0.75 -0.919525 -2.01669 0 0 255
-0.375 0.75 -0.848252 -1.88983 0 0 255
-0.35 0.75 -0.76308 -1.74575 0 0 255
-0.325 0.75 -0.660948 -1.58383 0 0 255
-0.3 0.75 -0.538336 -1.40517 0 0 255
-0.275 0.75 -0.391508 -1.21415 0 0 255
-0.25 0.75 -0.217152 -1.02061 0 0 255
-0.225 0.75 -0.0136664 -0.842318 0 0 255
-0.2 0.75 0.216858 -0.705837 0 0 255
-0.175 0.75 0.466672 -0.641326 0 0 255
-0.15 0.75 0.722609 -0.665614 0 0 255
-0.125 0.75 0.969931 -0.755707 0 0 255
-0.1 0.75 1.18869 -0.837337 0 0 255
-0.075 0.75 -0.122761 -0.118731 0 0 255
-0.05 0.75 -0.140177 -0.0799291 0 0 255
-0.025 0.75 -0.140593 -0.0539945 0 0 255
0 0.75 -0.140595 -0.0300526 0 0 255
0.025 0.75 -0.14095 -0.00741333 0 0 255
0.05 0.75 -0.142427 0.0138453 0 0 255
0.075 0.75 -0.183486 0.043573 0 0 255
0.1 0.75 -2.16113 1.22699 0 0 255
0.125 0.75 -1.85782 1.05551 0 0 255
0.15 0.75 -1.50965 0.860662 0 0 255
0.175 0.75 -1.20375 0.72142 0 0 255
0.2 0.75 -0.97905 0.667154 0 0 255
0.225 0.75 -0.837712 0.688957 0 0 255
0.25 0.75 -0.763295 0.762527 0 0 255
0.275 0.75 -0.735429 0.86404 0 0 255
0.3 0.75 -0.73687 0.976077 0 0 255
0.325 0.75 -0.755216 1.08782 0 0 255
0.35 0.75 -0.782319 1.19339 0 0 255
0.375 0.75 -0.813129 1.29006 0 0 255
0.4 0.75 -0.844665 1.37699 0 0 255
0.425 0.75 -0.875257 1.45433 0 0 255
0.45 0.75 -0.904039 1.52275 0 0 255
0.475 0.75 -0.930625 1.58311 0 0 255
0.5 0.75 -0.954909 1.63632 0 0 255
-0.5 0.725 -1.18632 -2.5376 0 0 255
-0.475 0.725 -1.15748 -2.4757 0 0 255
-0.45 0.725 -1.1235 -2.40383 0 0 255
-0.425 0.725 -1.08316 -2.32005 0 0 255
-0.4 0.725 -1.03491 -2.22206 0 0 255
-0.375 0.725 -0.976773 -2.10723 0 0 255
-0.35 0.725 -0.906176 -1.97262 0 0 255
-0.325 0.725 -0.819835 -1.81535 0 0 255
-0.3 0.725 -0.713605 -1.63319 0 0 255
-0.275 0.725 -0.582436 -1.42609 0 0 255
-0.25 0.725 -0.420638 -1.1989 0 0 255
-0.225 0.725 -0.222864 -0.966173 0 0 255
-0.2 0.725 0.013557 -0.758337 0 0 255
-0.175 0.725 0.284901 -0.624076 0 0 255
-0.15 0.725 0.579007 -0.613304 0 0 255
-0.125 0.725 0.882562 -0.723104 0 0 255
-0.1 0.725 1.18869 -0.837337 0 0 255
-0.075 0.725 -0.122761 -0.118731 0 0 255
-0.05 0.725 -0.140177 -0.0799291 0 0 255
-0.025 0.725 -0.140593 -0.0539945 0 0 255
0 0.725 -0.140595 -0.0300526 0 0 255
0.025 0.725 -0.14095 -0.00741333 0 0 255
0.05 0.725 -0.142427 0.0138453 0 0 255
0.075 0.725 -0.183486 0.043573 0 0 255
0.1 0.725 -2.16113 1.22699 0 0 255
0.125 0.725 -1.73669 0.987021 0 0 255
0.15 0.725 -1.30749 0.747528 0 0 255
0.175 0.725 -0.986491 0.622527 0 0 255
0.2 0.725 -0.796187 0.622992 0 0 255
0.225 0.725 -0.70945 0.708743 0 0 255
0.25 0.725 -0.688878 0.836096 0 0 255
0.275 0.725 -0.704914 0.975203 0 0 255
0.3 0.725 -0.73859 1.10982 0 0 255
0.325 0.725 -0.778991 1.23263 0 0 255
0.35 0.725 -0.820293 1.3413 0 0 255
0.375 0.725 -0.85962 1.43594 0 0 255
0.4 0.725 -0.895721 1.51772 0 0 255
0.425 0.725 -0.928204 1.58819 0 0 255
0.45 0.725 -0.957115 1.64892 0 0 255
0.475 0.725 -0.982701 1.70133 0 0 255
0.5 0.725 -1.00529 1.7467 0 0 255
-0.5 0.7 -1.25463 -2.68424 0 0 255
-0.475 0.7 -1.23336 -2.63617 0 0 255
-0.45 0.7 -1.20811 -2.57956 0 0 255
-0.425 0.7 -1.17789 -2.51246 0 0 255
-0.4 0.7 -1.14139 -2.43238 0 0 255
-0.375 0.7 -1.09687 -2.33621 0 0 255
-0.35 0.7 -1.04201 -2.22006 0 0 255
-0.325 0.7 -0.9737 -2.07918 0 0 255
-0.3 0.7 -0.887721 -1.9081 0 0 255
-0.275 0.7 -0.778449 -1.70132 0 0 255
-0.25 0.7 -0.638574 -1.45536 0 0 255
-0.225 0.7 -0.459286 -1.17401 0 0 255
-0.2 0.7 -0.231927 -0.879803 0 0 255
-0.175 0.7 0.0472289 -0.632782 0 0 255
-0.15 0.7 0.370597 -0.537919 0 0 255
-0.125 0.7 0.731623 -0.66678 0 0 255
-0.1 0.7 1.18869 -0.837337 0 0 255
-0.075 0.7 -0.122761 -0.118731 0 0 255
-0.05 0.7 -0.140177 -0.0799291 0 0 255
-0.025 0.7 -0.140593 -0.0539945 0 0 255
0 0.7 -0.140595 -0.0300526 0 0 255
0.025 0.7 -0.14095 -0.00741333 0 0 255
0.05 0.7 -0.142427 0.0138453 0 0 255
0.075 0.7 -0.183486 0.043573 0 0 255
0.1 0.7 -2.16113 1.22699 0 0 255
0.125 0.7 -1.52741 0.868701 0 0 255
0.15 0.7 -1.01282 0.583102 0 0 255
0.175 0.7 -0.727086 0.521512 0 0 255
0.2 0.7 -0.62402 0.623412 0 0 255
0.225 0.7 -0.622713 0.794495 0 0 255
0.25 0.7 -0.66621 0.976432 0 0 255
0.275 0.7 -0.724341 1.14373 0 0 255
0.3 0.7 -0.783291 1.2885 0 0 255
0.325 0.7 -0.837508 1.41051 0 0 255
0.35 0.7 -0.885273 1.51227 0 0 255
0.375 0.7 -0.926522 1.59693 0 0 255
0.4 0.7 -0.961837 1.6675 0 0 255
0.425 0.7 -0.991991 1.72658 0 0 255
0.45 0.7 -1.01775 1.77628 0 0 255
0.475 0.7 -1.03982 1.81835 0 0 255
0.5 0.7 -1.05879 1.85417 0 0 255
-0.5 0.675 -1.31385 -2.81808 0 0 255
-0.475 0.675 -1.29948 -2.78443 0 0 255
-0.45 0.675 -1.2823 -2.74429 0 0 255
-0.425 0.675 -1.26155 -2.69597 0 0 255
-0.4 0.675 -1.23623 -2.63724 0 0 255
-0.375 0.675 -1.20497 -2.5651 0 0 255
-0.35 0.675 -1.16589 -2.47553 0 0 255
-0.325 0.675 -1.11636 -2.36302 0 0 255
-0.3 0.675 -1.05262 -2.22016 0 0 255
-0.275 0.675 -0.969347 -2.03701 0 0 255
-0.25 0.675 -0.858882 -1.80108 0 0 255
-0.225 0.675 -0.710595 -1.49921 0 0 255
-0.2 0.675 -0.511083 -1.12682 0 0 255
-0.175 0.675 -0.248736 -0.719606 0 0 255
-0.15 0.675 0.0710768 -0.431011 0 0 255
-0.125 0.675 0.434267 -0.55582 0 0 255
-0.1 0.675 1.18869 -0.837337 255 0 0
-0.075 0.675 -0.122761 -0.118731 255 0 0
-0.05 0.675 -0.140177 -0.0799291 255 0 0
-0.025 0.675 -0.140593 -0.0539945 255 0 0
0 0.675 -0.140595 -0.0300526 255 0 0
0.025 0.675 -0.14095 -0.00741333 255 0 0
0.05 0.675 -0.142427 0.0138453 255 0 0
0.075 0.675 -0.183486 0.043573 255 0 0
0.1 0.675 -2.16113 1.22699 255 0 0
0.125 0.675 -1.11513 0.635607 0 0 255
0.15 0.675 -0.585896 0.346158 0 0 255
0.175 0.675 -0.465567 0.465141 0 0 255
0.2 0.675 -0.520954 0.725312 0 0 255
0.225 0.675 -0.621268 0.983601 0 0 255
0.25 0.675 -0.719658 1.19999 0 0 255
0.275 0.675 -0.803678 1.37205 0 0 255
0.3 0.675 -0.872252 1.50698 0 0 255
0.325 0.675 -0.927466 1.61295 0 0 255
0.35 0.675 -0.971889 1.69679 0 0 255
0.375 0.675 -1.00781 1.76377 0 0 255
0.4 0.675 -1.03706 1.81784 0 0 255
0.425 0.675 -1.06109 1.86195 0 0 255
0.45 0.675 -1.081 1.8983 0 0 255
0.475 0.675 -1.09762 1.92853 0 0 255
0.5 0.675 -1.11162 1.9539 0 0 255
-0.5 0.65 -1.36305 -2.93324 0 0 255
-0.475 0.65 -1.35469 -2.91336 0 0 255
-0.45 0.65 -1.3446 -2.88938 0 0 255
-0.425 0.65 -1.33231 -2.8601 0 0 255
-0.4 0.65 -1.31712 -2.82393 0 0 255
-0.375 0.65 -1.2981 -2.77858 0 0 255
-0.35 0.65 -1.27391 -2.72084 0 0 255
-0.325 0.65 -1.24257 -2.64595 0 0 255
-0.3 0.65 -1.20117 -2.54684 0 0 255
-0.275 0.65 -1.14521 -2.41261 0 0 255
-0.25 0.65 -1.06767 -2.22612 0 0 255
-0.225 0.65 -0.95748 -1.96001 0 0 255
-0.2 0.65 -0.79772 -1.57174 0 0 255
-0.175 0.65 -0.568549 -1.0082 0 0 255
-0.15 0.65 -0.292114 -0.306203 0 0 255
-0.125 0.65 -0.320152 -0.274303 255 0 0
-0.1 0.65 -0.133471 -0.123835 255 0 0
-0.075 0.65 -0.126196 -0.096664 255 0 0
-0.05 0.65 -0.123116 -0.0708132 255 0 0
-0.025 0.65 -0.12142 -0.0463163 255 0 0
0 0.65 -0.120445 -0.0230138 255 0 0
0.025 0.65 -0.119745 -0.000721134 255 0 0
0.05 0.65 -0.118865 0.02097 255 0 0
0.075 0.65 -0.116704 0.0422049 255 0 0
0.1 0.65 -0.109447 0.0605413 255 0 0
0.125 0.65 -0.0691225 0.044225 255 0 0
0.15 0.65 -0.0566651 0.0567089 0 0 255
0.175 0.65 -0.345239 0.584124 0 0 255
0.2 0.65 -0.581469 1.00957 0 0 255
0.225 0.65 -0.7454 1.30322 0 0 255
0.25 0.65 -0.858194 1.50468 0 0 255
0.275 0.65 -0.937435 1.64595 0 0 255
0.3 0.65 -0.994569 1.74767 0 0 255
0.325 0.65 -1.03681 1.82281 0 0 255
0.35 0.65 -1.06876 1.87959 0 0 255
0.375 0.65 -1.09341 1.92339 0 0 255
0.4 0.65 -1.11278 1.95779 0 0 255
0.425 0.65 -1.12824 1.98523 0 0 255
0.45 0.65 -1.14076 2.00744 0 0 255
0.475 0.65 -1.15102 2.02564 0 0 255
0.5 0.65 -1.15953 2.04073 0 0 255
-0.5 0.625 -1.40106 -3.02363 0 0 255
-0.475 0.625 -1.39761 -3.0155 0 0 255
-0.45 0.625 -1.39342 -3.00558 0 0 255
-0.425 0.625 -1.38823 -2.99332 0 0 255
-0.4 0.625 -1.38172 -2.97795 0 0 255
-0.375 0.625 -1.37341 -2.95833 0 0 255
-0.35 0.625 -1.36258 -2.93275 0 0 255
-0.325 0.625 -1.34812 -2.89858 0 0 255
-0.3 0.625 -1.32822 -2.85159 0 0 255
-0.275 0.625 -1.29984 -2.78456 0 0 255
-0.25 0.625 -1.25745 -2.68443 0 0 255
-0.225 0.625 -1.19018 -2.52553 0 0 255
-0.2 0.625 -1.07395 -2.25101 0 0 255
-0.175 0.625 -0.844984 -1.7102 0 0 255
-0.15 0.625 -0.264075 -0.338103 255 0 0
-0.125 0.625 -0.120989 -0.145038 255 0 0
-0.1 0.625 -0.113231 -0.115785 255 0 0
-0.075 0.625 -0.107609 -0.0888884 255 0 0
-0.05 0.625 -0.104053 -0.063519 255 0 0
-0.025 0.625 -0.101823 -0.0395753 255 0 0
0 0.625 -0.1003 -0.0168599 255 0 0
0.025 0.625 -0.0989496 0.00486438 255 0 0
0.05 0.625 -0.0972302 0.025851 255 0 0
0.075 0.625 -0.0945281 0.0462306 255 0 0
0.1 0.625 -0.0901684 0.0657786 255 0 0
0.125 0.625 -0.0842305 0.0842382 255 0 0
0.15 0.625 -0.0442077 0.0691927 255 0 0
0.175 0.625 -0.633813 1.11154 0 0 255
0.2 0.625 -0.866207 1.52238 0 0 255
0.225 0.625 -0.984171 1.73093 0 0 255
0.25 0.625 -1.05245 1.85164 0 0 255
0.275 0.625 -1.09548 1.9277 0 0 255
0.3 0.625 -1.12428 1.97863 0 0 255
0.325 0.625 -1.14448 2.01433 0 0 255
0.35 0.625 -1.15916 2.04028 0 0 255
0.375 0.625 -1.17015 2.05971 0 0 255
0.4 0.625 -1.17858 2.07462 0 0 255
0.425 0.625 -1.18519 2.0863 0 0 255
0.45 0.625 -1.19045 2.09561 0 0 255
0.475 0.625 -1.19472 2.10314 0 0 255
0.5 0.625 -1.19821 2.10933 0 0 255
-0.5 0.6 -1.42589 -3.08229 0 0 255
-0.475 0.6 -1.42589 -3.08229 0 0 255
-0.45 0.6 -1.42589 -3.08229 0 0 255
-0.425 0.6 -1.42589 -3.08229 0 0 255
-0.4 0.6 -1.42589 -3.08229 0 0 255
-0.375 0.6 -1.42589 -3.08229 0 0 255
-0.35 0.6 -1.42589 -3.08229 0 0 255
-0.325 0.6 -1.42589 -3.08229 0 0 255
-0.3 0.6 -1.42589 -3.08229 0 0 255
-0.275 0.6 -1.42589 -3.08229 0 0 255
-0.25 0.6 -1.42589 -3.08229 0 0 255
-0.225 0.6 -1.42589 -3.08229 0 0 255
-0.2 0.6 -1.42589 -3.08229 0 0 255
-0.175 0.6 -1.42589 -3.08229 255 0 0
-0.15 0.6 -0.104043 -0.166304 255 0 0
-0.125 0.6 -0.0972898 -0.135316 255 0 0
-0.1 0.6 -0.0919515 -0.107693 255 0 0
-0.075 0.6 -0.0874335 -0.0814819 255 0 0
-0.05 0.6 -0.0842338 -0.0568247 255 0 0
-0.025 0.6 -0.0819861 -0.0335636 255 0 0
0 0.6 -0.080269 -0.011469 255 0 0
0.025 0.6 -0.0786325 0.00971497 255 0 0
0.05 0.6 -0.0766366 0.0302445 255 0 0
0.075 0.6 -0.0738956 0.0503372 255 0 0
0.1 0.6 -0.0701533 0.0701634 255 0 0
0.125 0.6 -0.0657587 0.0901651 255 0 0
0.15 0.6 -0.0605114 0.109427 255 0 0
0.175 0.6 -1.22342 2.15389 255 0 0
0.2 0.6 -1.22342 2.15389 0 0 255
0.225 0.6 -1.22342 2.15389 0 0 255
0.25 0.6 -1.22342 2.15389 0 0 255
0.275 0.6 -1.22342 2.15389 0 0 255
0.3 0.6 -1.22342 2.15389 0 0 255
0.325 0.6 -1.22342 2.15389 0 0 255
0.35 0.6 -1.22342 2.15389 0 0 255
0.375 0.6 -1.22342 2.15389 0 0 255
0.4 0.6 -1.22342 2.15389 0 0 255
0.425 0.6 -1.22342 2.15389 0 0 255
0.45 0.6 -1.22342 2.15389 0 0 255
0.475 0.6 -1.22342 2.15389 0 0 255
0.5 0.6 -1.22342 2.15389 0 0 255
-0.5 0.575 -0.0778907 -0.206519 0 0 255
-0.475 0.575 -0.0778907 -0.206519 0 0 255
-0.45 0.575 -0.0778907 -0.206519 0 0 255
-0.425 0.575 -0.0778907 -0.206519 0 0 255
-0.4 0.575 -0.0778907 -0.206519 0 0 255
-0.375 0.575 -0.0778907 -0.206519 0 0 255
-0.35 0.575 -0.0778907 -0.206519 0 0 255
-0.325 0.575 -0.0778907 -0.206519 0 0 255
-0.3 0.575 -0.0778907 -0.206519 0 0 255
-0.275 0.575 -0.0778907 -0.206519 0 0 255
-0.25 0.575 -0.0778907 -0.206519 0 0 255
-0.225 0.575 -0.0778907 -0.206519 0 0 255
-0.2 0.575 -0.0778907 -0.206519 0 0 255
-0.175 0.575 -0.0778907 -0.206519 255 0 0
-0.15 0.575 -0.0787516 -0.153919 255 0 0
-0.125 0.575 -0.0744747 -0.126362 255 0 0
-0.1 0.575 -0.0702972 -0.0998798 255 0 0
-0.075 0.575 -0.06678 -0.0747679 255 0 0
-0.05 0.575 -0.0640983 -0.0510204 255 0 0
-0.025 0.575 -0.0620781 -0.0285065 255 0 0
0 0.575 -0.0603983 -0.00701613 255 0 0
0.025 0.575 -0.058695 0.0137026 255 0 0
0.05 0.575 -0.0566141 0.0339131 255 0 0
0.075 0.575 -0.0538652 0.053877 255 0 0
0.1 0.575 -0.0503173 0.0738973 255 0 0
0.125 0.575 -0.0462016 0.0945155 255 0 0
0.15 0.575 -0.0421651 0.116671 255 0 0
0.175 0.575 -0.0435002 0.183297 255 0 0
0.2 0.575 -0.0435002 0.183297 0 0 255
0.225 0.575 -0.0435002 0.183297 0 0 255
0.25 0.575 -0.0435002 0.183297 0 0 255
0.275 0.575 -0.0435002 0.183297 0 0 255
0.3 0.575 -0.0435002 0.183297 0 0 255
0.325 0.575 -0.0435002 0.183297 0 0 255
0.35 0.575 -0.0435002 0.183297 0 0 255
0.375 0.575 -0.0435002 0.183297 0 0 255
0.4 0.575 -0.0435002 0.183297 0 0 255
0.425 0.575 -0.0435002 0.183297 0 0 255
0.45 0.575 -0.0435002 0.183297 0 0 255
0.475 0.575 -0.0435002 0.183297 0 0 255
0.5 0.575 -0.0435002 0.183297 0 0 255
-0.5 0.55 -0.0581738 -0.168627 0 0 255
-0.475 0.55 -0.0581738 -0.168627 0 0 255
-0.45 0.55 -0.0581738 -0.168627 0 0 255
-0.425 0.55 -0.0581738 -0.168627 0 0 255
-0.4 0.55 -0.0581738 -0.168627 0 0 255
-0.375 0.55 -0.0581738 -0.168627 0 0 255
-0.35 0.55 -0.0581738 -0.168627 0 0 255
-0.325 0.55 -0.0581738 -0.168627 0 0 255
-0.3 0.55 -0.0581738 -0.168627 0 0 255
-0.275 0.55 -0.0581738 -0.168627 0 0 255
-0.25 0.55 -0.0581738 -0.168627 0 0 255
-0.225 0.55 -0.0581738 -0.168627 0 0 255
-0.2 0.55 -0.0581738 -0.168627 0 0 255
-0.175 0.55 -0.0581738 -0.168627 255 0 0
-0.15 0.55 -0.0553489 -0.143651 255 0 0
-0.125 0.55 -0.0520824 -0.118023 255 0 0
-0.1 0.55 -0.0488859 -0.0930152 255 0 0
-0.075 0.55 -0.0461497 -0.0690742 255 0 0
-0.05 0.55 -0.043972 -0.0462547 255 0 0
-0.025 0.55 -0.0422255 -0.0244672 255 0 0
0 0.55 -0.0406482 -0.00352489 255 0 0
0.025 0.55 -0.0389277 0.016805 255 0 0
0.05 0.55 -0.0367583 0.0367696 255 0 0
0.075 0.55 -0.0338944 0.0566187 255 0 0
0.1 0.55 -0.030218 0.0766313 255 0 0
0.125 0.55 -0.025816 0.0972111 255 0 0
0.15 0.55 -0.0209258 0.118828 255 0 0
0.175 0.55 -0.0137943 0.142365 255 0 0
0.2 0.55 -0.0137943 0.142365 0 0 255
0.225 0.55 -0.0137943 0.142365 0 0 255
0.25 0.55 -0.0137943 0.142365 0 0 255
0.275 0.55 -0.0137943 0.142365 0 0 255
0.3 0.55 -0.0137943 0.142365 0 0 255
0.325 0.55 -0.0137943 0.142365 0 0 255
0.35 0.55 -0.0137943 0.142365 0 0 255
0.375 0.55 -0.0137943 0.142365 0 0 255
0.4 0.55 -0.0137943 0.142365 0 0 255
0.425 0.55 -0.0137943 0.142365 0 0 255
0.45 0.55 -0.0137943 0.142365 0 0 255
0.475 0.55 -0.0137943 0.142365 0 0 255
0.5 0.55 -0.0137943 0.142365 0 0 255
-0.5 0.525 -0.0356982 -0.159615 0 0 255
-0.475 0.525 -0.0356982 -0.159615 0 0 255
-0.45 0.525 -0.0356982 -0.159615 0 0 255
-0.425 0.525 -0.0356982 -0.159615 0 0 255
-0.4 0.525 -0.0356982 -0.159615 0 0 255
-0.375 0.525 -0.0356982 -0.159615 0 0 255
-0.35 0.525 -0.0356982 -0.159615 0 0 255
-0.325 0.525 -0.0356982 -0.159615 0 0 255
-0.3 0.525 -0.0356982 -0.159615 0 0 255
-0.275 0.525 -0.0356982 -0.159615 0 0 255
-0.25 0.525 -0.0356982 -0.159615 0 0 255
-0.225 0.525 -0.0356982 -0.159615 0 0 255
-0.2 0.525 -0.0356982 -0.159615 0 0 255
-0.175 0.525 -0.0356982 -0.159615 255 0 0
-0.15 0.525 -0.0330933 -0.135469 255 0 0
-0.125 0.525 -0.0304284 -0.11124 255 0 0
-0.1 0.525 -0.0279024 -0.087464 255 0 0
-0.075 0.525 -0.0257388 -0.0645435 255 0 0
-0.05 0.525 -0.0239613 -0.0425472 255 0 0
-0.025 0.525 -0.0224343 -0.0213889 255 0 0
0 0.525 -0.0209183 -0.00089755 255 0 0
0.025 0.525 -0.019129 0.019137 255 0 0
0.05 0.525 -0.0167894 0.0389315 255 0 0
0.075 0.525 -0.0136794 0.0586924 255 0 0
0.1 0.525 -0.00968391 0.0786203 255 0 0
0.125 0.525 -0.00482514 0.0989245 255 0 0
0.15 0.525 0.000768722 0.119704 255 0 0
0.175 0.525 0.00746853 0.140891 255 0 0
0.2 0.525 0.00746853 0.140891 0 0 255
0.225 0.525 0.00746853 0.140891 0 0 255
0.25 0.525 0.00746853 0.140891 0 0 255
0.275 0.525 0.00746853 0.140891 0 0 255
0.3 0.525 0.00746853 0.140891 0 0 255
0.325 0.525 0.00746853 0.140891 0 0 255
0.35 0.525 0.00746853 0.140891 0 0 255
0.375 0.525 0.00746853 0.140891 0 0 255
0.4 0.525 0.00746853 0.140891 0 0 255
0.425 0.525 0.00746853 0.140891 0 0 255
0.45 0.525 0.00746853 0.140891 0 0 255
0.475 0.525 0.00746853 0.140891 0 0 255
0.5 0.525 0.00746853 0.140891 0 0 255
-0.5 0.5 -0.0138793 -0.152529 0 0 255
-0.475 0.5 -0.0138793 -0.152529 0 0 255
-0.45 0.5 -0.0138793 -0.152529 0 0 255
-0.425 0.5 -0.0138793 -0.152529 0 0 255
-0.4 0.5 -0.0138793 -0.152529 0 0 255
-0.375 0.5 -0.0138793 -0.152529 0 0 255
-0.35 0.5 -0.0138793 -0.152529 0 0 255
-0.325 0.5 -0.0138793 -0.152529 0 0 255
-0.3 0.5 -0.0138793 -0.152529 0 0 255
-0.275 0.5 -0.0138793 -0.152529 0 0 255
-0.25 0.5 -0.0138793 -0.152529 0 0 255
-0.225 0.5 -0.0138793 -0.152529 0 0 255
-0.2 0.5 -0.0138793 -0.152529 0 0 255
-0.175 0.5 -0.0138793 -0.152529 255 0 0
-0.15 0.5 -0.0115934 -0.129193 255 0 0
-0.125 0.5 -0.0093619 -0.105972 255 0 0
-0.1 0.5 -0.0073117 -0.0831846 255 0 0
-0.075 0.5 -0.00554702 -0.0611027 255 0 0
-0.05 0.5 -0.00403385 -0.0397732 255 0 0
-0.025 0.5 -0.00261689 -0.0191054 255 0 0
0 0.5 -0.00105975 0.00106232 255 0 0
0.025 0.5 0.000908083 0.0209185 255 0 0
0.05 0.5 0.00354327 0.0406442 255 0 0
0.075 0.5 0.00704245 0.0603879 255 0 0
0.1 0.5 0.0115034 0.0802493 255 0 0
0.125 0.5 0.0169026 0.100268 255 0 0
0.15 0.5 0.0230648 0.120399 255 0 0
0.175 0.5 0.0301113 0.140531 255 0 0
0.2 0.5 0.0301113 0.140531 0 0 255
0.225 0.5 0.0301113 0.140531 0 0 255
0.25 0.5 0.0301113 0.140531 0 0 255
0.275 0.5 0.0301113 0.140531 0 0 255
0.3 0.5 0.0301113 0.140531 0 0 255
0.325 0.5 0.0301113 0.140531 0 0 255
0.35 0.5 0.0301113 0.140531 0 0 255
0.375 0.5 0.0301113 0.140531 0 0 255
0.4 0.5 0.0301113 0.140531 0 0 255
0.425 0.5 0.0301113 0.140531 0 0 255
0.45 0.5 0.0301113 0.140531 0 0 255
0.475 0.5 0.0301113 0.140531 0 0 255
0.5 0.5 0.0301113 0.140531 0 0 255
-0.5 0.475 0.00731558 -0.147176 0 0 255
-0.475 0.475 0.00731558 -0.147176 0 0 255
-0.45 0.475 0.00731558 -0.147176 0 0 255
-0.425 0.475 0.00731558 -0.147176 0 0 255
-0.4 0.475 0.00731558 -0.147176 0 0 255
-0.375 0.475 0.00731558 -0.147176 0 0 255
-0.35 0.475 0.00731558 -0.147176 0 0 255
-0.325 0.475 0.00731558 -0.147176 0 0 255
-0.3 0.475 0.00731558 -0.147176 0 0 255
-0.275 0.475 0.00731558 -0.147176 0 0 255
-0.25 0.475 0.00731558 -0.147176 0 0 255
-0.225 0.475 0.00731558 -0.147176 0 0 255
-0.2 0.475 0.00731558 -0.147176 0 0 255
-0.175 0.475 0.00731558 -0.147176 255 0 0
-0.15 0.475 0.00934542 -0.124469 255 0 0
-0.125 0.475 0.0112682 -0.101997 255 0 0
-0.1 0.475 0.0130061 -0.0799687 255 0 0
-0.075 0.475 0.0145313 -0.0585388 255 0 0
-0.05 0.475 0.0159276 -0.0377087 255 0 0
-0.025 0.475 0.017373 -0.0173774 255 0 0
0 0.475 0.0191093 0.00261115 255 0 0
0.025 0.475 0.021401 0.0224261 255 0 0
0.05 0.475 0.0244876 0.0422129 255 0 0
0.075 0.475 0.0285353 0.0620589 255 0 0
0.1 0.475 0.0336011 0.0819576 255 0 0
0.125 0.475 0.0396214 0.101782 255 0 0
0.15 0.475 0.0463709 0.121365 255 0 0
0.175 0.475 0.0540561 0.140522 255 0 0
0.2 0.475 0.0540561 0.140522 0 0 255
0.225 0.475 0.0540561 0.140522 0 0 255
0.25 0.475 0.0540561 0.140522 0 0 255
0.275 0.475 0.0540561 0.140522 0 0 255
0.3 0.475 0.0540561 0.140522 0 0 255
0.325 0.475 0.0540561 0.140522 0 0 255
0.35 0.475 0.0540561 0.140522 0 0 255
0.375 0.475 0.0540561 0.140522 0 0 255
0.4 0.475 0.0540561 0.140522 0 0 255
0.425 0.475 0.0540561 0.140522 0 0 255
0.45 0.475 0.0540561 0.140522 0 0 255
0.475 0.475 0.0540561 0.140522 0 0 255
0.5 0.475 0.0540561 0.140522 0 0 255
-0.5 0.45 0.0280904 -0.14306 0 0 255
-0.475 0.45 0.0280904 -0.14306 0 0 255
-0.45 0.45 0.0280904 -0.14306 0 0 255
-0.425 0.45 0.0280904 -0.14306 0 0 255
-0.4 0.45 0.0280904 -0.14306 0 0 255
-0.375 0.45 0.0280904 -0.14306 0 0 255
-0.35 0.45 0.0280904 -0.14306 0 0 255
-0.325 0.45 0.0280904 -0.14306 0 0 255
-0.3 0.45 0.0280904 -0.14306 0 0 255
-0.275 0.45 0.0280904 -0.14306 0 0 255
-0.25 0.45 0.0280904 -0.14306 0 0 255
-0.225 0.45 0.0280904 -0.14306 0 0 255
-0.2 0.45 0.0280904 -0.14306 0 0 255
-0.175 0.45 0.0280904 -0.14306 255 0 0
-0.15 0.45 0.0299404 -0.120853 255 0 0
-0.125 0.45 0.0316504 -0.0989851 255 0 0
-0.1 0.45 0.0332116 -0.0775372 255 0 0
-0.075 0.45 0.0346473 -0.0565848 255 0 0
-0.05 0.45 0.0360786 -0.0360908 255 0 0
-0.025 0.45 0.0377051 -0.0159407 255 0 0
0 0.45 0.039778 0.00401923 255 0 0
0.025 0.45 0.0425606 0.0239438 255 0 0
0.05 0.45 0.046277 0.0439497 255 0 0
0.075 0.45 0.0510519 0.0640689 255 0 0
0.1 0.45 0.0568657 0.0841948 255 0 0
0.125 0.45 0.0635692 0.104002 255 0 0
0.15 0.45 0.0708721 0.123052 255 0 0
0.175 0.45 0.0799931 0.140096 255 0 0
0.2 0.45 0.0799931 0.140096 0 0 255
0.225 0.45 0.0799931 0.140096 0 0 255
0.25 0.45 0.0799931 0.140096 0 0 255
0.275 0.45 0.0799931 0.140096 0 0 255
0.3 0.45 0.0799931 0.140096 0 0 255
0.325 0.45 0.0799931 0.140096 0 0 255
0.35 0.45 0.0799931 0.140096 0 0 255
0.375 0.45 0.0799931 0.140096 0 0 255
0.4 0.45 0.0799931 0.140096 0 0 255
0.425 0.45 0.0799931 0.140096 0 0 255
0.45 0.45 0.0799931 0.140096 0 0 255
0.475 0.45 0.0799931 0.140096 0 0 255
0.5 0.45 0.0799931 0.140096 0 0 255
-0.5 0.425 0.0486188 -0.139669 0 0 255
-0.475 0.425 0.0486188 -0.139669 0 0 255
-0.45 0.425 0.0486188 -0.139669 0 0 255
-0.425 0.425 0.0486188 -0.139669 0 0 255
-0.4 0.425 0.0486188 -0.139669 0 0 255
-0.375 0.425 0.0486188 -0.139669 0 0 255
-0.35 0.425 0.0486188 -0.139669 0 0 255
-0.325 0.425 0.0486188 -0.139669 0 0 255
-0.3 0.425 0.0486188 -0.139669 0 0 255
-0.275 0.425 0.0486188 -0.139669 0 0 255
-0.25 0.425 0.0486188 -0.139669 0 0 255
-0.225 0.425 0.0486188 -0.139669 0 0 255
-0.2 0.425 0.0486188 -0.139669 0 0 255
-0.175 0.425 0.0486188 -0.139669 255 0 0
-0.15 0.425 0.050366 -0.118043 255 0 0
-0.125 0.425 0.0519603 -0.0966399 255 0 0
-0.1 0.425 0.05347 -0.0756115 255 0 0
-0.075 0.425 0.0549577 -0.0549781 255 0 0
-0.05 0.425 0.0565731 -0.0346684 255 0 0
-0.025 0.425 0.0585358 -0.0145535 255 0 0
0 0.425 0.0611086 0.00552277 255 0 0
0.025 0.425 0.0645585 0.025711 255 0 0
0.05 0.425 0.0690989 0.0461164 255 0 0
0.075 0.425 0.0748028 0.0667387 255 0 0
0.1 0.425 0.0815275 0.0873819 255 0 0
0.125 0.425 0.0889443 0.107545 255 0 0
0.15 0.425 0.0967289 0.126119 255 0 0
0.175 0.425 0.118772 0.122679 255 0 0
0.2 0.425 0.118772 0.122679 0 0 255
0.225 0.425 0.118772 0.122679 0 0 255
0.25 0.425 0.118772 0.122679 0 0 255
0.275 0.425 0.118772 0.122679 0 0 255
0.3 0.425 0.118772 0.122679 0 0 255
0.325 0.425 0.118772 0.122679 0 0 255
0.35 0.425 0.118772 0.122679 0 0 255
0.375 0.425 0.118772 0.122679 0 0 255
0.4 0.425 0.118772 0.122679 0 0 255
0.425 0.425 0.118772 0.122679 0 0 255
0.45 0.425 0.118772 0.122679 0 0 255
0.475 0.425 0.118772 0.122679 0 0 255
0.5 0.425 0.118772 0.122679 0 0 255
-0.5 0.4 0.0670034 -0.130739 0 0 255
-0.475 0.4 0.0670034 -0.130739 0 0 255
-0.45 0.4 0.0670034 -0.130739 0 0 255
-0.425 0.4 0.0670034 -0.130739 0 0 255
-0.4 0.4 0.0670034 -0.130739 0 0 255
-0.375 0.4 0.0670034 -0.130739 0 0 255
-0.35 0.4 0.0670034 -0.130739 0 0 255
-0.325 0.4 0.0670034 -0.130739 0 0 255
-0.3 0.4 0.0670034 -0.130739 0 0 255
-0.275 0.4 0.0670034 -0.130739 0 0 255
-0.25 0.4 0.0670034 -0.130739 0 0 255
-0.225 0.4 0.0670034 -0.130739 0 0 255
-0.2 0.4 0.0670034 -0.130739 0 0 255
-0.175 0.4 0.0670034 -0.130739 255 0 0
-0.15 0.4 0.0707726 -0.115761 255 0 0
-0.125 0.4 0.0723526 -0.094699 255 0 0
-0.1 0.4 0.0739237 -0.0739523 255 0 0
-0.075 0.4 0.0755917 -0.0534993 255 0 0
-0.05 0.4 0.0775263 -0.0332419 255 0 0
-0.025 0.4 0.0799667 -0.0130381 255 0 0
0 0.4 0.0831918 0.00727697 255 0 0
0.025 0.4 0.0874812 0.0278632 255 0 0
0.05 0.4 0.0930432 0.0488401 255 0 0
0.075 0.4 0.0999194 0.0702423 255 0 0
0.1 0.4 0.107745 0.0918851 255 0 0
0.125 0.4 0.115848 0.113152 255 0 0
0.15 0.4 0.12391 0.133378 255 0 0
0.175 0.4 0.834976 -1.1862 255 0 0
0.2 0.4 0.834976 -1.1862 0 0 255
0.225 0.4 0.834976 -1.1862 0 0 255
0.25 0.4 0.834976 -1.1862 0 0 255
0.275 0.4 0.834976 -1.1862 0 0 255
0.3 0.4 0.834976 -1.1862 0 0 255
0.325 0.4 0.834976 -1.1862 0 0 255
0.35 0.4 0.834976 -1.1862 0 0 255
0.375 0.4 0.834976 -1.1862 0 0 255
0.4 0.4 0.834976 -1.1862 0 0 255
0.425 0.4 0.834976 -1.1862 0 0 255
0.45 0.4 0.834976 -1.1862 0 0 255
0.475 0.4 0.834976 -1.1862 0 0 255
0.5 0.4 0.834976 -1.1862 0 0 255
-0.5 0.375 0.0675178 -0.13037 0 0 255
-0.475 0.375 0.0675892 -0.130319 0 0 255
-0.45 0.375 0.0676761 -0.130257 0 0 255
-0.425 0.375 0.0677836 -0.13018 0 0 255
-0.4 0.375 0.0679184 -0.130083 0 0 255
-0.375 0.375 0.0680905 -0.12996 0 0 255
-0.35 0.375 0.0683148 -0.129799 0 0 255
-0.325 0.375 0.0686144 -0.129584 0 0 255
-0.3 0.375 0.0690265 -0.129289 0 0 255
-0.275 0.375 0.0696143 -0.128868 0 0 255
-0.25 0.375 0.0704923 -0.128239 0 0 255
-0.225 0.375 0.0718857 -0.127241 0 0 255
-0.2 0.375 0.074293 -0.125516 0 0 255
-0.175 0.375 0.0790354 -0.122118 0 0 255
-0.15 0.375 0.0910673 -0.113498 255 0 0
-0.125 0.375 0.0929306 -0.0929674 255 0 0
-0.1 0.375 0.0946711 -0.0723902 255 0 0
-0.075 0.375 0.0966209 -0.051999 255 0 0
-0.05 0.375 0.098975 -0.0316905 255 0 0
-0.025 0.375 0.101996 -0.0113106 255 0 0
0 0.375 0.105981 0.00931591 255 0 0
0.025 0.375 0.11126 0.0303768 255 0 0
0.05 0.375 0.118055 0.0520229 255 0 0
0.075 0.375 0.126408 0.0744045 255 0 0
0.1 0.375 0.135375 0.0972071 255 0 0
0.125 0.375 0.145112 0.120891 255 0 0
0.15 0.375 0.274556 0.319773 255 0 0
0.175 0.375 0.554766 -0.433215 0 0 255
0.2 0.375 0.665211 -0.730007 0 0 255
0.225 0.375 0.721274 -0.88066 0 0 255
0.25 0.375 0.753725 -0.967863 0 0 255
0.275 0.375 0.774172 -1.02281 0 0 255
0.3 0.375 0.787862 -1.0596 0 0 255
0.325 0.375 0.797459 -1.08539 0 0 255
0.35 0.375 0.804436 -1.10414 0 0 255
0.375 0.375 0.80966 -1.11817 0 0 255
0.4 0.375 0.813667 -1.12894 0 0 255
0.425 0.375 0.816807 -1.13738 0 0 255
0.45 0.375 0.819309 -1.1441 0 0 255
0.475 0.375 0.821335 -1.14955 0 0 255
0.5 0.375 0.822996 -1.15401 0 0 255
-0.5 0.35 0.0683774 -0.129735 0 0 255
-0.475 0.35 0.0685664 -0.129595 0 0 255
-0.45 0.35 0.068796 -0.129425 0 0 255
-0.425 0.35 0.0690781 -0.129215 0 0 255
-0.4 0.35 0.0694296 -0.128954 0 0 255
-0.375 0.35 0.0698745 -0.128621 0 0 255
-0.35 0.35 0.0704477 -0.128191 0 0 255
-0.325 0.35 0.0712014 -0.127623 0 0 255
-0.3 0.35 0.0722163 -0.126853 0 0 255
-0.275 0.35 0.0736213 -0.125781 0 0 255
-0.25 0.35 0.0756304 -0.124233 0 0 255
-0.225 0.35 0.0786137 -0.121907 0 0 255
-0.2 0.35 0.0832329 -0.118244 0 0 255
-0.175 0.35 0.0906499 -0.112212 0 0 255
-0.15 0.35 0.102264 -0.102305 0 0 255
-0.125 0.35 0.113461 -0.0911127 255 0 0
-0.1 0.35 0.115733 -0.0708196 255 0 0
-0.075 0.35 0.118025 -0.0504144 255 0 0
-0.05 0.35 0.120844 -0.0299907 255 0 0
-0.025 0.35 0.124469 -0.00939868 255 0 0
0 0.35 0.129205 0.0115356 255 0 0
0.025 0.35 0.135492 0.0330289 255 0 0
0.05 0.35 0.143687 0.0552751 255 0 0
0.075 0.35 0.153971 0.078665 255 0 0
0.1 0.35 0.166375 0.10394 255 0 0
0.125 0.35 0.3382 0.263588 255 0 0
0.15 0.35 0.306378 0.291681 0 0 255
0.175 0.35 0.430572 -0.0707673 0 0 255
0.2 0.35 0.536968 -0.369695 0 0 255
0.225 0.35 0.611995 -0.577698 0 0 255
0.25 0.35 0.664058 -0.721021 0 0 255
0.275 0.35 0.700831 -0.821805 0 0 255
0.3 0.35 0.727443 -0.894516 0 0 255
0.325 0.35 0.747171 -0.948298 0 0 255
0.35 0.35 0.762123 -0.988988 0 0 255
0.375 0.35 0.773682 -1.0204 0 0 255
0.4 0.35 0.782777 -1.04509 0 0 255
0.425 0.35 0.790044 -1.0648 0 0 255
0.45 0.35 0.795933 -1.08076 0 0 255
0.475 0.35 0.800764 -1.09384 0 0 255
0.5 0.35 0.804772 -1.10469 0 0 255
-0.5 0.325 0.0695754 -0.128818 0 0 255
-0.475 0.325 0.0699255 -0.128551 0 0 255
-0.45 0.325 0.0703486 -0.128226 0 0 255
-0.425 0.325 0.0708656 -0.127826 0 0 255
-0.4 0.325 0.0715052 -0.127329 0 0 255
-0.375 0.325 0.0723072 -0.126701 0 0 255
-0.35 0.325 0.073328 -0.125896 0 0 255
-0.325 0.325 0.0746489 -0.124843 0 0 255
-0.3 0.325 0.0763897 -0.12344 0 0 255
-0.275 0.325 0.0787295 -0.121526 0 0 255
-0.25 0.325 0.0819382 -0.118853 0 0 255
-0.225 0.325 0.0864181 -0.115032 0 0 255
-0.2 0.325 0.092725 -0.109477 0 0 255
-0.175 0.325 0.101413 -0.101452 0 0 255
-0.15 0.325 0.112176 -0.0906932 0 0 255
-0.125 0.325 0.122087 -0.0790811 0 0 255
-0.1 0.325 0.130712 -0.0670495 255 0 0
-0.075 0.325 0.139652 -0.048677 255 0 0
-0.05 0.325 0.143052 -0.0281512 255 0 0
-0.025 0.325 0.147179 -0.00737997 255 0 0
0 0.325 0.152542 0.0138095 255 0 0
0.025 0.325 0.159641 0.035621 255 0 0
0.05 0.325 0.168667 0.0580862 255 0 0
0.075 0.325 0.20659 0.0777628 255 0 0
0.1 0.325 3.08692 1.42334 255 0 0
0.125 0.325 1.71256 0.843463 0 0 255
0.15 0.325 1.00947 0.567572 0 0 255
0.175 0.325 0.720021 0.248402 0 0 255
0.2 0.325 0.632544 -0.0469722 0 0 255
0.225 0.325 0.62336 -0.284174 0 0 255
0.25 0.325 0.640261 -0.465588 0 0 255
0.275 0.325 0.663629 -0.603018 0 0 255
0.3 0.325 0.686553 -0.707734 0 0 255
0.325 0.325 0.706892 -0.78845 0 0 255
0.35 0.325 0.724258 -0.851502 0 0 255
0.375 0.325 0.738866 -0.901424 0 0 255
0.4 0.325 0.751104 -0.941462 0 0 255
0.425 0.325 0.761366 -0.973964 0 0 255
0.45 0.325 0.770001 -1.00064 0 0 255
0.475 0.325 0.777305 -1.02277 0 0 255
0.5 0.325 0.783516 -1.04129 0 0 255
-0.5 0.3 0.071104 -0.127609 0 0 255
-0.475 0.3 0.0716529 -0.127175 0 0 255
-0.45 0.3 0.0723125 -0.126649 0 0 255
-0.425 0.3 0.0731126 -0.126007 0 0 255
-0.4 0.3 0.0740931 -0.125213 0 0 255
-0.375 0.3 0.075308 -0.12422 0 0 255
-0.35 0.3 0.0768307 -0.122961 0 0 255
-0.325 0.3 0.0787624 -0.121342 0 0 255
-0.3 0.3 0.0812415 -0.119232 0 0 255
-0.275 0.3 0.0844565 -0.116444 0 0 255
-0.25 0.3 0.0886528 -0.11272 0 0 255
-0.225 0.3 0.0941173 -0.107729 0 0 255
-0.2 0.3 0.101083 -0.101122 0 0 255
-0.175 0.3 0.10944 -0.092767 0 0 255
-0.15 0.3 0.118211 -0.0832774 0 0 255
-0.125 0.3 0.125486 -0.0743389 0 0 255
-0.1 0.3 0.130712 -0.0670495 0 0 255
-0.075 0.3 0.139652 -0.048677 0 0 255
-0.05 0.3 0.143052 -0.0281512 0 0 255
-0.025 0.3 0.147179 -0.00737997 0 0 255
0 0.3 0.152542 0.0138095 0 0 255
0.025 0.3 0.159641 0.035621 0 0 255
0.05 0.3 0.168667 0.0580862 0 0 255
0.075 0.3 0.20659 0.0777628 0 0 255
0.1 0.3 3.08692 1.42334 0 0 255
0.125 0.3 2.25427 1.07202 0 0 255
0.15 0.3 1.57392 0.796311 0 0 255
0.175 0.3 1.12808 0.510235 0 0 255
0.2 0.3 0.880311 0.231631 0 0 255
0.225 0.3 0.758264 -0.0133668 0 0 255
0.25 0.3 0.705319 -0.216267 0 0 255
0.275 0.3 0.687689 -0.379814 0 0 255
0.3 0.3 0.687236 -0.510505 0 0 255
0.325 0.3 0.694628 -0.615027 0 0 255
0.35 0.3 0.70516 -0.699081 0 0 255
0.375 0.3 0.716506 -0.767196 0 0 255
0.4 0.3 0.727559 -0.822869 0 0 255
0.425 0.3 0.73783 -0.868772 0 0 255
0.45 0.3 0.747142 -0.906944 0 0 255
0.475 0.3 0.755477 -0.938948 0 0 255
0.5 0.3 0.762885 -0.965991 0 0 255
-0.5 0.275 0.0729433 -0.126107 0 0 255
-0.475 0.275 0.0737197 -0.125472 0 0 255
-0.45 0.275 0.0746454 -0.12471 0 0 255
-0.425 0.275 0.0757576 -0.123785 0 0 255
-0.4 0.275 0.0771046 -0.122654 0 0 255
-0.375 0.275 0.0787489 -0.121256 0 0 255
-0.35 0.275 0.0807716 -0.119514 0 0 255
-0.325 0.275 0.0832765 -0.117324 0 0 255
-0.3 0.275 0.0863931 -0.114549 0 0 255
-0.275 0.275 0.0902739 -0.111022 0 0 255
-0.25 0.275 0.0950759 -0.106546 0 0 255
-0.225 0.275 0.100905 -0.100944 0 0 255
-0.2 0.275 0.107692 -0.0941585 0 0 255
-0.175 0.275 0.114998 -0.0864615 0 0 255
-0.15 0.275 0.121875 -0.0786588 0 0 255
-0.125 0.275 0.127212 -0.0719317 0 0 255
-0.1 0.275 0.130712 -0.0670495 0 0 255
-0.075 0.275 0.139652 -0.048677 0 0 255
-0.05 0.275 0.143052 -0.0281512 0 0 255
-0.025 0.275 0.147179 -0.00737997 0 0 255
0 0.275 0.152542 0.0138095 0 0 255
0.025 0.275 0.159641 0.035621 0 0 255
0.05 0.275 0.168667 0.0580862 0 0 255
0.075 0.275 0.20659 0.0777628 0 0 255
0.1 0.275 3.08692 1.42334 0 0 255
0.125 0.275 2.52924 1.18804 0 0 255
0.15 0.275 1.96281 0.955775 0 0 255
0.175 0.275 1.50115 0.709364 0 0 255
0.2 0.275 1.1752 0.458546 0 0 255
0.225 0.275 0.966731 0.22259 0 0 255
0.25 0.275 0.842364 0.0138037 0 0 255
0.275 0.275 0.772422 -0.164186 0 0 255
0.3 0.275 0.735821 -0.312985 0 0 255
0.325 0.275 0.718997 -0.436348 0 0 255
0.35 0.275 0.71362 -0.538448 0 0 255
0.375 0.275 0.714688 -0.623133 0 0 255
0.4 0.275 0.719234 -0.693676 0 0 255
0.425 0.275 0.725509 -0.752757 0 0 255
0.45 0.275 0.732493 -0.802536 0 0 255
0.475 0.275 0.739603 -0.844734 0 0 255
0.5 0.275 0.746514 -0.880727 0 0 255
-0.5 0.25 0.0750592 -0.124327 0 0 255
-0.475 0.25 0.0760792 -0.123469 0 0 255
-0.45 0.25 0.0772838 -0.122447 0 0 255
-0.425 0.25 0.0787146 -0.12122 0 0 255
-0.4 0.25 0.080423 -0.119737 0 0 255
-0.375 0.25 0.0824728 -0.117936 0 0 255
-0.35 0.25 0.0849406 -0.115735 0 0 255
-0.325 0.25 0.0879161 -0.113038 0 0 255
-0.3 0.25 0.0914965 -0.109732 0 0 255
-0.275 0.25 0.0957719 -0.105695 0 0 255
-0.25 0.25 0.100793 -0.100831 0 0 255
-0.225 0.25 0.106509 -0.0951166 0 0 255
-0.2 0.25 0.112685 -0.0886954 0 0 255
-0.175 0.25 0.118821 -0.0819824 0 0 255
-0.15 0.25 0.124203 -0.0756758 0 0 255
-0.125 0.25 0.128211 -0.0705383 0 0 255
-0.1 0.25 0.130712 -0.0670495 0 0 255
-0.075 0.25 0.139652 -0.048677 0 0 255
-0.05 0.25 0.143052 -0.0281512 0 0 255
-0.025 0.25 0.147179 -0.00737997 0 0 255
0 0.25 0.152542 0.0138095 0 0 255
0.025 0.25 0.159641 0.035621 0 0 255
0.05 0.25 0.168667 0.0580862 0 0 255
0.075 0.25 0.20659 0.0777628 0 0 255
0.1 0.25 3.08692 1.42334 0 0 255
0.125 0.25 2.68841 1.25519 0 0 255
0.15 0.25 2.22935 1.06576 0 0 255
0.175 0.25 1.80356 0.85737 0 0 255
0.2 0.25 1.45713 0.637488 0 0 255
0.225 0.25 1.20004 0.419977 0 0 255
0.25 0.25 1.0212 0.21689 0 0 255
0.275 0.25 0.902455 0.0349972 0 0 255
0.3 0.25 0.826495 -0.123631 0 0 255
0.325 0.25 0.779672 -0.259841 0 0 255
0.35 0.25 0.752163 -0.375874 0 0 255
0.375 0.25 0.737226 -0.474425 0 0 255
0.4 0.25 0.730356 -0.558142 0 0 255
0.425 0.25 0.728581 -0.629409 0 0 255
0.45 0.25 0.729957 -0.690281 0 0 255
0.475 0.25 0.733217 -0.742483 0 0 255
0.5 0.25 0.737542 -0.787448 0 0 255
-0.5 0.225 0.0774058 -0.122302 0 0 255
-0.475 0.225 0.0786715 -0.121209 0 0 255
-0.45 0.225 0.0801501 -0.11992 0 0 255
-0.425 0.225 0.0818833 -0.118392 0 0 255
-0.4 0.225 0.0839206 -0.116573 0 0 255
-0.375 0.225 0.0863188 -0.114404 0 0 255
-0.35 0.225 0.0891407 -0.111812 0 0 255
-0.325 0.225 0.0924497 -0.108721 0 0 255
-0.3 0.225 0.0962998 -0.105054 0 0 255
-0.275 0.225 0.100715 -0.100754 0 0 255
-0.25 0.225 0.105658 -0.0958122 0 0 255
-0.225 0.225 0.110986 -0.0903159 0 0 255
-0.2 0.225 0.11641 -0.0845 0 0 255
-0.175 0.225 0.121494 -0.0787743 0 0 255
-0.15 0.225 0.125751 -0.0736669 0 0 255
-0.125 0.225 0.12884 -0.0696603 0 0 255
-0.1 0.225 0.130712 -0.0670495 0 0 255
-0.075 0.225 0.139652 -0.048677 0 0 255
-0.05 0.225 0.143052 -0.0281512 0 0 255
-0.025 0.225 0.147179 -0.00737997 0 0 255
0 0.225 0.152542 0.0138095 0 0 255
0.025 0.225 0.159641 0.035621 0 0 255
0.05 0.225 0.168667 0.0580862 0 0 255
0.075 0.225 0.20659 0.0777628 0 0 255
0.1 0.225 3.08692 1.42334 0 0 255
0.125 0.225 2.7887 1.29751 0 0 255
0.15 0.225 2.41615 1.14316 0 0 255
0.175 0.225 2.0399 0.967627 0 0 255
0.2 0.225 1.70357 0.777095 0 0 255
0.225 0.225 1.42773 0.581462 0 0 255
0.25 0.225 1.21524 0.390906 0 0 255
0.275 0.225 1.05885 0.212952 0 0 255
0.3 0.225 0.94756 0.0517412 0 0 255
0.325 0.225 0.87046 -0.0913473 0 0 255
0.35 0.225 0.81833 -0.216729 0 0 255
0.375 0.225 0.784007 -0.325786 0 0 255
0.4 0.225 0.762184 -0.420301 0 0 255
0.425 0.225 0.749034 -0.502131 0 0 255
0.45 0.225 0.741845 -0.573031 0 0 255
0.475 0.225 0.738711 -0.634577 0 0 255
0.5 0.225 0.738301 -0.688144 0 0 255
-0.5 0.2 0.0799287 -0.120072 0 0 255
-0.475 0.2 0.0814291 -0.118746 0 0 255
-0.45 0.2 0.0831608 -0.1172 0 0 255
-0.425 0.2 0.085162 -0.115392 0 0 255
-0.4 0.2 0.0874751 -0.113276 0 0 255
-0.375 0.2 0.0901447 -0.110799 0 0 255
-0.35 0.2 0.0932133 -0.107908 0 0 255
-0.325 0.2 0.096714 -0.104552 0 0 255
-0.3 0.2 0.100658 -0.100697 0 0 255
-0.275 0.2 0.105017 -0.0963398 0 0 255
-0.25 0.2 0.109696 -0.0915381 0 0 255
-0.225 0.2 0.114515 -0.086436 0 0 255
-0.2 0.2 0.1192 -0.0812857 0 0 255
-0.175 0.2 0.123409 -0.0764349 0 0 255
-0.15 0.2 0.126825 -0.0722621 0 0 255
-0.125 0.2 0.129262 -0.0690725 0 0 255
-0.1 0.2 0.130712 -0.0670495 0 0 255
-0.075 0.2 0.139652 -0.048677 0 0 255
-0.05 0.2 0.143052 -0.0281512 0 0 255
-0.025 0.2 0.147179 -0.00737997 0 0 255
0 0.2 0.152542 0.0138095 0 0 255
0.025 0.2 0.159641 0.035621 0 0 255
0.05 0.2 0.168667 0.0580862 0 0 255
0.075 0.2 0.20659 0.0777628 0 0 255
0.1 0.2 3.08692 1.42334 0 0 255
0.125 0.2 2.85584 1.32584 0 0 255
0.15 0.2 2.55059 1.19902 0 0 255
0.175 0.2 2.22336 1.05075 0 0 255
0.2 0.2 1.91073 0.886159 0 0 255
0.225 0.2 1.63525 0.712378 0 0 255
0.25 0.2 1.4067 0.53745 0 0 255
0.275 0.2 1.22546 0.368374 0 0 255
0.3 0.2 1.08651 0.210057 0 0 255
0.325 0.2 0.982699 0.0652337 0 0 255
0.35 0.2 0.906721 -0.0651012 0 0 255
0.375 0.2 0.852104 -0.181126 0 0 255
0.4 0.2 0.813536 -0.283711 0 0 255
0.425 0.2 0.786853 -0.374065 0 0 255
0.45 0.2 0.768882 -0.453511 0 0 255
0.475 0.2 0.757244 -0.523354 0 0 255
0.5 0.2 0.75018 -0.58481 0 0 255
-0.5 0.175 0.0825704 -0.117688 0 0 255
-0.475 0.175 0.0842833 -0.116143 0 0 255
-0.45 0.175 0.0862349 -0.114362 0 0 255
-0.425 0.175 0.0884572 -0.112311 0 0 255
-0.4 0.175 0.0909821 -0.10995 0 0 255
-0.375 0.175 0.0938388 -0.107241 0 0 255
-0.35 0.175 0.097048 -0.104149 0 0 255
-0.325 0.175 0.100614 -0.100653 0 0 255
-0.3 0.175 0.104515 -0.0967539 0 0 255
-0.275 0.175 0.108685 -0.0924909 0 0 255
-0.25 0.175 0.113004 -0.0879586 0 0 255
-0.225 0.175 0.117291 -0.0833201 0 0 255
-0.2 0.175 0.121311 -0.078807 0 0 255
-0.175 0.175 0.124814 -0.0746943 0 0 255
-0.15 0.175 0.127595 -0.0712472 0 0 255
-0.125 0.175 0.129557 -0.0686604 0 0 255
-0.1 0.175 0.130712 -0.0670495 0 0 255
-0.075 0.175 0.139652 -0.048677 0 0 255
-0.05 0.175 0.143052 -0.0281512 0 0 255
-0.025 0.175 0.147179 -0.00737997 0 0 255
0 0.175 0.152542 0.0138095 0 0 255
0.025 0.175 0.159641 0.035621 0 0 255
0.05 0.175 0.168667 0.0580862 0 0 255
0.075 0.175 0.20659 0.0777628 0 0 255
0.1 0.175 3.08692 1.42334 0 0 255
0.125 0.175 2.90291 1.3457 0 0 255
0.15 0.175 2.64987 1.24035 0 0 255
0.175 0.175 2.36646 1.11436 0 0 255
0.2 0.175 2.08211 0.971976 0 0 255
0.225 0.175 1.81776 0.818405 0 0 255
0.25 0.175 1.58575 0.659825 0 0 255
0.275 0.175 1.39091 0.502218 0 0 255
0.3 0.175 1.23277 0.350439 0 0 255
0.325 0.175 1.10774 0.207836 0 0 255
0.35 0.175 1.01087 0.0763154 0 0 255
0.375 0.175 0.937063 -0.0433666 0 0 255
0.4 0.175 0.881611 -0.151259 0 0 255
0.425 0.175 0.840502 -0.247919 0 0 255
0.45 0.175 0.810452 -0.334181 0 0 255
0.475 0.175 0.788844 -0.411004 0 0 255
0.5 0.175 0.773636 -0.479369 0 0 255
-0.5 0.15 0.0852748 -0.115201 0 0 255
-0.475 0.15 0.0871696 -0.113459 0 0 255
-0.45 0.15 0.0893005 -0.111477 0 0 255
-0.425 0.15 0.0916907 -0.109228 0 0 255
-0.4 0.15 0.0943605 -0.106683 0 0 255
-0.375 0.15 0.0973232 -0.103817 0 0 255
-0.35 0.15 0.10058 -0.100618 0 0 255
-0.325 0.15 0.104112 -0.0970878 0 0 255
-0.3 0.15 0.107872 -0.0932542 0 0 255
-0.275 0.15 0.111777 -0.0891827 0 0 255
-0.25 0.15 0.115702 -0.0849837 0 0 255
-0.225 0.15 0.119482 -0.0808157 0 0 255
-0.2 0.15 0.12293 -0.0768757 0 0 255
-0.175 0.15 0.125867 -0.0733735 0 0 255
-0.15 0.15 0.128163 -0.0704936 0 0 255
-0.125 0.15 0.129772 -0.0683609 0 0 255
-0.1 0.15 0.130712 -0.0670495 0 0 255
-0.075 0.15 0.139652 -0.048677 0 0 255
-0.05 0.15 0.143052 -0.0281512 0 0 255
-0.025 0.15 0.147179 -0.00737997 0 0 255
0 0.15 0.152542 0.0138095 0 0 255
0.025 0.15 0.159641 0.035621 0 0 255
0.05 0.15 0.168667 0.0580862 0 0 255
0.075 0.15 0.20659 0.0777628 0 0 255
0.1 0.15 3.08692 1.42334 0 0 255
0.125 0.15 2.93713 1.36014 0 0 255
0.15 0.15 2.72488 1.27162 0 0 255
0.175 0.15 2.47915 1.16381 0 0 255
0.2 0.15 2.22324 1.04016 0 0 255
0.225 0.15 1.97533 0.904582 0 0 255
0.25 0.15 1.748 0.76176 0 0 255
0.275 0.15 1.54827 0.61659 0 0 255
0.3 0.15 1.37861 0.473465 0 0 255
0.325 0.15 1.23826 0.335835 0 0 255
0.35 0.15 1.12457 0.206075 0 0 255
0.375 0.15 1.03399 0.0855719 0 0 255
0.4 0.15 0.962793 -0.0250801 0 0 255
0.425 0.15 0.907486 -0.12586 0 0 255
0.45 0.15 0.864975 -0.217127 0 0 255
0.475 0.15 0.832642 -0.299468 0 0 255
0.5 0.15 0.808331 -0.373587 0 0 255
-0.5 0.125 0.0879902 -0.112661 0 0 255
-0.475 0.125 0.090032 -0.110751 0 0 255
-0.45 0.125 0.092298 -0.108607 0 0 255
-0.425 0.125 0.0948025 -0.106209 0 0 255
-0.4 0.125 0.0975541 -0.10354 0 0 255
-0.375 0.125 0.100552 -0.10059 0 0 255
-0.35 0.125 0.10378 -0.0973628 0 0 255
-0.325 0.125 0.107204 -0.0938794 0 0 255
-0.3 0.125 0.110764 -0.0901864 0 0 255
-0.275 0.125 0.11437 -0.0863616 0 0 255
-0.25 0.125 0.117903 -0.0825164 0 0 255
-0.225 0.125 0.121225 -0.0787934 0 0 255
-0.2 0.125 0.12419 -0.0753531 0 0 255
-0.175 0.125 0.126673 -0.0723529 0 0 255
-0.15 0.125 0.128593 -0.0699204 0 0 255
-0.125 0.125 0.129933 -0.0681366 0 0 255
-0.1 0.125 0.130712 -0.0670495 0 0 255
-0.075 0.125 0.139652 -0.048677 0 0 255
-0.05 0.125 0.143052 -0.0281512 0 0 255
-0.025 0.125 0.147179 -0.00737997 0 0 255
0 0.125 0.152542 0.0138095 0 0 255
0.025 0.125 0.159641 0.035621 0 0 255
0.05 0.125 0.168667 0.0580862 0 0 255
0.075 0.125 0.20659 0.0777628 0 0 255
0.1 0.125 3.08692 1.42334 0 0 255
0.125 0.125 2.96275 1.37095 0 0 255
0.15 0.125 2.78272 1.29578 0 0 255
0.175 0.125 2.56888 1.20281 0 0 255
0.2 0.125 2.33959 1.09492 0 0 255
0.225 0.125 2.11018 0.975046 0 0 255
0.25 0.125 1.89236 0.846771 0 0 255
0.275 0.125 1.69389 0.714002 0 0 255
0.3 0.125 1.51893 0.580523 0 0 255
0.325 0.125 1.36874 0.449588 0 0 255
0.35 0.125 1.24253 0.323715 0 0 255
0.375 0.125 1.13826 0.204643 0 0 255
0.4 0.125 1.0533 0.0934175 0 0 255
0.425 0.125 0.984874 -0.00948367 0 0 255
0.45 0.125 0.930296 -0.104002 0 0 255
0.475 0.125 0.887147 -0.190371 0 0 255
0.5 0.125 0.853319 -0.269008 0 0 255
-0.5 0.1 0.0906722 -0.110113 0 0 255
-0.475 0.1 0.0928242 -0.108068 0 0 255
-0.45 0.1 0.0951819 -0.105802 0 0 255
-0.425 0.1 0.0977505 -0.103304 0 0 255
-0.4 0.1 0.100528 -0.100567 0 0 255
-0.375 0.1 0.103502 -0.0975935 0 0 255
-0.35 0.1 0.106646 -0.094401 0 0 255
-0.325 0.1 0.109914 -0.0910235 0 0 255
-0.3 0.1 0.113241 -0.0875175 0 0 255
-0.275 0.1 0.11654 -0.0839639 0 0 255
-0.25 0.1 0.119706 -0.0804671 0 0 255
-0.225 0.1 0.122623 -0.0771494 0 0 255
-0.2 0.1 0.125184 -0.0741385 0 0 255
-0.175 0.1 0.127301 -0.071551 0 0 255
-0.15 0.1 0.128926 -0.0694756 0 0 255
-0.125 0.1 0.130056 -0.0679645 0 0 255
-0.1 0.1 0.130712 -0.0670495 0 0 255
-0.075 0.1 0.139652 -0.048677 0 0 255
-0.05 0.1 0.143052 -0.0281512 0 0 255
-0.025 0.1 0.147179 -0.00737997 0 0 255
0 0.1 0.152542 0.0138095 0 0 255
0.025 0.1 0.159641 0.035621 0 0 255
0.05 0.1 0.168667 0.0580862 0 0 255
0.075 0.1 0.20659 0.0777628 0 0 255
0.1 0.1 3.08692 1.42334 0 0 255
0.125 0.1 2.98241 1.37924 0 0 255
0.15 0.1 2.82814 1.31476 0 0 255
0.175 0.1 2.64113 1.23401 0 0 255
0.2 0.1 2.43592 1.13935 0 0 255
0.225 0.1 2.22523 1.03308 0 0 255
0.25 0.1 2.01946 0.917908 0 0 255
0.275 0.1 1.82632 0.796945 0 0 255
0.3 0.1 1.65077 0.673349 0 0 255
0.325 0.1 1.49535 0.550036 0 0 255
0.35 0.1 1.36065 0.429456 0 0 255
0.375 0.1 1.24593 0.313492 0 0 255
0.4 0.1 1.14962 0.203455 0 0 255
0.425 0.1 1.0697 0.100152 0 0 255
0.45 0.1 1.00403 0.00397568 0 0 255
0.475 0.1 0.950518 -0.0849971 0 0 255
0.5 0.1 0.907246 -0.166916 0 0 255
-0.5 0.075 0.0932845 -0.107595 0 0 255
-0.475 0.075 0.095511 -0.105449 0 0 255
-0.45 0.075 0.0979198 -0.103101 0 0 255
-0.425 0.075 0.100508 -0.100547 0 0 255
-0.4 0.075 0.103266 -0.0977899 0 0 255
-0.375 0.075 0.106172 -0.0948428 0 0 255
-0.35 0.075 0.109192 -0.0917319 0 0 255
-0.325 0.075 0.112276 -0.0884992 0 0 255
-0.3 0.075 0.115359 -0.0852049 0 0 255
-0.275 0.075 0.118359 -0.0819271 0 0 255
-0.25 0.075 0.121189 -0.078759 0 0 255
-0.225 0.075 0.123755 -0.0758026 0 0 255
-0.2 0.075 0.125978 -0.0731581 0 0 255
-0.175 0.075 0.127798 -0.0709114 0 0 255
-0.15 0.075 0.129188 -0.0691241 0 0 255
-0.125 0.075 0.130153 -0.0678297 0 0 255
-0.1 0.075 0.130712 -0.0670495 0 0 255
-0.075 0.075 0.139652 -0.048677 0 0 255
-0.05 0.075 0.143052 -0.0281512 0 0 255
-0.025 0.075 0.147179 -0.00737997 0 0 255
0 0.075 0.152542 0.0138095 0 0 255
0.025 0.075 0.159641 0.035621 0 0 255
0.05 0.075 0.168667 0.0580862 0 0 255
0.075 0.075 0.20659 0.0777628 0 0 255
0.1 0.075 3.08692 1.42334 0 0 255
0.125 0.075 2.99781 1.38574 0 0 255
0.15 0.075 2.86437 1.32992 0 0 255
0.175 0.075 2.69996 1.25929 0 0 255
0.2 0.075 2.51614 1.17579 0 0 255
0.225 0.075 2.32339 1.08123 0 0 255
0.25 0.075 2.13076 0.977716 0 0 255
0.275 0.075 1.94546 0.867686 0 0 255
0.3 0.075 1.77268 0.75374 0 0 255
0.325 0.075 1.61566 0.638409 0 0 255
0.35 0.075 1.47598 0.523956 0 0 255
0.375 0.075 1.35389 0.412257 0 0 255
0.4 0.075 1.24872 0.304751 0 0 255
0.425 0.075 1.15921 0.202451 0 0 255
0.45 0.075 1.08379 0.105996 0 0 255
0.475 0.075 1.02079 0.0157099 0 0 255
0.5 0.075 0.968546 -0.0683211 0 0 255
-0.5 0.05 0.0957995 -0.105139 0 0 255
-0.475 0.05 0.0980673 -0.102924 0 0 255
-0.45 0.05 0.100492 -0.10053 0 0 255
-0.425 0.05 0.103063 -0.0979591 0 0 255
-0.4 0.05 0.105766 -0.095222 0 0 255
-0.375 0.05 0.108571 -0.092339 0 0 255
-0.35 0.05 0.111442 -0.0893423 0 0 255
-0.325 0.05 0.114328 -0.0862775 0 0 255
-0.3 0.05 0.117167 -0.0832042 0 0 255
-0.275 0.05 0.119888 -0.0801942 0 0 255
-0.25 0.05 0.122416 -0.0773285 0 0 255
-0.225 0.05 0.12468 -0.0746906 0 0 255
-0.2 0.05 0.126621 -0.0723581 0 0 255
-0.175 0.05 0.128198 -0.0703944 0 0 255
-0.15 0.05 0.129398 -0.068842 0 0 255
-0.125 0.05 0.13023 -0.0677222 0 0 255
-0.1 0.05 0.130712 -0.0670495 0 0 255
-0.075 0.05 0.139652 -0.048677 0 0 255
-0.05 0.05 0.143052 -0.0281512 0 0 255
-0.025 0.05 0.147179 -0.00737997 0 0 255
0 0.05 0.152542 0.0138095 0 0 255
0.025 0.05 0.159641 0.035621 0 0 255
0.05 0.05 0.168667 0.0580862 0 0 255
0.075 0.05 0.20659 0.0777628 0 0 255
0.1 0.05 3.08692 1.42334 0 0 255
0.125 0.05 3.01008 1.39092 0 0 255
0.15 0.05 2.89369 1.34219 0 0 255
0.175 0.05 2.74836 1.28 0 0 255
0.2 0.05 2.58336 1.20595 0 0 255
0.225 0.05 2.40732 1.1215 0 0 255
0.25 0.05 2.228 1.02827 0 0 255
0.275 0.05 2.05192 0.928199 0 0 255
0.3 0.05 1.88418 0.8234 0 0 255
0.325 0.05 1.72833 0.716027 0 0 255
0.35 0.05 1.58653 0.608104 0 0 255
0.375 0.05 1.45979 0.501406 0 0 255
0.4 0.05 1.34815 0.397394 0 0 255
0.425 0.05 1.25103 0.29719 0 0 255
0.45 0.05 1.16741 0.201593 0 0 255
0.475 0.05 1.09604 0.111115 0 0 255
0.5 0.05 1.03559 0.0260317 0 0 255
-0.5 0.025 0.098197 -0.102769 0 0 255
-0.475 0.025 0.100477 -0.100515 0 0 255
-0.45 0.025 0.102887 -0.0981065 0 0 255
-0.425 0.025 0.105412 -0.095551 0 0 255
-0.4 0.025 0.108032 -0.092865 0 0 255
-0.375 0.025 0.110716 -0.0900736 0 0 255
-0.35 0.025 0.113425 -0.087212 0 0 255
-0.325 0.025 0.116109 -0.0843264 0 0 255
-0.3 0.025 0.118714 -0.0814729 0 0 255
-0.275 0.025 0.121178 -0.0787159 0 0 255
-0.25 0.025 0.123439 -0.0761241 0 0 255
-0.225 0.025 0.125443 -0.073765 0 0 255
-0.2 0.025 0.127146 -0.0716986 0 0 255
-0.175 0.025 0.128523 -0.0699714 0 0 255
-0.15 0.025 0.129568 -0.0686125 0 0 255
-0.125 0.025 0.130292 -0.0676353 0 0 255
-0.1 0.025 0.130712 -0.0670495 0 0 255
-0.075 0.025 0.139652 -0.048677 0 0 255
-0.05 0.025 0.143052 -0.0281512 0 0 255
-0.025 0.025 0.147179 -0.00737997 0 0 255
0 0.025 0.152542 0.0138095 0 0 255
0.025 0.025 0.159641 0.035621 0 0 255
0.05 0.025 0.168667 0.0580862 0 0 255
0.075 0.025 0.20659 0.0777628 0 0 255
0.1 0.025 3.08692 1.42334 0 0 255
0.125 0.025 3.02002 1.39511 0 0 255
0.15 0.025 2.91772 1.35226 0 0 255
0.175 0.025 2.78857 1.29715 0 0 255
0.2 0.025 2.64006 1.23115 0 0 255
0.225 0.025 2.47932 1.15542 0 0 255
0.25 0.025 2.31294 1.07124 0 0 255
0.275 0.025 2.14673 0.980153 0 0 255
0.3 0.025 1.98545 0.883865 0 0 255
0.325 0.025 1.83274 0.784186 0 0 255
0.35 0.025 1.6911 0.682887 0 0 255
0.375 0.025 1.562 0.581596 0 0 255
0.4 0.025 1.44605 0.481722 0 0 255
0.425 0.025 1.34322 0.384422 0 0 255
0.45 0.025 1.25298 0.290584 0 0 255
0.475 0.025 1.17451 0.20085 0 0 255
0.5 0.025 1.1068 0.115638 0 0 255
-0.5 0 0.100464 -0.100503 0 0 255
-0.475 0 0.102731 -0.0982362 0 0 255
-0.45 0 0.105102 -0.0958394 0 0 255
-0.425 0 0.107559 -0.0933252 0 0 255
-0.4 0 0.110077 -0.0907136 0 0 255
-0.375 0 0.112627 -0.0880323 0 0 255
-0.35 0 0.115168 -0.0853176 0 0 255
-0.325 0 0.117656 -0.0826139 0 0 255
-0.3 0 0.120041 -0.0799728 0 0 255
-0.275 0 0.122271 -0.0774504 0 0 255
-0.25 0 0.124297 -0.0751043 0 0 255
-0.225 0 0.126078 -0.0729887 0 0 255
-0.2 0 0.127581 -0.0711498 0 0 255
-0.175 0 0.128791 -0.0696214 0 0 255
-0.15 0 0.129708 -0.0684235 0 0 255
-0.125 0 0.130343 -0.0675639 0 0 255
-0.1 0 0.130712 -0.0670495 0 0 255
-0.075 0 0.139652 -0.048677 0 0 255
-0.05 0 0.143052 -0.0281512 0 0 255
-0.025 0 0.147179 -0.00737997 0 0 255
0 0 0.152542 0.0138095 0 0 255
0.025 0 0.159641 0.035621 0 0 255
0.05 0 0.168667 0.0580862 0 0 255
0.075 0 0.20659 0.0777628 0 0 255
0.1 0 3.08692 1.42334 0 0 255
0.125 0 3.02817 1.39855 0 0 255
0.15 0 2.93763 1.3606 0 0 255
0.175 0 2.82227 1.3115 0 0 255
0.2 0 2.68821 1.25238 0 0 255
0.225 0 2.54132 1.1842 0 0 255
0.25 0 2.38722 1.10798 0 0 255
0.275 0 2.231 1.02495 0 0 255
0.3 0 2.07702 0.936479 0 0 255
0.325 0 1.92883 0.84409 0 0 255
0.35 0 1.78905 0.749302 0 0 255
0.375 0 1.65945 0.653576 0 0 255
0.4 0 1.54105 0.558229 0 0 255
0.425 0 1.43425 0.464395 0 0 255
0.45 0 1.33893 0.373 0 0 255
0.475 0 1.25466 0.284761 0 0 255
0.5 0 1.18073 0.2002 0 0 255
