-0.5 1 -3375.07 -15149 0 0 255
-0.475 1 -3428.61 -15308 0 0 255
-0.45 1 -3492.6 -15500.9 0 0 255
-0.425 1 -3569.68 -15737.1 0 0 255
-0.4 1 -3663.22 -16028.9 0 0 255
-0.375 1 -3777.62 -16392.8 0 0 255
-0.35 1 -3918.54 -16850.6 0 0 255
-0.325 1 -4093.18 -17431.5 0 0 255
-0.3 1 -4310.27 -18173.1 0 0 255
-0.275 1 -4579.24 -19120.4 0 0 255
-0.25 1 -4906.85 -20317 0 0 255
-0.225 1 -5287.3 -21771.9 0 0 255
-0.2 1 -5680.2 -23374.9 0 0 255
-0.175 1 -5985.23 -24768.4 0 0 255
-0.15 1 -6088.77 -25440.2 0 0 255
-0.125 1 -10717.4 -15918.2 0 0 255
-0.1 1 -14156.9 -10909.3 0 0 255
-0.075 1 -14165 -10468.7 0 0 255
-0.05 1 -14535.7 -9424.01 0 0 255
-0.025 1 -15132.9 -8141.2 0 0 255
0 1 -15791.2 -6910.37 0 0 255
0.025 1 -16434.3 -5839.39 0 0 255
0.05 1 -17047.4 -4938.44 0 0 255
0.075 1 -17639.9 -4185.14 0 0 255
0.1 1 -18225.8 -3552.16 0 0 255
0.125 1 -18816.2 -3015.93 0 0 255
0.15 1 -19416.7 -2558.25 0 0 255
0.175 1 -20028 -2165.67 0 0 255
0.2 1 -20646.4 -1828.34 0 0 255
0.225 1 -21265.6 -1538.93 0 0 255
0.25 1 -21877.3 -1291.81 0 0 255
0.275 1 -22473.2 -1082.47 0 0 255
0.3 1 -23044.9 -907.043 0 0 255
0.325 1 -23585.5 -762.076 0 0 255
0.35 1 -24089.1 -644.375 0 0 255
0.375 1 -24551.6 -550.918 0 0 255
0.4 1 -24970.6 -478.825 0 0 255
0.425 1 -25344.9 -425.354 0 0 255
0.45 1 -25674.9 -387.917 0 0 255
0.475 1 -25962 -364.095 0 0 255
0.5 1 -26208.2 -351.653 0 0 255
-0.5 0.975 -3305.9 -14943.7 0 0 255
-0.475 0.975 -3351.41 -15075.3 0 0 255
-0.45 0.975 -3406.25 -15236.3 0 0 255
-0.425 0.975 -3472.92 -15435.3 0 0 255
-0.4 0.975 -3554.72 -15683.8 0 0 255
-0.375 0.975 -3656.07 -15997.9 0 0 255
-0.35 0.975 -3782.89 -16399.4 0 0 255
-0.325 0.975 -3943.1 -16918.9 0 0 255
-0.3 0.975 -4147.11 -17598.5 0 0 255
-0.275 0.975 -4407.79 -18494.2 0 0 255
-0.25 0.975 -4738.4 -19672.8 0 0 255
-0.225 0.975 -5143.43 -21185 0 0 255
-0.2 0.975 -5591.12 -22967.9 0 0 255
-0.175 0.975 -5963.86 -24629.7 0 0 255
-0.15 0.975 -6088.77 -25440.2 0 0 255
-0.125 0.975 -10717.4 -15918.2 0 0 255
-0.1 0.975 -14156.9 -10909.3 0 0 255
-0.075 0.975 -14166.7 -10377.8 0 0 255
-0.05 0.975 -14644 -9118.9 0 0 255
-0.025 0.975 -15351.1 -7672.52 0 0 255
0 0.975 -16080.7 -6369.05 0 0 255
0.025 0.975 -16766.5 -5286.1 0 0 255
0.05 0.975 -17411.8 -4402.99 0 0 255
0.075 0.975 -18037.7 -3679.38 0 0 255
0.1 0.975 -18663.4 -3079.41 0 0 255
0.125 0.975 -19300.3 -2576.16 0 0 255
0.15 0.975 -19951.6 -2150.59 0 0 255
0.175 0.975 -20613.9 -1789.38 0 0 255
0.2 0.975 -21279.4 -1483.08 0 0 255
0.225 0.975 -21937.7 -1224.74 0 0 255
0.25 0.975 -22577.8 -1008.88 0 0 255
0.275 0.975 -23189.2 -830.882 0 0 255
0.3 0.975 -23763.2 -686.653 0 0 255
0.325 0.975 -24292.8 -572.37 0 0 255
0.35 0.975 -24773.5 -484.419 0 0 255
0.375 0.975 -25202.7 -419.359 0 0 255
0.4 0.975 -25580.1 -373.937 0 0 255
0.425 0.975 -25906.7 -345.106 0 0 255
0.45 0.975 -26185 -330.059 0 0 255
0.475 0.975 -26418.2 -326.237 0 0 255
0.5 0.975 -26610.2 -331.348 0 0 255
-0.5 0.95 -3241.39 -14757.1 0 0 255
-0.475 0.95 -3278.9 -14862.4 0 0 255
-0.45 0.95 -3324.44 -14992.1 0 0 255
-0.425 0.95 -3380.32 -15153.9 0 0 255
-0.4 0.95 -3449.62 -15358.2 0 0 255
-0.375 0.95 -3536.62 -15619.7 0 0 255
-0.35 0.95 -3647.2 -15959.4 0 0 255
-0.325 0.95 -3789.66 -16407.8 0 0 255
-0.3 0.95 -3975.59 -17009.1 0 0 255
-0.275 0.95 -4220.92 -17828 0 0 255
-0.25 0.95 -4545.76 -18953.5 0 0 255
-0.225 0.95 -4968.07 -20486.7 0 0 255
-0.2 0.95 -5473.97 -22445.7 0 0 255
-0.175 0.95 -5935.33 -24444.6 0 0 255
-0.15 0.95 -6088.77 -25440.2 0 0 255
-0.125 0.95 -10717.4 -15918.2 0 0 255
-0.1 0.95 -14156.9 -10909.3 0 0 255
-0.075 0.95 -14168.9 -10256.4 0 0 255
-0.05 0.95 -14794 -8723.26 0 0 255
-0.025 0.95 -15627.3 -7107.64 0 0 255
0 0.95 -16424.7 -5754.46 0 0 255
0.025 0.95 -17147.8 -4683.99 0 0 255
0.05 0.95 -17825.4 -3836.86 0 0 255
0.075 0.95 -18491.3 -3154.96 0 0 255
0.1 0.95 -19167.6 -2595.98 0 0 255
0.125 0.95 -19863 -2131.56 0 0 255
0.15 0.95 -20575.3 -1743.07 0 0 255
0.175 0.95 -21294.8 -1418.06 0 0 255
0.2 0.95 -22007.9 -1147.78 0 0 255
0.225 0.95 -22700 -925.588 0 0 255
0.25 0.95 -23357.4 -745.945 0 0 255
0.275 0.95 -23969 -603.909 0 0 255
0.3 0.95 -24526.4 -494.863 0 0 255
0.325 0.95 -25024.7 -414.424 0 0 255
0.35 0.95 -25461.9 -358.436 0 0 255
0.375 0.95 -25838.5 -322.999 0 0 255
0.4 0.95 -26156.8 -304.516 0 0 255
0.425 0.95 -26420.9 -299.718 0 0 255
0.45 0.95 -26635.6 -305.692 0 0 255
0.475 0.95 -26806 -319.879 0 0 255
0.5 0.95 -26937.8 -340.072 0 0 255
-0.5 0.925 -3182.43 -14591.7 0 0 255
-0.475 0.925 -3212.14 -14672.2 0 0 255
-0.45 0.925 -3248.49 -14772.2 0 0 255
-0.425 0.925 -3293.49 -14897.9 0 0 255
-0.4 0.925 -3349.9 -15058.4 0 0 255
-0.375 0.925 -3421.61 -15266.4 0 0 255
-0.35 0.925 -3514.23 -15540.9 0 0 255
-0.325 0.925 -3635.9 -15910.4 0 0 255
-0.3 0.925 -3798.72 -16418.8 0 0 255
-0.275 0.925 -4020.78 -17134.5 0 0 255
-0.25 0.925 -4328.45 -18164.6 0 0 255
-0.225 0.925 -4755.37 -19663 0 0 255
-0.2 0.925 -5317.76 -21768.8 0 0 255
-0.175 0.925 -5896.08 -24189.9 0 0 255
-0.15 0.925 -6088.77 -25440.2 0 0 255
-0.125 0.925 -10717.4 -15918.2 0 0 255
-0.1 0.925 -14156.9 -10909.3 0 0 255
-0.075 0.925 -14172 -10089.4 0 0 255
-0.05 0.925 -15005.7 -8204.17 0 0 255
-0.025 0.925 -15976.3 -6431 0 0 255
0 0.925 -16830.4 -5065.99 0 0 255
0.025 0.925 -17583.9 -4038.41 0 0 255
0.05 0.925 -18297.7 -3246.37 0 0 255
0.075 0.925 -19016 -2617.57 0 0 255
0.1 0.925 -19759.3 -2106.93 0 0 255
0.125 0.925 -20528.4 -1687.16 0 0 255
0.15 0.925 -21311.7 -1341.41 0 0 255
0.175 0.925 -22090.5 -1058.59 0 0 255
0.2 0.925 -22844.8 -830.582 0 0 255
0.225 0.925 -23556.2 -650.71 0 0 255
0.25 0.925 -24210.1 -512.949 0 0 255
0.275 0.925 -24796.9 -411.625 0 0 255
0.3 0.925 -25311.2 -341.337 0 0 255
0.325 0.925 -25752.2 -296.998 0 0 255
0.35 0.925 -26122.1 -273.899 0 0 255
0.375 0.925 -26425.3 -267.774 0 0 255
0.4 0.925 -26668.1 -274.836 0 0 255
0.425 0.925 -26857.2 -291.793 0 0 255
0.45 0.925 -26999.8 -315.83 0 0 255
0.475 0.925 -27103 -344.591 0 0 255
0.5 0.925 -27173.2 -376.133 0 0 255
-0.5 0.9 -3129.82 -14449.1 0 0 255
-0.475 0.9 -3152.18 -14507.3 0 0 255
-0.45 0.9 -3179.73 -14580 0 0 255
-0.425 0.9 -3214.12 -14672.2 0 0 255
-0.4 0.9 -3257.68 -14790.9 0 0 255
-0.375 0.9 -3313.75 -14946.7 0 0 255
-0.35 0.9 -3387.28 -15155.4 0 0 255
-0.325 0.9 -3485.77 -15441.7 0 0 255
-0.3 0.9 -3620.93 -15845.7 0 0 255
-0.275 0.9 -3811.53 -16434 0 0 255
-0.25 0.9 -4088.33 -17321.8 0 0 255
-0.225 0.9 -4500.39 -18708.3 0 0 255
-0.2 0.9 -5107.05 -20886.7 0 0 255
-0.175 0.9 -5840.09 -23826.6 0 0 255
-0.15 0.9 -6088.77 -25440.2 0 0 255
-0.125 0.9 -10717.4 -15918.2 0 0 255
-0.1 0.9 -14156.9 -10909.3 0 0 255
-0.075 0.9 -14176.4 -9851.12 0 0 255
-0.05 0.9 -15309.4 -7517.3 0 0 255
-0.025 0.9 -16414.1 -5631.34 0 0 255
0 0.9 -17303.4 -4309.87 0 0 255
0.025 0.9 -18082 -3359.26 0 0 255
0.05 0.9 -18844 -2640.16 0 0 255
0.075 0.9 -19636.9 -2074.07 0 0 255
0.1 0.9 -20470.3 -1618.45 0 0 255
0.125 0.9 -21329.8 -1249.81 0 0 255
0.15 0.9 -22189.2 -954.016 0 0 255
0.175 0.9 -23019.6 -721.224 0 0 255
0.2 0.9 -23795.1 -543.319 0 0 255
0.225 0.9 -24496.9 -412.847 0 0 255
0.25 0.9 -25113.4 -322.679 0 0 255
0.275 0.9 -25639.9 -266.033 0 0 255
0.3 0.9 -26077.7 -236.597 0 0 255
0.325 0.9 -26432 -228.649 0 0 255
0.35 0.9 -26710.6 -237.142 0 0 255
0.375 0.9 -26922.6 -257.73 0 0 255
0.4 0.9 -27077.6 -286.752 0 0 255
0.425 0.9 -27185.1 -321.191 0 0 255
0.45 0.9 -27253.7 -358.609 0 0 255
0.475 0.9 -27291.3 -397.078 0 0 255
0.5 0.9 -27304.5 -435.11 0 0 255
-0.5 0.875 -3084.34 -14330.8 0 0 255
-0.475 0.875 -3100.03 -14369.7 0 0 255
-0.45 0.875 -3119.48 -14418.6 0 0 255
-0.425 0.875 -3143.95 -14480.9 0 0 255
-0.4 0.875 -3175.23 -14561.8 0 0 255
-0.375 0.875 -3215.98 -14669.2 0 0 255
-0.35 0.875 -3270.21 -14815 0 0 255
-0.325 0.875 -3344.22 -15018.6 0 0 255
-0.3 0.875 -3448.3 -15312.9 0 0 255
-0.275 0.875 -3600.06 -15755.7 0 0 255
-0.25 0.875 -3831.2 -16456.6 0 0 255
-0.225 0.875 -4201.69 -17635.6 0 0 255
-0.2 0.875 -4821.44 -19741.3 0 0 255
-0.175 0.875 -5756.47 -23284 0 0 255
-0.15 0.875 -6088.77 -25440.2 0 0 255
-0.125 0.875 -10717.4 -15918.2 0 0 255
-0.1 0.875 -14156.9 -10909.3 0 0 255
-0.075 0.875 -14182.9 -9495.29 0 0 255
-0.05 0.875 -15750.9 -6608 0 0 255
-0.025 0.875 -16954 -4709.61 0 0 255
0 0.875 -17846.8 -3502.45 0 0 255
0.025 0.875 -18653.8 -2661.19 0 0 255
0.05 0.875 -19492.3 -2028.46 0 0 255
0.075 0.875 -20395.8 -1532.22 0 0 255
0.1 0.875 -21348 -1138.56 0 0 255
0.125 0.875 -22309.3 -829.732 0 0 255
0.15 0.875 -23235.3 -594.006 0 0 255
0.175 0.875 -24088.6 -421.505 0 0 255
0.2 0.875 -24843.8 -302.764 0 0 255
0.225 0.875 -25488.1 -228.567 0 0 255
0.25 0.875 -26019.1 -190.198 0 0 255
0.275 0.875 -26442.2 -179.728 0 0 255
0.3 0.875 -26767.7 -190.204 0 0 255
0.325 0.875 -27008.4 -215.718 0 0 255
0.35 0.875 -27177.6 -251.381 0 0 255
0.375 0.875 -27288.3 -293.251 0 0 255
0.4 0.875 -27352.6 -338.218 0 0 255
0.425 0.875 -27380.8 -383.893 0 0 255
0.45 0.875 -27381.8 -428.485 0 0 255
0.475 0.875 -27363.1 -470.7 0 0 255
0.5 0.875 -27330.6 -509.645 0 0 255
-0.5 0.85 -3046.61 -14237.3 0 0 255
-0.475 0.85 -3056.54 -14260.5 0 0 255
-0.45 0.85 -3068.92 -14289.8 0 0 255
-0.425 0.85 -3084.59 -14327.3 0 0 255
-0.4 0.85 -3104.79 -14376.2 0 0 255
-0.375 0.85 -3131.37 -14441.7 0 0 255
-0.35 0.85 -3167.23 -14531.6 0 0 255
-0.325 0.85 -3217.02 -14659.1 0 0 255
-0.3 0.85 -3288.69 -14847.1 0 0 255
-0.275 0.85 -3396.56 -15138.6 0 0 255
-0.25 0.85 -3568.67 -15621.2 0 0 255
-0.225 0.85 -3865.91 -16494.8 0 0 255
-0.2 0.85 -4438.38 -18289.9 0 0 255
-0.175 0.85 -5623.75 -22422.8 0 0 255
-0.15 0.85 -6088.77 -25440.2 0 0 255
-0.125 0.85 -10717.4 -15918.2 0 0 255
-0.1 0.85 -14156.9 -10909.3 0 0 255
-0.075 0.85 -14193.3 -8930.57 0 0 255
-0.05 0.85 -16393.2 -5425.11 0 0 255
-0.025 0.85 -17598.9 -3692.04 0 0 255
0 0.85 -18460.6 -2672.59 0 0 255
0.025 0.85 -19324.5 -1961.97 0 0 255
0.05 0.85 -20296.6 -1421.5 0 0 255
0.075 0.85 -21363 -1001 0 0 255
0.1 0.85 -22458.4 -679.545 0 0 255
0.125 0.85 -23509.6 -444.087 0 0 255
0.15 0.85 -24458.9 -282.498 0 0 255
0.175 0.85 -25272.3 -182.226 0 0 255
0.2 0.85 -25937.3 -130.851 0 0 255
0.225 0.85 -26457.8 -116.893 0 0 255
0.25 0.85 -26847.4 -130.34 0 0 255
0.275 0.85 -27124.9 -162.837 0 0 255
0.3 0.85 -27309.8 -207.651 0 0 255
0.325 0.85 -27421.4 -259.507 0 0 255
0.35 0.85 -27476.4 -314.381 0 0 255
0.375 0.85 -27489.5 -369.288 0 0 255
0.4 0.85 -27472.4 -422.083 0 0 255
0.425 0.85 -27434.8 -471.291 0 0 255
0.45 0.85 -27383.9 -515.957 0 0 255
0.475 0.85 -27325.5 -555.527 0 0 255
0.5 0.85 -27263.7 -589.746 0 0 255
-0.5 0.825 -3017.12 -14168.3 0 0 255
-0.475 0.825 -3022.41 -14179.8 0 0 255
-0.45 0.825 -3029.04 -14194.4 0 0 255
-0.425 0.825 -3037.46 -14213 0 0 255
-0.4 0.825 -3048.39 -14237.4 0 0 255
-0.375 0.825 -3062.9 -14270 0 0 255
-0.35 0.825 -3082.67 -14315.2 0 0 255
-0.325 0.825 -3110.53 -14379.7 0 0 255
-0.3 0.825 -3151.43 -14476.1 0 0 255
-0.275 0.825 -3214.75 -14628.9 0 0 255
-0.25 0.825 -3320.12 -14890.7 0 0 255
-0.225 0.825 -3515.12 -15394.9 0 0 255
-0.2 0.825 -3947.77 -16579.3 0 0 255
-0.175 0.825 -5394.47 -20935 0 0 255
-0.15 0.825 -6088.77 -25440.2 0 0 255
-0.125 0.825 -10717.4 -15918.2 0 0 255
-0.1 0.825 -14156.9 -10909.3 0 0 255
-0.075 0.825 -14211.2 -7954.95 0 0 255
-0.05 0.825 -17303.7 -3974.27 0 0 255
-0.025 0.825 -18325.9 -2646.9 0 0 255
0 0.825 -19148.3 -1858.95 0 0 255
0.025 0.825 -20157.7 -1276.56 0 0 255
0.05 0.825 -21365.1 -827.476 0 0 255
0.075 0.825 -22648.9 -493.956 0 0 255
0.1 0.825 -23873.4 -264.297 0 0 255
0.125 0.825 -24943.3 -122.946 0 0 255
0.15 0.825 -25814.4 -51.7879 0 0 255
0.175 0.825 -26481.7 -33.1218 0 0 255
0.2 0.825 -26963.8 -51.5436 0 0 255
0.225 0.825 -27290 -94.5765 0 0 255
0.25 0.825 -27491.6 -152.569 0 0 255
0.275 0.825 -27598.2 -218.292 0 0 255
0.3 0.825 -27635.2 -286.483 0 0 255
0.325 0.825 -27623.4 -353.423 0 0 255
0.35 0.825 -27579 -416.583 0 0 255
0.375 0.825 -27514.4 -474.343 0 0 255
0.4 0.825 -27438.9 -525.759 0 0 255
0.425 0.825 -27358.9 -570.384 0 0 255
0.45 0.825 -27279 -608.127 0 0 255
0.475 0.825 -27202.1 -639.14 0 0 255
0.5 0.825 -27129.9 -663.741 0 0 255
-0.5 0.8 -2996.13 -14122.6 0 0 255
-0.475 0.8 -2998.08 -14126.5 0 0 255
-0.45 0.8 -3000.52 -14131.4 0 0 255
-0.425 0.8 -3003.64 -14137.6 0 0 255
-0.4 0.8 -3007.69 -14145.6 0 0 255
-0.375 0.8 -3013.08 -14156.4 0 0 255
-0.35 0.8 -3020.49 -14171.2 0 0 255
-0.325 0.8 -3031.01 -14192.1 0 0 255
-0.3 0.8 -3046.67 -14223.4 0 0 255
-0.275 0.8 -3071.36 -14272.6 0 0 255
-0.25 0.8 -3113.66 -14356.9 0 0 255
-0.225 0.8 -3195.82 -14520.8 0 0 255
-0.2 0.8 -3397.82 -14923.5 0 0 255
-0.175 0.8 -4942.78 -18004.1 0 0 255
-0.15 0.8 -6088.77 -25440.2 255 0 0
-0.125 0.8 -10717.4 -15918.2 255 0 0
-0.1 0.8 -14156.9 -10909.3 255 0 0
-0.075 0.8 -14246.6 -6032.94 0 0 255
-0.05 0.8 -18479.3 -2461.04 0 0 255
-0.025 0.8 -19061.4 -1691.78 0 0 255
0 0.8 -19951.2 -1089.74 0 0 255
0.025 0.8 -21323.7 -603.831 0 0 255
0.05 0.8 -22902.4 -255.685 0 0 255
0.075 0.8 -24387.1 -42.3983 0 0 255
0.1 0.8 -25607.9 61.0318 0 0 255
0.125 0.8 -26519.1 85.2291 0 0 255
0.15 0.8 -27145.1 56.9214 0 0 255
0.175 0.8 -27538.1 -3.572 0 0 255
0.2 0.8 -27754 -81.7353 0 0 255
0.225 0.8 -27842.7 -167.51 0 0 255
0.25 0.8 -27844.6 -254.079 0 0 255
0.275 0.8 -27790.8 -336.949 0 0 255
0.3 0.8 -27704 -413.297 0 0 255
0.325 0.8 -27600.7 -481.498 0 0 255
0.35 0.8 -27491.6 -540.778 0 0 255
0.375 0.8 -27384.1 -590.957 0 0 255
0.4 0.8 -27282.5 -632.251 0 0 255
0.425 0.8 -27189.1 -665.13 0 0 255
0.45 0.8 -27105.2 -690.214 0 0 255
0.475 0.8 -27030.8 -708.194 0 0 255
0.5 0.8 -26965.6 -719.781 0 0 255
-0.5 0.775 -2983.85 -14098.1 0 0 255
-0.475 0.775 -2983.85 -14098.1 0 0 255
-0.45 0.775 -2983.85 -14098.1 0 0 255
-0.425 0.775 -2983.85 -14098.1 0 0 255
-0.4 0.775 -2983.85 -14098.1 0 0 255
-0.375 0.775 -2983.85 -14098.1 0 0 255
-0.35 0.775 -2983.85 -14098.1 0 0 255
-0.325 0.775 -2983.85 -14098.1 0 0 255
-0.3 0.775 -2983.85 -14098.1 0 0 255
-0.275 0.775 -2983.85 -14098.1 0 0 255
-0.25 0.775 -2983.85 -14098.1 0 0 255
-0.225 0.775 -2983.85 -14098.1 0 0 255
-0.2 0.775 -2983.85 -14098.1 255 0 0
-0.175 0.775 -3796.79 -10567.9 255 0 0
-0.15 0.775 -4788.07 -7249.34 255 0 0
-0.125 0.775 -7663.97 -5714.19 255 0 0
-0.1 0.775 -10366.2 -2960.85 255 0 0
-0.075 0.775 -14336.3 -1156.62 255 0 0
-0.05 0.775 -19613.5 -1503.95 255 0 0
-0.025 0.775 -19643.6 -922.516 0 0 255
0 0.775 -21116.1 -301.554 0 0 255
0.025 0.775 -23268.8 84.8239 0 0 255
0.05 0.775 -25192.2 249.284 0 0 255
0.075 0.775 -26578.9 272.471 0 0 255
0.1 0.775 -27455.9 217.586 0 0 255
0.125 0.775 -27942.8 123.039 0 0 255
0.15 0.775 -28158.5 11.0978 0 0 255
0.175 0.775 -28197.7 -105.1 0 0 255
0.2 0.775 -28129.4 -217.63 0 0 255
0.225 0.775 -28002.2 -321.751 0 0 255
0.25 0.775 -27848.1 -414.801 0 0 255
0.275 0.775 -27687.7 -495.537 0 0 255
0.3 0.775 -27533.2 -563.686 0 0 255
0.325 0.775 -27391.3 -619.614 0 0 255
0.35 0.775 -27264.9 -664.082 0 0 255
0.375 0.775 -27154.6 -698.069 0 0 255
0.4 0.775 -27060 -722.646 0 0 255
0.425 0.775 -26979.7 -738.893 0 0 255
0.45 0.775 -26912.2 -747.849 0 0 255
0.475 0.775 -26855.8 -750.479 0 0 255
0.5 0.775 -26808.8 -747.658 0 0 255
-0.5 0.75 -1091.33 -9167.15 0 0 255
-0.475 0.75 -1091.33 -9167.15 0 0 255
-0.45 0.75 -1091.33 -9167.15 0 0 255
-0.425 0.75 -1091.33 -9167.15 0 0 255
-0.4 0.75 -1091.33 -9167.15 0 0 255
-0.375 0.75 -1091.33 -9167.15 0 0 255
-0.35 0.75 -1091.33 -9167.15 0 0 255
-0.325 0.75 -1091.33 -9167.15 0 0 255
-0.3 0.75 -1091.33 -9167.15 0 0 255
-0.275 0.75 -1091.33 -9167.15 0 0 255
-0.25 0.75 -1091.33 -9167.15 0 0 255
-0.225 0.75 -1091.33 -9167.15 0 0 255
-0.2 0.75 -1091.33 -9167.15 255 0 0
-0.175 0.75 -1906.12 -5638.09 255 0 0
-0.15 0.75 -2721 -2108.22 255 0 0
-0.125 0.75 -3857.69 1055.28 255 0 0
-0.1 0.75 -6252.11 2662.05 255 0 0
-0.075 0.75 -10838.2 2712.86 255 0 0
-0.05 0.75 -16592.9 1494.18 255 0 0
-0.025 0.75 -19755.8 1247.41 0 0 255
0 0.75 -24067 942.86 0 0 255
0.025 0.75 -26706.9 701.932 0 0 255
0.05 0.75 -28079.1 496.123 0 0 255
0.075 0.75 -28680.8 307.617 0 0 255
0.1 0.75 -28835.6 131.236 0 0 255
0.125 0.75 -28743.7 -32.4697 0 0 255
0.15 0.75 -28529.1 -181.205 0 0 255
0.175 0.75 -28267.6 -312.855 0 0 255
0.2 0.75 -28003 -426.242 0 0 255
0.225 0.75 -27758.3 -521.249 0 0 255
0.25 0.75 -27543.7 -598.63 0 0 255
0.275 0.75 -27361.5 -659.724 0 0 255
0.3 0.75 -27210.3 -706.177 0 0 255
0.325 0.75 -27086.4 -739.742 0 0 255
0.35 0.75 -26986 -762.133 0 0 255
0.375 0.75 -26905.2 -774.954 0 0 255
0.4 0.75 -26840.5 -779.653 0 0 255
0.425 0.75 -26788.9 -777.513 0 0 255
0.45 0.75 -26747.9 -769.65 0 0 255
0.475 0.75 -26715.1 -757.03 0 0 255
0.5 0.75 -26689 -740.471 0 0 255
-0.5 0.725 794.126 -4243.23 0 0 255
-0.475 0.725 794.126 -4243.23 0 0 255
-0.45 0.725 794.126 -4243.23 0 0 255
-0.425 0.725 794.126 -4243.23 0 0 255
-0.4 0.725 794.126 -4243.23 0 0 255
-0.375 0.725 794.126 -4243.23 0 0 255
-0.35 0.725 794.126 -4243.23 0 0 255
-0.325 0.725 794.126 -4243.23 0 0 255
-0.3 0.725 794.126 -4243.23 0 0 255
-0.275 0.725 794.126 -4243.23 0 0 255
-0.25 0.725 794.126 -4243.23 0 0 255
-0.225 0.725 794.126 -4243.23 0 0 255
-0.2 0.725 794.126 -4243.23 255 0 0
-0.175 0.725 -20.6997 -714.277 255 0 0
-0.15 0.725 -835.186 2815.25 255 0 0
-0.125 0.725 -1495.95 6457.5 255 0 0
-0.1 0.725 145.927 6176.47 255 0 0
-0.075 0.725 -3723.81 4439.02 255 0 0
-0.05 0.725 -11447.1 2807.95 255 0 0
-0.025 0.725 -22918.6 1000.64 255 0 0
0 0.725 -28378.3 638.311 0 0 255
0.025 0.725 -29827 417.189 0 0 255
0.05 0.725 -29963.7 213.467 0 0 255
0.075 0.725 -29606.8 17.5247 0 0 255
0.1 0.725 -29094.3 -163.658 0 0 255
0.125 0.725 -28580.4 -323.232 0 0 255
0.15 0.725 -28130.3 -457.702 0 0 255
0.175 0.725 -27763.4 -566.69 0 0 255
0.2 0.725 -27476.5 -651.843 0 0 255
0.225 0.725 -27257.3 -715.813 0 0 255
0.25 0.725 -27091.8 -761.547 0 0 255
0.275 0.725 -26967.5 -791.893 0 0 255
0.3 0.725 -26874.1 -809.418 0 0 255
0.325 0.725 -26803.8 -816.354 0 0 255
0.35 0.725 -26750.8 -814.607 0 0 255
0.375 0.725 -26710.9 -805.786 0 0 255
0.4 0.725 -26681 -791.242 0 0 255
0.425 0.725 -26658.5 -772.102 0 0 255
0.45 0.725 -26641.5 -749.303 0 0 255
0.475 0.725 -26628.5 -723.611 0 0 255
0.5 0.725 -26618.1 -695.647 0 0 255
-0.5 0.7 2679.58 680.658 0 0 255
-0.475 0.7 2679.58 680.658 0 0 255
-0.45 0.7 2679.58 680.658 0 0 255
-0.425 0.7 2679.58 680.658 0 0 255
-0.4 0.7 2679.58 680.658 0 0 255
-0.375 0.7 2679.58 680.658 0 0 255
-0.35 0.7 2679.58 680.658 0 0 255
-0.325 0.7 2679.58 680.658 0 0 255
-0.3 0.7 2679.58 680.658 0 0 255
-0.275 0.7 2679.58 680.658 0 0 255
-0.25 0.7 2679.58 680.658 0 0 255
-0.225 0.7 2679.58 680.658 0 0 255
-0.2 0.7 2679.58 680.658 255 0 0
-0.175 0.7 1864.71 4209.53 255 0 0
-0.15 0.7 1049.74 7738.45 255 0 0
-0.125 0.7 236.746 11286.9 255 0 0
-0.1 0.7 9541.45 7139.05 255 0 0
-0.075 0.7 5482.23 4759.34 255 0 0
-0.05 0.7 -4504.56 2768.79 255 0 0
-0.025 0.7 -16438.1 1124.34 255 0 0
0 0.7 -33837.9 275.982 255 0 0
0.025 0.7 -31938.4 94.9091 0 0 255
0.05 0.7 -30200.2 -138.888 0 0 255
0.075 0.7 -28938 -349.689 0 0 255
0.1 0.7 -28095.1 -516.882 0 0 255
0.125 0.7 -27554.4 -641.767 0 0 255
0.15 0.7 -27214.3 -731.42 0 0 255
0.175 0.7 -27001.3 -793.099 0 0 255
0.2 0.7 -26866.6 -832.807 0 0 255
0.225 0.7 -26779.6 -855.214 0 0 255
0.25 0.7 -26721.4 -863.922 0 0 255
0.275 0.7 -26681.3 -861.74 0 0 255
0.3 0.7 -26652.9 -850.907 0 0 255
0.325 0.7 -26632.6 -833.24 0 0 255
0.35 0.7 -26618.3 -810.236 0 0 255
0.375 0.7 -26608.5 -783.128 0 0 255
0.4 0.7 -26602.1 -752.927 0 0 255
0.425 0.7 -26597.8 -720.447 0 0 255
0.45 0.7 -26594.7 -686.33 0 0 255
0.475 0.7 -26591.8 -651.061 0 0 255
0.5 0.7 -26587.9 -614.995 0 0 255
-0.5 0.675 2679.57 680.715 0 0 255
-0.475 0.675 2679.57 680.724 0 0 255
-0.45 0.675 2679.56 680.735 0 0 255
-0.425 0.675 2679.56 680.75 0 0 255
-0.4 0.675 2679.56 680.769 0 0 255
-0.375 0.675 2679.55 680.794 0 0 255
-0.35 0.675 2679.54 680.829 0 0 255
-0.325 0.675 2679.53 680.878 0 0 255
-0.3 0.675 2679.52 680.953 0 0 255
-0.275 0.675 2679.49 681.07 0 0 255
-0.25 0.675 2679.45 681.273 0 0 255
-0.225 0.675 2679.37 681.674 0 0 255
-0.2 0.675 2679.16 682.689 0 0 255
-0.175 0.675 1934.25 4298.96 0 0 255
-0.15 0.675 4008.27 6966.1 0 0 255
-0.125 0.675 15049.7 4083.64 0 0 255
-0.1 0.675 29862.6 -3119.61 255 0 0
-0.075 0.675 15079.3 4249.25 255 0 0
-0.05 0.675 3528.83 2537.12 255 0 0
-0.025 0.675 -8886.39 1035.75 255 0 0
0 0.675 -21888.7 -191.315 255 0 0
0.025 0.675 -24849.1 -580.863 0 0 255
0.05 0.675 -25769.1 -734.894 0 0 255
0.075 0.675 -26131.1 -818.464 0 0 255
0.1 0.675 -26311.5 -870.702 0 0 255
0.125 0.675 -26420.9 -903.584 0 0 255
0.15 0.675 -26492.8 -921.569 0 0 255
0.175 0.675 -26538.9 -926.973 0 0 255
0.2 0.675 -26565.7 -921.552 0 0 255
0.225 0.675 -26578.6 -906.93 0 0 255
0.25 0.675 -26582.8 -884.692 0 0 255
0.275 0.675 -26582.4 -856.364 0 0 255
0.3 0.675 -26580.7 -823.374 0 0 255
0.325 0.675 -26579.6 -787.001 0 0 255
0.35 0.675 -26579.9 -748.341 0 0 255
0.375 0.675 -26581.5 -708.28 0 0 255
0.4 0.675 -26583.7 -667.494 0 0 255
0.425 0.675 -26585.5 -626.454 0 0 255
0.45 0.675 -26585.6 -585.45 0 0 255
0.475 0.675 -26582.8 -544.629 0 0 255
0.5 0.675 -26575.8 -504.021 0 0 255
-0.5 0.65 2679.56 680.992 0 0 255
-0.475 0.65 2679.56 681.063 0 0 255
-0.45 0.65 2679.56 681.156 0 0 255
-0.425 0.65 2679.55 681.281 0 0 255
-0.4 0.65 2679.55 681.455 0 0 255
-0.375 0.65 2679.55 681.702 0 0 255
-0.35 0.65 2679.55 682.067 0 0 255
-0.325 0.65 2679.55 682.631 0 0 255
-0.3 0.65 2679.55 683.551 0 0 255
-0.275 0.65 2679.57 685.163 0 0 255
-0.25 0.65 2679.63 688.279 0 0 255
-0.225 0.65 2679.81 695.284 0 0 255
-0.2 0.65 2680.48 716.203 0 0 255
-0.175 0.65 2826.52 4425.49 0 0 255
-0.15 0.65 9620.56 5388.92 0 0 255
-0.125 0.65 20867.6 2228.24 0 0 255
-0.1 0.65 26685.6 372.846 0 0 255
-0.075 0.65 23508.5 3865.3 255 0 0
-0.05 0.65 11740.7 2259.33 255 0 0
-0.025 0.65 -1204.4 1008.98 255 0 0
0 0.65 -14483.8 -43.6304 255 0 0
0.025 0.65 -27809.6 -970.41 255 0 0
0.05 0.65 -27109.9 -959.392 0 0 255
0.075 0.65 -26761.2 -963.923 0 0 255
0.1 0.65 -26658 -971.061 0 0 255
0.125 0.65 -26645.9 -971.199 0 0 255
0.15 0.65 -26649.3 -960.682 0 0 255
0.175 0.65 -26644.4 -939.335 0 0 255
0.2 0.65 -26629.8 -908.565 0 0 255
0.225 0.65 -26611 -870.393 0 0 255
0.25 0.65 -26593.6 -826.969 0 0 255
0.275 0.65 -26581.5 -780.293 0 0 255
0.3 0.65 -26576 -732.056 0 0 255
0.325 0.65 -26576.3 -683.551 0 0 255
0.35 0.65 -26580.6 -635.654 0 0 255
0.375 0.65 -26586.3 -588.856 0 0 255
0.4 0.65 -26590.6 -543.331 0 0 255
0.425 0.65 -26591.2 -499.02 0 0 255
0.45 0.65 -26585.9 -455.707 0 0 255
0.475 0.65 -26573.5 -413.094 0 0 255
0.5 0.65 -26553.1 -370.858 0 0 255
-0.5 0.625 2679.76 681.786 0 0 255
-0.475 0.625 2679.83 682.056 0 0 255
-0.45 0.625 2679.94 682.42 0 0 255
-0.425 0.625 2680.09 682.922 0 0 255
-0.4 0.625 2680.32 683.635 0 0 255
-0.375 0.625 2680.69 684.678 0 0 255
-0.35 0.625 2681.29 686.264 0 0 255
-0.325 0.625 2682.35 688.79 0 0 255
-0.3 0.625 2684.29 693.051 0 0 255
-0.275 0.625 2688.15 700.8 0 0 255
-0.25 0.625 2696.72 716.433 0 0 255
-0.225 0.625 2719.16 753.39 0 0 255
-0.2 0.625 2798.8 871.01 0 0 255
-0.175 0.625 5443.83 4331.67 0 0 255
-0.15 0.625 14842.9 3994.75 0 0 255
-0.125 0.625 22475.3 1957.16 0 0 255
-0.1 0.625 24083 1686.08 0 0 255
-0.075 0.625 21480.4 2999.31 0 0 255
-0.05 0.625 19452.3 2133.32 255 0 0
-0.025 0.625 6139.3 1070.88 255 0 0
0 0.625 -7309.23 108.065 255 0 0
0.025 0.625 -20924.7 -754.908 255 0 0
0.05 0.625 -24498.9 -918.268 0 0 255
0.075 0.625 -25844.4 -975.836 0 0 255
0.1 0.625 -26409.4 -988.241 0 0 255
0.125 0.625 -26616.8 -971.532 0 0 255
0.15 0.625 -26657.7 -934.459 0 0 255
0.175 0.625 -26631.6 -883.79 0 0 255
0.2 0.625 -26590.2 -825.156 0 0 255
0.225 0.625 -26558 -763.161 0 0 255
0.25 0.625 -26543.4 -701.271 0 0 255
0.275 0.625 -26545.6 -641.755 0 0 255
0.3 0.625 -26559.1 -585.771 0 0 255
0.325 0.625 -26577.4 -533.59 0 0 255
0.35 0.625 -26594.2 -484.878 0 0 255
0.375 0.625 -26604.4 -438.95 0 0 255
0.4 0.625 -26604.7 -394.978 0 0 255
0.425 0.625 -26592.9 -352.131 0 0 255
0.45 0.625 -26568.3 -309.667 0 0 255
0.475 0.625 -26531 -266.982 0 0 255
0.5 0.625 -26481.9 -223.636 0 0 255
-0.5 0.6 2680.93 683.534 0 0 255
-0.475 0.6 2681.43 684.269 0 0 255
-0.45 0.6 2682.15 685.272 0 0 255
-0.425 0.6 2683.23 686.671 0 0 255
-0.4 0.6 2684.91 688.679 0 0 255
-0.375 0.6 2687.62 691.652 0 0 255
-0.35 0.6 2692.17 696.225 0 0 255
-0.325 0.6 2700.21 703.586 0 0 255
-0.3 0.6 2715.36 716.139 0 0 255
-0.275 0.6 2746.4 739.206 0 0 255
-0.25 0.6 2817.67 786.193 0 0 255
-0.225 0.6 3011.67 898.081 0 0 255
-0.2 0.6 3726.6 1251.71 0 0 255
-0.175 0.6 10156.5 3890.06 0 0 255
-0.15 0.6 19436.9 3020.44 0 0 255
-0.125 0.6 24031 2046.12 0 0 255
-0.1 0.6 25095.4 2106.99 0 0 255
-0.075 0.6 25600.5 2317.03 0 0 255
-0.05 0.6 26704.5 2134.21 255 0 0
-0.025 0.6 13190.5 1159.72 255 0 0
0 0.6 -481.072 302.214 255 0 0
0.025 0.6 -14369.3 -433.098 255 0 0
0.05 0.6 -28073.1 -1081.63 255 0 0
0.075 0.6 -27910.8 -1064.25 0 0 255
0.1 0.6 -27545 -1013.17 0 0 255
0.125 0.6 -27118.4 -931.117 0 0 255
0.15 0.6 -26769.8 -833.12 0 0 255
0.175 0.6 -26554.8 -734.567 0 0 255
0.2 0.6 -26463.1 -645.136 0 0 255
0.225 0.6 -26457 -568.496 0 0 255
0.25 0.6 -26497 -504.32 0 0 255
0.275 0.6 -26552.5 -450.342 0 0 255
0.3 0.6 -26603.2 -403.714 0 0 255
0.325 0.6 -26637.7 -361.712 0 0 255
0.35 0.6 -26650.2 -322.033 0 0 255
0.375 0.6 -26639.2 -282.874 0 0 255
0.4 0.6 -26605.6 -242.921 0 0 255
0.425 0.6 -26551.5 -201.299 0 0 255
0.45 0.6 -26480.2 -157.515 0 0 255
0.475 0.6 -26395 -111.399 0 0 255
0.5 0.6 -26299.7 -63.0456 0 0 255
-0.5 0.575 3884.9 -5937.32 0 0 255
-0.475 0.575 3786.61 -5382.97 0 0 255
-0.45 0.575 3575.38 -4194.01 0 0 255
-0.425 0.575 3189.11 -2024.95 0 0 255
-0.4 0.575 2702.43 698.613 0 0 255
-0.375 0.575 2714.61 705.521 0 0 255
-0.35 0.575 2735.47 716.236 0 0 255
-0.325 0.575 2773.13 733.646 0 0 255
-0.3 0.575 2845.86 763.623 0 0 255
-0.275 0.575 2998.74 819.25 0 0 255
-0.25 0.575 3358.6 933.399 0 0 255
-0.225 0.575 4348.32 1202.74 0 0 255
-0.2 0.575 7651.19 1955.56 0 0 255
-0.175 0.575 17622.8 3743.91 0 0 255
-0.15 0.575 25089.1 3597.76 0 0 255
-0.125 0.575 27959.4 3890.93 0 0 255
-0.1 0.575 29053.3 4404.64 0 0 255
-0.075 0.575 29573.1 4706.4 0 0 255
-0.05 0.575 29706.3 4786.52 255 0 0
-0.025 0.575 19612.8 1257.09 255 0 0
0 0.575 5613.14 529 255 0 0
0.025 0.575 -8569.73 -100.537 255 0 0
0.05 0.575 -23008.8 -613.333 255 0 0
0.075 0.575 -23071.3 -545.825 0 0 255
0.1 0.575 -23683.7 -474.102 0 0 255
0.125 0.575 -24448.7 -417.627 0 0 255
0.15 0.575 -25148 -377.172 0 0 255
0.175 0.575 -25712.6 -348.523 0 0 255
0.2 0.575 -26137 -327.07 0 0 255
0.225 0.575 -26436.3 -308.87 0 0 255
0.25 0.575 -26630.1 -290.802 0 0 255
0.275 0.575 -26737.3 -270.516 0 0 255
0.3 0.575 -26774.6 -246.325 0 0 255
0.325 0.575 -26756.2 -217.121 0 0 255
0.35 0.575 -26694.4 -182.297 0 0 255
0.375 0.575 -26599.7 -141.705 0 0 255
0.4 0.575 -26481.5 -95.6073 0 0 255
0.425 0.575 -26348 -44.6173 0 0 255
0.45 0.575 -26206.6 10.3739 0 0 255
0.475 0.575 -26063.3 68.2917 0 0 255
0.5 0.575 -25923.2 127.976 0 0 255
-0.5 0.55 3966.66 -6398.4 0 0 255
-0.475 0.55 3965.24 -6388.44 0 0 255
-0.45 0.55 3961.75 -6363.59 0 0 255
-0.425 0.55 3952.33 -6296.19 0 0 255
-0.4 0.55 3924.48 -6095.27 0 0 255
-0.375 0.55 3834.72 -5442.75 0 0 255
-0.35 0.55 3557.48 -3410.46 0 0 255
-0.325 0.55 2990.79 790.088 0 0 255
-0.3 0.55 3237.85 854.157 0 0 255
-0.275 0.55 3755.85 973.796 0 0 255
-0.25 0.55 4943.5 1216.23 0 0 255
-0.225 0.55 7877.18 1739.74 0 0 255
-0.2 0.55 14553.3 2755.68 0 0 255
-0.175 0.55 23504.4 3793.34 0 0 255
-0.15 0.55 27352.8 3825.67 0 0 255
-0.125 0.55 28393.8 3930.49 0 0 255
-0.1 0.55 28583.8 3947.8 0 0 255
-0.075 0.55 28348.5 3718.78 0 0 255
-0.05 0.55 27551.1 3075.69 0 0 255
-0.025 0.55 25395.8 1364.87 255 0 0
0 0.55 10956.5 725.91 255 0 0
0.025 0.55 -3628.85 197.971 255 0 0
0.05 0.55 -18253.7 -315.365 255 0 0
0.075 0.55 -23304.6 -293.881 0 0 255
0.1 0.55 -25294.4 -285.427 0 0 255
0.125 0.55 -26297.1 -281.177 0 0 255
0.15 0.55 -26854.6 -278.435 0 0 255
0.175 0.55 -27160.9 -275.037 0 0 255
0.2 0.55 -27299.5 -268.309 0 0 255
0.225 0.55 -27315.3 -255.412 0 0 255
0.25 0.55 -27239.3 -234.003 0 0 255
0.275 0.55 -27096.2 -202.628 0 0 255
0.3 0.55 -26906.5 -160.807 0 0 255
0.325 0.55 -26688.2 -108.997 0 0 255
0.35 0.55 -26456.7 -48.4833 0 0 255
0.375 0.55 -26225.2 18.8005 0 0 255
0.4 0.55 -26004.2 90.5376 0 0 255
0.425 0.55 -25801.3 164.328 0 0 255
0.45 0.55 -25621.3 237.955 0 0 255
0.475 0.55 -25466.5 309.567 0 0 255
0.5 0.55 -25336.8 377.765 0 0 255
-0.5 0.525 3967.81 -6406.57 0 0 255
-0.475 0.525 3967.79 -6406.57 0 0 255
-0.45 0.525 3967.75 -6406.58 0 0 255
-0.425 0.525 3967.64 -6406.61 0 0 255
-0.4 0.525 3967.32 -6406.71 0 0 255
-0.375 0.525 3966.26 -6407.01 0 0 255
-0.35 0.525 3961.91 -6408.24 0 0 255
-0.325 0.525 3935.99 -6415.6 0 0 255
-0.3 0.525 -4713.26 -8870.65 0 0 255
-0.275 0.525 -6401.57 -7459.4 0 0 255
-0.25 0.525 8408.54 1667.28 0 0 255
-0.225 0.525 13844.4 2374.87 0 0 255
-0.2 0.525 21307.6 3169.23 0 0 255
-0.175 0.525 26699.3 3499.35 0 0 255
-0.15 0.525 28322.6 3349.97 0 0 255
-0.125 0.525 28743.7 3143.43 0 0 255
-0.1 0.525 28891.7 2810.57 0 0 255
-0.075 0.525 29020 2336.73 0 0 255
-0.05 0.525 29275.4 1811.08 0 0 255
-0.025 0.525 29737.4 1472.23 255 0 0
0 0.525 15692.5 947.322 255 0 0
0.025 0.525 1057.87 435.402 255 0 0
0.05 0.525 -13603.3 -69.8001 255 0 0
0.075 0.525 -28355.4 -272.398 255 0 0
0.1 0.525 -28353 -272.433 0 0 255
0.125 0.525 -28330.7 -272.556 0 0 255
0.15 0.525 -28250 -271.573 0 0 255
0.175 0.525 -28069.7 -264.957 0 0 255
0.2 0.525 -27772.2 -245.356 0 0 255
0.225 0.525 -27375.6 -206.222 0 0 255
0.25 0.525 -26924.3 -145.25 0 0 255
0.275 0.525 -26468.7 -65.1218 0 0 255
0.3 0.525 -26049.6 28.136 0 0 255
0.325 0.525 -25691.6 127.501 0 0 255
0.35 0.525 -25403.8 226.755 0 0 255
0.375 0.525 -25184.2 321.336 0 0 255
0.4 0.525 -25024.8 408.447 0 0 255
0.425 0.525 -24914.9 486.752 0 0 255
0.45 0.525 -24844.1 555.958 0 0 255
0.475 0.525 -24802.8 616.426 0 0 255
0.5 0.525 -24783.3 668.872 0 0 255
-0.5 0.5 3967.83 -6406.56 0 0 255
-0.475 0.5 3967.83 -6406.56 0 0 255
-0.45 0.5 3967.83 -6406.56 0 0 255
-0.425 0.5 3967.83 -6406.56 0 0 255
-0.4 0.5 3967.83 -6406.56 0 0 255
-0.375 0.5 3967.83 -6406.56 0 0 255
-0.35 0.5 3967.83 -6406.56 0 0 255
-0.325 0.5 3967.83 -6406.56 0 0 255
-0.3 0.5 -4567.86 -8992.19 0 0 255
-0.275 0.5 -13127.2 -11604.1 0 0 255
-0.25 0.5 -21213.2 -13815.2 0 0 255
-0.225 0.5 -8150.93 -9080.66 0 0 255
-0.2 0.5 25353.5 3063.26 0 0 255
-0.175 0.5 27768.1 3000.03 0 0 255
-0.15 0.5 28284.9 2758.61 0 0 255
-0.125 0.5 28267.1 2479.76 0 0 255
-0.1 0.5 28034 2155.22 0 0 255
-0.075 0.5 27587.2 1813.84 0 0 255
-0.05 0.5 26764.1 1513.43 0 0 255
-0.025 0.5 25041 1309.21 0 0 255
0 0.5 20344.5 1146.18 255 0 0
0.025 0.5 5614.77 638.641 255 0 0
0.05 0.5 -9213.72 146.745 255 0 0
0.075 0.5 -24221.4 -342.446 255 0 0
0.1 0.5 -24107.4 -334.848 0 0 255
0.125 0.5 -23866.2 -297.21 0 0 255
0.15 0.5 -23612.6 -214.991 0 0 255
0.175 0.5 -23443.5 -95.2328 0 0 255
0.2 0.5 -23388 43.446 0 0 255
0.225 0.5 -23429.2 183.284 0 0 255
0.25 0.5 -23534.4 312.744 0 0 255
0.275 0.5 -23673.5 426.447 0 0 255
0.3 0.5 -23824.7 523.198 0 0 255
0.325 0.5 -23974.6 604.052 0 0 255
0.35 0.5 -24115.5 671.001 0 0 255
0.375 0.5 -24244.2 726.246 0 0 255
0.4 0.5 -24359.6 771.848 0 0 255
0.425 0.5 -24462 809.59 0 0 255
0.45 0.5 -24552.3 840.957 0 0 255
0.475 0.5 -24631.7 867.157 0 0 255
0.5 0.5 -24701.5 889.163 0 0 255
-0.5 0.475 3967.83 -6406.56 0 0 255
-0.475 0.475 3967.83 -6406.56 0 0 255
-0.45 0.475 3967.83 -6406.56 0 0 255
-0.425 0.475 3967.83 -6406.56 0 0 255
-0.4 0.475 3967.83 -6406.56 0 0 255
-0.375 0.475 3967.83 -6406.56 0 0 255
-0.35 0.475 3967.83 -6406.56 0 0 255
-0.325 0.475 3967.83 -6406.56 0 0 255
-0.3 0.475 -4567.86 -8992.19 0 0 255
-0.275 0.475 -13127.2 -11604.1 0 0 255
-0.25 0.475 -21213.2 -13815.2 0 0 255
-0.225 0.475 -21213.2 -13815.2 0 0 255
-0.2 0.475 -21213.2 -13815.2 0 0 255
-0.175 0.475 27624.8 2464.25 0 0 255
-0.15 0.475 27556.2 2207.96 0 0 255
-0.125 0.475 27209.4 1945.9 0 0 255
-0.1 0.475 26703.9 1690.74 0 0 255
-0.075 0.475 26075.2 1471.21 0 0 255
-0.05 0.475 25395.3 1317.13 0 0 255
-0.025 0.475 24858.4 1240.13 0 0 255
0 0.475 24809.5 1221.62 255 0 0
0.025 0.475 9840.32 717.119 255 0 0
0.05 0.475 -5270.66 237.068 255 0 0
0.075 0.475 -20538.6 -240.504 255 0 0
0.1 0.475 -20708.5 -108.245 0 0 255
0.125 0.475 -21319.6 100.069 0 0 255
0.15 0.475 -22025.6 299.514 0 0 255
0.175 0.475 -22656.7 461.994 0 0 255
0.2 0.475 -23170.8 586.827 0 0 255
0.225 0.475 -23575.6 681.084 0 0 255
0.25 0.475 -23891.5 752.296 0 0 255
0.275 0.475 -24138.5 806.557 0 0 255
0.3 0.475 -24333.1 848.392 0 0 255
0.325 0.475 -24487.9 881.066 0 0 255
0.35 0.475 -24612.3 906.916 0 0 255
0.375 0.475 -24713.4 927.622 0 0 255
0.4 0.475 -24796.3 944.403 0 0 255
0.425 0.475 -24865 958.152 0 0 255
0.45 0.475 -24922.4 969.53 0 0 255
0.475 0.475 -24970.8 979.034 0 0 255
0.5 0.475 -25011.9 987.042 0 0 255
-0.5 0.45 3967.83 -6406.56 0 0 255
-0.475 0.45 3967.83 -6406.56 0 0 255
-0.45 0.45 3967.83 -6406.56 0 0 255
-0.425 0.45 3967.83 -6406.56 0 0 255
-0.4 0.45 3967.83 -6406.56 0 0 255
-0.375 0.45 3967.83 -6406.56 0 0 255
-0.35 0.45 3967.83 -6406.56 0 0 255
-0.325 0.45 3967.83 -6406.56 0 0 255
-0.3 0.45 -4567.86 -8992.19 0 0 255
-0.275 0.45 -13127.2 -11604.1 0 0 255
-0.25 0.45 -21213.2 -13815.2 0 0 255
-0.225 0.45 -21213.2 -13815.2 0 0 255
-0.2 0.45 -21213.2 -13815.2 0 0 255
-0.175 0.45 -21213.2 -13815.2 0 0 255
-0.15 0.45 27565.2 1649.67 0 0 255
-0.125 0.45 27568.3 1452.89 0 0 255
-0.1 0.45 27678 1302.23 0 0 255
-0.075 0.45 27916.9 1206.96 0 0 255
-0.05 0.45 28236.6 1161.09 0 0 255
-0.025 0.45 28515.7 1145.76 0 0 255
0 0.45 28638.4 1142.59 255 0 0
0.025 0.45 13633.5 626.764 255 0 0
0.05 0.45 -1787.57 168.396 255 0 0
0.075 0.45 -17323 -281.141 255 0 0
0.1 0.45 -21342.8 385.355 0 0 255
0.125 0.45 -22927.2 648.055 0 0 255
0.15 0.45 -23731.5 781.403 0 0 255
0.175 0.45 -24197 858.589 0 0 255
0.2 0.45 -24490.3 907.225 0 0 255
0.225 0.45 -24686.7 939.787 0 0 255
0.25 0.45 -24824.4 962.614 0 0 255
0.275 0.45 -24924.5 979.209 0 0 255
0.3 0.45 -24999.4 991.634 0 0 255
0.325 0.45 -25056.9 1001.17 0 0 255
0.35 0.45 -25101.9 1008.63 0 0 255
0.375 0.45 -25137.8 1014.59 0 0 255
0.4 0.45 -25166.9 1019.4 0 0 255
0.425 0.45 -25190.7 1023.36 0 0 255
0.45 0.45 -25210.5 1026.64 0 0 255
0.475 0.45 -25227.1 1029.39 0 0 255
0.5 0.45 -25241.2 1031.72 0 0 255
-0.5 0.425 3967.83 -6406.56 0 0 255
-0.475 0.425 3967.83 -6406.56 0 0 255
-0.45 0.425 3967.83 -6406.56 0 0 255
-0.425 0.425 3967.83 -6406.56 0 0 255
-0.4 0.425 3967.83 -6406.56 0 0 255
-0.375 0.425 3967.83 -6406.56 0 0 255
-0.35 0.425 3967.83 -6406.56 0 0 255
-0.325 0.425 3967.83 -6406.56 0 0 255
-0.3 0.425 -4567.86 -8992.19 0 0 255
-0.275 0.425 -13127.2 -11604.1 0 0 255
-0.25 0.425 -21213.2 -13815.2 0 0 255
-0.225 0.425 -21213.2 -13815.2 0 0 255
-0.2 0.425 -21213.2 -13815.2 0 0 255
-0.175 0.425 -21213.2 -13815.2 0 0 255
-0.15 0.425 7942.05 -4743.95 0 0 255
-0.125 0.425 27079.4 1210.33 0 0 255
-0.1 0.425 26905.3 1124 0 0 255
-0.075 0.425 26617.1 1057.52 0 0 255
-0.05 0.425 26076.8 995.402 0 0 255
-0.025 0.425 25001.6 912.916 0 0 255
0 0.425 22713.4 761.301 0 0 255
0.025 0.425 16788.4 380.008 255 0 0
0.05 0.425 1114.2 -53.0985 255 0 0
0.075 0.425 -14615.7 -478.123 255 0 0
0.1 0.425 -25362.6 1051.85 255 0 0
0.125 0.425 -25362.6 1051.85 0 0 255
0.15 0.425 -25362.6 1051.85 0 0 255
0.175 0.425 -25362.6 1051.85 0 0 255
0.2 0.425 -25362.6 1051.85 0 0 255
0.225 0.425 -25362.6 1051.85 0 0 255
0.25 0.425 -25362.6 1051.85 0 0 255
0.275 0.425 -25362.6 1051.85 0 0 255
0.3 0.425 -25362.6 1051.85 0 0 255
0.325 0.425 -25362.6 1051.85 0 0 255
0.35 0.425 -25362.6 1051.85 0 0 255
0.375 0.425 -25362.6 1051.85 0 0 255
0.4 0.425 -25362.6 1051.85 0 0 255
0.425 0.425 -25362.6 1051.85 0 0 255
0.45 0.425 -25362.6 1051.85 0 0 255
0.475 0.425 -25362.6 1051.85 0 0 255
0.5 0.425 -25362.6 1051.85 0 0 255
-0.5 0.4 3967.83 -6406.56 0 0 255
-0.475 0.4 3967.83 -6406.56 0 0 255
-0.45 0.4 3967.83 -6406.56 0 0 255
-0.425 0.4 3967.83 -6406.56 0 0 255
-0.4 0.4 3967.83 -6406.56 0 0 255
-0.375 0.4 3967.83 -6406.56 0 0 255
-0.35 0.4 3967.83 -6406.56 0 0 255
-0.325 0.4 3967.83 -6406.56 0 0 255
-0.3 0.4 -4567.86 -8992.19 0 0 255
-0.275 0.4 -13127.2 -11604.1 0 0 255
-0.25 0.4 -21213.2 -13815.2 0 0 255
-0.225 0.4 -21213.2 -13815.2 0 0 255
-0.2 0.4 -21213.2 -13815.2 0 0 255
-0.175 0.4 -21213.2 -13815.2 0 0 255
-0.15 0.4 -21213.2 -13815.2 0 0 255
-0.125 0.4 25443.9 943.785 0 0 255
-0.1 0.4 24805.5 839.745 0 0 255
-0.075 0.4 23958.3 725.05 0 0 255
-0.05 0.4 22853.3 586.885 0 0 255
-0.025 0.4 21513.8 417.126 0 0 255
0 0.4 20187.2 228.556 0 0 255
0.025 0.4 19510.3 85.8078 255 0 0
0.05 0.4 3613.25 -325.496 255 0 0
0.075 0.4 -12352.4 -733.985 255 0 0
0.1 0.4 -28855.9 -1367.72 255 0 0
0.125 0.4 -28855.9 -1367.72 0 0 255
0.15 0.4 -28855.9 -1367.72 0 0 255
0.175 0.4 -28855.9 -1367.72 0 0 255
0.2 0.4 -28855.9 -1367.72 0 0 255
0.225 0.4 -28855.9 -1367.72 0 0 255
0.25 0.4 -28855.9 -1367.72 0 0 255
0.275 0.4 -28855.9 -1367.72 0 0 255
0.3 0.4 -28855.9 -1367.72 0 0 255
0.325 0.4 -28855.9 -1367.72 0 0 255
0.35 0.4 -28855.9 -1367.72 0 0 255
0.375 0.4 -28855.9 -1367.72 0 0 255
0.4 0.4 -28855.9 -1367.72 0 0 255
0.425 0.4 -28855.9 -1367.72 0 0 255
0.45 0.4 -28855.9 -1367.72 0 0 255
0.475 0.4 -28855.9 -1367.72 0 0 255
0.5 0.4 -28855.9 -1367.72 0 0 255
-0.5 0.375 3967.83 -6406.56 0 0 255
-0.475 0.375 3967.83 -6406.56 0 0 255
-0.45 0.375 3967.83 -6406.56 0 0 255
-0.425 0.375 3967.83 -6406.56 0 0 255
-0.4 0.375 3967.83 -6406.56 0 0 255
-0.375 0.375 3967.83 -6406.56 0 0 255
-0.35 0.375 3967.83 -6406.56 0 0 255
-0.325 0.375 3967.83 -6406.56 0 0 255
-0.3 0.375 -4567.86 -8992.19 0 0 255
-0.275 0.375 -13127.2 -11604.1 0 0 255
-0.25 0.375 -21213.2 -13815.2 0 0 255
-0.225 0.375 -21213.2 -13815.2 0 0 255
-0.2 0.375 -21213.2 -13815.2 0 0 255
-0.175 0.375 -21213.2 -13815.2 0 0 255
-0.15 0.375 -21213.2 -13815.2 0 0 255
-0.125 0.375 -21213.2 -13815.2 0 0 255
-0.1 0.375 22775.2 254.679 0 0 255
-0.075 0.375 22245.6 102.07 0 0 255
-0.05 0.375 21873.9 -33.1579 0 0 255
-0.025 0.375 21716.8 -132.575 0 0 255
0 0.375 21736.1 -184.684 0 0 255
0.025 0.375 21788 -198.541 255 0 0
0.05 0.375 5721.22 -610.237 255 0 0
0.075 0.375 -10365.9 -1025.53 255 0 0
0.1 0.375 -26374.9 -1512.48 255 0 0
0.125 0.375 -26374.9 -1512.48 0 0 255
0.15 0.375 -26374.9 -1512.48 0 0 255
0.175 0.375 -26374.9 -1512.48 0 0 255
0.2 0.375 -26374.9 -1512.48 0 0 255
0.225 0.375 -26374.9 -1512.48 0 0 255
0.25 0.375 -26374.9 -1512.48 0 0 255
0.275 0.375 -26374.9 -1512.48 0 0 255
0.3 0.375 -26374.9 -1512.48 0 0 255
0.325 0.375 -26374.9 -1512.48 0 0 255
0.35 0.375 -26374.9 -1512.48 0 0 255
0.375 0.375 -26374.9 -1512.48 0 0 255
0.4 0.375 -26374.9 -1512.48 0 0 255
0.425 0.375 -26374.9 -1512.48 0 0 255
0.45 0.375 -26374.9 -1512.48 0 0 255
0.475 0.375 -26374.9 -1512.48 0 0 255
0.5 0.375 -26374.9 -1512.48 0 0 255
-0.5 0.35 3967.83 -6406.56 0 0 255
-0.475 0.35 3967.83 -6406.56 0 0 255
-0.45 0.35 3967.83 -6406.56 0 0 255
-0.425 0.35 3967.83 -6406.56 0 0 255
-0.4 0.35 3967.83 -6406.56 0 0 255
-0.375 0.35 3967.83 -6406.56 0 0 255
-0.35 0.35 3967.83 -6406.56 0 0 255
-0.325 0.35 3967.83 -6406.56 0 0 255
-0.3 0.35 -4567.86 -8992.19 0 0 255
-0.275 0.35 -13127.2 -11604.1 0 0 255
-0.25 0.35 -21213.2 -13815.2 0 0 255
-0.225 0.35 -21213.2 -13815.2 0 0 255
-0.2 0.35 -21213.2 -13815.2 0 0 255
-0.175 0.35 -21213.2 -13815.2 0 0 255
-0.15 0.35 -21213.2 -13815.2 0 0 255
-0.125 0.35 -21213.2 -13815.2 0 0 255
-0.1 0.35 23591.4 -356.842 0 0 255
-0.075 0.35 23648.2 -399.393 0 0 255
-0.05 0.35 23703.5 -419.191 0 0 255
-0.025 0.35 23735.5 -425.936 0 0 255
0 0.35 23745.6 -427.407 0 0 255
0.025 0.35 23746.8 -427.543 255 0 0
0.05 0.35 7539.04 -873.57 255 0 0
0.075 0.35 -8699.7 -1333.19 255 0 0
0.1 0.35 -24957.9 -1869.48 255 0 0
0.125 0.35 -24957.9 -1869.48 0 0 255
0.15 0.35 -24957.9 -1869.48 0 0 255
0.175 0.35 -24957.9 -1869.48 0 0 255
0.2 0.35 -24957.9 -1869.48 0 0 255
0.225 0.35 -24957.9 -1869.48 0 0 255
0.25 0.35 -24957.9 -1869.48 0 0 255
0.275 0.35 -24957.9 -1869.48 0 0 255
0.3 0.35 -24957.9 -1869.48 0 0 255
0.325 0.35 -24957.9 -1869.48 0 0 255
0.35 0.35 -24957.9 -1869.48 0 0 255
0.375 0.35 -24957.9 -1869.48 0 0 255
0.4 0.35 -24957.9 -1869.48 0 0 255
0.425 0.35 -24957.9 -1869.48 0 0 255
0.45 0.35 -24957.9 -1869.48 0 0 255
0.475 0.35 -24957.9 -1869.48 0 0 255
0.5 0.35 -24957.9 -1869.48 0 0 255
-0.5 0.325 3967.83 -6406.56 0 0 255
-0.475 0.325 3967.83 -6406.56 0 0 255
-0.45 0.325 3967.83 -6406.56 0 0 255
-0.425 0.325 3967.83 -6406.56 0 0 255
-0.4 0.325 3967.83 -6406.56 0 0 255
-0.375 0.325 3967.83 -6406.56 0 0 255
-0.35 0.325 3967.83 -6406.56 0 0 255
-0.325 0.325 3967.83 -6406.56 255 0 0
-0.3 0.325 -4567.86 -8992.19 255 0 0
-0.275 0.325 -13127.2 -11604.1 255 0 0
-0.25 0.325 -21213.2 -13815.2 255 0 0
-0.225 0.325 -21213.2 -13815.2 0 0 255
-0.2 0.325 -21213.2 -13815.2 0 0 255
-0.175 0.325 -21213.2 -13815.2 0 0 255
-0.15 0.325 -21213.2 -13815.2 0 0 255
-0.125 0.325 -21213.2 -13815.2 0 0 255
-0.1 0.325 24809.4 -522.699 0 0 255
-0.075 0.325 24813.5 -523.255 0 0 255
-0.05 0.325 24814.6 -523.371 0 0 255
-0.025 0.325 24814.8 -523.389 0 0 255
0 0.325 24814.8 -523.39 0 0 255
0.025 0.325 24814.8 -523.39 255 0 0
0.05 0.325 8414.03 -1044.95 255 0 0
0.075 0.325 -7954.87 -1570.04 255 0 0
0.1 0.325 -24831.1 -2169.73 255 0 0
0.125 0.325 -24831.1 -2169.73 0 0 255
0.15 0.325 -24831.1 -2169.73 0 0 255
0.175 0.325 -24831.1 -2169.73 0 0 255
0.2 0.325 -24831.1 -2169.73 0 0 255
0.225 0.325 -24831.1 -2169.73 0 0 255
0.25 0.325 -24831.1 -2169.73 0 0 255
0.275 0.325 -24831.1 -2169.73 0 0 255
0.3 0.325 -24831.1 -2169.73 0 0 255
0.325 0.325 -24831.1 -2169.73 0 0 255
0.35 0.325 -24831.1 -2169.73 0 0 255
0.375 0.325 -24831.1 -2169.73 0 0 255
0.4 0.325 -24831.1 -2169.73 0 0 255
0.425 0.325 -24831.1 -2169.73 0 0 255
0.45 0.325 -24831.1 -2169.73 0 0 255
0.475 0.325 -24831.1 -2169.73 0 0 255
0.5 0.325 -24831.1 -2169.73 0 0 255
-0.5 0.3 8094.26 -1026.43 0 0 255
-0.475 0.3 8094.26 -1026.43 0 0 255
-0.45 0.3 8094.26 -1026.43 0 0 255
-0.425 0.3 8094.26 -1026.43 0 0 255
-0.4 0.3 8094.26 -1026.43 0 0 255
-0.375 0.3 8094.26 -1026.43 0 0 255
-0.35 0.3 8094.26 -1026.43 0 0 255
-0.325 0.3 8094.26 -1026.43 255 0 0
-0.3 0.3 -464.493 -3630.74 255 0 0
-0.275 0.3 -9023.26 -6235.04 255 0 0
-0.25 0.3 -17583.5 -8839.56 255 0 0
-0.225 0.3 -17583.5 -8839.56 0 0 255
-0.2 0.3 -17583.5 -8839.56 0 0 255
-0.175 0.3 -17583.5 -8839.56 0 0 255
-0.15 0.3 -17583.5 -8839.56 0 0 255
-0.125 0.3 -17583.5 -8839.56 0 0 255
-0.1 0.3 25120.2 -548.982 0 0 255
-0.075 0.3 25120.2 -548.982 0 0 255
-0.05 0.3 25120.2 -548.982 0 0 255
-0.025 0.3 25120.2 -548.982 0 0 255
0 0.3 25120.2 -548.982 0 0 255
0.025 0.3 25120.2 -548.982 255 0 0
0.05 0.3 8752.5 -1153.22 255 0 0
0.075 0.3 -7604.51 -1757.94 255 0 0
0.1 0.3 -24058.7 -2395.57 255 0 0
0.125 0.3 -24058.7 -2395.57 0 0 255
0.15 0.3 -24058.7 -2395.57 0 0 255
0.175 0.3 -24058.7 -2395.57 0 0 255
0.2 0.3 -24058.7 -2395.57 0 0 255
0.225 0.3 -24058.7 -2395.57 0 0 255
0.25 0.3 -24058.7 -2395.57 0 0 255
0.275 0.3 -24058.7 -2395.57 0 0 255
0.3 0.3 -24058.7 -2395.57 0 0 255
0.325 0.3 -24058.7 -2395.57 0 0 255
0.35 0.3 -24058.7 -2395.57 0 0 255
0.375 0.3 -24058.7 -2395.57 0 0 255
0.4 0.3 -24058.7 -2395.57 0 0 255
0.425 0.3 -24058.7 -2395.57 0 0 255
0.45 0.3 -24058.7 -2395.57 0 0 255
0.475 0.3 -24058.7 -2395.57 0 0 255
0.5 0.3 -24058.7 -2395.57 0 0 255
-0.5 0.275 12190.6 4335.98 0 0 255
-0.475 0.275 12190.6 4335.98 0 0 255
-0.45 0.275 12190.6 4335.98 0 0 255
-0.425 0.275 12190.6 4335.98 0 0 255
-0.4 0.275 12190.6 4335.98 0 0 255
-0.375 0.275 12190.6 4335.98 0 0 255
-0.35 0.275 12190.6 4335.98 0 0 255
-0.325 0.275 12190.6 4335.98 255 0 0
-0.3 0.275 3631.81 1731.7 255 0 0
-0.275 0.275 -4926.94 -872.594 255 0 0
-0.25 0.275 -13486 -3477.04 255 0 0
-0.225 0.275 -13486 -3477.04 0 0 255
-0.2 0.275 -13486 -3477.04 0 0 255
-0.175 0.275 -13486 -3477.04 0 0 255
-0.15 0.275 -13486 -3477.04 0 0 255
-0.125 0.275 -13486 -3477.04 0 0 255
-0.1 0.275 24798.4 -559.723 0 0 255
-0.075 0.275 24798.4 -559.723 0 0 255
-0.05 0.275 24798.4 -559.723 0 0 255
-0.025 0.275 24798.4 -559.723 0 0 255
0 0.275 24798.4 -559.723 0 0 255
0.025 0.275 24798.4 -559.723 255 0 0
0.05 0.275 8489.57 -1217.48 255 0 0
0.075 0.275 -7819.61 -1872.98 255 0 0
0.1 0.275 -24098.6 -2543.17 255 0 0
0.125 0.275 -24098.6 -2543.17 0 0 255
0.15 0.275 -24098.6 -2543.17 0 0 255
0.175 0.275 -24098.6 -2543.17 0 0 255
0.2 0.275 -24098.6 -2543.17 0 0 255
0.225 0.275 -24098.6 -2543.17 0 0 255
0.25 0.275 -24098.6 -2543.17 0 0 255
0.275 0.275 -24098.6 -2543.17 0 0 255
0.3 0.275 -24098.6 -2543.17 0 0 255
0.325 0.275 -24098.6 -2543.17 0 0 255
0.35 0.275 -24098.6 -2543.17 0 0 255
0.375 0.275 -24098.6 -2543.17 0 0 255
0.4 0.275 -24098.6 -2543.17 0 0 255
0.425 0.275 -24098.6 -2543.17 0 0 255
0.45 0.275 -24098.6 -2543.17 0 0 255
0.475 0.275 -24098.6 -2543.17 0 0 255
0.5 0.275 -24098.6 -2543.17 0 0 255
-0.5 0.25 16286.8 9698.42 0 0 255
-0.475 0.25 16286.8 9698.42 0 0 255
-0.45 0.25 16286.8 9698.42 0 0 255
-0.425 0.25 16286.8 9698.42 0 0 255
-0.4 0.25 16286.8 9698.42 0 0 255
-0.375 0.25 16286.8 9698.42 0 0 255
-0.35 0.25 16286.8 9698.42 0 0 255
-0.325 0.25 16286.8 9698.42 255 0 0
-0.3 0.25 7728.1 7094.14 255 0 0
-0.275 0.25 -830.659 4489.84 255 0 0
-0.25 0.25 -9390.9 1884.72 255 0 0
-0.225 0.25 -9390.9 1884.72 0 0 255
-0.2 0.25 -9390.9 1884.72 0 0 255
-0.175 0.25 -9390.9 1884.72 0 0 255
-0.15 0.25 -9390.9 1884.72 0 0 255
-0.125 0.25 -9390.9 1884.72 0 0 255
-0.1 0.25 24324.8 -579.368 0 0 255
-0.075 0.25 24324.8 -579.368 0 0 255
-0.05 0.25 24324.8 -579.368 0 0 255
-0.025 0.25 24324.8 -579.368 0 0 255
0 0.25 24324.8 -579.368 0 0 255
0.025 0.25 24324.8 -579.368 255 0 0
0.05 0.25 8077.34 -1278.06 255 0 0
0.075 0.25 -8177.61 -1975.71 255 0 0
0.1 0.25 -24405.3 -2701.79 255 0 0
0.125 0.25 -24405.3 -2701.79 0 0 255
0.15 0.25 -24405.3 -2701.79 0 0 255
0.175 0.25 -24405.3 -2701.79 0 0 255
0.2 0.25 -24405.3 -2701.79 0 0 255
0.225 0.25 -24405.3 -2701.79 0 0 255
0.25 0.25 -24405.3 -2701.79 0 0 255
0.275 0.25 -24405.3 -2701.79 0 0 255
0.3 0.25 -24405.3 -2701.79 0 0 255
0.325 0.25 -24405.3 -2701.79 0 0 255
0.35 0.25 -24405.3 -2701.79 0 0 255
0.375 0.25 -24405.3 -2701.79 0 0 255
0.4 0.25 -24405.3 -2701.79 0 0 255
0.425 0.25 -24405.3 -2701.79 0 0 255
0.45 0.25 -24405.3 -2701.79 0 0 255
0.475 0.25 -24405.3 -2701.79 0 0 255
0.5 0.25 -24405.3 -2701.79 0 0 255
-0.5 0.225 16286.8 9698.42 0 0 255
-0.475 0.225 16286.8 9698.42 0 0 255
-0.45 0.225 16286.8 9698.42 0 0 255
-0.425 0.225 16286.8 9698.42 0 0 255
-0.4 0.225 16286.8 9698.42 0 0 255
-0.375 0.225 16286.8 9698.42 0 0 255
-0.35 0.225 16286.8 9698.42 0 0 255
-0.325 0.225 16286.8 9698.42 0 0 255
-0.3 0.225 7728.1 7094.14 0 0 255
-0.275 0.225 -830.659 4489.84 0 0 255
-0.25 0.225 -9390.9 1884.72 0 0 255
-0.225 0.225 -9390.9 1884.72 0 0 255
-0.2 0.225 -9390.9 1884.72 0 0 255
-0.175 0.225 -9390.9 1884.72 0 0 255
-0.15 0.225 -9390.9 1884.72 0 0 255
-0.125 0.225 -9390.9 1884.72 0 0 255
-0.1 0.225 23957.6 -628.586 0 0 255
-0.075 0.225 23957.6 -628.586 0 0 255
-0.05 0.225 23957.6 -628.586 0 0 255
-0.025 0.225 23957.6 -628.586 0 0 255
0 0.225 23957.6 -628.586 0 0 255
0.025 0.225 23957.6 -628.586 255 0 0
0.05 0.225 7766.9 -1359.15 255 0 0
0.075 0.225 -8418.87 -2089.62 255 0 0
0.1 0.225 -24868.1 -2852.38 255 0 0
0.125 0.225 -24868.1 -2852.38 0 0 255
0.15 0.225 -24868.1 -2852.38 0 0 255
0.175 0.225 -24868.1 -2852.38 0 0 255
0.2 0.225 -24868.1 -2852.38 0 0 255
0.225 0.225 -24868.1 -2852.38 0 0 255
0.25 0.225 -24868.1 -2852.38 0 0 255
0.275 0.225 -24868.1 -2852.38 0 0 255
0.3 0.225 -24868.1 -2852.38 0 0 255
0.325 0.225 -24868.1 -2852.38 0 0 255
0.35 0.225 -24868.1 -2852.38 0 0 255
0.375 0.225 -24868.1 -2852.38 0 0 255
0.4 0.225 -24868.1 -2852.38 0 0 255
0.425 0.225 -24868.1 -2852.38 0 0 255
0.45 0.225 -24868.1 -2852.38 0 0 255
0.475 0.225 -24868.1 -2852.38 0 0 255
0.5 0.225 -24868.1 -2852.38 0 0 255
-0.5 0.2 16286.8 9698.42 0 0 255
-0.475 0.2 16286.8 9698.42 0 0 255
-0.45 0.2 16286.8 9698.42 0 0 255
-0.425 0.2 16286.8 9698.42 0 0 255
-0.4 0.2 16286.8 9698.42 0 0 255
-0.375 0.2 16286.8 9698.42 0 0 255
-0.35 0.2 16286.8 9698.42 0 0 255
-0.325 0.2 16286.8 9698.42 0 0 255
-0.3 0.2 7728.1 7094.14 0 0 255
-0.275 0.2 -830.659 4489.84 0 0 255
-0.25 0.2 -9390.9 1884.72 0 0 255
-0.225 0.2 -9390.9 1884.72 0 0 255
-0.2 0.2 -9390.9 1884.72 0 0 255
-0.175 0.2 -9390.9 1884.72 0 0 255
-0.15 0.2 -9390.9 1884.72 0 0 255
-0.125 0.2 -9390.9 1884.72 0 0 255
-0.1 0.2 24211.2 -800.991 0 0 255
-0.075 0.2 24211.2 -800.991 0 0 255
-0.05 0.2 24211.2 -800.991 0 0 255
-0.025 0.2 24211.2 -800.991 0 0 255
0 0.2 24211.2 -800.991 0 0 255
0.025 0.2 24211.2 -800.991 255 0 0
0.05 0.2 8046.11 -1536.1 255 0 0
0.075 0.2 -8118.54 -2271.2 255 0 0
0.1 0.2 -24282.2 -3006.82 255 0 0
0.125 0.2 -24282.2 -3006.82 0 0 255
0.15 0.2 -24282.2 -3006.82 0 0 255
0.175 0.2 -24282.2 -3006.82 0 0 255
0.2 0.2 -24282.2 -3006.82 0 0 255
0.225 0.2 -24282.2 -3006.82 0 0 255
0.25 0.2 -24282.2 -3006.82 0 0 255
0.275 0.2 -24282.2 -3006.82 0 0 255
0.3 0.2 -24282.2 -3006.82 0 0 255
0.325 0.2 -24282.2 -3006.82 0 0 255
0.35 0.2 -24282.2 -3006.82 0 0 255
0.375 0.2 -24282.2 -3006.82 0 0 255
0.4 0.2 -24282.2 -3006.82 0 0 255
0.425 0.2 -24282.2 -3006.82 0 0 255
0.45 0.2 -24282.2 -3006.82 0 0 255
0.475 0.2 -24282.2 -3006.82 0 0 255
0.5 0.2 -24282.2 -3006.82 0 0 255
-0.5 0.175 16286.8 9698.42 0 0 255
-0.475 0.175 16286.8 9698.42 0 0 255
-0.45 0.175 16286.8 9698.42 0 0 255
-0.425 0.175 16286.8 9698.42 0 0 255
-0.4 0.175 16286.8 9698.42 0 0 255
-0.375 0.175 16286.8 9698.42 0 0 255
-0.35 0.175 16286.8 9698.42 0 0 255
-0.325 0.175 16286.8 9698.42 0 0 255
-0.3 0.175 7728.1 7094.14 0 0 255
-0.275 0.175 -830.659 4489.84 0 0 255
-0.25 0.175 -9390.9 1884.72 0 0 255
-0.225 0.175 -9390.9 1884.72 0 0 255
-0.2 0.175 -9390.9 1884.72 0 0 255
-0.175 0.175 -9390.9 1884.72 0 0 255
-0.15 0.175 -9390.9 1884.72 0 0 255
-0.125 0.175 18838.3 -503.827 0 0 255
-0.1 0.175 24510.7 -983.788 0 0 255
-0.075 0.175 24510.7 -983.788 0 0 255
-0.05 0.175 24510.7 -983.788 0 0 255
-0.025 0.175 24510.7 -983.788 0 0 255
0 0.175 24510.7 -983.788 0 0 255
0.025 0.175 24510.7 -983.788 255 0 0
0.05 0.175 8353.18 -1719.14 255 0 0
0.075 0.175 -7800.84 -2454.57 255 0 0
0.1 0.175 -23941 -3193.04 255 0 0
0.125 0.175 -23941 -3193.04 0 0 255
0.15 0.175 -23941 -3193.04 0 0 255
0.175 0.175 -23941 -3193.04 0 0 255
0.2 0.175 -23941 -3193.04 0 0 255
0.225 0.175 -23941 -3193.04 0 0 255
0.25 0.175 -23941 -3193.04 0 0 255
0.275 0.175 -23941 -3193.04 0 0 255
0.3 0.175 -23941 -3193.04 0 0 255
0.325 0.175 -23941 -3193.04 0 0 255
0.35 0.175 -23941 -3193.04 0 0 255
0.375 0.175 -23941 -3193.04 0 0 255
0.4 0.175 -23941 -3193.04 0 0 255
0.425 0.175 -23941 -3193.04 0 0 255
0.45 0.175 -23941 -3193.04 0 0 255
0.475 0.175 -23941 -3193.04 0 0 255
0.5 0.175 -23941 -3193.04 0 0 255
-0.5 0.15 16286.8 9698.42 0 0 255
-0.475 0.15 16286.8 9698.42 0 0 255
-0.45 0.15 16286.8 9698.42 0 0 255
-0.425 0.15 16286.8 9698.42 0 0 255
-0.4 0.15 16286.8 9698.42 0 0 255
-0.375 0.15 16286.8 9698.42 0 0 255
-0.35 0.15 16286.8 9698.42 0 0 255
-0.325 0.15 16286.8 9698.42 0 0 255
-0.3 0.15 7728.1 7094.14 0 0 255
-0.275 0.15 -830.659 4489.84 0 0 255
-0.25 0.15 -9390.9 1884.72 0 0 255
-0.225 0.15 -9390.9 1884.72 0 0 255
-0.2 0.15 -9390.9 1884.72 0 0 255
-0.175 0.15 -9390.9 1884.72 0 0 255
-0.15 0.15 -9390.9 1884.72 0 0 255
-0.125 0.15 24373.8 -1153.45 0 0 255
-0.1 0.15 24481.3 -1166.07 0 0 255
-0.075 0.15 24481.3 -1166.07 0 0 255
-0.05 0.15 24481.3 -1166.07 0 0 255
-0.025 0.15 24481.3 -1166.07 0 0 255
0 0.15 24481.3 -1166.07 0 0 255
0.025 0.15 24481.3 -1166.07 255 0 0
0.05 0.15 9104.25 -1888.15 255 0 0
0.075 0.15 -6373.13 -2628.68 255 0 0
0.1 0.15 -21642.4 -3430.54 255 0 0
0.125 0.15 -21642.4 -3430.54 0 0 255
0.15 0.15 -21642.4 -3430.54 0 0 255
0.175 0.15 -21642.4 -3430.54 0 0 255
0.2 0.15 -21642.4 -3430.54 0 0 255
0.225 0.15 -21642.4 -3430.54 0 0 255
0.25 0.15 -21642.4 -3430.54 0 0 255
0.275 0.15 -21642.4 -3430.54 0 0 255
0.3 0.15 -21642.4 -3430.54 0 0 255
0.325 0.15 -21642.4 -3430.54 0 0 255
0.35 0.15 -21642.4 -3430.54 0 0 255
0.375 0.15 -21642.4 -3430.54 0 0 255
0.4 0.15 -21642.4 -3430.54 0 0 255
0.425 0.15 -21642.4 -3430.54 0 0 255
0.45 0.15 -21642.4 -3430.54 0 0 255
0.475 0.15 -21642.4 -3430.54 0 0 255
0.5 0.15 -21642.4 -3430.54 0 0 255
-0.5 0.125 16286.8 9698.42 0 0 255
-0.475 0.125 16286.8 9698.42 0 0 255
-0.45 0.125 16286.8 9698.42 0 0 255
-0.425 0.125 16286.8 9698.42 0 0 255
-0.4 0.125 16286.8 9698.42 0 0 255
-0.375 0.125 16286.8 9698.42 0 0 255
-0.35 0.125 16286.8 9698.42 0 0 255
-0.325 0.125 16286.8 9698.42 0 0 255
-0.3 0.125 7728.1 7094.14 0 0 255
-0.275 0.125 -830.659 4489.84 0 0 255
-0.25 0.125 -9390.9 1884.72 0 0 255
-0.225 0.125 -9390.9 1884.72 0 0 255
-0.2 0.125 -9390.9 1884.72 0 0 255
-0.175 0.125 -9390.9 1884.72 0 0 255
-0.15 0.125 10926.2 87.1299 0 0 255
-0.125 0.125 25336.7 -1187.86 0 0 255
-0.1 0.125 25336.9 -1187.87 0 0 255
-0.075 0.125 25336.9 -1187.87 0 0 255
-0.05 0.125 25336.9 -1187.87 0 0 255
-0.025 0.125 25336.9 -1187.87 0 0 255
0 0.125 25336.9 -1187.87 0 0 255
0.025 0.125 25336.9 -1187.87 255 0 0
0.05 0.125 10194.7 -1923.73 255 0 0
0.075 0.125 -4925.23 -2658.43 255 0 0
0.1 0.125 -19965.6 -3358.95 255 0 0
0.125 0.125 -19965.6 -3358.95 0 0 255
0.15 0.125 -19965.6 -3358.95 0 0 255
0.175 0.125 -19965.6 -3358.95 0 0 255
0.2 0.125 -19965.6 -3358.95 0 0 255
0.225 0.125 -19965.6 -3358.95 0 0 255
0.25 0.125 -19965.6 -3358.95 0 0 255
0.275 0.125 -19965.6 -3358.95 0 0 255
0.3 0.125 -19965.6 -3358.95 0 0 255
0.325 0.125 -19965.6 -3358.95 0 0 255
0.35 0.125 -19965.6 -3358.95 0 0 255
0.375 0.125 -19965.6 -3358.95 0 0 255
0.4 0.125 -19965.6 -3358.95 0 0 255
0.425 0.125 -19965.6 -3358.95 0 0 255
0.45 0.125 -19965.6 -3358.95 0 0 255
0.475 0.125 -19965.6 -3358.95 0 0 255
0.5 0.125 -19965.6 -3358.95 0 0 255
-0.5 0.1 16286.8 9698.42 0 0 255
-0.475 0.1 16286.8 9698.42 0 0 255
-0.45 0.1 16286.8 9698.42 0 0 255
-0.425 0.1 16286.8 9698.42 0 0 255
-0.4 0.1 16286.8 9698.42 0 0 255
-0.375 0.1 16286.8 9698.42 0 0 255
-0.35 0.1 16286.8 9698.42 0 0 255
-0.325 0.1 16286.8 9698.42 0 0 255
-0.3 0.1 7728.1 7094.14 0 0 255
-0.275 0.1 -830.659 4489.84 0 0 255
-0.25 0.1 -9390.9 1884.72 0 0 255
-0.225 0.1 -9390.9 1884.72 0 0 255
-0.2 0.1 -9390.9 1884.72 0 0 255
-0.175 0.1 -9390.9 1884.72 0 0 255
-0.15 0.1 22658.9 -799.465 0 0 255
-0.125 0.1 24680.6 -952.241 0 0 255
-0.1 0.1 24680.6 -952.241 0 0 255
-0.075 0.1 24680.6 -952.241 0 0 255
-0.05 0.1 24680.6 -952.241 0 0 255
-0.025 0.1 24680.6 -952.241 0 0 255
0 0.1 24680.6 -952.241 0 0 255
0.025 0.1 24680.6 -952.241 255 0 0
0.05 0.1 9758.57 -1687.6 255 0 0
0.075 0.1 -5166.41 -2423.03 255 0 0
0.1 0.1 -20074.6 -3151.27 255 0 0
0.125 0.1 -20074.6 -3151.27 0 0 255
0.15 0.1 -20074.6 -3151.27 0 0 255
0.175 0.1 -20074.6 -3151.27 0 0 255
0.2 0.1 -20074.6 -3151.27 0 0 255
0.225 0.1 -20074.6 -3151.27 0 0 255
0.25 0.1 -20074.6 -3151.27 0 0 255
0.275 0.1 -20074.6 -3151.27 0 0 255
0.3 0.1 -20074.6 -3151.27 0 0 255
0.325 0.1 -20074.6 -3151.27 0 0 255
0.35 0.1 -20074.6 -3151.27 0 0 255
0.375 0.1 -20074.6 -3151.27 0 0 255
0.4 0.1 -20074.6 -3151.27 0 0 255
0.425 0.1 -20074.6 -3151.27 0 0 255
0.45 0.1 -20074.6 -3151.27 0 0 255
0.475 0.1 -20074.6 -3151.27 0 0 255
0.5 0.1 -20074.6 -3151.27 0 0 255
-0.5 0.075 16286.8 9698.42 0 0 255
-0.475 0.075 16286.8 9698.42 0 0 255
-0.45 0.075 16286.8 9698.42 0 0 255
-0.425 0.075 16286.8 9698.42 0 0 255
-0.4 0.075 16286.8 9698.42 0 0 255
-0.375 0.075 16286.8 9698.42 0 0 255
-0.35 0.075 16286.8 9698.42 0 0 255
-0.325 0.075 16286.8 9698.42 0 0 255
-0.3 0.075 7728.1 7094.14 0 0 255
-0.275 0.075 -830.659 4489.84 0 0 255
-0.25 0.075 -9390.9 1884.72 0 0 255
-0.225 0.075 -9390.9 1884.72 0 0 255
-0.2 0.075 -9390.9 1884.72 0 0 255
-0.175 0.075 9857.87 403.976 0 0 255
-0.15 0.075 24096.4 -691.349 0 0 255
-0.125 0.075 24117.1 -689.79 0 0 255
-0.1 0.075 24117.1 -689.79 0 0 255
-0.075 0.075 24117.1 -689.79 0 0 255
-0.05 0.075 24117.1 -689.79 0 0 255
-0.025 0.075 24117.1 -689.79 0 0 255
0 0.075 24117.1 -689.79 0 0 255
0.025 0.075 24117.1 -689.79 255 0 0
0.05 0.075 9196.27 -1425.32 255 0 0
0.075 0.075 -5724.39 -2161.36 255 0 0
0.1 0.075 -20598.8 -2880.07 255 0 0
0.125 0.075 -20598.8 -2880.07 0 0 255
0.15 0.075 -20598.8 -2880.07 0 0 255
0.175 0.075 -20598.8 -2880.07 0 0 255
0.2 0.075 -20598.8 -2880.07 0 0 255
0.225 0.075 -20598.8 -2880.07 0 0 255
0.25 0.075 -20598.8 -2880.07 0 0 255
0.275 0.075 -20598.8 -2880.07 0 0 255
0.3 0.075 -20598.8 -2880.07 0 0 255
0.325 0.075 -20598.8 -2880.07 0 0 255
0.35 0.075 -20598.8 -2880.07 0 0 255
0.375 0.075 -20598.8 -2880.07 0 0 255
0.4 0.075 -20598.8 -2880.07 0 0 255
0.425 0.075 -20598.8 -2880.07 0 0 255
0.45 0.075 -20598.8 -2880.07 0 0 255
0.475 0.075 -20598.8 -2880.07 0 0 255
0.5 0.075 -20598.8 -2880.07 0 0 255
-0.5 0.05 16286.8 9698.42 0 0 255
-0.475 0.05 16286.8 9698.42 0 0 255
-0.45 0.05 16286.8 9698.42 0 0 255
-0.425 0.05 16286.8 9698.42 0 0 255
-0.4 0.05 16286.8 9698.42 0 0 255
-0.375 0.05 16286.8 9698.42 0 0 255
-0.35 0.05 16286.8 9698.42 0 0 255
-0.325 0.05 16286.8 9698.42 0 0 255
-0.3 0.05 7728.1 7094.14 0 0 255
-0.275 0.05 -830.659 4489.84 0 0 255
-0.25 0.05 -9390.9 1884.72 0 0 255
-0.225 0.05 -9390.9 1884.72 0 0 255
-0.2 0.05 -820.197 1225.51 0 0 255
-0.175 0.05 19673.8 -350.789 0 0 255
-0.15 0.05 23390 -636.537 0 0 255
-0.125 0.05 23228.6 -624.01 0 0 255
-0.1 0.05 23001.3 -607.183 0 0 255
-0.075 0.05 22677 -583.18 0 0 255
-0.05 0.05 22192.8 -547.329 0 0 255
-0.025 0.05 21424.2 -490.432 0 0 255
0 0.05 20096.4 -392.135 0 0 255
0.025 0.05 17480.5 -198.488 0 0 255
0.05 0.05 10843.9 292.815 255 0 0
0.075 0.05 -5502.24 -1314.12 255 0 0
0.1 0.05 -13050.5 -2097.09 0 0 255
0.125 0.05 -16025.7 -2405.7 0 0 255
0.15 0.05 -17535.9 -2562.35 0 0 255
0.175 0.05 -18410.1 -2653.03 0 0 255
0.2 0.05 -18960.9 -2710.16 0 0 255
0.225 0.05 -19329.7 -2748.42 0 0 255
0.25 0.05 -19588.2 -2775.23 0 0 255
0.275 0.05 -19776.1 -2794.73 0 0 255
0.3 0.05 -19916.9 -2809.33 0 0 255
0.325 0.05 -20024.8 -2820.52 0 0 255
0.35 0.05 -20109.4 -2829.3 0 0 255
0.375 0.05 -20176.8 -2836.29 0 0 255
0.4 0.05 -20231.4 -2841.95 0 0 255
0.425 0.05 -20276.1 -2846.59 0 0 255
0.45 0.05 -20313.3 -2850.45 0 0 255
0.475 0.05 -20344.4 -2853.68 0 0 255
0.5 0.05 -20370.8 -2856.42 0 0 255
-0.5 0.025 16286.8 9698.42 0 0 255
-0.475 0.025 16286.8 9698.42 0 0 255
-0.45 0.025 16286.8 9698.42 0 0 255
-0.425 0.025 16286.8 9698.42 0 0 255
-0.4 0.025 16286.8 9698.42 0 0 255
-0.375 0.025 16286.8 9698.42 0 0 255
-0.35 0.025 16286.8 9698.42 0 0 255
-0.325 0.025 16286.8 9698.42 0 0 255
-0.3 0.025 7728.1 7094.14 0 0 255
-0.275 0.025 -830.659 4489.84 0 0 255
-0.25 0.025 -9390.9 1884.72 0 0 255
-0.225 0.025 -9390.9 1884.72 0 0 255
-0.2 0.025 10795.6 331.218 0 0 255
-0.175 0.025 21731.3 -510.626 0 0 255
-0.15 0.025 22482.7 -568.946 0 0 255
-0.125 0.025 22155.6 -544.576 0 0 255
-0.1 0.025 21723.7 -512.608 0 0 255
-0.075 0.025 21141.9 -469.539 0 0 255
-0.05 0.025 20336.4 -409.907 0 0 255
-0.025 0.025 19185.3 -324.691 0 0 255
0 0.025 17480.5 -198.488 0 0 255
0.025 0.025 14864.7 -4.83996 0 0 255
0.05 0.025 10843.9 292.815 0 0 255
0.075 0.025 -5502.24 -1314.12 0 0 255
0.1 0.025 -10075.4 -1788.48 0 0 255
0.125 0.025 -13050.5 -2097.09 0 0 255
0.15 0.025 -14989.5 -2298.22 0 0 255
0.175 0.025 -16298.7 -2434.02 0 0 255
0.2 0.025 -17214.9 -2529.06 0 0 255
0.225 0.025 -17876.6 -2597.7 0 0 255
0.25 0.025 -18367.8 -2648.64 0 0 255
0.275 0.025 -18741 -2687.36 0 0 255
0.3 0.025 -19030.4 -2717.38 0 0 255
0.325 0.025 -19258.9 -2741.08 0 0 255
0.35 0.025 -19442.2 -2760.09 0 0 255
0.375 0.025 -19591.1 -2775.54 0 0 255
0.4 0.025 -19713.7 -2788.25 0 0 255
0.425 0.025 -19815.7 -2798.83 0 0 255
0.45 0.025 -19901.4 -2807.72 0 0 255
0.475 0.025 -19974 -2815.25 0 0 255
0.5 0.025 -20036 -2821.69 0 0 255
-0.5 0 16286.8 9698.42 0 0 255
-0.475 0 16286.8 9698.42 0 0 255
-0.45 0 16286.8 9698.42 0 0 255
-0.425 0 16286.8 9698.42 0 0 255
-0.4 0 16286.8 9698.42 0 0 255
-0.375 0 16286.8 9698.42 0 0 255
-0.35 0 16286.8 9698.42 0 0 255
-0.325 0 16286.8 9698.42 0 0 255
-0.3 0 7728.1 7094.14 0 0 255
-0.275 0 -830.659 4489.84 0 0 255
-0.25 0 -9390.9 1884.72 0 0 255
-0.225 0 -1705.21 1290.78 0 0 255
-0.2 0 17506.3 -193.88 0 0 255
-0.175 0 21587.6 -501.794 0 0 255
-0.15 0 21523.6 -497.843 0 0 255
-0.125 0 21064.6 -463.812 0 0 255
-0.1 0 20483 -420.757 0 0 255
-0.075 0 19736.2 -365.474 0 0 255
-0.05 0 18763.6 -293.472 0 0 255
-0.025 0 17480.5 -198.488 0 0 255
0 0 15775.7 -72.2846 0 0 255
0.025 0 13536.9 93.4565 0 0 255
0.05 0 10843.9 292.815 0 0 255
0.075 0 -5502.24 -1314.12 0 0 255
0.1 0 -8565.15 -1631.83 0 0 255
0.125 0 -11111.6 -1895.97 0 0 255
0.15 0 -13050.5 -2097.09 0 0 255
0.175 0 -14509.9 -2248.46 0 0 255
0.2 0 -15616.1 -2363.21 0 0 255
0.225 0 -16465.4 -2451.32 0 0 255
0.25 0 -17126.9 -2519.93 0 0 255
0.275 0 -17649.4 -2574.12 0 0 255
0.3 0 -18067.6 -2617.5 0 0 255
0.325 0 -18406.4 -2652.65 0 0 255
0.35 0 -18684.2 -2681.46 0 0 255
0.375 0 -18914.2 -2705.32 0 0 255
0.4 0 -19106.5 -2725.27 0 0 255
0.425 0 -19268.7 -2742.09 0 0 255
0.45 0 -19406.6 -2756.4 0 0 255
0.475 0 -19524.8 -2768.65 0 0 255
0.5 0 -19626.6 -2779.22 0 0 255
