-0.5 1 22838.2 1221.82 0 0 255
-0.475 1 22838.2 1221.82 0 0 255
-0.45 1 22838.2 1221.82 0 0 255
-0.425 1 22838.2 1221.82 0 0 255
-0.4 1 22838.2 1221.82 0 0 255
-0.375 1 22838.2 1221.82 0 0 255
-0.35 1 22838.2 1221.82 0 0 255
-0.325 1 22838.2 1221.82 0 0 255
-0.3 1 22838.2 1221.82 0 0 255
-0.275 1 22838.2 1221.82 0 0 255
-0.25 1 22838.2 1221.82 0 0 255
-0.225 1 22838.2 1221.82 0 0 255
-0.2 1 22838.2 1221.82 0 0 255
-0.175 1 22838.2 1221.82 0 0 255
-0.15 1 -4760.65 -8738.23 0 0 255
-0.125 1 -10312.9 -8556.48 0 0 255
-0.1 1 -171941 -79780.3 0 0 255
-0.075 1 -171941 -79780.3 0 0 255
-0.05 1 -171941 -79780.3 0 0 255
-0.025 1 -171941 -79780.3 0 0 255
0 1 -171941 -79780.3 0 0 255
0.025 1 -171941 -79780.3 0 0 255
0.05 1 -171941 -79780.3 0 0 255
0.075 1 -171941 -79780.3 0 0 255
0.1 1 -171941 -79780.3 0 0 255
0.125 1 -171941 -79780.3 0 0 255
0.15 1 -171941 -79780.3 0 0 255
0.175 1 -171941 -79780.3 0 0 255
0.2 1 -171941 -79780.3 0 0 255
0.225 1 -171941 -79780.3 0 0 255
0.25 1 -171941 -79780.3 0 0 255
0.275 1 -171941 -79780.3 0 0 255
0.3 1 -171941 -79780.3 0 0 255
0.325 1 -171941 -79780.3 0 0 255
0.35 1 -171941 -79780.3 0 0 255
0.375 1 -171941 -79780.3 0 0 255
0.4 1 -171941 -79780.3 0 0 255
0.425 1 -171941 -79780.3 0 0 255
0.45 1 -171941 -79780.3 0 0 255
0.475 1 -171941 -79780.3 0 0 255
0.5 1 -171941 -79780.3 0 0 255
-0.5 0.975 22838.2 1221.82 0 0 255
-0.475 0.975 22838.2 1221.82 0 0 255
-0.45 0.975 22838.2 1221.82 0 0 255
-0.425 0.975 22838.2 1221.82 0 0 255
-0.4 0.975 22838.2 1221.82 0 0 255
-0.375 0.975 22838.2 1221.82 0 0 255
-0.35 0.975 22838.2 1221.82 0 0 255
-0.325 0.975 22838.2 1221.82 0 0 255
-0.3 0.975 22838.2 1221.82 0 0 255
-0.275 0.975 22838.2 1221.82 0 0 255
-0.25 0.975 22838.2 1221.82 0 0 255
-0.225 0.975 22838.2 1221.82 0 0 255
-0.2 0.975 22838.2 1221.82 0 0 255
-0.175 0.975 22838.2 1221.82 0 0 255
-0.15 0.975 -4760.65 -8738.23 0 0 255
-0.125 0.975 -10312.9 -8556.48 0 0 255
-0.1 0.975 -171941 -79780.3 0 0 255
-0.075 0.975 -171941 -79780.3 0 0 255
-0.05 0.975 -171941 -79780.3 0 0 255
-0.025 0.975 -171941 -79780.3 0 0 255
0 0.975 -171941 -79780.3 0 0 255
0.025 0.975 -171941 -79780.3 0 0 255
0.05 0.975 -171941 -79780.3 0 0 255
0.075 0.975 -171941 -79780.3 0 0 255
0.1 0.975 -171941 -79780.3 0 0 255
0.125 0.975 -171941 -79780.3 0 0 255
0.15 0.975 -171941 -79780.3 0 0 255
0.175 0.975 -171941 -79780.3 0 0 255
0.2 0.975 -171941 -79780.3 0 0 255
0.225 0.975 -171941 -79780.3 0 0 255
0.25 0.975 -171941 -79780.3 0 0 255
0.275 0.975 -171941 -79780.3 0 0 255
0.3 0.975 -171941 -79780.3 0 0 255
0.325 0.975 -171941 -79780.3 0 0 255
0.35 0.975 -171941 -79780.3 0 0 255
0.375 0.975 -171941 -79780.3 0 0 255
0.4 0.975 -171941 -79780.3 0 0 255
0.425 0.975 -171941 -79780.3 0 0 255
0.45 0.975 -171941 -79780.3 0 0 255
0.475 0.975 -171941 -79780.3 0 0 255
0.5 0.975 -171941 -79780.3 0 0 255
-0.5 0.95 22838.2 1221.82 0 0 255
-0.475 0.95 22838.2 1221.82 0 0 255
-0.45 0.95 22838.2 1221.82 0 0 255
-0.425 0.95 22838.2 1221.82 0 0 255
-0.4 0.95 22838.2 1221.82 0 0 255
-0.375 0.95 22838.2 1221.82 0 0 255
-0.35 0.95 22838.2 1221.82 0 0 255
-0.325 0.95 22838.2 1221.82 0 0 255
-0.3 0.95 22838.2 1221.82 0 0 255
-0.275 0.95 22838.2 1221.82 0 0 255
-0.25 0.95 22838.2 1221.82 0 0 255
-0.225 0.95 22838.2 1221.82 0 0 255
-0.2 0.95 22838.2 1221.82 0 0 255
-0.175 0.95 22838.2 1221.82 0 0 255
-0.15 0.95 -4760.65 -8738.23 0 0 255
-0.125 0.95 -10312.9 -8556.48 0 0 255
-0.1 0.95 -171941 -79780.3 0 0 255
-0.075 0.95 -171941 -79780.3 0 0 255
-0.05 0.95 -171941 -79780.3 0 0 255
-0.025 0.95 -171941 -79780.3 0 0 255
0 0.95 -171941 -79780.3 0 0 255
0.025 0.95 -171941 -79780.3 0 0 255
0.05 0.95 -171941 -79780.3 0 0 255
0.075 0.95 -171941 -79780.3 0 0 255
0.1 0.95 -171941 -79780.3 0 0 255
0.125 0.95 -171941 -79780.3 0 0 255
0.15 0.95 -171941 -79780.3 0 0 255
0.175 0.95 -171941 -79780.3 0 0 255
0.2 0.95 -171941 -79780.3 0 0 255
0.225 0.95 -171941 -79780.3 0 0 255
0.25 0.95 -171941 -79780.3 0 0 255
0.275 0.95 -171941 -79780.3 0 0 255
0.3 0.95 -171941 -79780.3 0 0 255
0.325 0.95 -171941 -79780.3 0 0 255
0.35 0.95 -171941 -79780.3 0 0 255
0.375 0.95 -171941 -79780.3 0 0 255
0.4 0.95 -171941 -79780.3 0 0 255
0.425 0.95 -171941 -79780.3 0 0 255
0.45 0.95 -171941 -79780.3 0 0 255
0.475 0.95 -171941 -79780.3 0 0 255
0.5 0.95 -171941 -79780.3 0 0 255
-0.5 0.925 22838.2 1221.82 0 0 255
-0.475 0.925 22838.2 1221.82 0 0 255
-0.45 0.925 22838.2 1221.82 0 0 255
-0.425 0.925 22838.2 1221.82 0 0 255
-0.4 0.925 22838.2 1221.82 0 0 255
-0.375 0.925 22838.2 1221.82 0 0 255
-0.35 0.925 22838.2 1221.82 0 0 255
-0.325 0.925 22838.2 1221.82 0 0 255
-0.3 0.925 22838.2 1221.82 0 0 255
-0.275 0.925 22838.2 1221.82 0 0 255
-0.25 0.925 22838.2 1221.82 0 0 255
-0.225 0.925 22838.2 1221.82 0 0 255
-0.2 0.925 22838.2 1221.82 0 0 255
-0.175 0.925 22838.2 1221.82 0 0 255
-0.15 0.925 -4760.65 -8738.23 0 0 255
-0.125 0.925 -10312.9 -8556.48 0 0 255
-0.1 0.925 -171941 -79780.3 0 0 255
-0.075 0.925 -171941 -79780.3 0 0 255
-0.05 0.925 -171941 -79780.3 0 0 255
-0.025 0.925 -171941 -79780.3 0 0 255
0 0.925 -171941 -79780.3 0 0 255
0.025 0.925 -171941 -79780.3 0 0 255
0.05 0.925 -171941 -79780.3 0 0 255
0.075 0.925 -171941 -79780.3 0 0 255
0.1 0.925 -171941 -79780.3 0 0 255
0.125 0.925 -171941 -79780.3 0 0 255
0.15 0.925 -171941 -79780.3 0 0 255
0.175 0.925 -171941 -79780.3 0 0 255
0.2 0.925 -171941 -79780.3 0 0 255
0.225 0.925 -171941 -79780.3 0 0 255
0.25 0.925 -171941 -79780.3 0 0 255
0.275 0.925 -171941 -79780.3 0 0 255
0.3 0.925 -171941 -79780.3 0 0 255
0.325 0.925 -171941 -79780.3 0 0 255
0.35 0.925 -171941 -79780.3 0 0 255
0.375 0.925 -171941 -79780.3 0 0 255
0.4 0.925 -171941 -79780.3 0 0 255
0.425 0.925 -171941 -79780.3 0 0 255
0.45 0.925 -171941 -79780.3 0 0 255
0.475 0.925 -171941 -79780.3 0 0 255
0.5 0.925 -171941 -79780.3 0 0 255
-0.5 0.9 22838.2 1221.82 0 0 255
-0.475 0.9 22838.2 1221.82 0 0 255
-0.45 0.9 22838.2 1221.82 0 0 255
-0.425 0.9 22838.2 1221.82 0 0 255
-0.4 0.9 22838.2 1221.82 0 0 255
-0.375 0.9 22838.2 1221.82 0 0 255
-0.35 0.9 22838.2 1221.82 0 0 255
-0.325 0.9 22838.2 1221.82 0 0 255
-0.3 0.9 22838.2 1221.82 0 0 255
-0.275 0.9 22838.2 1221.82 0 0 255
-0.25 0.9 22838.2 1221.82 0 0 255
-0.225 0.9 22838.2 1221.82 0 0 255
-0.2 0.9 22838.2 1221.82 0 0 255
-0.175 0.9 22838.2 1221.82 0 0 255
-0.15 0.9 -4760.65 -8738.23 0 0 255
-0.125 0.9 -10312.9 -8556.48 0 0 255
-0.1 0.9 -171941 -79780.3 0 0 255
-0.075 0.9 -171941 -79780.3 0 0 255
-0.05 0.9 -171941 -79780.3 0 0 255
-0.025 0.9 -171941 -79780.3 0 0 255
0 0.9 -171941 -79780.3 0 0 255
0.025 0.9 -171941 -79780.3 0 0 255
0.05 0.9 -171941 -79780.3 0 0 255
0.075 0.9 -171941 -79780.3 0 0 255
0.1 0.9 -171941 -79780.3 0 0 255
0.125 0.9 -171941 -79780.3 0 0 255
0.15 0.9 -171941 -79780.3 0 0 255
0.175 0.9 -171941 -79780.3 0 0 255
0.2 0.9 -171941 -79780.3 0 0 255
0.225 0.9 -171941 -79780.3 0 0 255
0.25 0.9 -171941 -79780.3 0 0 255
0.275 0.9 -171941 -79780.3 0 0 255
0.3 0.9 -171941 -79780.3 0 0 255
0.325 0.9 -171941 -79780.3 0 0 255
0.35 0.9 -171941 -79780.3 0 0 255
0.375 0.9 -171941 -79780.3 0 0 255
0.4 0.9 -171941 -79780.3 0 0 255
0.425 0.9 -171941 -79780.3 0 0 255
0.45 0.9 -171941 -79780.3 0 0 255
0.475 0.9 -171941 -79780.3 0 0 255
0.5 0.9 -171941 -79780.3 0 0 255
-0.5 0.875 22838.2 1221.82 0 0 255
-0.475 0.875 22838.2 1221.82 0 0 255
-0.45 0.875 22838.2 1221.82 0 0 255
-0.425 0.875 22838.2 1221.82 0 0 255
-0.4 0.875 22838.2 1221.82 0 0 255
-0.375 0.875 22838.2 1221.82 0 0 255
-0.35 0.875 22838.2 1221.82 0 0 255
-0.325 0.875 22838.2 1221.82 0 0 255
-0.3 0.875 22838.2 1221.82 0 0 255
-0.275 0.875 22838.2 1221.82 0 0 255
-0.25 0.875 22838.2 1221.82 0 0 255
-0.225 0.875 22838.2 1221.82 0 0 255
-0.2 0.875 22838.2 1221.82 0 0 255
-0.175 0.875 22838.2 1221.82 0 0 255
-0.15 0.875 -4760.65 -8738.23 0 0 255
-0.125 0.875 -10312.9 -8556.48 0 0 255
-0.1 0.875 -171941 -79780.3 0 0 255
-0.075 0.875 -171941 -79780.3 0 0 255
-0.05 0.875 -171941 -79780.3 0 0 255
-0.025 0.875 -171941 -79780.3 0 0 255
0 0.875 -171941 -79780.3 0 0 255
0.025 0.875 -171941 -79780.3 0 0 255
0.05 0.875 -171941 -79780.3 0 0 255
0.075 0.875 -171941 -79780.3 0 0 255
0.1 0.875 -171941 -79780.3 0 0 255
0.125 0.875 -171941 -79780.3 0 0 255
0.15 0.875 -171941 -79780.3 0 0 255
0.175 0.875 -171941 -79780.3 0 0 255
0.2 0.875 -171941 -79780.3 0 0 255
0.225 0.875 -171941 -79780.3 0 0 255
0.25 0.875 -171941 -79780.3 0 0 255
0.275 0.875 -171941 -79780.3 0 0 255
0.3 0.875 -171941 -79780.3 0 0 255
0.325 0.875 -171941 -79780.3 0 0 255
0.35 0.875 -171941 -79780.3 0 0 255
0.375 0.875 -171941 -79780.3 0 0 255
0.4 0.875 -171941 -79780.3 0 0 255
0.425 0.875 -171941 -79780.3 0 0 255
0.45 0.875 -171941 -79780.3 0 0 255
0.475 0.875 -171941 -79780.3 0 0 255
0.5 0.875 -171941 -79780.3 0 0 255
-0.5 0.85 22838.2 1221.82 0 0 255
-0.475 0.85 22838.2 1221.82 0 0 255
-0.45 0.85 22838.2 1221.82 0 0 255
-0.425 0.85 22838.2 1221.82 0 0 255
-0.4 0.85 22838.2 1221.82 0 0 255
-0.375 0.85 22838.2 1221.82 0 0 255
-0.35 0.85 22838.2 1221.82 0 0 255
-0.325 0.85 22838.2 1221.82 0 0 255
-0.3 0.85 22838.2 1221.82 0 0 255
-0.275 0.85 22838.2 1221.82 0 0 255
-0.25 0.85 22838.2 1221.82 0 0 255
-0.225 0.85 22838.2 1221.82 0 0 255
-0.2 0.85 22838.2 1221.82 0 0 255
-0.175 0.85 22838.2 1221.82 0 0 255
-0.15 0.85 -4760.65 -8738.23 0 0 255
-0.125 0.85 -10312.9 -8556.48 0 0 255
-0.1 0.85 -171941 -79780.3 0 0 255
-0.075 0.85 -171941 -79780.3 0 0 255
-0.05 0.85 -171941 -79780.3 0 0 255
-0.025 0.85 -171941 -79780.3 0 0 255
0 0.85 -171941 -79780.3 0 0 255
0.025 0.85 -171941 -79780.3 0 0 255
0.05 0.85 -171941 -79780.3 0 0 255
0.075 0.85 -171941 -79780.3 0 0 255
0.1 0.85 -171941 -79780.3 0 0 255
0.125 0.85 -171941 -79780.3 0 0 255
0.15 0.85 -171941 -79780.3 0 0 255
0.175 0.85 -171941 -79780.3 0 0 255
0.2 0.85 -171941 -79780.3 0 0 255
0.225 0.85 -171941 -79780.3 0 0 255
0.25 0.85 -171941 -79780.3 0 0 255
0.275 0.85 -171941 -79780.3 0 0 255
0.3 0.85 -171941 -79780.3 0 0 255
0.325 0.85 -171941 -79780.3 0 0 255
0.35 0.85 -171941 -79780.3 0 0 255
0.375 0.85 -171941 -79780.3 0 0 255
0.4 0.85 -171941 -79780.3 0 0 255
0.425 0.85 -171941 -79780.3 0 0 255
0.45 0.85 -171941 -79780.3 0 0 255
0.475 0.85 -171941 -79780.3 0 0 255
0.5 0.85 -171941 -79780.3 0 0 255
-0.5 0.825 22838.2 1221.82 0 0 255
-0.475 0.825 22838.2 1221.82 0 0 255
-0.45 0.825 22838.2 1221.82 0 0 255
-0.425 0.825 22838.2 1221.82 0 0 255
-0.4 0.825 22838.2 1221.82 0 0 255
-0.375 0.825 22838.2 1221.82 0 0 255
-0.35 0.825 22838.2 1221.82 0 0 255
-0.325 0.825 22838.2 1221.82 0 0 255
-0.3 0.825 22838.2 1221.82 0 0 255
-0.275 0.825 22838.2 1221.82 0 0 255
-0.25 0.825 22838.2 1221.82 0 0 255
-0.225 0.825 22838.2 1221.82 0 0 255
-0.2 0.825 22838.2 1221.82 0 0 255
-0.175 0.825 22838.2 1221.82 0 0 255
-0.15 0.825 -4760.65 -8738.23 0 0 255
-0.125 0.825 -10312.9 -8556.48 0 0 255
-0.1 0.825 -171941 -79780.3 0 0 255
-0.075 0.825 -171941 -79780.3 0 0 255
-0.05 0.825 -171941 -79780.3 0 0 255
-0.025 0.825 -171941 -79780.3 0 0 255
0 0.825 -171941 -79780.3 0 0 255
0.025 0.825 -171941 -79780.3 0 0 255
0.05 0.825 -171941 -79780.3 0 0 255
0.075 0.825 -171941 -79780.3 0 0 255
0.1 0.825 -171941 -79780.3 0 0 255
0.125 0.825 -171941 -79780.3 0 0 255
0.15 0.825 -171941 -79780.3 0 0 255
0.175 0.825 -171941 -79780.3 0 0 255
0.2 0.825 -171941 -79780.3 0 0 255
0.225 0.825 -171941 -79780.3 0 0 255
0.25 0.825 -171941 -79780.3 0 0 255
0.275 0.825 -171941 -79780.3 0 0 255
0.3 0.825 -171941 -79780.3 0 0 255
0.325 0.825 -171941 -79780.3 0 0 255
0.35 0.825 -171941 -79780.3 0 0 255
0.375 0.825 -171941 -79780.3 0 0 255
0.4 0.825 -171941 -79780.3 0 0 255
0.425 0.825 -171941 -79780.3 0 0 255
0.45 0.825 -171941 -79780.3 0 0 255
0.475 0.825 -171941 -79780.3 0 0 255
0.5 0.825 -171941 -79780.3 0 0 255
-0.5 0.8 22838.2 1221.82 0 0 255
-0.475 0.8 22838.2 1221.82 0 0 255
-0.45 0.8 22838.2 1221.82 0 0 255
-0.425 0.8 22838.2 1221.82 0 0 255
-0.4 0.8 22838.2 1221.82 0 0 255
-0.375 0.8 22838.2 1221.82 0 0 255
-0.35 0.8 22838.2 1221.82 0 0 255
-0.325 0.8 22838.2 1221.82 0 0 255
-0.3 0.8 22838.2 1221.82 0 0 255
-0.275 0.8 22838.2 1221.82 0 0 255
-0.25 0.8 22838.2 1221.82 0 0 255
-0.225 0.8 22838.2 1221.82 0 0 255
-0.2 0.8 22838.2 1221.82 0 0 255
-0.175 0.8 22838.2 1221.82 0 0 255
-0.15 0.8 -4760.65 -8738.23 0 0 255
-0.125 0.8 -10312.9 -8556.48 0 0 255
-0.1 0.8 -171941 -79780.3 0 0 255
-0.075 0.8 -171941 -79780.3 0 0 255
-0.05 0.8 -171941 -79780.3 0 0 255
-0.025 0.8 -171941 -79780.3 0 0 255
0 0.8 -171941 -79780.3 0 0 255
0.025 0.8 -171941 -79780.3 0 0 255
0.05 0.8 -171941 -79780.3 0 0 255
0.075 0.8 -171941 -79780.3 0 0 255
0.1 0.8 -171941 -79780.3 0 0 255
0.125 0.8 -171941 -79780.3 0 0 255
0.15 0.8 -171941 -79780.3 0 0 255
0.175 0.8 -171941 -79780.3 0 0 255
0.2 0.8 -171941 -79780.3 0 0 255
0.225 0.8 -171941 -79780.3 0 0 255
0.25 0.8 -171941 -79780.3 0 0 255
0.275 0.8 -171941 -79780.3 0 0 255
0.3 0.8 -171941 -79780.3 0 0 255
0.325 0.8 -171941 -79780.3 0 0 255
0.35 0.8 -171941 -79780.3 0 0 255
0.375 0.8 -171941 -79780.3 0 0 255
0.4 0.8 -171941 -79780.3 0 0 255
0.425 0.8 -171941 -79780.3 0 0 255
0.45 0.8 -171941 -79780.3 0 0 255
0.475 0.8 -171941 -79780.3 0 0 255
0.5 0.8 -171941 -79780.3 0 0 255
-0.5 0.775 22838.2 1221.82 0 0 255
-0.475 0.775 22838.2 1221.82 0 0 255
-0.45 0.775 22838.2 1221.82 0 0 255
-0.425 0.775 22838.2 1221.82 0 0 255
-0.4 0.775 22838.2 1221.82 0 0 255
-0.375 0.775 22838.2 1221.82 0 0 255
-0.35 0.775 22838.2 1221.82 0 0 255
-0.325 0.775 22838.2 1221.82 0 0 255
-0.3 0.775 22838.2 1221.82 0 0 255
-0.275 0.775 22838.2 1221.82 0 0 255
-0.25 0.775 22838.2 1221.82 0 0 255
-0.225 0.775 22838.2 1221.82 0 0 255
-0.2 0.775 22838.2 1221.82 0 0 255
-0.175 0.775 22838.2 1221.82 0 0 255
-0.15 0.775 -4760.65 -8738.23 0 0 255
-0.125 0.775 -10312.9 -8556.48 0 0 255
-0.1 0.775 -171941 -79780.3 0 0 255
-0.075 0.775 -171941 -79780.3 0 0 255
-0.05 0.775 -171941 -79780.3 0 0 255
-0.025 0.775 -171941 -79780.3 0 0 255
0 0.775 -171941 -79780.3 0 0 255
0.025 0.775 -171941 -79780.3 0 0 255
0.05 0.775 -171941 -79780.3 0 0 255
0.075 0.775 -171941 -79780.3 0 0 255
0.1 0.775 -171941 -79780.3 0 0 255
0.125 0.775 -171941 -79780.3 0 0 255
0.15 0.775 -171941 -79780.3 0 0 255
0.175 0.775 -171941 -79780.3 0 0 255
0.2 0.775 -171941 -79780.3 0 0 255
0.225 0.775 -171941 -79780.3 0 0 255
0.25 0.775 -171941 -79780.3 0 0 255
0.275 0.775 -171941 -79780.3 0 0 255
0.3 0.775 -171941 -79780.3 0 0 255
0.325 0.775 -171941 -79780.3 0 0 255
0.35 0.775 -171941 -79780.3 0 0 255
0.375 0.775 -171941 -79780.3 0 0 255
0.4 0.775 -171941 -79780.3 0 0 255
0.425 0.775 -171941 -79780.3 0 0 255
0.45 0.775 -171941 -79780.3 0 0 255
0.475 0.775 -171941 -79780.3 0 0 255
0.5 0.775 -171941 -79780.3 0 0 255
-0.5 0.75 22838.2 1221.82 0 0 255
-0.475 0.75 22838.2 1221.82 0 0 255
-0.45 0.75 22838.2 1221.82 0 0 255
-0.425 0.75 22838.2 1221.82 0 0 255
-0.4 0.75 22838.2 1221.82 0 0 255
-0.375 0.75 22838.2 1221.82 0 0 255
-0.35 0.75 22838.2 1221.82 0 0 255
-0.325 0.75 22838.2 1221.82 0 0 255
-0.3 0.75 22838.2 1221.82 0 0 255
-0.275 0.75 22838.2 1221.82 0 0 255
-0.25 0.75 22838.2 1221.82 0 0 255
-0.225 0.75 22838.2 1221.82 0 0 255
-0.2 0.75 22838.2 1221.82 0 0 255
-0.175 0.75 22838.2 1221.82 0 0 255
-0.15 0.75 -4760.65 -8738.23 0 0 255
-0.125 0.75 -10312.9 -8556.48 0 0 255
-0.1 0.75 -171941 -79780.3 0 0 255
-0.075 0.75 -171941 -79780.3 0 0 255
-0.05 0.75 -171941 -79780.3 0 0 255
-0.025 0.75 -171941 -79780.3 0 0 255
0 0.75 -171941 -79780.3 0 0 255
0.025 0.75 -171941 -79780.3 0 0 255
0.05 0.75 -171941 -79780.3 0 0 255
0.075 0.75 -171941 -79780.3 0 0 255
0.1 0.75 -171941 -79780.3 0 0 255
0.125 0.75 -171941 -79780.3 0 0 255
0.15 0.75 -171941 -79780.3 0 0 255
0.175 0.75 -171941 -79780.3 0 0 255
0.2 0.75 -171941 -79780.3 0 0 255
0.225 0.75 -171941 -79780.3 0 0 255
0.25 0.75 -171941 -79780.3 0 0 255
0.275 0.75 -171941 -79780.3 0 0 255
0.3 0.75 -171941 -79780.3 0 0 255
0.325 0.75 -171941 -79780.3 0 0 255
0.35 0.75 -171941 -79780.3 0 0 255
0.375 0.75 -171941 -79780.3 0 0 255
0.4 0.75 -171941 -79780.3 0 0 255
0.425 0.75 -171941 -79780.3 0 0 255
0.45 0.75 -171941 -79780.3 0 0 255
0.475 0.75 -171941 -79780.3 0 0 255
0.5 0.75 -171941 -79780.3 0 0 255
-0.5 0.725 22838.2 1221.82 0 0 255
-0.475 0.725 22838.2 1221.82 0 0 255
-0.45 0.725 22838.2 1221.82 0 0 255
-0.425 0.725 22838.2 1221.82 0 0 255
-0.4 0.725 22838.2 1221.82 0 0 255
-0.375 0.725 22838.2 1221.82 0 0 255
-0.35 0.725 22838.2 1221.82 0 0 255
-0.325 0.725 22838.2 1221.82 0 0 255
-0.3 0.725 22838.2 1221.82 0 0 255
-0.275 0.725 22838.2 1221.82 0 0 255
-0.25 0.725 22838.2 1221.82 0 0 255
-0.225 0.725 22838.2 1221.82 0 0 255
-0.2 0.725 22838.2 1221.82 0 0 255
-0.175 0.725 22838.2 1221.82 0 0 255
-0.15 0.725 -4760.65 -8738.23 0 0 255
-0.125 0.725 -10312.9 -8556.48 0 0 255
-0.1 0.725 -171941 -79780.3 0 0 255
-0.075 0.725 -171941 -79780.3 0 0 255
-0.05 0.725 -171941 -79780.3 0 0 255
-0.025 0.725 -171941 -79780.3 0 0 255
0 0.725 -171941 -79780.3 0 0 255
0.025 0.725 -171941 -79780.3 0 0 255
0.05 0.725 -171941 -79780.3 0 0 255
0.075 0.725 -171941 -79780.3 0 0 255
0.1 0.725 -171941 -79780.3 0 0 255
0.125 0.725 -171941 -79780.3 0 0 255
0.15 0.725 -171941 -79780.3 0 0 255
0.175 0.725 -171941 -79780.3 0 0 255
0.2 0.725 -171941 -79780.3 0 0 255
0.225 0.725 -171941 -79780.3 0 0 255
0.25 0.725 -171941 -79780.3 0 0 255
0.275 0.725 -171941 -79780.3 0 0 255
0.3 0.725 -171941 -79780.3 0 0 255
0.325 0.725 -171941 -79780.3 0 0 255
0.35 0.725 -171941 -79780.3 0 0 255
0.375 0.725 -171941 -79780.3 0 0 255
0.4 0.725 -171941 -79780.3 0 0 255
0.425 0.725 -171941 -79780.3 0 0 255
0.45 0.725 -171941 -79780.3 0 0 255
0.475 0.725 -171941 -79780.3 0 0 255
0.5 0.725 -171941 -79780.3 0 0 255
-0.5 0.7 22838.2 1221.82 0 0 255
-0.475 0.7 22838.2 1221.82 0 0 255
-0.45 0.7 22838.2 1221.82 0 0 255
-0.425 0.7 22838.2 1221.82 0 0 255
-0.4 0.7 22838.2 1221.82 0 0 255
-0.375 0.7 22838.2 1221.82 0 0 255
-0.35 0.7 22838.2 1221.82 0 0 255
-0.325 0.7 22838.2 1221.82 0 0 255
-0.3 0.7 22838.2 1221.82 0 0 255
-0.275 0.7 22838.2 1221.82 0 0 255
-0.25 0.7 22838.2 1221.82 0 0 255
-0.225 0.7 22838.2 1221.82 0 0 255
-0.2 0.7 22838.2 1221.82 0 0 255
-0.175 0.7 22838.2 1221.82 0 0 255
-0.15 0.7 -4760.65 -8738.23 0 0 255
-0.125 0.7 -10312.9 -8556.48 0 0 255
-0.1 0.7 -171941 -79780.3 0 0 255
-0.075 0.7 -171941 -79780.3 0 0 255
-0.05 0.7 -171941 -79780.3 0 0 255
-0.025 0.7 -171941 -79780.3 0 0 255
0 0.7 -171941 -79780.3 0 0 255
0.025 0.7 -171941 -79780.3 0 0 255
0.05 0.7 -171941 -79780.3 0 0 255
0.075 0.7 -171941 -79780.3 0 0 255
0.1 0.7 -171941 -79780.3 0 0 255
0.125 0.7 -171941 -79780.3 0 0 255
0.15 0.7 -171941 -79780.3 0 0 255
0.175 0.7 -171941 -79780.3 0 0 255
0.2 0.7 -171941 -79780.3 0 0 255
0.225 0.7 -171941 -79780.3 0 0 255
0.25 0.7 -171941 -79780.3 0 0 255
0.275 0.7 -171941 -79780.3 0 0 255
0.3 0.7 -171941 -79780.3 0 0 255
0.325 0.7 -171941 -79780.3 0 0 255
0.35 0.7 -171941 -79780.3 0 0 255
0.375 0.7 -171941 -79780.3 0 0 255
0.4 0.7 -171941 -79780.3 0 0 255
0.425 0.7 -171941 -79780.3 0 0 255
0.45 0.7 -171941 -79780.3 0 0 255
0.475 0.7 -171941 -79780.3 0 0 255
0.5 0.7 -171941 -79780.3 0 0 255
-0.5 0.675 22838.2 1221.82 0 0 255
-0.475 0.675 22838.2 1221.82 0 0 255
-0.45 0.675 22838.2 1221.82 0 0 255
-0.425 0.675 22838.2 1221.82 0 0 255
-0.4 0.675 22838.2 1221.82 0 0 255
-0.375 0.675 22838.2 1221.82 0 0 255
-0.35 0.675 22838.2 1221.82 0 0 255
-0.325 0.675 22838.2 1221.82 0 0 255
-0.3 0.675 22838.2 1221.82 0 0 255
-0.275 0.675 22838.2 1221.82 0 0 255
-0.25 0.675 22838.2 1221.82 0 0 255
-0.225 0.675 22838.2 1221.82 0 0 255
-0.2 0.675 22838.2 1221.82 0 0 255
-0.175 0.675 22838.2 1221.82 0 0 255
-0.15 0.675 -4760.65 -8738.23 0 0 255
-0.125 0.675 -10312.9 -8556.48 0 0 255
-0.1 0.675 -171941 -79780.3 0 0 255
-0.075 0.675 -171941 -79780.3 0 0 255
-0.05 0.675 -171941 -79780.3 0 0 255
-0.025 0.675 -171941 -79780.3 0 0 255
0 0.675 -171941 -79780.3 0 0 255
0.025 0.675 -171941 -79780.3 0 0 255
0.05 0.675 -171941 -79780.3 0 0 255
0.075 0.675 -171941 -79780.3 0 0 255
0.1 0.675 -171941 -79780.3 0 0 255
0.125 0.675 -171941 -79780.3 0 0 255
0.15 0.675 -171941 -79780.3 0 0 255
0.175 0.675 -171941 -79780.3 0 0 255
0.2 0.675 -171941 -79780.3 0 0 255
0.225 0.675 -171941 -79780.3 0 0 255
0.25 0.675 -171941 -79780.3 0 0 255
0.275 0.675 -171941 -79780.3 0 0 255
0.3 0.675 -171941 -79780.3 0 0 255
0.325 0.675 -171941 -79780.3 0 0 255
0.35 0.675 -171941 -79780.3 0 0 255
0.375 0.675 -171941 -79780.3 0 0 255
0.4 0.675 -171941 -79780.3 0 0 255
0.425 0.675 -171941 -79780.3 0 0 255
0.45 0.675 -171941 -79780.3 0 0 255
0.475 0.675 -171941 -79780.3 0 0 255
0.5 0.675 -171941 -79780.3 0 0 255
-0.5 0.65 22838.2 1221.82 0 0 255
-0.475 0.65 22838.2 1221.82 0 0 255
-0.45 0.65 22838.2 1221.82 0 0 255
-0.425 0.65 22838.2 1221.82 0 0 255
-0.4 0.65 22838.2 1221.82 0 0 255
-0.375 0.65 22838.2 1221.82 0 0 255
-0.35 0.65 22838.2 1221.82 0 0 255
-0.325 0.65 22838.2 1221.82 0 0 255
-0.3 0.65 22838.2 1221.82 0 0 255
-0.275 0.65 22838.2 1221.82 0 0 255
-0.25 0.65 22838.2 1221.82 0 0 255
-0.225 0.65 22838.2 1221.82 0 0 255
-0.2 0.65 22838.2 1221.82 0 0 255
-0.175 0.65 22838.2 1221.82 0 0 255
-0.15 0.65 -4760.65 -8738.23 0 0 255
-0.125 0.65 -10312.9 -8556.48 0 0 255
-0.1 0.65 -171941 -79780.3 0 0 255
-0.075 0.65 -171941 -79780.3 0 0 255
-0.05 0.65 -171941 -79780.3 0 0 255
-0.025 0.65 -171941 -79780.3 0 0 255
0 0.65 -171941 -79780.3 0 0 255
0.025 0.65 -171941 -79780.3 0 0 255
0.05 0.65 -171941 -79780.3 0 0 255
0.075 0.65 -171941 -79780.3 0 0 255
0.1 0.65 -171941 -79780.3 0 0 255
0.125 0.65 -171941 -79780.3 0 0 255
0.15 0.65 -171941 -79780.3 0 0 255
0.175 0.65 -171941 -79780.3 0 0 255
0.2 0.65 -171941 -79780.3 0 0 255
0.225 0.65 -171941 -79780.3 0 0 255
0.25 0.65 -171941 -79780.3 0 0 255
0.275 0.65 -171941 -79780.3 0 0 255
0.3 0.65 -171941 -79780.3 0 0 255
0.325 0.65 -171941 -79780.3 0 0 255
0.35 0.65 -171941 -79780.3 0 0 255
0.375 0.65 -171941 -79780.3 0 0 255
0.4 0.65 -171941 -79780.3 0 0 255
0.425 0.65 -171941 -79780.3 0 0 255
0.45 0.65 -171941 -79780.3 0 0 255
0.475 0.65 -171941 -79780.3 0 0 255
0.5 0.65 -171941 -79780.3 0 0 255
-0.5 0.625 22838.2 1221.82 0 0 255
-0.475 0.625 22838.2 1221.82 0 0 255
-0.45 0.625 22838.2 1221.82 0 0 255
-0.425 0.625 22838.2 1221.82 0 0 255
-0.4 0.625 22838.2 1221.82 0 0 255
-0.375 0.625 22838.2 1221.82 0 0 255
-0.35 0.625 22838.2 1221.82 0 0 255
-0.325 0.625 22838.2 1221.82 0 0 255
-0.3 0.625 22838.2 1221.82 0 0 255
-0.275 0.625 22838.2 1221.82 0 0 255
-0.25 0.625 22838.2 1221.82 0 0 255
-0.225 0.625 22838.2 1221.82 0 0 255
-0.2 0.625 22838.2 1221.82 0 0 255
-0.175 0.625 22838.2 1221.82 0 0 255
-0.15 0.625 -4760.65 -8738.23 0 0 255
-0.125 0.625 -10312.9 -8556.48 0 0 255
-0.1 0.625 -171941 -79780.3 0 0 255
-0.075 0.625 -171941 -79780.3 0 0 255
-0.05 0.625 -171941 -79780.3 0 0 255
-0.025 0.625 -171941 -79780.3 0 0 255
0 0.625 -171941 -79780.3 0 0 255
0.025 0.625 -171941 -79780.3 0 0 255
0.05 0.625 -171941 -79780.3 0 0 255
0.075 0.625 -171941 -79780.3 0 0 255
0.1 0.625 -171941 -79780.3 0 0 255
0.125 0.625 -171941 -79780.3 0 0 255
0.15 0.625 -171941 -79780.3 0 0 255
0.175 0.625 -171941 -79780.3 0 0 255
0.2 0.625 -171941 -79780.3 0 0 255
0.225 0.625 -171941 -79780.3 0 0 255
0.25 0.625 -171941 -79780.3 0 0 255
0.275 0.625 -171941 -79780.3 0 0 255
0.3 0.625 -171941 -79780.3 0 0 255
0.325 0.625 -171941 -79780.3 0 0 255
0.35 0.625 -171941 -79780.3 0 0 255
0.375 0.625 -171941 -79780.3 0 0 255
0.4 0.625 -171941 -79780.3 0 0 255
0.425 0.625 -171941 -79780.3 0 0 255
0.45 0.625 -171941 -79780.3 0 0 255
0.475 0.625 -171941 -79780.3 0 0 255
0.5 0.625 -171941 -79780.3 0 0 255
-0.5 0.6 22838.2 1221.82 0 0 255
-0.475 0.6 22838.2 1221.82 0 0 255
-0.45 0.6 22838.2 1221.82 0 0 255
-0.425 0.6 22838.2 1221.82 0 0 255
-0.4 0.6 22838.2 1221.82 0 0 255
-0.375 0.6 22838.2 1221.82 0 0 255
-0.35 0.6 22838.2 1221.82 0 0 255
-0.325 0.6 22838.2 1221.82 0 0 255
-0.3 0.6 22838.2 1221.82 0 0 255
-0.275 0.6 22838.2 1221.82 0 0 255
-0.25 0.6 22838.2 1221.82 0 0 255
-0.225 0.6 22838.2 1221.82 0 0 255
-0.2 0.6 22838.2 1221.82 0 0 255
-0.175 0.6 22838.2 1221.82 0 0 255
-0.15 0.6 -4760.65 -8738.23 0 0 255
-0.125 0.6 -10312.9 -8556.48 0 0 255
-0.1 0.6 -171941 -79780.3 0 0 255
-0.075 0.6 -171941 -79780.3 0 0 255
-0.05 0.6 -171941 -79780.3 0 0 255
-0.025 0.6 -171941 -79780.3 0 0 255
0 0.6 -171941 -79780.3 0 0 255
0.025 0.6 -171941 -79780.3 0 0 255
0.05 0.6 -171941 -79780.3 0 0 255
0.075 0.6 -171941 -79780.3 0 0 255
0.1 0.6 -171941 -79780.3 0 0 255
0.125 0.6 -171941 -79780.3 0 0 255
0.15 0.6 -171941 -79780.3 0 0 255
0.175 0.6 -171941 -79780.3 0 0 255
0.2 0.6 -171941 -79780.3 0 0 255
0.225 0.6 -171941 -79780.3 0 0 255
0.25 0.6 -171941 -79780.3 0 0 255
0.275 0.6 -171941 -79780.3 0 0 255
0.3 0.6 -171941 -79780.3 0 0 255
0.325 0.6 -171941 -79780.3 0 0 255
0.35 0.6 -171941 -79780.3 0 0 255
0.375 0.6 -171941 -79780.3 0 0 255
0.4 0.6 -171941 -79780.3 0 0 255
0.425 0.6 -171941 -79780.3 0 0 255
0.45 0.6 -171941 -79780.3 0 0 255
0.475 0.6 -171941 -79780.3 0 0 255
0.5 0.6 -171941 -79780.3 0 0 255
-0.5 0.575 22838.2 1221.82 0 0 255
-0.475 0.575 22838.2 1221.82 0 0 255
-0.45 0.575 22838.2 1221.82 0 0 255
-0.425 0.575 22838.2 1221.82 0 0 255
-0.4 0.575 22838.2 1221.82 0 0 255
-0.375 0.575 22838.2 1221.82 0 0 255
-0.35 0.575 22838.2 1221.82 0 0 255
-0.325 0.575 22838.2 1221.82 0 0 255
-0.3 0.575 22838.2 1221.82 0 0 255
-0.275 0.575 22838.2 1221.82 0 0 255
-0.25 0.575 22838.2 1221.82 0 0 255
-0.225 0.575 22838.2 1221.82 0 0 255
-0.2 0.575 22838.2 1221.82 0 0 255
-0.175 0.575 22838.2 1221.82 0 0 255
-0.15 0.575 -4760.65 -8738.23 0 0 255
-0.125 0.575 -10312.9 -8556.48 0 0 255
-0.1 0.575 -171941 -79780.3 0 0 255
-0.075 0.575 -171941 -79780.3 0 0 255
-0.05 0.575 -171941 -79780.3 0 0 255
-0.025 0.575 -171941 -79780.3 0 0 255
0 0.575 -171941 -79780.3 0 0 255
0.025 0.575 -171941 -79780.3 0 0 255
0.05 0.575 -171941 -79780.3 0 0 255
0.075 0.575 -171941 -79780.3 0 0 255
0.1 0.575 -171941 -79780.3 0 0 255
0.125 0.575 -171941 -79780.3 0 0 255
0.15 0.575 -171941 -79780.3 0 0 255
0.175 0.575 -171941 -79780.3 0 0 255
0.2 0.575 -171941 -79780.3 0 0 255
0.225 0.575 -171941 -79780.3 0 0 255
0.25 0.575 -171941 -79780.3 0 0 255
0.275 0.575 -171941 -79780.3 0 0 255
0.3 0.575 -171941 -79780.3 0 0 255
0.325 0.575 -171941 -79780.3 0 0 255
0.35 0.575 -171941 -79780.3 0 0 255
0.375 0.575 -171941 -79780.3 0 0 255
0.4 0.575 -171941 -79780.3 0 0 255
0.425 0.575 -171941 -79780.3 0 0 255
0.45 0.575 -171941 -79780.3 0 0 255
0.475 0.575 -171941 -79780.3 0 0 255
0.5 0.575 -171941 -79780.3 0 0 255
-0.5 0.55 22838.2 1221.82 0 0 255
-0.475 0.55 22838.2 1221.82 0 0 255
-0.45 0.55 22838.2 1221.82 0 0 255
-0.425 0.55 22838.2 1221.82 0 0 255
-0.4 0.55 22838.2 1221.82 0 0 255
-0.375 0.55 22838.2 1221.82 0 0 255
-0.35 0.55 22838.2 1221.82 0 0 255
-0.325 0.55 22838.2 1221.82 0 0 255
-0.3 0.55 22838.2 1221.82 0 0 255
-0.275 0.55 22838.2 1221.82 0 0 255
-0.25 0.55 22838.2 1221.82 0 0 255
-0.225 0.55 22838.2 1221.82 0 0 255
-0.2 0.55 22838.2 1221.82 0 0 255
-0.175 0.55 22838.2 1221.82 0 0 255
-0.15 0.55 -4760.65 -8738.23 0 0 255
-0.125 0.55 -10312.9 -8556.48 0 0 255
-0.1 0.55 -171941 -79780.3 0 0 255
-0.075 0.55 -171941 -79780.3 0 0 255
-0.05 0.55 -171941 -79780.3 0 0 255
-0.025 0.55 -171941 -79780.3 0 0 255
0 0.55 -171941 -79780.3 0 0 255
0.025 0.55 -171941 -79780.3 0 0 255
0.05 0.55 -171941 -79780.3 0 0 255
0.075 0.55 -171941 -79780.3 0 0 255
0.1 0.55 -171941 -79780.3 0 0 255
0.125 0.55 -171941 -79780.3 0 0 255
0.15 0.55 -171941 -79780.3 0 0 255
0.175 0.55 -171941 -79780.3 0 0 255
0.2 0.55 -171941 -79780.3 0 0 255
0.225 0.55 -171941 -79780.3 0 0 255
0.25 0.55 -171941 -79780.3 0 0 255
0.275 0.55 -171941 -79780.3 0 0 255
0.3 0.55 -171941 -79780.3 0 0 255
0.325 0.55 -171941 -79780.3 0 0 255
0.35 0.55 -171941 -79780.3 0 0 255
0.375 0.55 -171941 -79780.3 0 0 255
0.4 0.55 -171941 -79780.3 0 0 255
0.425 0.55 -171941 -79780.3 0 0 255
0.45 0.55 -171941 -79780.3 0 0 255
0.475 0.55 -171941 -79780.3 0 0 255
0.5 0.55 -171941 -79780.3 0 0 255
-0.5 0.525 22838.2 1221.82 0 0 255
-0.475 0.525 22838.2 1221.82 0 0 255
-0.45 0.525 22838.2 1221.82 0 0 255
-0.425 0.525 22838.2 1221.82 0 0 255
-0.4 0.525 22838.2 1221.82 0 0 255
-0.375 0.525 22838.2 1221.82 0 0 255
-0.35 0.525 22838.2 1221.82 0 0 255
-0.325 0.525 22838.2 1221.82 0 0 255
-0.3 0.525 22838.2 1221.82 0 0 255
-0.275 0.525 22838.2 1221.82 0 0 255
-0.25 0.525 22838.2 1221.82 0 0 255
-0.225 0.525 22838.2 1221.82 0 0 255
-0.2 0.525 22838.2 1221.82 0 0 255
-0.175 0.525 22838.2 1221.82 0 0 255
-0.15 0.525 -4760.65 -8738.23 0 0 255
-0.125 0.525 -10312.9 -8556.48 0 0 255
-0.1 0.525 -171941 -79780.3 0 0 255
-0.075 0.525 -171941 -79780.3 0 0 255
-0.05 0.525 -171941 -79780.3 0 0 255
-0.025 0.525 -171941 -79780.3 0 0 255
0 0.525 -171941 -79780.3 0 0 255
0.025 0.525 -171941 -79780.3 0 0 255
0.05 0.525 -171941 -79780.3 0 0 255
0.075 0.525 -171941 -79780.3 0 0 255
0.1 0.525 -171941 -79780.3 0 0 255
0.125 0.525 -171941 -79780.3 0 0 255
0.15 0.525 -171941 -79780.3 0 0 255
0.175 0.525 -171941 -79780.3 0 0 255
0.2 0.525 -171941 -79780.3 0 0 255
0.225 0.525 -171941 -79780.3 0 0 255
0.25 0.525 -171941 -79780.3 0 0 255
0.275 0.525 -171941 -79780.3 0 0 255
0.3 0.525 -171941 -79780.3 0 0 255
0.325 0.525 -171941 -79780.3 0 0 255
0.35 0.525 -171941 -79780.3 0 0 255
0.375 0.525 -171941 -79780.3 0 0 255
0.4 0.525 -171941 -79780.3 0 0 255
0.425 0.525 -171941 -79780.3 0 0 255
0.45 0.525 -171941 -79780.3 0 0 255
0.475 0.525 -171941 -79780.3 0 0 255
0.5 0.525 -171941 -79780.3 0 0 255
-0.5 0.5 22838.2 1221.82 0 0 255
-0.475 0.5 22838.2 1221.82 0 0 255
-0.45 0.5 22838.2 1221.82 0 0 255
-0.425 0.5 22838.2 1221.82 0 0 255
-0.4 0.5 22838.2 1221.82 0 0 255
-0.375 0.5 22838.2 1221.82 0 0 255
-0.35 0.5 22838.2 1221.82 0 0 255
-0.325 0.5 22838.2 1221.82 0 0 255
-0.3 0.5 22838.2 1221.82 0 0 255
-0.275 0.5 22838.2 1221.82 0 0 255
-0.25 0.5 22838.2 1221.82 0 0 255
-0.225 0.5 22838.2 1221.82 0 0 255
-0.2 0.5 22838.2 1221.82 0 0 255
-0.175 0.5 22838.2 1221.82 0 0 255
-0.15 0.5 -4760.65 -8738.23 0 0 255
-0.125 0.5 -10312.9 -8556.48 0 0 255
-0.1 0.5 -171941 -79780.3 0 0 255
-0.075 0.5 -171941 -79780.3 0 0 255
-0.05 0.5 -171941 -79780.3 0 0 255
-0.025 0.5 -171941 -79780.3 0 0 255
0 0.5 -171941 -79780.3 0 0 255
0.025 0.5 -171941 -79780.3 0 0 255
0.05 0.5 -171941 -79780.3 0 0 255
0.075 0.5 -171941 -79780.3 0 0 255
0.1 0.5 -171941 -79780.3 0 0 255
0.125 0.5 -171941 -79780.3 0 0 255
0.15 0.5 -171941 -79780.3 0 0 255
0.175 0.5 -171941 -79780.3 0 0 255
0.2 0.5 -171941 -79780.3 0 0 255
0.225 0.5 -171941 -79780.3 0 0 255
0.25 0.5 -171941 -79780.3 0 0 255
0.275 0.5 -171941 -79780.3 0 0 255
0.3 0.5 -171941 -79780.3 0 0 255
0.325 0.5 -171941 -79780.3 0 0 255
0.35 0.5 -171941 -79780.3 0 0 255
0.375 0.5 -171941 -79780.3 0 0 255
0.4 0.5 -171941 -79780.3 0 0 255
0.425 0.5 -171941 -79780.3 0 0 255
0.45 0.5 -171941 -79780.3 0 0 255
0.475 0.5 -171941 -79780.3 0 0 255
0.5 0.5 -171941 -79780.3 0 0 255
-0.5 0.475 22838.2 1221.82 0 0 255
-0.475 0.475 22838.2 1221.82 0 0 255
-0.45 0.475 22838.2 1221.82 0 0 255
-0.425 0.475 22838.2 1221.82 0 0 255
-0.4 0.475 22838.2 1221.82 0 0 255
-0.375 0.475 22838.2 1221.82 0 0 255
-0.35 0.475 22838.2 1221.82 0 0 255
-0.325 0.475 22838.2 1221.82 0 0 255
-0.3 0.475 22838.2 1221.82 0 0 255
-0.275 0.475 22838.2 1221.82 0 0 255
-0.25 0.475 22838.2 1221.82 0 0 255
-0.225 0.475 22838.2 1221.82 0 0 255
-0.2 0.475 22838.2 1221.82 0 0 255
-0.175 0.475 22838.2 1221.82 0 0 255
-0.15 0.475 -4760.65 -8738.23 0 0 255
-0.125 0.475 -10312.9 -8556.48 0 0 255
-0.1 0.475 -171941 -79780.3 0 0 255
-0.075 0.475 -171941 -79780.3 0 0 255
-0.05 0.475 -171941 -79780.3 0 0 255
-0.025 0.475 -171941 -79780.3 0 0 255
0 0.475 -171941 -79780.3 0 0 255
0.025 0.475 -171941 -79780.3 0 0 255
0.05 0.475 -171941 -79780.3 0 0 255
0.075 0.475 -171941 -79780.3 0 0 255
0.1 0.475 -171941 -79780.3 0 0 255
0.125 0.475 -171941 -79780.3 0 0 255
0.15 0.475 -171941 -79780.3 0 0 255
0.175 0.475 -171941 -79780.3 0 0 255
0.2 0.475 -171941 -79780.3 0 0 255
0.225 0.475 -171941 -79780.3 0 0 255
0.25 0.475 -171941 -79780.3 0 0 255
0.275 0.475 -171941 -79780.3 0 0 255
0.3 0.475 -171941 -79780.3 0 0 255
0.325 0.475 -171941 -79780.3 0 0 255
0.35 0.475 -171941 -79780.3 0 0 255
0.375 0.475 -171941 -79780.3 0 0 255
0.4 0.475 -171941 -79780.3 0 0 255
0.425 0.475 -171941 -79780.3 0 0 255
0.45 0.475 -171941 -79780.3 0 0 255
0.475 0.475 -171941 -79780.3 0 0 255
0.5 0.475 -171941 -79780.3 0 0 255
-0.5 0.45 22838.2 1221.82 0 0 255
-0.475 0.45 22838.2 1221.82 0 0 255
-0.45 0.45 22838.2 1221.82 0 0 255
-0.425 0.45 22838.2 1221.82 0 0 255
-0.4 0.45 22838.2 1221.82 0 0 255
-0.375 0.45 22838.2 1221.82 0 0 255
-0.35 0.45 22838.2 1221.82 0 0 255
-0.325 0.45 22838.2 1221.82 0 0 255
-0.3 0.45 22838.2 1221.82 0 0 255
-0.275 0.45 22838.2 1221.82 0 0 255
-0.25 0.45 22838.2 1221.82 0 0 255
-0.225 0.45 22838.2 1221.82 0 0 255
-0.2 0.45 22838.2 1221.82 0 0 255
-0.175 0.45 22838.2 1221.82 0 0 255
-0.15 0.45 -4760.65 -8738.23 0 0 255
-0.125 0.45 -10312.9 -8556.48 0 0 255
-0.1 0.45 -171941 -79780.3 0 0 255
-0.075 0.45 -171941 -79780.3 0 0 255
-0.05 0.45 -171941 -79780.3 0 0 255
-0.025 0.45 -171941 -79780.3 0 0 255
0 0.45 -171941 -79780.3 0 0 255
0.025 0.45 -171941 -79780.3 0 0 255
0.05 0.45 -171941 -79780.3 0 0 255
0.075 0.45 -171941 -79780.3 0 0 255
0.1 0.45 -171941 -79780.3 0 0 255
0.125 0.45 -171941 -79780.3 0 0 255
0.15 0.45 -171941 -79780.3 0 0 255
0.175 0.45 -171941 -79780.3 0 0 255
0.2 0.45 -171941 -79780.3 0 0 255
0.225 0.45 -171941 -79780.3 0 0 255
0.25 0.45 -171941 -79780.3 0 0 255
0.275 0.45 -171941 -79780.3 0 0 255
0.3 0.45 -171941 -79780.3 0 0 255
0.325 0.45 -171941 -79780.3 0 0 255
0.35 0.45 -171941 -79780.3 0 0 255
0.375 0.45 -171941 -79780.3 0 0 255
0.4 0.45 -171941 -79780.3 0 0 255
0.425 0.45 -171941 -79780.3 0 0 255
0.45 0.45 -171941 -79780.3 0 0 255
0.475 0.45 -171941 -79780.3 0 0 255
0.5 0.45 -171941 -79780.3 0 0 255
-0.5 0.425 22838.2 1221.82 0 0 255
-0.475 0.425 22838.2 1221.82 0 0 255
-0.45 0.425 22838.2 1221.82 0 0 255
-0.425 0.425 22838.2 1221.82 0 0 255
-0.4 0.425 22838.2 1221.82 0 0 255
-0.375 0.425 22838.2 1221.82 0 0 255
-0.35 0.425 22838.2 1221.82 0 0 255
-0.325 0.425 22838.2 1221.82 0 0 255
-0.3 0.425 22838.2 1221.82 0 0 255
-0.275 0.425 22838.2 1221.82 0 0 255
-0.25 0.425 22838.2 1221.82 0 0 255
-0.225 0.425 22838.2 1221.82 0 0 255
-0.2 0.425 22838.2 1221.82 0 0 255
-0.175 0.425 22838.2 1221.82 0 0 255
-0.15 0.425 -4760.65 -8738.23 0 0 255
-0.125 0.425 -10312.9 -8556.48 0 0 255
-0.1 0.425 -171941 -79780.3 0 0 255
-0.075 0.425 -171941 -79780.3 0 0 255
-0.05 0.425 -171941 -79780.3 0 0 255
-0.025 0.425 -171941 -79780.3 0 0 255
0 0.425 -171941 -79780.3 0 0 255
0.025 0.425 -171941 -79780.3 0 0 255
0.05 0.425 -171941 -79780.3 0 0 255
0.075 0.425 -171941 -79780.3 0 0 255
0.1 0.425 -171941 -79780.3 0 0 255
0.125 0.425 -171941 -79780.3 0 0 255
0.15 0.425 -171941 -79780.3 0 0 255
0.175 0.425 -171941 -79780.3 0 0 255
0.2 0.425 -171941 -79780.3 0 0 255
0.225 0.425 -171941 -79780.3 0 0 255
0.25 0.425 -171941 -79780.3 0 0 255
0.275 0.425 -171941 -79780.3 0 0 255
0.3 0.425 -171941 -79780.3 0 0 255
0.325 0.425 -171941 -79780.3 0 0 255
0.35 0.425 -171941 -79780.3 0 0 255
0.375 0.425 -171941 -79780.3 0 0 255
0.4 0.425 -171941 -79780.3 0 0 255
0.425 0.425 -171941 -79780.3 0 0 255
0.45 0.425 -171941 -79780.3 0 0 255
0.475 0.425 -171941 -79780.3 0 0 255
0.5 0.425 -171941 -79780.3 0 0 255
-0.5 0.4 22838.2 1221.82 0 0 255
-0.475 0.4 22838.2 1221.82 0 0 255
-0.45 0.4 22838.2 1221.82 0 0 255
-0.425 0.4 22838.2 1221.82 0 0 255
-0.4 0.4 22838.2 1221.82 0 0 255
-0.375 0.4 22838.2 1221.82 0 0 255
-0.35 0.4 22838.2 1221.82 0 0 255
-0.325 0.4 22838.2 1221.82 0 0 255
-0.3 0.4 22838.2 1221.82 0 0 255
-0.275 0.4 22838.2 1221.82 0 0 255
-0.25 0.4 22838.2 1221.82 0 0 255
-0.225 0.4 22838.2 1221.82 0 0 255
-0.2 0.4 22838.2 1221.82 0 0 255
-0.175 0.4 22838.2 1221.82 0 0 255
-0.15 0.4 -4760.65 -8738.23 0 0 255
-0.125 0.4 -10312.9 -8556.48 0 0 255
-0.1 0.4 -171941 -79780.3 0 0 255
-0.075 0.4 -171941 -79780.3 0 0 255
-0.05 0.4 -171941 -79780.3 0 0 255
-0.025 0.4 -171941 -79780.3 0 0 255
0 0.4 -171941 -79780.3 0 0 255
0.025 0.4 -171941 -79780.3 0 0 255
0.05 0.4 -171941 -79780.3 0 0 255
0.075 0.4 -171941 -79780.3 0 0 255
0.1 0.4 -171941 -79780.3 0 0 255
0.125 0.4 -171941 -79780.3 0 0 255
0.15 0.4 -171941 -79780.3 0 0 255
0.175 0.4 -171941 -79780.3 0 0 255
0.2 0.4 -171941 -79780.3 0 0 255
0.225 0.4 -171941 -79780.3 0 0 255
0.25 0.4 -171941 -79780.3 0 0 255
0.275 0.4 -171941 -79780.3 0 0 255
0.3 0.4 -171941 -79780.3 0 0 255
0.325 0.4 -171941 -79780.3 0 0 255
0.35 0.4 -171941 -79780.3 0 0 255
0.375 0.4 -171941 -79780.3 0 0 255
0.4 0.4 -171941 -79780.3 0 0 255
0.425 0.4 -171941 -79780.3 0 0 255
0.45 0.4 -171941 -79780.3 0 0 255
0.475 0.4 -171941 -79780.3 0 0 255
0.5 0.4 -171941 -79780.3 0 0 255
-0.5 0.375 22838.2 1221.82 0 0 255
-0.475 0.375 22838.2 1221.82 0 0 255
-0.45 0.375 22838.2 1221.82 0 0 255
-0.425 0.375 22838.2 1221.82 0 0 255
-0.4 0.375 22838.2 1221.82 0 0 255
-0.375 0.375 22838.2 1221.82 0 0 255
-0.35 0.375 22838.2 1221.82 0 0 255
-0.325 0.375 22838.2 1221.82 0 0 255
-0.3 0.375 22838.2 1221.82 0 0 255
-0.275 0.375 22838.2 1221.82 0 0 255
-0.25 0.375 22838.2 1221.82 0 0 255
-0.225 0.375 22838.2 1221.82 0 0 255
-0.2 0.375 22838.2 1221.82 0 0 255
-0.175 0.375 22838.2 1221.82 255 0 0
-0.15 0.375 -4760.65 -8738.23 255 0 0
-0.125 0.375 -10312.9 -8556.48 255 0 0
-0.1 0.375 -171941 -79780.3 255 0 0
-0.075 0.375 -171941 -79780.3 0 0 255
-0.05 0.375 -171941 -79780.3 0 0 255
-0.025 0.375 -171941 -79780.3 0 0 255
0 0.375 -171941 -79780.3 0 0 255
0.025 0.375 -171941 -79780.3 0 0 255
0.05 0.375 -171941 -79780.3 0 0 255
0.075 0.375 -171941 -79780.3 0 0 255
0.1 0.375 -171941 -79780.3 0 0 255
0.125 0.375 -171941 -79780.3 0 0 255
0.15 0.375 -171941 -79780.3 0 0 255
0.175 0.375 -171941 -79780.3 0 0 255
0.2 0.375 -171941 -79780.3 0 0 255
0.225 0.375 -171941 -79780.3 0 0 255
0.25 0.375 -171941 -79780.3 0 0 255
0.275 0.375 -171941 -79780.3 0 0 255
0.3 0.375 -171941 -79780.3 0 0 255
0.325 0.375 -171941 -79780.3 0 0 255
0.35 0.375 -171941 -79780.3 0 0 255
0.375 0.375 -171941 -79780.3 0 0 255
0.4 0.375 -171941 -79780.3 0 0 255
0.425 0.375 -171941 -79780.3 0 0 255
0.45 0.375 -171941 -79780.3 0 0 255
0.475 0.375 -171941 -79780.3 0 0 255
0.5 0.375 -171941 -79780.3 0 0 255
-0.5 0.35 4212.13 -5003.86 0 0 255
-0.475 0.35 4212.13 -5003.86 0 0 255
-0.45 0.35 4212.13 -5003.86 0 0 255
-0.425 0.35 4212.13 -5003.86 0 0 255
-0.4 0.35 4212.13 -5003.86 0 0 255
-0.375 0.35 4212.13 -5003.86 0 0 255
-0.35 0.35 4212.13 -5003.86 0 0 255
-0.325 0.35 4212.13 -5003.86 0 0 255
-0.3 0.35 4212.13 -5003.86 0 0 255
-0.275 0.35 4212.13 -5003.86 0 0 255
-0.25 0.35 4212.13 -5003.86 0 0 255
-0.225 0.35 4212.13 -5003.86 0 0 255
-0.2 0.35 4212.13 -5003.86 0 0 255
-0.175 0.35 4212.13 -5003.86 255 0 0
-0.15 0.35 -888.033 -4756.42 255 0 0
-0.125 0.35 -5986.03 -4507.85 255 0 0
-0.1 0.35 -11020 -4225.7 255 0 0
-0.075 0.35 -11020 -4225.7 0 0 255
-0.05 0.35 -11020 -4225.7 0 0 255
-0.025 0.35 -11020 -4225.7 0 0 255
0 0.35 -11020 -4225.7 0 0 255
0.025 0.35 -11020 -4225.7 0 0 255
0.05 0.35 -11020 -4225.7 0 0 255
0.075 0.35 -11020 -4225.7 0 0 255
0.1 0.35 -11020 -4225.7 0 0 255
0.125 0.35 -11020 -4225.7 0 0 255
0.15 0.35 -11020 -4225.7 0 0 255
0.175 0.35 -11020 -4225.7 0 0 255
0.2 0.35 -11020 -4225.7 0 0 255
0.225 0.35 -11020 -4225.7 0 0 255
0.25 0.35 -11020 -4225.7 0 0 255
0.275 0.35 -11020 -4225.7 0 0 255
0.3 0.35 -11020 -4225.7 0 0 255
0.325 0.35 -11020 -4225.7 0 0 255
0.35 0.35 -11020 -4225.7 0 0 255
0.375 0.35 -11020 -4225.7 0 0 255
0.4 0.35 -11020 -4225.7 0 0 255
0.425 0.35 -11020 -4225.7 0 0 255
0.45 0.35 -11020 -4225.7 0 0 255
0.475 0.35 -11020 -4225.7 0 0 255
0.5 0.35 -11020 -4225.7 0 0 255
-0.5 0.325 8369.24 -895.927 0 0 255
-0.475 0.325 8369.24 -895.927 0 0 255
-0.45 0.325 8369.24 -895.927 0 0 255
-0.425 0.325 8369.24 -895.927 0 0 255
-0.4 0.325 8369.24 -895.927 0 0 255
-0.375 0.325 8369.24 -895.927 0 0 255
-0.35 0.325 8369.24 -895.927 0 0 255
-0.325 0.325 8369.24 -895.927 0 0 255
-0.3 0.325 8369.24 -895.927 0 0 255
-0.275 0.325 8369.24 -895.927 0 0 255
-0.25 0.325 8369.24 -895.927 0 0 255
-0.225 0.325 8369.24 -895.927 0 0 255
-0.2 0.325 8369.24 -895.927 0 0 255
-0.175 0.325 8369.24 -895.927 255 0 0
-0.15 0.325 3269.37 -648.327 255 0 0
-0.125 0.325 -1830.51 -400.727 255 0 0
-0.1 0.325 -6925.09 -150.409 255 0 0
-0.075 0.325 -6925.09 -150.409 0 0 255
-0.05 0.325 -6925.09 -150.409 0 0 255
-0.025 0.325 -6925.09 -150.409 0 0 255
0 0.325 -6925.09 -150.409 0 0 255
0.025 0.325 -6925.09 -150.409 0 0 255
0.05 0.325 -6925.09 -150.409 0 0 255
0.075 0.325 -6925.09 -150.409 0 0 255
0.1 0.325 -6925.09 -150.409 0 0 255
0.125 0.325 -6925.09 -150.409 0 0 255
0.15 0.325 -6925.09 -150.409 0 0 255
0.175 0.325 -6925.09 -150.409 0 0 255
0.2 0.325 -6925.09 -150.409 0 0 255
0.225 0.325 -6925.09 -150.409 0 0 255
0.25 0.325 -6925.09 -150.409 0 0 255
0.275 0.325 -6925.09 -150.409 0 0 255
0.3 0.325 -6925.09 -150.409 0 0 255
0.325 0.325 -6925.09 -150.409 0 0 255
0.35 0.325 -6925.09 -150.409 0 0 255
0.375 0.325 -6925.09 -150.409 0 0 255
0.4 0.325 -6925.09 -150.409 0 0 255
0.425 0.325 -6925.09 -150.409 0 0 255
0.45 0.325 -6925.09 -150.409 0 0 255
0.475 0.325 -6925.09 -150.409 0 0 255
0.5 0.325 -6925.09 -150.409 0 0 255
-0.5 0.3 12526.7 3212.19 0 0 255
-0.475 0.3 12526.7 3212.19 0 0 255
-0.45 0.3 12526.7 3212.19 0 0 255
-0.425 0.3 12526.7 3212.19 0 0 255
-0.4 0.3 12526.7 3212.19 0 0 255
-0.375 0.3 12526.7 3212.19 0 0 255
-0.35 0.3 12526.7 3212.19 0 0 255
-0.325 0.3 12526.7 3212.19 0 0 255
-0.3 0.3 12526.7 3212.19 0 0 255
-0.275 0.3 12526.7 3212.19 0 0 255
-0.25 0.3 12526.7 3212.19 0 0 255
-0.225 0.3 12526.7 3212.19 0 0 255
-0.2 0.3 12526.7 3212.19 0 0 255
-0.175 0.3 12526.7 3212.19 255 0 0
-0.15 0.3 7426.8 3459.79 255 0 0
-0.125 0.3 2326.93 3707.39 255 0 0
-0.1 0.3 -2772.64 3955.03 255 0 0
-0.075 0.3 -2772.64 3955.03 0 0 255
-0.05 0.3 -2772.64 3955.03 0 0 255
-0.025 0.3 -2772.64 3955.03 0 0 255
0 0.3 -2772.64 3955.03 0 0 255
0.025 0.3 -2772.64 3955.03 0 0 255
0.05 0.3 -2772.64 3955.03 0 0 255
0.075 0.3 -2772.64 3955.03 0 0 255
0.1 0.3 -2772.64 3955.03 0 0 255
0.125 0.3 -2772.64 3955.03 0 0 255
0.15 0.3 -2772.64 3955.03 0 0 255
0.175 0.3 -2772.64 3955.03 0 0 255
0.2 0.3 -2772.64 3955.03 0 0 255
0.225 0.3 -2772.64 3955.03 0 0 255
0.25 0.3 -2772.64 3955.03 0 0 255
0.275 0.3 -2772.64 3955.03 0 0 255
0.3 0.3 -2772.64 3955.03 0 0 255
0.325 0.3 -2772.64 3955.03 0 0 255
0.35 0.3 -2772.64 3955.03 0 0 255
0.375 0.3 -2772.64 3955.03 0 0 255
0.4 0.3 -2772.64 3955.03 0 0 255
0.425 0.3 -2772.64 3955.03 0 0 255
0.45 0.3 -2772.64 3955.03 0 0 255
0.475 0.3 -2772.64 3955.03 0 0 255
0.5 0.3 -2772.64 3955.03 0 0 255
-0.5 0.275 12526.7 3212.19 0 0 255
-0.475 0.275 12526.7 3212.19 0 0 255
-0.45 0.275 12526.7 3212.19 0 0 255
-0.425 0.275 12526.7 3212.19 0 0 255
-0.4 0.275 12526.7 3212.19 0 0 255
-0.375 0.275 12526.7 3212.19 0 0 255
-0.35 0.275 12526.7 3212.19 0 0 255
-0.325 0.275 12526.7 3212.19 0 0 255
-0.3 0.275 12526.7 3212.19 0 0 255
-0.275 0.275 12526.7 3212.19 0 0 255
-0.25 0.275 12526.7 3212.19 0 0 255
-0.225 0.275 12526.7 3212.19 0 0 255
-0.2 0.275 12526.7 3212.19 0 0 255
-0.175 0.275 12526.7 3212.19 0 0 255
-0.15 0.275 7426.8 3459.79 0 0 255
-0.125 0.275 2326.93 3707.39 0 0 255
-0.1 0.275 -2772.64 3955.03 0 0 255
-0.075 0.275 -2772.64 3955.03 0 0 255
-0.05 0.275 -2772.64 3955.03 0 0 255
-0.025 0.275 -2772.64 3955.03 0 0 255
0 0.275 -2772.64 3955.03 0 0 255
0.025 0.275 -2772.64 3955.03 0 0 255
0.05 0.275 -2772.64 3955.03 0 0 255
0.075 0.275 -2772.64 3955.03 0 0 255
0.1 0.275 -2772.64 3955.03 0 0 255
0.125 0.275 -2772.64 3955.03 0 0 255
0.15 0.275 -2772.64 3955.03 0 0 255
0.175 0.275 -2772.64 3955.03 0 0 255
0.2 0.275 -2772.64 3955.03 0 0 255
0.225 0.275 -2772.64 3955.03 0 0 255
0.25 0.275 -2772.64 3955.03 0 0 255
0.275 0.275 -2772.64 3955.03 0 0 255
0.3 0.275 -2772.64 3955.03 0 0 255
0.325 0.275 -2772.64 3955.03 0 0 255
0.35 0.275 -2772.64 3955.03 0 0 255
0.375 0.275 -2772.64 3955.03 0 0 255
0.4 0.275 -2772.64 3955.03 0 0 255
0.425 0.275 -2772.64 3955.03 0 0 255
0.45 0.275 -2772.64 3955.03 0 0 255
0.475 0.275 -2772.64 3955.03 0 0 255
0.5 0.275 -2772.64 3955.03 0 0 255
-0.5 0.25 12526.7 3212.19 0 0 255
-0.475 0.25 12526.7 3212.19 0 0 255
-0.45 0.25 12526.7 3212.19 0 0 255
-0.425 0.25 12526.7 3212.19 0 0 255
-0.4 0.25 12526.7 3212.19 0 0 255
-0.375 0.25 12526.7 3212.19 0 0 255
-0.35 0.25 12526.7 3212.19 0 0 255
-0.325 0.25 12526.7 3212.19 0 0 255
-0.3 0.25 12526.7 3212.19 0 0 255
-0.275 0.25 12526.7 3212.19 0 0 255
-0.25 0.25 12526.7 3212.19 0 0 255
-0.225 0.25 12526.7 3212.19 0 0 255
-0.2 0.25 12526.7 3212.19 0 0 255
-0.175 0.25 12526.7 3212.19 0 0 255
-0.15 0.25 7426.8 3459.79 0 0 255
-0.125 0.25 2326.93 3707.39 0 0 255
-0.1 0.25 -2772.64 3955.03 0 0 255
-0.075 0.25 -2772.64 3955.03 0 0 255
-0.05 0.25 -2772.64 3955.03 0 0 255
-0.025 0.25 -2772.64 3955.03 0 0 255
0 0.25 -2772.64 3955.03 0 0 255
0.025 0.25 -2772.64 3955.03 0 0 255
0.05 0.25 -2772.64 3955.03 0 0 255
0.075 0.25 -2772.64 3955.03 0 0 255
0.1 0.25 -2772.64 3955.03 0 0 255
0.125 0.25 -2772.64 3955.03 0 0 255
0.15 0.25 -2772.64 3955.03 0 0 255
0.175 0.25 -2772.64 3955.03 0 0 255
0.2 0.25 -2772.64 3955.03 0 0 255
0.225 0.25 -2772.64 3955.03 0 0 255
0.25 0.25 -2772.64 3955.03 0 0 255
0.275 0.25 -2772.64 3955.03 0 0 255
0.3 0.25 -2772.64 3955.03 0 0 255
0.325 0.25 -2772.64 3955.03 0 0 255
0.35 0.25 -2772.64 3955.03 0 0 255
0.375 0.25 -2772.64 3955.03 0 0 255
0.4 0.25 -2772.64 3955.03 0 0 255
0.425 0.25 -2772.64 3955.03 0 0 255
0.45 0.25 -2772.64 3955.03 0 0 255
0.475 0.25 -2772.64 3955.03 0 0 255
0.5 0.25 -2772.64 3955.03 0 0 255
-0.5 0.225 12526.7 3212.19 0 0 255
-0.475 0.225 12526.7 3212.19 0 0 255
-0.45 0.225 12526.7 3212.19 0 0 255
-0.425 0.225 12526.7 3212.19 0 0 255
-0.4 0.225 12526.7 3212.19 0 0 255
-0.375 0.225 12526.7 3212.19 0 0 255
-0.35 0.225 12526.7 3212.19 0 0 255
-0.325 0.225 12526.7 3212.19 0 0 255
-0.3 0.225 12526.7 3212.19 0 0 255
-0.275 0.225 12526.7 3212.19 0 0 255
-0.25 0.225 12526.7 3212.19 0 0 255
-0.225 0.225 12526.7 3212.19 0 0 255
-0.2 0.225 12526.7 3212.19 0 0 255
-0.175 0.225 12526.7 3212.19 0 0 255
-0.15 0.225 7426.8 3459.79 0 0 255
-0.125 0.225 2326.93 3707.39 0 0 255
-0.1 0.225 -2772.64 3955.03 0 0 255
-0.075 0.225 -2772.64 3955.03 0 0 255
-0.05 0.225 -2772.64 3955.03 0 0 255
-0.025 0.225 -2772.64 3955.03 0 0 255
0 0.225 -2772.64 3955.03 0 0 255
0.025 0.225 -2772.64 3955.03 0 0 255
0.05 0.225 -2772.64 3955.03 0 0 255
0.075 0.225 -2772.64 3955.03 0 0 255
0.1 0.225 -2772.64 3955.03 0 0 255
0.125 0.225 -2772.64 3955.03 0 0 255
0.15 0.225 -2772.64 3955.03 0 0 255
0.175 0.225 -2772.64 3955.03 0 0 255
0.2 0.225 -2772.64 3955.03 0 0 255
0.225 0.225 -2772.64 3955.03 0 0 255
0.25 0.225 -2772.64 3955.03 0 0 255
0.275 0.225 -2772.64 3955.03 0 0 255
0.3 0.225 -2772.64 3955.03 0 0 255
0.325 0.225 -2772.64 3955.03 0 0 255
0.35 0.225 -2772.64 3955.03 0 0 255
0.375 0.225 -2772.64 3955.03 0 0 255
0.4 0.225 -2772.64 3955.03 0 0 255
0.425 0.225 -2772.64 3955.03 0 0 255
0.45 0.225 -2772.64 3955.03 0 0 255
0.475 0.225 -2772.64 3955.03 0 0 255
0.5 0.225 -2772.64 3955.03 0 0 255
-0.5 0.2 12526.7 3212.19 0 0 255
-0.475 0.2 12526.7 3212.19 0 0 255
-0.45 0.2 12526.7 3212.19 0 0 255
-0.425 0.2 12526.7 3212.19 0 0 255
-0.4 0.2 12526.7 3212.19 0 0 255
-0.375 0.2 12526.7 3212.19 0 0 255
-0.35 0.2 12526.7 3212.19 0 0 255
-0.325 0.2 12526.7 3212.19 0 0 255
-0.3 0.2 12526.7 3212.19 0 0 255
-0.275 0.2 12526.7 3212.19 0 0 255
-0.25 0.2 12526.7 3212.19 0 0 255
-0.225 0.2 12526.7 3212.19 0 0 255
-0.2 0.2 12526.7 3212.19 0 0 255
-0.175 0.2 12526.7 3212.19 0 0 255
-0.15 0.2 7426.8 3459.79 0 0 255
-0.125 0.2 2326.93 3707.39 0 0 255
-0.1 0.2 -2772.64 3955.03 0 0 255
-0.075 0.2 -2772.64 3955.03 0 0 255
-0.05 0.2 -2772.64 3955.03 0 0 255
-0.025 0.2 -2772.64 3955.03 0 0 255
0 0.2 -2772.64 3955.03 0 0 255
0.025 0.2 -2772.64 3955.03 0 0 255
0.05 0.2 -2772.64 3955.03 0 0 255
0.075 0.2 -2772.64 3955.03 0 0 255
0.1 0.2 -2772.64 3955.03 0 0 255
0.125 0.2 -2772.64 3955.03 0 0 255
0.15 0.2 -2772.64 3955.03 0 0 255
0.175 0.2 -2772.64 3955.03 0 0 255
0.2 0.2 -2772.64 3955.03 0 0 255
0.225 0.2 -2772.64 3955.03 0 0 255
0.25 0.2 -2772.64 3955.03 0 0 255
0.275 0.2 -2772.64 3955.03 0 0 255
0.3 0.2 -2772.64 3955.03 0 0 255
0.325 0.2 -2772.64 3955.03 0 0 255
0.35 0.2 -2772.64 3955.03 0 0 255
0.375 0.2 -2772.64 3955.03 0 0 255
0.4 0.2 -2772.64 3955.03 0 0 255
0.425 0.2 -2772.64 3955.03 0 0 255
0.45 0.2 -2772.64 3955.03 0 0 255
0.475 0.2 -2772.64 3955.03 0 0 255
0.5 0.2 -2772.64 3955.03 0 0 255
-0.5 0.175 12526.7 3212.19 0 0 255
-0.475 0.175 12526.7 3212.19 0 0 255
-0.45 0.175 12526.7 3212.19 0 0 255
-0.425 0.175 12526.7 3212.19 0 0 255
-0.4 0.175 12526.7 3212.19 0 0 255
-0.375 0.175 12526.7 3212.19 0 0 255
-0.35 0.175 12526.7 3212.19 0 0 255
-0.325 0.175 12526.7 3212.19 0 0 255
-0.3 0.175 12526.7 3212.19 0 0 255
-0.275 0.175 12526.7 3212.19 0 0 255
-0.25 0.175 12526.7 3212.19 0 0 255
-0.225 0.175 12526.7 3212.19 0 0 255
-0.2 0.175 12526.7 3212.19 0 0 255
-0.175 0.175 12526.7 3212.19 0 0 255
-0.15 0.175 7426.8 3459.79 0 0 255
-0.125 0.175 2326.93 3707.39 0 0 255
-0.1 0.175 -2772.64 3955.03 0 0 255
-0.075 0.175 -2772.64 3955.03 0 0 255
-0.05 0.175 -2772.64 3955.03 0 0 255
-0.025 0.175 -2772.64 3955.03 0 0 255
0 0.175 -2772.64 3955.03 0 0 255
0.025 0.175 -2772.64 3955.03 0 0 255
0.05 0.175 -2772.64 3955.03 0 0 255
0.075 0.175 -2772.64 3955.03 0 0 255
0.1 0.175 -2772.64 3955.03 0 0 255
0.125 0.175 -2772.64 3955.03 0 0 255
0.15 0.175 -2772.64 3955.03 0 0 255
0.175 0.175 -2772.64 3955.03 0 0 255
0.2 0.175 -2772.64 3955.03 0 0 255
0.225 0.175 -2772.64 3955.03 0 0 255
0.25 0.175 -2772.64 3955.03 0 0 255
0.275 0.175 -2772.64 3955.03 0 0 255
0.3 0.175 -2772.64 3955.03 0 0 255
0.325 0.175 -2772.64 3955.03 0 0 255
0.35 0.175 -2772.64 3955.03 0 0 255
0.375 0.175 -2772.64 3955.03 0 0 255
0.4 0.175 -2772.64 3955.03 0 0 255
0.425 0.175 -2772.64 3955.03 0 0 255
0.45 0.175 -2772.64 3955.03 0 0 255
0.475 0.175 -2772.64 3955.03 0 0 255
0.5 0.175 -2772.64 3955.03 0 0 255
-0.5 0.15 12526.7 3212.19 0 0 255
-0.475 0.15 12526.7 3212.19 0 0 255
-0.45 0.15 12526.7 3212.19 0 0 255
-0.425 0.15 12526.7 3212.19 0 0 255
-0.4 0.15 12526.7 3212.19 0 0 255
-0.375 0.15 12526.7 3212.19 0 0 255
-0.35 0.15 12526.7 3212.19 0 0 255
-0.325 0.15 12526.7 3212.19 0 0 255
-0.3 0.15 12526.7 3212.19 0 0 255
-0.275 0.15 12526.7 3212.19 0 0 255
-0.25 0.15 12526.7 3212.19 0 0 255
-0.225 0.15 12526.7 3212.19 0 0 255
-0.2 0.15 12526.7 3212.19 0 0 255
-0.175 0.15 12526.7 3212.19 0 0 255
-0.15 0.15 7426.8 3459.79 0 0 255
-0.125 0.15 2326.93 3707.39 0 0 255
-0.1 0.15 -2772.64 3955.03 0 0 255
-0.075 0.15 -2772.64 3955.03 0 0 255
-0.05 0.15 -2772.64 3955.03 0 0 255
-0.025 0.15 -2772.64 3955.03 0 0 255
0 0.15 -2772.64 3955.03 0 0 255
0.025 0.15 -2772.64 3955.03 0 0 255
0.05 0.15 -2772.64 3955.03 0 0 255
0.075 0.15 -2772.64 3955.03 0 0 255
0.1 0.15 -2772.64 3955.03 0 0 255
0.125 0.15 -2772.64 3955.03 0 0 255
0.15 0.15 -2772.64 3955.03 0 0 255
0.175 0.15 -2772.64 3955.03 0 0 255
0.2 0.15 -2772.64 3955.03 0 0 255
0.225 0.15 -2772.64 3955.03 0 0 255
0.25 0.15 -2772.64 3955.03 0 0 255
0.275 0.15 -2772.64 3955.03 0 0 255
0.3 0.15 -2772.64 3955.03 0 0 255
0.325 0.15 -2772.64 3955.03 0 0 255
0.35 0.15 -2772.64 3955.03 0 0 255
0.375 0.15 -2772.64 3955.03 0 0 255
0.4 0.15 -2772.64 3955.03 0 0 255
0.425 0.15 -2772.64 3955.03 0 0 255
0.45 0.15 -2772.64 3955.03 0 0 255
0.475 0.15 -2772.64 3955.03 0 0 255
0.5 0.15 -2772.64 3955.03 0 0 255
-0.5 0.125 12526.7 3212.19 0 0 255
-0.475 0.125 12526.7 3212.19 0 0 255
-0.45 0.125 12526.7 3212.19 0 0 255
-0.425 0.125 12526.7 3212.19 0 0 255
-0.4 0.125 12526.7 3212.19 0 0 255
-0.375 0.125 12526.7 3212.19 0 0 255
-0.35 0.125 12526.7 3212.19 0 0 255
-0.325 0.125 12526.7 3212.19 0 0 255
-0.3 0.125 12526.7 3212.19 0 0 255
-0.275 0.125 12526.7 3212.19 0 0 255
-0.25 0.125 12526.7 3212.19 0 0 255
-0.225 0.125 12526.7 3212.19 0 0 255
-0.2 0.125 12526.7 3212.19 0 0 255
-0.175 0.125 12526.7 3212.19 0 0 255
-0.15 0.125 7426.8 3459.79 0 0 255
-0.125 0.125 2326.93 3707.39 0 0 255
-0.1 0.125 -2772.64 3955.03 0 0 255
-0.075 0.125 -2772.64 3955.03 0 0 255
-0.05 0.125 -2772.64 3955.03 0 0 255
-0.025 0.125 -2772.64 3955.03 0 0 255
0 0.125 -2772.64 3955.03 0 0 255
0.025 0.125 -2772.64 3955.03 0 0 255
0.05 0.125 -2772.64 3955.03 0 0 255
0.075 0.125 -2772.64 3955.03 0 0 255
0.1 0.125 -2772.64 3955.03 0 0 255
0.125 0.125 -2772.64 3955.03 0 0 255
0.15 0.125 -2772.64 3955.03 0 0 255
0.175 0.125 -2772.64 3955.03 0 0 255
0.2 0.125 -2772.64 3955.03 0 0 255
0.225 0.125 -2772.64 3955.03 0 0 255
0.25 0.125 -2772.64 3955.03 0 0 255
0.275 0.125 -2772.64 3955.03 0 0 255
0.3 0.125 -2772.64 3955.03 0 0 255
0.325 0.125 -2772.64 3955.03 0 0 255
0.35 0.125 -2772.64 3955.03 0 0 255
0.375 0.125 -2772.64 3955.03 0 0 255
0.4 0.125 -2772.64 3955.03 0 0 255
0.425 0.125 -2772.64 3955.03 0 0 255
0.45 0.125 -2772.64 3955.03 0 0 255
0.475 0.125 -2772.64 3955.03 0 0 255
0.5 0.125 -2772.64 3955.03 0 0 255
-0.5 0.1 12526.7 3212.19 0 0 255
-0.475 0.1 12526.7 3212.19 0 0 255
-0.45 0.1 12526.7 3212.19 0 0 255
-0.425 0.1 12526.7 3212.19 0 0 255
-0.4 0.1 12526.7 3212.19 0 0 255
-0.375 0.1 12526.7 3212.19 0 0 255
-0.35 0.1 12526.7 3212.19 0 0 255
-0.325 0.1 12526.7 3212.19 0 0 255
-0.3 0.1 12526.7 3212.19 0 0 255
-0.275 0.1 12526.7 3212.19 0 0 255
-0.25 0.1 12526.7 3212.19 0 0 255
-0.225 0.1 12526.7 3212.19 0 0 255
-0.2 0.1 12526.7 3212.19 0 0 255
-0.175 0.1 12526.7 3212.19 0 0 255
-0.15 0.1 7426.8 3459.79 0 0 255
-0.125 0.1 2326.93 3707.39 0 0 255
-0.1 0.1 -2772.64 3955.03 0 0 255
-0.075 0.1 -2772.64 3955.03 0 0 255
-0.05 0.1 -2772.64 3955.03 0 0 255
-0.025 0.1 -2772.64 3955.03 0 0 255
0 0.1 -2772.64 3955.03 0 0 255
0.025 0.1 -2772.64 3955.03 0 0 255
0.05 0.1 -2772.64 3955.03 0 0 255
0.075 0.1 -2772.64 3955.03 0 0 255
0.1 0.1 -2772.64 3955.03 0 0 255
0.125 0.1 -2772.64 3955.03 0 0 255
0.15 0.1 -2772.64 3955.03 0 0 255
0.175 0.1 -2772.64 3955.03 0 0 255
0.2 0.1 -2772.64 3955.03 0 0 255
0.225 0.1 -2772.64 3955.03 0 0 255
0.25 0.1 -2772.64 3955.03 0 0 255
0.275 0.1 -2772.64 3955.03 0 0 255
0.3 0.1 -2772.64 3955.03 0 0 255
0.325 0.1 -2772.64 3955.03 0 0 255
0.35 0.1 -2772.64 3955.03 0 0 255
0.375 0.1 -2772.64 3955.03 0 0 255
0.4 0.1 -2772.64 3955.03 0 0 255
0.425 0.1 -2772.64 3955.03 0 0 255
0.45 0.1 -2772.64 3955.03 0 0 255
0.475 0.1 -2772.64 3955.03 0 0 255
0.5 0.1 -2772.64 3955.03 0 0 255
-0.5 0.075 12526.7 3212.19 0 0 255
-0.475 0.075 12526.7 3212.19 0 0 255
-0.45 0.075 12526.7 3212.19 0 0 255
-0.425 0.075 12526.7 3212.19 0 0 255
-0.4 0.075 12526.7 3212.19 0 0 255
-0.375 0.075 12526.7 3212.19 0 0 255
-0.35 0.075 12526.7 3212.19 0 0 255
-0.325 0.075 12526.7 3212.19 0 0 255
-0.3 0.075 12526.7 3212.19 0 0 255
-0.275 0.075 12526.7 3212.19 0 0 255
-0.25 0.075 12526.7 3212.19 0 0 255
-0.225 0.075 12526.7 3212.19 0 0 255
-0.2 0.075 12526.7 3212.19 0 0 255
-0.175 0.075 12526.7 3212.19 0 0 255
-0.15 0.075 7426.8 3459.79 0 0 255
-0.125 0.075 2326.93 3707.39 0 0 255
-0.1 0.075 -2772.64 3955.03 0 0 255
-0.075 0.075 -2772.64 3955.03 0 0 255
-0.05 0.075 -2772.64 3955.03 0 0 255
-0.025 0.075 -2772.64 3955.03 0 0 255
0 0.075 -2772.64 3955.03 0 0 255
0.025 0.075 -2772.64 3955.03 0 0 255
0.05 0.075 -2772.64 3955.03 0 0 255
0.075 0.075 -2772.64 3955.03 0 0 255
0.1 0.075 -2772.64 3955.03 0 0 255
0.125 0.075 -2772.64 3955.03 0 0 255
0.15 0.075 -2772.64 3955.03 0 0 255
0.175 0.075 -2772.64 3955.03 0 0 255
0.2 0.075 -2772.64 3955.03 0 0 255
0.225 0.075 -2772.64 3955.03 0 0 255
0.25 0.075 -2772.64 3955.03 0 0 255
0.275 0.075 -2772.64 3955.03 0 0 255
0.3 0.075 -2772.64 3955.03 0 0 255
0.325 0.075 -2772.64 3955.03 0 0 255
0.35 0.075 -2772.64 3955.03 0 0 255
0.375 0.075 -2772.64 3955.03 0 0 255
0.4 0.075 -2772.64 3955.03 0 0 255
0.425 0.075 -2772.64 3955.03 0 0 255
0.45 0.075 -2772.64 3955.03 0 0 255
0.475 0.075 -2772.64 3955.03 0 0 255
0.5 0.075 -2772.64 3955.03 0 0 255
-0.5 0.05 12526.7 3212.19 0 0 255
-0.475 0.05 12526.7 3212.19 0 0 255
-0.45 0.05 12526.7 3212.19 0 0 255
-0.425 0.05 12526.7 3212.19 0 0 255
-0.4 0.05 12526.7 3212.19 0 0 255
-0.375 0.05 12526.7 3212.19 0 0 255
-0.35 0.05 12526.7 3212.19 0 0 255
-0.325 0.05 12526.7 3212.19 0 0 255
-0.3 0.05 12526.7 3212.19 0 0 255
-0.275 0.05 12526.7 3212.19 0 0 255
-0.25 0.05 12526.7 3212.19 0 0 255
-0.225 0.05 12526.7 3212.19 0 0 255
-0.2 0.05 12526.7 3212.19 0 0 255
-0.175 0.05 12526.7 3212.19 0 0 255
-0.15 0.05 7426.8 3459.79 0 0 255
-0.125 0.05 2326.93 3707.39 0 0 255
-0.1 0.05 -2772.64 3955.03 0 0 255
-0.075 0.05 -2772.64 3955.03 0 0 255
-0.05 0.05 -2772.64 3955.03 0 0 255
-0.025 0.05 -2772.64 3955.03 0 0 255
0 0.05 -2772.64 3955.03 0 0 255
0.025 0.05 -2772.64 3955.03 0 0 255
0.05 0.05 -2772.64 3955.03 0 0 255
0.075 0.05 -2772.64 3955.03 0 0 255
0.1 0.05 -2772.64 3955.03 0 0 255
0.125 0.05 -2772.64 3955.03 0 0 255
0.15 0.05 -2772.64 3955.03 0 0 255
0.175 0.05 -2772.64 3955.03 0 0 255
0.2 0.05 -2772.64 3955.03 0 0 255
0.225 0.05 -2772.64 3955.03 0 0 255
0.25 0.05 -2772.64 3955.03 0 0 255
0.275 0.05 -2772.64 3955.03 0 0 255
0.3 0.05 -2772.64 3955.03 0 0 255
0.325 0.05 -2772.64 3955.03 0 0 255
0.35 0.05 -2772.64 3955.03 0 0 255
0.375 0.05 -2772.64 3955.03 0 0 255
0.4 0.05 -2772.64 3955.03 0 0 255
0.425 0.05 -2772.64 3955.03 0 0 255
0.45 0.05 -2772.64 3955.03 0 0 255
0.475 0.05 -2772.64 3955.03 0 0 255
0.5 0.05 -2772.64 3955.03 0 0 255
-0.5 0.025 12526.7 3212.19 0 0 255
-0.475 0.025 12526.7 3212.19 0 0 255
-0.45 0.025 12526.7 3212.19 0 0 255
-0.425 0.025 12526.7 3212.19 0 0 255
-0.4 0.025 12526.7 3212.19 0 0 255
-0.375 0.025 12526.7 3212.19 0 0 255
-0.35 0.025 12526.7 3212.19 0 0 255
-0.325 0.025 12526.7 3212.19 0 0 255
-0.3 0.025 12526.7 3212.19 0 0 255
-0.275 0.025 12526.7 3212.19 0 0 255
-0.25 0.025 12526.7 3212.19 0 0 255
-0.225 0.025 12526.7 3212.19 0 0 255
-0.2 0.025 12526.7 3212.19 0 0 255
-0.175 0.025 12526.7 3212.19 0 0 255
-0.15 0.025 7426.8 3459.79 0 0 255
-0.125 0.025 2326.93 3707.39 0 0 255
-0.1 0.025 -2772.64 3955.03 0 0 255
-0.075 0.025 -2772.64 3955.03 0 0 255
-0.05 0.025 -2772.64 3955.03 0 0 255
-0.025 0.025 -2772.64 3955.03 0 0 255
0 0.025 -2772.64 3955.03 0 0 255
0.025 0.025 -2772.64 3955.03 0 0 255
0.05 0.025 -2772.64 3955.03 0 0 255
0.075 0.025 -2772.64 3955.03 0 0 255
0.1 0.025 -2772.64 3955.03 0 0 255
0.125 0.025 -2772.64 3955.03 0 0 255
0.15 0.025 -2772.64 3955.03 0 0 255
0.175 0.025 -2772.64 3955.03 0 0 255
0.2 0.025 -2772.64 3955.03 0 0 255
0.225 0.025 -2772.64 3955.03 0 0 255
0.25 0.025 -2772.64 3955.03 0 0 255
0.275 0.025 -2772.64 3955.03 0 0 255
0.3 0.025 -2772.64 3955.03 0 0 255
0.325 0.025 -2772.64 3955.03 0 0 255
0.35 0.025 -2772.64 3955.03 0 0 255
0.375 0.025 -2772.64 3955.03 0 0 255
0.4 0.025 -2772.64 3955.03 0 0 255
0.425 0.025 -2772.64 3955.03 0 0 255
0.45 0.025 -2772.64 3955.03 0 0 255
0.475 0.025 -2772.64 3955.03 0 0 255
0.5 0.025 -2772.64 3955.03 0 0 255
-0.5 0 12526.7 3212.19 0 0 255
-0.475 0 12526.7 3212.19 0 0 255
-0.45 0 12526.7 3212.19 0 0 255
-0.425 0 12526.7 3212.19 0 0 255
-0.4 0 12526.7 3212.19 0 0 255
-0.375 0 12526.7 3212.19 0 0 255
-0.35 0 12526.7 3212.19 0 0 255
-0.325 0 12526.7 3212.19 0 0 255
-0.3 0 12526.7 3212.19 0 0 255
-0.275 0 12526.7 3212.19 0 0 255
-0.25 0 12526.7 3212.19 0 0 255
-0.225 0 12526.7 3212.19 0 0 255
-0.2 0 12526.7 3212.19 0 0 255
-0.175 0 12526.7 3212.19 0 0 255
-0.15 0 7426.8 3459.79 0 0 255
-0.125 0 2326.93 3707.39 0 0 255
-0.1 0 -2772.64 3955.03 0 0 255
-0.075 0 -2772.64 3955.03 0 0 255
-0.05 0 -2772.64 3955.03 0 0 255
-0.025 0 -2772.64 3955.03 0 0 255
0 0 -2772.64 3955.03 0 0 255
0.025 0 -2772.64 3955.03 0 0 255
0.05 0 -2772.64 3955.03 0 0 255
0.075 0 -2772.64 3955.03 0 0 255
0.1 0 -2772.64 3955.03 0 0 255
0.125 0 -2772.64 3955.03 0 0 255
0.15 0 -2772.64 3955.03 0 0 255
0.175 0 -2772.64 3955.03 0 0 255
0.2 0 -2772.64 3955.03 0 0 255
0.225 0 -2772.64 3955.03 0 0 255
0.25 0 -2772.64 3955.03 0 0 255
0.275 0 -2772.64 3955.03 0 0 255
0.3 0 -2772.64 3955.03 0 0 255
0.325 0 -2772.64 3955.03 0 0 255
0.35 0 -2772.64 3955.03 0 0 255
0.375 0 -2772.64 3955.03 0 0 255
0.4 0 -2772.64 3955.03 0 0 255
0.425 0 -2772.64 3955.03 0 0 255
0.45 0 -2772.64 3955.03 0 0 255
0.475 0 -2772.64 3955.03 0 0 255
0.5 0 -2772.64 3955.03 0 0 255
