-0.5 1 15798 -32554 0 0 255
-0.475 1 29549.9 -18330.8 0 0 255
-0.45 1 45899.8 -1420.45 0 0 255
-0.425 1 65368.5 18715.5 0 0 255
-0.4 1 88504.5 42644.4 0 0 255
-0.375 1 115761 70834.7 0 0 255
-0.35 1 147165 103315 0 0 255
-0.325 1 181459 138785 0 0 255
-0.3 1 213631 172059 0 0 255
-0.275 1 495609 454599 0 0 255
-0.25 1 580700 540121 0 0 255
-0.225 1 734451 694509 0 0 255
-0.2 1 946626 907445 0 0 255
-0.175 1 1.20265e+06 1.16429e+06 0 0 255
-0.15 1 1.48737e+06 1.44985e+06 0 0 255
-0.125 1 1.78718e+06 1.75048e+06 0 0 255
-0.1 1 2.0909e+06 2.05497e+06 0 0 255
-0.075 1 2.38997e+06 2.35476e+06 0 0 255
-0.05 1 2.67678e+06 2.64224e+06 0 0 255
-0.025 1 2.92879e+06 2.89507e+06 0 0 255
0 1 2.95631e+06 2.92506e+06 0 0 255
0.025 1 2.0837e+06 2.06162e+06 0 0 255
0.05 1 669.474 -1191.48 0 0 255
0.075 1 736.586 -2288.17 0 0 255
0.1 1 660.57 -2762.28 0 0 255
0.125 1 596.551 -2852.51 0 0 255
0.15 1 590.044 -2857.37 0 0 255
0.175 1 590.044 -2857.37 0 0 255
0.2 1 590.044 -2857.37 0 0 255
0.225 1 590.044 -2857.37 0 0 255
0.25 1 590.044 -2857.37 0 0 255
0.275 1 590.044 -2857.37 0 0 255
0.3 1 590.044 -2857.37 0 0 255
0.325 1 590.044 -2857.37 0 0 255
0.35 1 590.044 -2857.37 0 0 255
0.375 1 590.044 -2857.37 0 0 255
0.4 1 -1979.86 -1662.16 0 0 255
0.425 1 -4674.94 -525.658 0 0 255
0.45 1 -7429.52 610.216 0 0 255
0.475 1 -7412.74 1176.18 0 0 255
0.5 1 -7401.83 1544.39 0 0 255
-0.5 0.975 -3967.77 -52997.2 0 0 255
-0.475 0.975 8406.54 -40198.8 0 0 255
-0.45 0.975 23556.2 -24529.9 0 0 255
-0.425 0.975 42232.6 -5213.38 0 0 255
-0.4 0.975 65368.5 18715.5 0 0 255
-0.375 0.975 94032.3 48361.7 0 0 255
-0.35 0.975 129169 84703.1 0 0 255
-0.325 0.975 170640 127595 0 0 255
-0.3 0.975 213631 172059 0 0 255
-0.275 0.975 495609 454599 0 0 255
-0.25 0.975 614150 573739 0 0 255
-0.225 0.975 827382 787825 0 0 255
-0.2 0.975 1.11338e+06 1.07479e+06 0 0 255
-0.175 0.975 1.44606e+06 1.40848e+06 0 0 255
-0.15 0.975 1.80175e+06 1.76515e+06 0 0 255
-0.125 0.975 2.16163e+06 2.12595e+06 0 0 255
-0.1 0.975 2.51218e+06 2.47733e+06 0 0 255
-0.075 0.975 2.84452e+06 2.8104e+06 0 0 255
-0.05 0.975 3.14913e+06 3.11571e+06 0 0 255
-0.025 0.975 3.36817e+06 3.33587e+06 0 0 255
0 0.975 3.00024e+06 2.97294e+06 0 0 255
0.025 0.975 1.28239e+06 1.26873e+06 0 0 255
0.05 0.975 612.909 -267.131 0 0 255
0.075 0.975 906.646 -1227.48 0 0 255
0.1 0.975 970.588 -2325.34 0 0 255
0.125 0.975 631.118 -2826.73 0 0 255
0.15 0.975 590.044 -2857.37 0 0 255
0.175 0.975 590.044 -2857.37 0 0 255
0.2 0.975 590.044 -2857.37 0 0 255
0.225 0.975 590.044 -2857.37 0 0 255
0.25 0.975 590.044 -2857.37 0 0 255
0.275 0.975 590.044 -2857.37 0 0 255
0.3 0.975 590.044 -2857.37 0 0 255
0.325 0.975 590.044 -2857.37 0 0 255
0.35 0.975 590.044 -2857.37 0 0 255
0.375 0.975 590.044 -2857.37 255 0 0
0.4 0.975 -1979.86 -1662.16 255 0 0
0.425 0.975 -4674.94 -525.658 255 0 0
0.45 0.975 -7429.52 610.216 255 0 0
0.475 0.975 -7401.83 1544.39 0 0 255
0.5 0.975 -7390.92 1912.6 0 0 255
-0.5 0.95 -24961.6 -74710.5 0 0 255
-0.475 0.95 -14699.6 -64096.8 0 0 255
-0.45 0.95 -1706.75 -50658.7 0 0 255
-0.425 0.95 14976.5 -33403.7 0 0 255
-0.4 0.95 36704.8 -10930.7 0 0 255
-0.375 0.95 65368.5 18715.5 0 0 255
-0.35 0.95 103453 58105.6 0 0 255
-0.325 0.95 153470 109836 0 0 255
-0.3 0.95 213631 172059 0 0 255
-0.275 0.95 495609 454599 0 0 255
-0.25 0.95 671445 631325 0 0 255
-0.225 0.95 984066 945135 0 0 255
-0.2 0.95 1.38413e+06 1.34647e+06 0 0 255
-0.175 0.95 1.82392e+06 1.78748e+06 0 0 255
-0.15 0.95 2.26732e+06 2.232e+06 0 0 255
-0.125 0.95 2.6908e+06 2.65645e+06 0 0 255
-0.1 0.95 3.08113e+06 3.04762e+06 0 0 255
-0.075 0.95 3.4325e+06 3.39969e+06 0 0 255
-0.05 0.95 3.72939e+06 3.69728e+06 0 0 255
-0.025 0.95 3.79322e+06 3.76309e+06 0 0 255
0 0.95 2.48415e+06 2.46386e+06 0 0 255
0.025 0.95 366157 359771 0 0 255
0.05 0.95 524.595 21.6025 0 0 255
0.075 0.95 842.703 -129.611 0 0 255
0.1 0.95 2167.96 -556.842 0 0 255
0.125 0.95 2940.11 -1104.41 0 0 255
0.15 0.95 2870.71 -1332.5 0 0 255
0.175 0.95 2870.71 -1332.5 0 0 255
0.2 0.95 2870.71 -1332.5 0 0 255
0.225 0.95 2870.71 -1332.5 0 0 255
0.25 0.95 2870.71 -1332.5 0 0 255
0.275 0.95 2870.71 -1332.5 0 0 255
0.3 0.95 2870.71 -1332.5 0 0 255
0.325 0.95 2870.71 -1332.5 0 0 255
0.35 0.95 2870.71 -1332.5 0 0 255
0.375 0.95 2870.71 -1332.5 255 0 0
0.4 0.95 192.025 -160.332 255 0 0
0.425 0.95 -2505.39 954.91 255 0 0
0.45 0.95 -5214.17 1982.75 255 0 0
0.475 0.95 -7374.14 2478.57 255 0 0
0.5 0.95 -7374.14 2478.57 0 0 255
-0.5 0.925 -46402.7 -96886.5 0 0 255
-0.475 0.925 -39071.9 -89304.5 0 0 255
-0.45 0.925 -29425 -79326.9 0 0 255
-0.425 0.925 -16427.8 -65884.3 0 0 255
-0.4 0.925 1567.65 -47272.1 0 0 255
-0.375 0.925 27283.7 -20674.6 0 0 255
-0.35 0.925 65368.5 18715.5 0 0 255
-0.325 0.925 123806 79156.3 0 0 255
-0.3 0.925 213631 172059 0 0 255
-0.275 0.925 495609 454599 0 0 255
-0.25 0.925 782743 743185 0 0 255
-0.225 0.925 1.27933e+06 1.24153e+06 0 0 255
-0.2 0.925 1.86256e+06 1.82642e+06 0 0 255
-0.175 0.925 2.44457e+06 2.40986e+06 0 0 255
-0.15 0.925 2.9779e+06 2.94437e+06 0 0 255
-0.125 0.925 3.44372e+06 3.41111e+06 0 0 255
-0.1 0.925 3.83965e+06 3.80776e+06 0 0 255
-0.075 0.925 4.17127e+06 4.13994e+06 0 0 255
-0.05 0.925 4.3924e+06 4.36186e+06 0 0 255
-0.025 0.925 3.92176e+06 3.8956e+06 0 0 255
0 0.925 1.22982e+06 1.21898e+06 0 0 255
0.025 0.925 3536.61 -470.061 0 0 255
0.05 0.925 512.696 27.2584 0 0 255
0.075 0.925 466.977 -8.48558 0 0 255
0.1 0.925 1395.82 -9.27098 0 0 255
0.125 0.925 3301.47 83.2857 0 0 255
0.15 0.925 5067.99 169.636 0 0 255
0.175 0.925 5067.99 169.636 0 0 255
0.2 0.925 5067.99 169.636 0 0 255
0.225 0.925 5067.99 169.636 0 0 255
0.25 0.925 5067.99 169.636 0 0 255
0.275 0.925 5067.99 169.636 0 0 255
0.3 0.925 5067.99 169.636 0 0 255
0.325 0.925 5067.99 169.636 0 0 255
0.35 0.925 5067.99 169.636 0 0 255
0.375 0.925 5067.99 169.636 255 0 0
0.4 0.925 2345.93 1331.98 255 0 0
0.425 0.925 -359.324 2415.42 255 0 0
0.45 0.925 -3133.97 3132.74 255 0 0
0.475 0.925 -6411.93 2885.72 255 0 0
0.5 0.925 -6411.93 2885.72 0 0 255
-0.5 0.9 -66734.8 -117916 0 0 255
-0.475 0.9 -63043.3 -114097 0 0 255
-0.45 0.9 -57965.3 -108845 0 0 255
-0.425 0.9 -50721.8 -101354 0 0 255
-0.4 0.9 -39902.9 -90163.9 0 0 255
-0.375 0.9 -22732.7 -72405.3 0 0 255
-0.35 0.9 6930.65 -41725.2 0 0 255
-0.325 0.9 65368.5 18715.5 0 0 255
-0.3 0.9 213631 172059 255 0 0
-0.275 0.9 495609 454599 255 0 0
-0.25 0.9 1.05636e+06 1.01819e+06 0 0 255
-0.225 0.9 1.95221e+06 1.91678e+06 0 0 255
-0.2 0.9 2.81437e+06 2.78095e+06 0 0 255
-0.175 0.9 3.51879e+06 3.48673e+06 0 0 255
-0.15 0.9 4.06108e+06 4.02992e+06 0 0 255
-0.125 0.9 4.47116e+06 4.44059e+06 0 0 255
-0.1 0.9 4.78134e+06 4.75117e+06 0 0 255
-0.075 0.9 5.01792e+06 4.98802e+06 0 0 255
-0.05 0.9 4.96799e+06 4.93951e+06 0 0 255
-0.025 0.9 3.13019e+06 3.11139e+06 0 0 255
0 0.9 3413.55 -450.573 0 0 255
0.025 0.9 3536.61 -470.061 0 0 255
0.05 0.9 512.704 27.2641 0 0 255
0.075 0.9 450.454 -8.47161 0 0 255
0.1 0.9 1029.87 -27.0452 0 0 255
0.125 0.9 998.417 -29.2916 0 0 255
0.15 0.9 3615.99 -2903.97 0 0 255
0.175 0.9 5035.02 303.605 0 0 255
0.2 0.9 5028.22 331.248 0 0 255
0.225 0.9 5019.14 368.168 0 0 255
0.25 0.9 5006.64 418.955 0 0 255
0.275 0.9 4988.82 491.399 0 0 255
0.3 0.9 4962.2 599.602 0 0 255
0.325 0.9 4919.95 771.326 0 0 255
0.35 0.9 4846.95 1068 0 0 255
0.375 0.9 4703.16 1652.45 0 0 255
0.4 0.9 4338.33 3135.27 255 0 0
0.425 0.9 1277.93 3440.8 255 0 0
0.45 0.9 -1823.04 3303.93 255 0 0
0.475 0.9 -4939.33 3076.73 255 0 0
0.5 0.9 -4939.33 3076.73 0 0 255
-0.5 0.875 -82893.9 -134628 0 0 255
-0.475 0.875 -82893.9 -134628 0 0 255
-0.45 0.875 -82893.9 -134628 0 0 255
-0.425 0.875 -82893.9 -134628 0 0 255
-0.4 0.875 -82893.9 -134628 0 0 255
-0.375 0.875 -82893.9 -134628 0 0 255
-0.35 0.875 -82893.9 -134628 0 0 255
-0.325 0.875 -82893.9 -134628 255 0 0
-0.3 0.875 61670.7 22958.9 255 0 0
-0.275 0.875 206878 180923 255 0 0
-0.25 0.875 3.14912e+06 3.12154e+06 0 0 255
-0.225 0.875 4.30881e+06 4.28059e+06 0 0 255
-0.2 0.875 4.89748e+06 4.86892e+06 0 0 255
-0.175 0.875 5.23822e+06 5.20948e+06 0 0 255
-0.15 0.875 5.45292e+06 5.42406e+06 0 0 255
-0.125 0.875 5.59666e+06 5.56772e+06 0 0 255
-0.1 0.875 5.69743e+06 5.66844e+06 0 0 255
-0.075 0.875 5.77069e+06 5.74166e+06 0 0 255
-0.05 0.875 4.83097e+06 4.80638e+06 0 0 255
-0.025 0.875 1.29239e+06 1.28327e+06 0 0 255
0 0.875 3390.41 -446.908 0 0 255
0.025 0.875 3536.61 -470.061 0 0 255
0.05 0.875 512.704 27.2641 0 0 255
0.075 0.875 450.454 -8.47161 0 0 255
0.1 0.875 1029.87 -27.0452 0 0 255
0.125 0.875 992.501 -29.7141 0 0 255
0.15 0.875 1477.43 -7737.95 0 0 255
0.175 0.875 4080.8 -8402.65 0 0 255
0.2 0.875 4964.05 764.035 0 0 255
0.225 0.875 4943.88 900.051 0 0 255
0.25 0.875 4918.4 1080.14 0 0 255
0.275 0.875 4886.25 1321.04 0 0 255
0.3 0.875 4846.29 1644.29 0 0 255
0.325 0.875 4798.8 2072.28 0 0 255
0.35 0.875 4748.67 2610.73 0 0 255
0.375 0.875 4711.3 3197.19 0 0 255
0.4 0.875 4713.49 3611.1 255 0 0
0.425 0.875 1552.9 3315.14 255 0 0
0.45 0.875 -1580.14 3013.46 255 0 0
0.475 0.875 -4711.14 2711.5 255 0 0
0.5 0.875 -4711.14 2711.5 0 0 255
-0.5 0.85 -192975 -247221 0 0 255
-0.475 0.85 -192975 -247221 0 0 255
-0.45 0.85 -192975 -247221 0 0 255
-0.425 0.85 -192975 -247221 0 0 255
-0.4 0.85 -192975 -247221 0 0 255
-0.375 0.85 -192975 -247221 0 0 255
-0.35 0.85 -192975 -247221 0 0 255
-0.325 0.85 -192975 -247221 255 0 0
-0.3 0.85 -48244.9 -89734.4 255 0 0
-0.275 0.85 107223 78430.6 255 0 0
-0.25 0.85 6.09137e+06 6.06215e+06 255 0 0
-0.225 0.85 6.09137e+06 6.06215e+06 0 0 255
-0.2 0.85 6.09137e+06 6.06215e+06 0 0 255
-0.175 0.85 6.09137e+06 6.06215e+06 0 0 255
-0.15 0.85 6.09137e+06 6.06215e+06 0 0 255
-0.125 0.85 6.09137e+06 6.06215e+06 0 0 255
-0.1 0.85 6.09137e+06 6.06215e+06 0 0 255
-0.075 0.85 6.09137e+06 6.06215e+06 0 0 255
-0.05 0.85 2.92344e+06 2.90786e+06 0 0 255
-0.025 0.85 3082.82 -399.551 0 0 255
0 0.85 3360.24 -442.13 0 0 255
0.025 0.85 3536.61 -470.061 0 0 255
0.05 0.85 512.704 27.2641 0 0 255
0.075 0.85 450.454 -8.47161 0 0 255
0.1 0.85 1029.87 -27.0452 0 0 255
0.125 0.85 984.791 -30.2648 0 0 255
0.15 0.85 1619.06 -9989.23 0 0 255
0.175 0.85 2556.72 -24219.9 0 0 255
0.2 0.85 4958.32 -8044 0 0 255
0.225 0.85 4838.64 1965.86 0 0 255
0.25 0.85 4807.65 2279.77 0 0 255
0.275 0.85 4776.54 2616.75 0 0 255
0.3 0.85 4748.54 2947.44 0 0 255
0.325 0.85 4727.53 3227.51 0 0 255
0.35 0.85 4716.14 3412.12 0 0 255
0.375 0.85 4713.05 3488.04 0 0 255
0.4 0.85 4713.11 3497.79 255 0 0
0.425 0.85 1566.28 3031.86 255 0 0
0.45 0.85 -1574.48 2633.92 255 0 0
0.475 0.85 -4714.93 2245.33 255 0 0
0.5 0.85 -4714.93 2245.33 0 0 255
-0.5 0.825 -302908 -359908 0 0 255
-0.475 0.825 -302908 -359908 0 0 255
-0.45 0.825 -302908 -359908 0 0 255
-0.425 0.825 -302908 -359908 0 0 255
-0.4 0.825 -302908 -359908 0 0 255
-0.375 0.825 -302908 -359908 0 0 255
-0.35 0.825 -302908 -359908 0 0 255
-0.325 0.825 -302908 -359908 255 0 0
-0.3 0.825 -158222 -202418 255 0 0
-0.275 0.825 -13083.2 -44380.3 255 0 0
-0.25 0.825 3.03914e+06 3.00889e+06 0 0 255
-0.225 0.825 4.24218e+06 4.21234e+06 0 0 255
-0.2 0.825 4.85285e+06 4.82321e+06 0 0 255
-0.175 0.825 5.20633e+06 5.17681e+06 0 0 255
-0.15 0.825 5.42905e+06 5.39961e+06 0 0 255
-0.125 0.825 5.57817e+06 5.54878e+06 0 0 255
-0.1 0.825 5.68271e+06 5.65336e+06 0 0 255
-0.075 0.825 3.28244e+06 3.26442e+06 0 0 255
-0.05 0.825 2666.74 -341.31 0 0 255
-0.025 0.825 2995.64 -386.17 0 0 255
0 0.825 3319.95 -435.749 0 0 255
0.025 0.825 3536.61 -470.061 0 0 255
0.05 0.825 512.704 27.2641 0 0 255
0.075 0.825 450.454 -8.47161 0 0 255
0.1 0.825 1029.87 -27.0452 0 0 255
0.125 0.825 974.493 -31.0004 0 0 255
0.15 0.825 1818.39 -13119.1 0 0 255
0.175 0.825 2922.93 -29777.6 0 0 255
0.2 0.825 5231.52 -30893.7 0 0 255
0.225 0.825 6679.81 1227.62 0 0 255
0.25 0.825 6242.16 3982.56 0 0 255
0.275 0.825 5712.34 3838.76 0 0 255
0.3 0.825 5205.46 3689.52 0 0 255
0.325 0.825 4795.46 3565.07 0 0 255
0.35 0.825 4545.89 3484.92 0 0 255
0.375 0.825 4461.22 3453.34 0 0 255
0.4 0.825 4459.9 3449.83 255 0 0
0.425 0.825 1312.46 2756.04 255 0 0
0.45 0.825 -1827.78 2127.28 255 0 0
0.475 0.825 -4968.2 1541.01 255 0 0
0.5 0.825 -4968.2 1541.01 0 0 255
-0.5 0.8 -302908 -359908 0 0 255
-0.475 0.8 -302908 -359908 0 0 255
-0.45 0.8 -302908 -359908 0 0 255
-0.425 0.8 -302908 -359908 0 0 255
-0.4 0.8 -302908 -359908 0 0 255
-0.375 0.8 -302908 -359908 0 0 255
-0.35 0.8 -302908 -359908 0 0 255
-0.325 0.8 -302908 -359908 0 0 255
-0.3 0.8 -158222 -202418 0 0 255
-0.275 0.8 -13083.2 -44380.3 0 0 255
-0.25 0.8 1.8361e+06 1.80544e+06 0 0 255
-0.225 0.8 3.03914e+06 3.00889e+06 0 0 255
-0.2 0.8 3.82318e+06 3.79319e+06 0 0 255
-0.175 0.8 4.35259e+06 4.32278e+06 0 0 255
-0.15 0.8 4.72305e+06 4.69337e+06 0 0 255
-0.125 0.8 4.99062e+06 4.96103e+06 0 0 255
-0.1 0.8 3.24684e+06 3.22687e+06 0 0 255
-0.075 0.8 2238.17 -290.642 0 0 255
-0.05 0.8 2534.06 -323.213 0 0 255
-0.025 0.8 2885.83 -369.382 0 0 255
0 0.8 3264.52 -426.972 0 0 255
0.025 0.8 3536.61 -470.061 0 0 255
0.05 0.8 512.704 27.2641 0 0 255
0.075 0.8 450.454 -8.47161 0 0 255
0.1 0.8 1029.87 -27.0452 0 0 255
0.125 0.8 960.327 -32.0121 0 0 255
0.15 0.8 2104.13 -17550.7 0 0 255
0.175 0.8 3385.52 -36754.4 0 0 255
0.2 0.8 4329.18 -50906.3 0 0 255
0.225 0.8 7946.65 -6746.83 0 0 255
0.25 0.8 8127.67 4494.3 0 0 255
0.275 0.8 7698.44 4423.55 0 0 255
0.3 0.8 7113.18 4268.57 0 0 255
0.325 0.8 6357.2 4066.61 0 0 255
0.35 0.8 5439.63 3818.26 0 0 255
0.375 0.8 4500.4 3558.06 0 0 255
0.4 0.8 3937.14 3391.46 255 0 0
0.425 0.8 787.856 2474 255 0 0
0.45 0.8 -2355.06 1640.29 255 0 0
0.475 0.8 -5490.73 876.499 255 0 0
0.5 0.8 -5490.73 876.499 0 0 255
-0.5 0.775 -18282.1 -23073.7 0 0 255
-0.475 0.775 -18282.1 -23073.7 0 0 255
-0.45 0.775 -18282.1 -23073.7 0 0 255
-0.425 0.775 -18282.1 -23073.7 0 0 255
-0.4 0.775 -18282.1 -23073.7 0 0 255
-0.375 0.775 -18282.1 -23073.7 0 0 255
-0.35 0.775 -18282.1 -23073.7 0 0 255
-0.325 0.775 -18282.1 -23073.7 0 0 255
-0.3 0.775 -20001.5 -17685.5 0 0 255
-0.275 0.775 -21163.7 -12154.3 0 0 255
-0.25 0.775 -30953.3 -20802.2 0 0 255
-0.225 0.775 -30953.3 -20802.2 0 0 255
-0.2 0.775 -30953.3 -20802.2 0 0 255
-0.175 0.775 -30953.3 -20802.2 0 0 255
-0.15 0.775 -30948.8 -20793.9 0 0 255
-0.125 0.775 -29455.7 -19828.6 0 0 255
-0.1 0.775 1838.73 -251.994 0 0 255
-0.075 0.775 2089.46 -274.272 0 0 255
-0.05 0.775 2383.31 -303.428 0 0 255
-0.025 0.775 2747.85 -348.4 0 0 255
0 0.775 3185.46 -414.451 0 0 255
0.025 0.775 3536.61 -470.061 0 0 255
0.05 0.775 512.704 27.2641 0 0 255
0.075 0.775 450.454 -8.47161 0 0 255
0.1 0.775 1029.87 -27.0452 0 0 255
0.125 0.775 940.12 -33.4553 0 0 255
0.15 0.775 2520.87 -23933.5 0 0 255
0.175 0.775 3963.39 -45414.9 0 0 255
0.2 0.775 4851.91 -58745.4 0 0 255
0.225 0.775 7594.9 -28590.4 0 0 255
0.25 0.775 9304.81 4688.34 0 0 255
0.275 0.775 9200.58 4821.32 0 0 255
0.3 0.775 8958.45 4761.53 0 0 255
0.325 0.775 8574.19 4666.65 0 0 255
0.35 0.775 7910.34 4502.74 0 0 255
0.375 0.775 6602.52 4179.82 0 0 255
0.4 0.775 3284.47 3360.55 255 0 0
0.425 0.775 132.435 2272.49 255 0 0
0.45 0.775 -3017.21 1231.17 255 0 0
0.475 0.775 -6200.25 210.545 255 0 0
0.5 0.775 -6200.25 210.545 0 0 255
-0.5 0.75 -18282.1 -23073.7 0 0 255
-0.475 0.75 -18282.1 -23073.7 0 0 255
-0.45 0.75 -18282.1 -23073.7 0 0 255
-0.425 0.75 -18282.1 -23073.7 0 0 255
-0.4 0.75 -18282.1 -23073.7 0 0 255
-0.375 0.75 -18282.1 -23073.7 0 0 255
-0.35 0.75 -18282.1 -23073.7 0 0 255
-0.325 0.75 -18282.1 -23073.7 0 0 255
-0.3 0.75 -20001.5 -17685.5 0 0 255
-0.275 0.75 -21163.7 -12154.3 0 0 255
-0.25 0.75 -30953.3 -20802.2 0 0 255
-0.225 0.75 -30953.3 -20802.2 0 0 255
-0.2 0.75 -30953.3 -20802.2 0 0 255
-0.175 0.75 -30953.3 -20802.2 0 0 255
-0.15 0.75 -30941.4 -20780.4 0 0 255
-0.125 0.75 -26833.9 -18133.5 0 0 255
-0.1 0.75 1681.95 -238.064 0 0 255
-0.075 0.75 1930.97 -258.547 0 0 255
-0.05 0.75 2217.37 -282.955 0 0 255
-0.025 0.75 2577.35 -322.665 0 0 255
0 0.75 3067.38 -395.751 0 0 255
0.025 0.75 3536.61 -470.061 0 0 255
0.05 0.75 512.704 27.2641 0 0 255
0.075 0.75 450.454 -8.47161 0 0 255
0.1 0.75 1029.87 -27.0452 0 0 255
0.125 0.75 909.939 -35.6109 0 0 255
0.15 0.75 3136.77 -33245.5 0 0 255
0.175 0.75 4668.4 -55913.6 0 0 255
0.2 0.75 5394.79 -66890.3 0 0 255
0.225 0.75 5503.65 -69290.7 0 0 255
0.25 0.75 9661.95 4232.73 0 0 255
0.275 0.75 9920.57 4999.09 0 0 255
0.3 0.75 9920.58 4999.09 0 0 255
0.325 0.75 9920.58 4999.09 0 0 255
0.35 0.75 9920.58 4999.09 0 0 255
0.375 0.75 9920.58 4999.09 255 0 0
0.4 0.75 2652.8 3322.67 255 0 0
0.425 0.75 -508.308 2099.1 255 0 0
0.45 0.75 -3666 918.107 255 0 0
0.475 0.75 -7728.93 -1728.81 255 0 0
0.5 0.75 -7728.93 -1728.81 0 0 255
-0.5 0.725 -18282.1 -23073.7 0 0 255
-0.475 0.725 -18282.1 -23073.7 0 0 255
-0.45 0.725 -18282.1 -23073.7 0 0 255
-0.425 0.725 -18282.1 -23073.7 0 0 255
-0.4 0.725 -18282.1 -23073.7 0 0 255
-0.375 0.725 -18282.1 -23073.7 0 0 255
-0.35 0.725 -18282.1 -23073.7 0 0 255
-0.325 0.725 -18282.1 -23073.7 255 0 0
-0.3 0.725 -20001.5 -17685.5 255 0 0
-0.275 0.725 -21163.7 -12154.3 255 0 0
-0.25 0.725 -30953.3 -20802.2 255 0 0
-0.225 0.725 -30953.3 -20802.2 0 0 255
-0.2 0.725 -30953.3 -20802.2 0 0 255
-0.175 0.725 -30953.3 -20802.2 0 0 255
-0.15 0.725 -30911.7 -20725.6 0 0 255
-0.125 0.725 -18297.6 -12632.8 0 0 255
-0.1 0.725 1512.57 -224.132 0 0 255
-0.075 0.725 1763.53 -244.277 0 0 255
-0.05 0.725 2042.99 -263.718 0 0 255
-0.025 0.725 2376.59 -292.723 0 0 255
0 0.725 2879.97 -366.072 0 0 255
0.025 0.725 3536.61 -470.061 0 0 255
0.05 0.725 512.704 27.2641 0 0 255
0.075 0.725 450.454 -8.47161 0 0 255
0.1 0.725 1029.87 -27.0452 0 0 255
0.125 0.725 862.041 -39.032 0 0 255
0.15 0.725 4049.07 -46851 0 0 255
0.175 0.725 5489.39 -68064.2 0 0 255
0.2 0.725 5894.14 -74436.1 0 0 255
0.225 0.725 5592.18 -71242.8 0 0 255
0.25 0.725 4893.84 -9896.41 0 0 255
0.275 0.725 5212.93 4591.08 0 0 255
0.3 0.725 5213.76 4591.3 0 0 255
0.325 0.725 5213.76 4591.3 0 0 255
0.35 0.725 5213.76 4591.3 0 0 255
0.375 0.725 5213.76 4591.3 255 0 0
0.4 0.725 2101.76 3250.61 255 0 0
0.425 0.725 -1059.91 1947.15 255 0 0
0.45 0.725 -4219.13 661.379 255 0 0
0.475 0.725 -5974.03 -533.717 0 0 255
0.5 0.725 -6665.73 -1004.77 0 0 255
-0.5 0.7 -16084.9 -13888.7 0 0 255
-0.475 0.7 -16084.9 -13888.7 0 0 255
-0.45 0.7 -16084.9 -13888.7 0 0 255
-0.425 0.7 -16084.9 -13888.7 0 0 255
-0.4 0.7 -16084.9 -13888.7 0 0 255
-0.375 0.7 -16084.9 -13888.7 0 0 255
-0.35 0.7 -16084.9 -13888.7 0 0 255
-0.325 0.7 -16084.9 -13888.7 255 0 0
-0.3 0.7 -17524 -8557.33 255 0 0
-0.275 0.7 -18847.3 -3133.8 255 0 0
-0.25 0.7 -16813 5962.56 255 0 0
-0.225 0.7 -16813 5962.56 0 0 255
-0.2 0.7 -16813 5962.56 0 0 255
-0.175 0.7 -16813 5962.56 0 0 255
-0.15 0.7 -16110 6553.53 0 0 255
-0.125 0.7 1106.35 -183.905 0 0 255
-0.1 0.7 1324.91 -209.068 0 0 255
-0.075 0.7 1583.58 -231.759 0 0 255
-0.05 0.7 1869.51 -248.636 0 0 255
-0.025 0.7 2168.24 -262.365 0 0 255
0 0.7 2556.21 -314.798 0 0 255
0.025 0.7 3536.61 -470.061 0 0 255
0.05 0.7 512.704 27.2641 0 0 255
0.075 0.7 450.454 -8.47161 0 0 255
0.1 0.7 1029.87 -27.0452 0 0 255
0.125 0.7 779.291 -44.9422 0 0 255
0.15 0.7 5368.12 -66225.7 0 0 255
0.175 0.7 6357.99 -80857 0 0 255
0.2 0.7 6217.18 -79521.7 0 0 255
0.225 0.7 5312.79 -68288 0 0 255
0.25 0.7 3977.59 -51497.6 0 0 255
0.275 0.7 4735.17 4470.01 0 0 255
0.3 0.7 4789.18 4527.6 0 0 255
0.325 0.7 4789.21 4527.61 0 0 255
0.35 0.7 4789.21 4527.61 0 0 255
0.375 0.7 4789.21 4527.61 255 0 0
0.4 0.7 1648.56 3144.39 255 0 0
0.425 0.7 -1509.72 1792.93 255 0 0
0.45 0.7 -4671.7 449.018 255 0 0
0.475 0.7 -4946.91 241.342 0 0 255
0.5 0.7 -5420.34 -101.884 0 0 255
-0.5 0.675 -13637.9 -4760.59 0 0 255
-0.475 0.675 -13637.9 -4760.59 0 0 255
-0.45 0.675 -13637.9 -4760.59 0 0 255
-0.425 0.675 -13637.9 -4760.59 0 0 255
-0.4 0.675 -13637.9 -4760.59 0 0 255
-0.375 0.675 -13637.9 -4760.59 0 0 255
-0.35 0.675 -13637.9 -4760.59 0 0 255
-0.325 0.675 -13637.9 -4760.59 255 0 0
-0.3 0.675 -15038.3 570.347 255 0 0
-0.275 0.675 -16433.4 5932.16 255 0 0
-0.25 0.675 -9861.61 20505.9 255 0 0
-0.225 0.675 -9861.61 20505.9 0 0 255
-0.2 0.675 -9861.61 20505.9 0 0 255
-0.175 0.675 -9861.61 20505.9 0 0 255
-0.15 0.675 -6758.29 14413.9 0 0 255
-0.125 0.675 910.157 -161.319 0 0 255
-0.1 0.675 1110.15 -190.229 0 0 255
-0.075 0.675 1375.82 -219.495 0 0 255
-0.05 0.675 1697.91 -240.749 0 0 255
-0.025 0.675 2020.76 -242.433 0 0 255
0 0.675 1918.38 -213.787 0 0 255
0.025 0.675 3536.61 -470.061 255 0 0
0.05 0.675 512.704 27.2641 255 0 0
0.075 0.675 450.454 -8.47161 255 0 0
0.1 0.675 1029.87 -27.0452 255 0 0
0.125 0.675 616.27 -56.5856 0 0 255
0.15 0.675 7112.54 -91383.9 0 0 255
0.175 0.675 7070.26 -91385.1 0 0 255
0.2 0.675 6079.72 -78218.1 0 0 255
0.225 0.675 4355.99 -56403.2 0 0 255
0.25 0.675 2648.53 -34784.4 0 0 255
0.275 0.675 3823.09 3497.38 0 0 255
0.3 0.675 4464.79 4411.39 0 0 255
0.325 0.675 4468.62 4417.22 0 0 255
0.35 0.675 4468.76 4417.36 0 0 255
0.375 0.675 4468.76 4417.36 255 0 0
0.4 0.675 1326.1 3015.91 255 0 0
0.425 0.675 -1820.83 1624.37 255 0 0
0.45 0.675 -4973.04 233.527 255 0 0
0.475 0.675 -4972.2 233.781 0 0 255
0.5 0.675 -5010.98 204.732 0 0 255
-0.5 0.65 -14009.2 -3747.52 0 0 255
-0.475 0.65 -14094 -3516.09 0 0 255
-0.45 0.65 -14210.7 -3197.73 0 0 255
-0.425 0.65 -14377.1 -2743.62 0 0 255
-0.4 0.65 -14625.7 -2065.34 0 0 255
-0.375 0.65 -15020.2 -988.892 0 0 255
-0.35 0.65 -15701.8 870.797 0 0 255
-0.325 0.65 -17044.6 4534.45 0 0 255
-0.3 0.65 -20451.3 13829.5 255 0 0
-0.275 0.65 -25403.5 11958.4 255 0 0
-0.25 0.65 -17632.5 16232.1 0 0 255
-0.225 0.65 -14569.6 17916.7 0 0 255
-0.2 0.65 -13014.9 18771.7 0 0 255
-0.175 0.65 -12114.9 19266.7 0 0 255
-0.15 0.65 642.961 -115.499 0 0 255
-0.125 0.65 717.816 -133.514 0 0 255
-0.1 0.65 864.837 -163.205 0 0 255
-0.075 0.65 1103.3 -201.512 0 0 255
-0.05 0.65 1476.39 -239.594 0 0 255
-0.025 0.65 2048.19 -250.108 255 0 0
0 0.65 300.154 42.4866 255 0 0
0.025 0.65 228.639 48.3027 255 0 0
0.05 0.65 203.797 39.6606 255 0 0
0.075 0.65 189.788 19.7543 255 0 0
0.1 0.65 185.36 -15.2348 255 0 0
0.125 0.65 202.671 -86.126 255 0 0
0.15 0.65 8853.21 -115855 255 0 0
0.175 0.65 7027.98 -91386.2 0 0 255
0.2 0.65 4782.92 -60980.2 0 0 255
0.225 0.65 2368.96 -31256.1 0 0 255
0.25 0.65 1049.04 -14532.7 0 0 255
0.275 0.65 2067.01 996.101 0 0 255
0.3 0.65 4207.65 4020.2 0 0 255
0.325 0.65 4309.26 4249.7 0 0 255
0.35 0.65 4311.38 4270.79 0 0 255
0.375 0.65 4311.4 4270.9 255 0 0
0.4 0.65 1185.48 2855.94 255 0 0
0.425 0.65 -1940.84 1441.92 255 0 0
0.45 0.65 -5069.95 24.9187 255 0 0
0.475 0.65 -5069.89 25.0359 0 0 255
0.5 0.65 -5069.6 25.9311 0 0 255
-0.5 0.625 -14476.3 -2472.84 0 0 255
-0.475 0.625 -14644.8 -2013.25 0 0 255
-0.45 0.625 -14866.4 -1408.45 0 0 255
-0.425 0.625 -15165.1 -593.62 0 0 255
-0.4 0.625 -15578.6 534.573 0 0 255
-0.375 0.625 -16169.5 2146.79 0 0 255
-0.35 0.625 -17044.6 4534.45 0 0 255
-0.325 0.625 -18387.3 8198.1 0 0 255
-0.3 0.625 -20451.3 13829.5 0 0 255
-0.275 0.625 -25403.5 11958.4 0 0 255
-0.25 0.625 -20695.5 14547.6 0 0 255
-0.225 0.625 -17632.5 16232.1 0 0 255
-0.2 0.625 -15636.4 17330 0 0 255
-0.175 0.625 598.588 -98.8984 0 0 255
-0.15 0.625 568.107 -97.4835 0 0 255
-0.125 0.625 570.794 -103.824 0 0 255
-0.1 0.625 626.374 -124.899 0 0 255
-0.075 0.625 730.209 -163.43 0 0 255
-0.05 0.625 904.587 -229.08 255 0 0
-0.025 0.625 265.535 33.9594 255 0 0
0 0.625 219.139 44.0992 255 0 0
0.025 0.625 188.255 44.9382 255 0 0
0.05 0.625 167.944 38.082 255 0 0
0.075 0.625 158.944 20.9861 255 0 0
0.1 0.625 162.76 -11.5541 255 0 0
0.125 0.625 178.872 -69.3258 255 0 0
0.15 0.625 164.231 -125.83 255 0 0
0.175 0.625 216.132 -67.1785 0 0 255
0.2 0.625 283.797 -46.2669 0 0 255
0.225 0.625 -44.9945 -1531.93 0 0 255
0.25 0.625 35.2257 -1687.6 0 0 255
0.275 0.625 415.143 -1337.52 0 0 255
0.3 0.625 3610.19 2670.8 0 0 255
0.325 0.625 4257.87 3737.88 0 0 255
0.35 0.625 4282.74 4077.12 0 0 255
0.375 0.625 4283.5 4092.41 255 0 0
0.4 0.625 1176.57 2674.18 255 0 0
0.425 0.625 -1928.83 1256.38 255 0 0
0.45 0.625 -5035.18 -164.877 255 0 0
0.475 0.625 -5035.18 -164.877 0 0 255
0.5 0.625 -5035.18 -164.879 0 0 255
-0.5 0.6 -14969 -1128.63 0 0 255
-0.475 0.6 -15204.8 -485.271 0 0 255
-0.45 0.6 -15503.3 329.291 0 0 255
-0.425 0.6 -15886.7 1375.21 0 0 255
-0.4 0.6 -16385.9 2737.43 0 0 255
-0.375 0.6 -17044.6 4534.45 0 0 255
-0.35 0.6 -17919.7 6922.11 0 0 255
-0.325 0.6 -19068.9 10057.8 0 0 255
-0.3 0.6 -20451.3 13829.5 0 0 255
-0.275 0.6 -25403.5 11958.4 0 0 255
-0.25 0.6 -22250.2 13692.6 0 0 255
-0.225 0.6 -19628.7 15134.3 0 0 255
-0.2 0.6 693.87 -105.722 0 0 255
-0.175 0.6 630.283 -100.37 0 0 255
-0.15 0.6 565.419 -91.1434 0 0 255
-0.125 0.6 515.215 -82.7483 0 0 255
-0.1 0.6 522.54 -86.368 0 0 255
-0.075 0.6 555.83 -97.779 255 0 0
-0.05 0.6 266.128 16.8287 255 0 0
-0.025 0.6 215.742 29.3455 255 0 0
0 0.6 177.324 36.8524 255 0 0
0.025 0.6 149.567 38.9336 255 0 0
0.05 0.6 133.673 34.2629 255 0 0
0.075 0.6 130.838 21.3309 255 0 0
0.1 0.6 141.865 -1.20328 255 0 0
0.125 0.6 166.71 -30.7958 255 0 0
0.15 0.6 205.575 -23.6784 255 0 0
0.175 0.6 268.033 -8.52698 255 0 0
0.2 0.6 351.461 -25.3552 0 0 255
0.225 0.6 -209.061 -2273.27 0 0 255
0.25 0.6 84.4739 -1783.17 0 0 255
0.275 0.6 591.137 -1175.34 0 0 255
0.3 0.6 2521.84 877.729 0 0 255
0.325 0.6 4174.21 2596.68 0 0 255
0.35 0.6 4260.29 3621.32 0 0 255
0.375 0.6 4310.46 3892.85 255 0 0
0.4 0.6 1245.37 2478.29 255 0 0
0.425 0.6 -1809.17 1072.33 255 0 0
0.45 0.6 -4854.73 -337.062 255 0 0
0.475 0.6 -4854.38 -337.136 0 0 255
0.5 0.6 -4850.75 -337.961 0 0 255
-0.5 0.575 -15451.4 187.54 0 0 255
-0.475 0.575 -15735.7 963.325 0 0 255
-0.45 0.575 -16083.8 1913.1 0 0 255
-0.425 0.575 -16513 3083.99 0 0 255
-0.4 0.575 -17044.6 4534.45 0 0 255
-0.375 0.575 -17703.2 6331.47 0 0 255
-0.35 0.575 -18510.5 8534.33 0 0 255
-0.325 0.575 -19463.4 11134.2 0 0 255
-0.3 0.575 -20451.3 13829.5 0 0 255
-0.275 0.575 -25403.5 11958.4 0 0 255
-0.25 0.575 -23150.2 13197.6 0 0 255
-0.225 0.575 -8985.59 7179.58 0 0 255
-0.2 0.575 770.458 -112.169 0 0 255
-0.175 0.575 700.529 -110.361 0 0 255
-0.15 0.575 615.623 -99.5385 0 0 255
-0.125 0.575 507.889 -79.1285 0 0 255
-0.1 0.575 489.25 -74.9571 255 0 0
-0.075 0.575 263.88 2.12405 255 0 0
-0.05 0.575 211.665 14.0087 255 0 0
-0.025 0.575 168.432 23.2362 255 0 0
0 0.575 134.322 29.2357 255 0 0
0.025 0.575 111.851 30.4174 255 0 0
0.05 0.575 102.543 25.7149 255 0 0
0.075 0.575 107.64 14.2761 255 0 0
0.1 0.575 128.074 -3.99881 255 0 0
0.125 0.575 164.591 -25.2742 255 0 0
0.15 0.575 220.015 -39.1582 255 0 0
0.175 0.575 301.047 -45.2 255 0 0
0.2 0.575 434.889 -42.1835 255 0 0
0.225 0.575 -359.253 -2875.6 255 0 0
0.25 0.575 285.874 -1446.9 0 0 255
0.275 0.575 789.888 -936.908 0 0 255
0.3 0.575 1171.14 -527.395 0 0 255
0.325 0.575 4088.12 1572.03 0 0 255
0.35 0.575 4073.05 2607.98 0 0 255
0.375 0.575 4434.49 3580.33 255 0 0
0.4 0.575 1517.45 2239.84 255 0 0
0.425 0.575 -1374.84 889.476 255 0 0
0.45 0.575 -4251.37 -462.301 255 0 0
0.475 0.575 -4218.65 -469.575 0 0 255
0.5 0.575 -4126.81 -502.802 0 0 255
-0.5 0.55 -15905.6 1426.72 0 0 255
-0.475 0.55 -16221.5 2288.87 0 0 255
-0.45 0.55 -16597.2 3313.9 0 0 255
-0.425 0.55 -17044.6 4534.45 0 0 255
-0.4 0.55 -17576.2 5984.91 0 0 255
-0.375 0.55 -18202.4 7693.69 0 0 255
-0.35 0.55 -18924 9662.52 0 0 255
-0.325 0.55 -19712 11812.5 0 0 255
-0.3 0.55 -20451.3 13829.5 0 0 255
-0.275 0.55 -25403.5 11958.4 0 0 255
-0.25 0.55 -10382.1 6147.6 0 0 255
-0.225 0.55 937.3 -102.534 0 0 255
-0.2 0.55 866.699 -114.657 0 0 255
-0.175 0.55 800.876 -123.152 0 0 255
-0.15 0.55 723.356 -119.948 0 0 255
-0.125 0.55 526.529 -83.3 255 0 0
-0.1 0.55 255.555 -6.80532 255 0 0
-0.075 0.55 203.911 2.65615 255 0 0
-0.05 0.55 158.682 10.9574 255 0 0
-0.025 0.55 120.642 17.3733 255 0 0
0 0.55 92.9115 20.2726 255 0 0
0.025 0.55 77.4791 18.5407 255 0 0
0.05 0.55 76.0274 11.2865 255 0 0
0.075 0.55 90.0125 -2.10724 255 0 0
0.1 0.55 120.596 -21.3771 255 0 0
0.125 0.55 168.995 -43.8048 255 0 0
0.15 0.55 237.855 -63.9775 255 0 0
0.175 0.55 333.368 -78.2951 255 0 0
0.2 0.55 464.464 -79.7572 255 0 0
0.225 0.55 641.843 -33.8648 255 0 0
0.25 0.55 931 -18.2119 255 0 0
0.275 0.55 924.938 -800.255 255 0 0
0.3 0.55 1432.73 -246.421 0 0 255
0.325 0.55 4092.17 1294.45 255 0 0
0.35 0.55 3711.6 1635.64 255 0 0
0.375 0.55 4200.55 2477.81 255 0 0
0.4 0.55 1946.54 1966.52 255 0 0
0.425 0.55 -745.84 690.562 255 0 0
0.45 0.55 -3368.97 -567.832 255 0 0
0.475 0.55 -3242.81 -686.514 0 0 255
0.5 0.55 -3157.35 -853.527 0 0 255
-0.5 0.525 -16321.2 2565.99 0 0 255
-0.475 0.525 -16653.3 3476.18 0 0 255
-0.45 0.525 -17036.5 4529.91 0 0 255
-0.425 0.525 -17475.4 5745.26 0 0 255
-0.4 0.525 -17969.4 7133.22 0 0 255
-0.375 0.525 -18499.6 8681.95 0 0 255
-0.35 0.525 -18989.2 10310 0 0 255
-0.325 0.525 -19127.8 11686.4 0 0 255
-0.3 0.525 -17458 11325.8 0 0 255
-0.275 0.525 -9736.07 4866.84 0 0 255
-0.25 0.525 1160.45 -65.2269 0 0 255
-0.225 0.525 1073.07 -79.2212 0 0 255
-0.2 0.525 981.279 -99.8689 0 0 255
-0.175 0.525 913.859 -127.822 0 0 255
-0.15 0.525 920.184 -156.597 255 0 0
-0.125 0.525 238.958 -9.29582 255 0 0
-0.1 0.525 190.349 -3.04321 255 0 0
-0.075 0.525 146.137 3.00832 255 0 0
-0.05 0.525 106.761 8.19514 255 0 0
-0.025 0.525 75.7891 10.7969 255 0 0
0 0.525 55.4536 9.57587 255 0 0
0.025 0.525 47.7743 3.48223 255 0 0
0.05 0.525 54.5758 -8.32557 255 0 0
0.075 0.525 77.4424 -26.3179 255 0 0
0.1 0.525 117.651 -50.0769 255 0 0
0.125 0.525 176.434 -77.4717 255 0 0
0.15 0.525 255.941 -104.471 255 0 0
0.175 0.525 360.712 -125.594 255 0 0
0.2 0.525 499.018 -131.279 255 0 0
0.225 0.525 689.059 -102.689 255 0 0
0.25 0.525 961.894 -24.1053 255 0 0
0.275 0.525 1378.89 132.412 255 0 0
0.3 0.525 1940.52 307.413 255 0 0
0.325 0.525 3365.75 1059.89 255 0 0
0.35 0.525 3342.19 1385.95 255 0 0
0.375 0.525 3156.17 1599.88 255 0 0
0.4 0.525 2479.63 1637.16 255 0 0
0.425 0.525 4.63277 455.559 255 0 0
0.45 0.525 -2364.43 -714.798 255 0 0
0.475 0.525 -2771.94 -1129.44 0 0 255
0.5 0.525 -2932.57 -1292.87 0 0 255
-0.5 0.5 -16668.9 3590.68 0 0 255
-0.475 0.5 -16981.1 4510.92 0 0 255
-0.45 0.5 -17307.5 5540.77 0 0 255
-0.425 0.5 -17609.7 6668.33 0 0 255
-0.4 0.5 -17779.6 7835.55 0 0 255
-0.375 0.5 -17506.2 8847.2 0 0 255
-0.35 0.5 -15925 9110.23 0 0 255
-0.325 0.5 -11299.1 7299.02 0 0 255
-0.3 0.5 -3470.42 2911.68 0 0 255
-0.275 0.5 1423.4 -32.1611 0 0 255
-0.25 0.5 1373.72 -31.0681 0 0 255
-0.225 0.5 1294.86 -29.3333 0 0 255
-0.2 0.5 1158.63 -26.3364 0 0 255
-0.175 0.5 890.256 -20.4322 0 0 255
-0.15 0.5 209.361 -5.45284 255 0 0
-0.125 0.5 169.505 -3.01611 255 0 0
-0.1 0.5 129.349 0.103917 255 0 0
-0.075 0.5 91.2719 3.31459 255 0 0
-0.05 0.5 59.2322 4.90904 255 0 0
-0.025 0.5 35.7702 3.43269 255 0 0
0 0.5 23.0527 -2.39379 255 0 0
0.025 0.5 23.0611 -13.6836 255 0 0
0.05 0.5 37.6483 -31.3167 255 0 0
0.075 0.5 68.4187 -55.7124 255 0 0
0.1 0.5 116.599 -86.384 255 0 0
0.125 0.5 183.195 -121.356 255 0 0
0.15 0.5 269.719 -156.657 255 0 0
0.175 0.5 379.545 -185.57 255 0 0
0.2 0.5 520.204 -196.593 255 0 0
0.225 0.5 707.742 -172.157 255 0 0
0.25 0.5 974.365 -89.6093 255 0 0
0.275 0.5 1358.94 63.4736 255 0 0
0.3 0.5 1919.38 296.596 255 0 0
0.325 0.5 2812.27 633.133 255 0 0
0.35 0.5 3181.76 1078.08 255 0 0
0.375 0.5 3026.49 1241.24 255 0 0
0.4 0.5 2656.8 1198.85 255 0 0
0.425 0.5 637.934 172.908 255 0 0
0.45 0.5 -1372.74 -879.149 255 0 0
0.475 0.5 -3179.46 -1544.08 255 0 0
0.5 0.5 -3179.46 -1544.08 0 0 255
-0.5 0.475 -16758.2 4440.47 0 0 255
-0.475 0.475 -16845.7 5272.65 0 0 255
-0.45 0.475 -16701.3 6084.39 0 0 255
-0.425 0.475 -16006.2 6707.83 0 0 255
-0.4 0.475 -14107.4 6754.6 0 0 255
-0.375 0.475 -10078.1 5568.55 0 0 255
-0.35 0.475 -3959.77 2868 0 0 255
-0.325 0.475 1198.45 176.98 0 0 255
-0.3 0.475 1571.15 -35.4116 0 0 255
-0.275 0.475 1571.15 -35.4116 0 0 255
-0.25 0.475 1571.15 -35.4116 0 0 255
-0.225 0.475 1571.15 -35.4116 0 0 255
-0.2 0.475 1571.15 -35.4116 0 0 255
-0.175 0.475 1571.15 -35.4116 255 0 0
-0.15 0.475 143.459 1.74706 255 0 0
-0.125 0.475 107.661 2.12603 255 0 0
-0.1 0.475 73.1218 2.97074 255 0 0
-0.075 0.475 42.072 3.23502 255 0 0
-0.05 0.475 17.3824 1.39561 255 0 0
-0.025 0.475 1.2812 -4.01652 255 0 0
0 0.475 -4.27567 -14.4063 255 0 0
0.025 0.475 2.56854 -31.0636 255 0 0
0.05 0.475 23.5761 -55.0246 255 0 0
0.075 0.475 60.2429 -86.788 255 0 0
0.1 0.475 113.622 -125.877 255 0 0
0.125 0.475 184.411 -170.281 255 0 0
0.15 0.475 273.564 -215.713 255 0 0
0.175 0.475 383.732 -254.466 255 0 0
0.2 0.475 522.036 -273.559 255 0 0
0.225 0.475 704.266 -253.848 255 0 0
0.25 0.475 957.749 -173.34 255 0 0
0.275 0.475 1305.91 -18.6928 255 0 0
0.3 0.475 1846.73 225.846 255 0 0
0.325 0.475 2434.38 493.394 255 0 0
0.35 0.475 3176.56 870.433 255 0 0
0.375 0.475 2998.92 867.907 255 0 0
0.4 0.475 2606.83 707.092 255 0 0
0.425 0.475 1003.01 -201.59 255 0 0
0.45 0.475 -697.317 -1159.33 255 0 0
0.475 0.475 -3206.69 -2352.65 255 0 0
0.5 0.475 -3206.69 -2352.65 0 0 255
-0.5 0.45 -15988.3 4894.83 0 0 255
-0.475 0.45 -15224.9 5345.32 0 0 255
-0.45 0.45 -13598.2 5418.26 0 0 255
-0.425 0.45 -10665.2 4788.66 0 0 255
-0.4 0.45 -6473.78 3282.55 0 0 255
-0.375 0.45 -2343.24 1403.82 0 0 255
-0.35 0.45 -174.264 235.965 0 0 255
-0.325 0.45 125.787 27.3414 0 0 255
-0.3 0.45 125.311 27.2749 0 0 255
-0.275 0.45 125.311 27.2749 0 0 255
-0.25 0.45 125.311 27.2749 0 0 255
-0.225 0.45 125.311 27.2749 0 0 255
-0.2 0.45 125.311 27.2749 0 0 255
-0.175 0.45 125.311 27.2749 255 0 0
-0.15 0.45 83.2561 8.25921 255 0 0
-0.125 0.45 52.2043 7.01021 255 0 0
-0.1 0.45 23.3985 5.79337 255 0 0
-0.075 0.45 -0.925296 3.50428 255 0 0
-0.05 0.45 -18.704 -1.26084 255 0 0
-0.025 0.45 -28.1734 -10.0156 255 0 0
0 0.45 -27.7247 -24.3534 255 0 0
0.025 0.45 -15.758 -45.8501 255 0 0
0.05 0.45 9.28147 -75.8504 255 0 0
0.075 0.45 48.7004 -115.112 255 0 0
0.1 0.45 103.355 -163.321 255 0 0
0.125 0.45 173.716 -218.47 255 0 0
0.15 0.45 260.47 -276.002 255 0 0
0.175 0.45 366.041 -327.493 255 0 0
0.2 0.45 497.248 -359.181 255 0 0
0.225 0.45 669.114 -351.263 255 0 0
0.25 0.45 906.014 -281.29 255 0 0
0.275 0.45 1248.69 -125.794 255 0 0
0.3 0.45 1696.83 99.9952 255 0 0
0.325 0.45 2289.2 370.752 255 0 0
0.35 0.45 2912.63 607.464 255 0 0
0.375 0.45 2961.09 539.124 255 0 0
0.4 0.45 2502.86 209.388 255 0 0
0.425 0.45 1143.98 -625.811 255 0 0
0.45 0.45 -320.968 -1503.12 255 0 0
0.475 0.45 -2468.92 -2898.79 255 0 0
0.5 0.45 -2468.92 -2898.79 0 0 255
-0.5 0.425 -12903 4358.13 0 0 255
-0.475 0.425 -10344.9 3913.14 0 0 255
-0.45 0.425 -6883.11 2897.18 0 0 255
-0.425 0.425 -3319.59 1559.3 0 0 255
-0.4 0.425 -905.734 498.096 0 0 255
-0.375 0.425 -67.637 78.9835 0 0 255
-0.35 0.425 22.2784 26.6356 0 0 255
-0.325 0.425 22.8919 25.9822 0 0 255
-0.3 0.425 22.8919 25.9822 0 0 255
-0.275 0.425 22.8919 25.9822 0 0 255
-0.25 0.425 22.8919 25.9822 0 0 255
-0.225 0.425 22.8919 25.9822 0 0 255
-0.2 0.425 22.8919 25.9822 0 0 255
-0.175 0.425 22.8919 25.9822 255 0 0
-0.15 0.425 27.7376 15.1109 255 0 0
-0.125 0.425 2.33545 12.6411 255 0 0
-0.1 0.425 -20.4336 9.79841 255 0 0
-0.075 0.425 -38.4676 5.62656 255 0 0
-0.05 0.425 -50.1744 -1.16267 255 0 0
-0.025 0.425 -54.3363 -12.1502 255 0 0
0 0.425 -49.8313 -29.1914 255 0 0
0.025 0.425 -35.4455 -54.2922 255 0 0
0.05 0.425 -9.88662 -89.319 255 0 0
0.075 0.425 28.0049 -135.54 255 0 0
0.1 0.425 79.0232 -193.032 255 0 0
0.125 0.425 143.639 -259.978 255 0 0
0.15 0.425 222.609 -331.747 255 0 0
0.175 0.425 318.383 -399.7 255 0 0
0.2 0.425 437.724 -449.712 255 0 0
0.225 0.425 594.611 -462.127 255 0 0
0.25 0.425 814.678 -412.593 255 0 0
0.275 0.425 1126.61 -285.495 255 0 0
0.3 0.425 1516.24 -103.33 255 0 0
0.325 0.425 2069.76 146.017 255 0 0
0.35 0.425 2567.78 276.166 255 0 0
0.375 0.425 2734.97 159.393 255 0 0
0.4 0.425 2392.17 -251.921 255 0 0
0.425 0.425 1142.09 -1046.44 255 0 0
0.45 0.425 -252.14 -1881.56 255 0 0
0.475 0.425 -1816.42 -2838.46 255 0 0
0.5 0.425 -1816.42 -2838.46 0 0 255
-0.5 0.4 -6620.2 2374.97 0 0 255
-0.475 0.4 -3603.34 1422.7 0 0 255
-0.45 0.4 -1473.78 636 0 0 255
-0.425 0.4 -578.511 261.767 0 0 255
-0.4 0.4 -413.67 183.737 0 0 255
-0.375 0.4 -407.837 180.01 0 0 255
-0.35 0.4 -408.104 180.09 0 0 255
-0.325 0.4 -408.106 180.09 0 0 255
-0.3 0.4 -408.106 180.09 0 0 255
-0.275 0.4 -408.106 180.09 0 0 255
-0.25 0.4 -408.106 180.09 0 0 255
-0.225 0.4 -408.106 180.09 0 0 255
-0.2 0.4 -408.106 180.09 0 0 255
-0.175 0.4 -408.106 180.09 255 0 0
-0.15 0.4 -21.7275 23.3883 255 0 0
-0.125 0.4 -42.1713 20.291 255 0 0
-0.1 0.4 -59.611 16.6454 255 0 0
-0.075 0.4 -72.2982 11.6728 255 0 0
-0.05 0.4 -79.3301 4.24179 255 0 0
-0.025 0.4 -80.216 -7.3067 255 0 0
0 0.4 -74.4888 -25.2003 255 0 0
0.025 0.4 -61.3975 -52.0983 255 0 0
0.05 0.4 -39.8375 -90.6935 255 0 0
0.075 0.4 -8.56306 -143.073 255 0 0
0.1 0.4 33.48 -209.934 255 0 0
0.125 0.4 87.0864 -289.773 255 0 0
0.15 0.4 153.337 -378.043 255 0 0
0.175 0.4 234.925 -466.145 255 0 0
0.2 0.4 338.301 -540.162 255 0 0
0.225 0.4 475.794 -581.228 255 0 0
0.25 0.4 667.055 -567.801 255 0 0
0.275 0.4 929.804 -487.518 255 0 0
0.3 0.4 1268.25 -354.025 255 0 0
0.325 0.4 1690.82 -190.11 255 0 0
0.35 0.4 2117.07 -111.334 255 0 0
0.375 0.4 2370.63 -256.959 255 0 0
0.4 0.4 2211.59 -686.919 255 0 0
0.425 0.4 1089.92 -1484.79 255 0 0
0.45 0.4 -235.235 -2177.56 255 0 0
0.475 0.4 -1652.44 -2608.99 255 0 0
0.5 0.4 -1652.44 -2608.99 0 0 255
-0.5 0.375 -2263.94 859.918 0 0 255
-0.475 0.375 -1085.17 449.961 0 0 255
-0.45 0.375 -578.187 254.119 0 0 255
-0.425 0.375 -423.127 188.001 0 0 255
-0.4 0.375 -396.024 175.134 0 0 255
-0.375 0.375 -392.703 173.516 0 0 255
-0.35 0.375 -389.581 172.176 0 0 255
-0.325 0.375 -385.349 170.368 0 0 255
-0.3 0.375 -379.528 167.88 0 0 255
-0.275 0.375 -371.224 164.333 0 0 255
-0.25 0.375 -358.821 159.034 0 0 255
-0.225 0.375 -339.137 150.624 0 0 255
-0.2 0.375 -305.131 136.095 0 0 255
-0.175 0.375 -238.138 107.472 0 0 255
-0.15 0.375 -68.1694 34.8537 255 0 0
-0.125 0.375 -82.9553 31.4254 255 0 0
-0.1 0.375 -96.1981 28.181 255 0 0
-0.075 0.375 -105.081 23.938 255 0 0
-0.05 0.375 -109.504 17.7157 255 0 0
-0.025 0.375 -109.909 7.73798 255 0 0
0 0.375 -106.584 -8.78561 255 0 0
0.025 0.375 -99.2103 -35.4979 255 0 0
0.05 0.375 -86.62 -76.3073 255 0 0
0.075 0.375 -67.0534 -134.41 255 0 0
0.1 0.375 -38.7353 -211.175 255 0 0
0.125 0.375 -0.2139 -305.224 255 0 0
0.15 0.375 50.0553 -411.931 255 0 0
0.175 0.375 114.823 -522.995 255 0 0
0.2 0.375 199.474 -625.306 255 0 0
0.225 0.375 313.155 -700.572 255 0 0
0.25 0.375 468.127 -728.31 255 0 0
0.275 0.375 668.439 -695.4 255 0 0
0.3 0.375 931.275 -607.602 255 0 0
0.325 0.375 1269.35 -496.172 255 0 0
0.35 0.375 1661.3 -439.839 255 0 0
0.375 0.375 1969.43 -584.583 255 0 0
0.4 0.375 2024.74 -1326.76 255 0 0
0.425 0.375 959.505 -1933.22 255 0 0
0.45 0.375 -160.948 -2240.61 255 0 0
0.475 0.375 -1315.87 -2213 255 0 0
0.5 0.375 -1315.87 -2213 0 0 255
-0.5 0.35 -879.208 356.716 0 0 255
-0.475 0.35 -545.887 235.589 0 0 255
-0.45 0.35 -420.138 185.603 0 0 255
-0.425 0.35 -382.178 169.147 0 0 255
-0.4 0.35 -371.761 164.351 0 0 255
-0.375 0.35 -365.161 161.417 0 0 255
-0.35 0.35 -357.116 157.884 0 0 255
-0.325 0.35 -346.914 153.392 0 0 255
-0.3 0.35 -333.9 147.644 0 0 255
-0.275 0.35 -317.275 140.271 0 0 255
-0.25 0.35 -296.256 130.896 0 0 255
-0.225 0.35 -270.624 119.368 0 0 255
-0.2 0.35 -242.268 106.432 0 0 255
-0.175 0.35 -218.371 95.1561 0 0 255
-0.15 0.35 -213.074 91.8561 255 0 0
-0.125 0.35 -122.316 47.4058 255 0 0
-0.1 0.35 -132.626 46.0085 255 0 0
-0.075 0.35 -139.996 44.4206 255 0 0
-0.05 0.35 -144.663 41.5122 255 0 0
-0.025 0.35 -147.998 35.3375 255 0 0
0 0.35 -151.054 22.2764 255 0 0
0.025 0.35 -153.758 -2.70767 255 0 0
0.05 0.35 -154.475 -45.1419 255 0 0
0.075 0.35 -150.424 -109.483 255 0 0
0.1 0.35 -138.721 -197.473 255 0 0
0.125 0.35 -117.066 -307.105 255 0 0
0.15 0.35 -83.3969 -433.082 255 0 0
0.175 0.35 -35.3144 -567.623 255 0 0
0.2 0.35 30.1352 -698.642 255 0 0
0.225 0.35 118.214 -807.876 255 0 0
0.25 0.35 238.124 -870.823 255 0 0
0.275 0.35 401.536 -866.955 255 0 0
0.3 0.35 606.243 -825.261 255 0 0
0.325 0.35 894.621 -747.35 255 0 0
0.35 0.35 1229.46 -667.719 255 0 0
0.375 0.35 1111.16 1194.9 255 0 0
0.4 0.35 1803.51 -2130.11 255 0 0
0.425 0.35 880.475 -2102.79 255 0 0
0.45 0.35 -18.2396 -2042.66 255 0 0
0.475 0.35 -855.52 -1783.31 255 0 0
0.5 0.35 -855.52 -1783.31 0 0 255
-0.5 0.325 -510.159 217.55 0 0 255
-0.475 0.325 -407.85 178.97 0 0 255
-0.45 0.325 -368.255 162.729 0 0 255
-0.425 0.325 -352.63 155.84 0 0 255
-0.4 0.325 -343.229 151.606 0 0 255
-0.375 0.325 -333.612 147.311 0 0 255
-0.35 0.325 -322.331 142.266 0 0 255
-0.325 0.325 -309.123 136.336 0 0 255
-0.3 0.325 -293.878 129.456 0 0 255
-0.275 0.325 -276.728 121.662 0 0 255
-0.25 0.325 -258.269 113.191 0 0 255
-0.225 0.325 -239.867 104.614 0 0 255
-0.2 0.325 -223.874 96.9416 0 0 255
-0.175 0.325 -213.307 91.4896 0 0 255
-0.15 0.325 -209.832 88.9739 0 0 255
-0.125 0.325 -206.59 86.0917 255 0 0
-0.1 0.325 -171.936 71.9117 255 0 0
-0.075 0.325 -180.051 74.346 255 0 0
-0.05 0.325 -188.492 76.6254 255 0 0
-0.025 0.325 -198.45 76.0125 255 0 0
0 0.325 -211.493 67.7641 255 0 0
0.025 0.325 -227.493 45.0966 255 0 0
0.05 0.325 -243.8 0.592819 255 0 0
0.075 0.325 -256.233 -71.2991 255 0 0
0.1 0.325 -260.791 -172.029 255 0 0
0.125 0.325 -254.62 -298.022 255 0 0
0.15 0.325 -234.775 -442.619 255 0 0
0.175 0.325 -198.951 -599.871 255 0 0
0.2 0.325 -146.593 -757.207 255 0 0
0.225 0.325 -75.196 -896.53 255 0 0
0.25 0.325 20.188 -993.517 255 0 0
0.275 0.325 151.521 -1019.05 255 0 0
0.3 0.325 319.748 -992.474 255 0 0
0.325 0.325 320.775 -831.478 255 0 0
0.35 0.325 775.119 -749.598 0 0 255
0.375 0.325 1180.2 -617.32 0 0 255
0.4 0.325 1249.25 -2429.54 255 0 0
0.425 0.325 547.002 -2108.75 255 0 0
0.45 0.325 -111.634 -1737.16 255 0 0
0.475 0.325 -710.12 -1247.61 255 0 0
0.5 0.325 -710.12 -1247.61 0 0 255
-0.5 0.3 -393.075 171.414 0 0 255
-0.475 0.3 -355.036 156.425 0 0 255
-0.45 0.3 -337.099 148.769 0 0 255
-0.425 0.3 -325.987 143.79 0 0 255
-0.4 0.3 -315.981 139.265 0 0 255
-0.375 0.3 -305.185 134.375 0 0 255
-0.35 0.3 -293.281 128.958 0 0 255
-0.325 0.3 -280.395 123.055 0 0 255
-0.3 0.3 -266.857 116.796 0 0 255
-0.275 0.3 -253.277 110.433 0 0 255
-0.25 0.3 -240.628 104.377 0 0 255
-0.225 0.3 -230.315 99.2242 0 0 255
-0.2 0.3 -224.164 95.7538 0 0 255
-0.175 0.3 -224.374 94.8907 0 0 255
-0.15 0.3 -233.739 97.7685 0 0 255
-0.125 0.3 -257.646 106.563 0 0 255
-0.1 0.3 -308.702 127.035 255 0 0
-0.075 0.3 -229.483 115.426 255 0 0
-0.05 0.3 -242.97 122.418 255 0 0
-0.025 0.3 -263.038 128.101 255 0 0
0 0.3 -289.212 125.098 255 0 0
0.025 0.3 -319.782 104.287 255 0 0
0.05 0.3 -350.843 56.7652 255 0 0
0.075 0.3 -376.906 -23.1675 255 0 0
0.1 0.3 -393.149 -135.728 255 0 0
0.125 0.3 -397.609 -275.014 255 0 0
0.15 0.3 -387.824 -437.717 255 0 0
0.175 0.3 -361.43 -621.822 255 0 0
0.2 0.3 -320.312 -806.28 255 0 0
0.225 0.3 -259.109 -971.37 255 0 0
0.25 0.3 -163.604 -1112.71 255 0 0
0.275 0.3 59.4964 -1296.36 255 0 0
0.3 0.3 -9908.61 8166.88 255 0 0
0.325 0.3 -4793.92 3667.7 0 0 255
0.35 0.3 -2009.4 1459.05 0 0 255
0.375 0.3 -4221.83 -9903.3 0 0 255
0.4 0.3 -430.852 -3230.16 255 0 0
0.425 0.3 -733.122 -2520.06 255 0 0
0.45 0.3 -1033.5 -1812.59 255 0 0
0.475 0.3 -1354.01 -1031.11 255 0 0
0.5 0.3 -1354.01 -1031.11 0 0 255
-0.5 0.275 -343.366 150.753 0 0 255
-0.475 0.275 -324.811 143.041 0 0 255
-0.45 0.275 -313.002 137.811 0 0 255
-0.425 0.275 -303.122 133.318 0 0 255
-0.4 0.275 -293.262 128.803 0 0 255
-0.375 0.275 -282.932 124.046 0 0 255
-0.35 0.275 -272.234 119.08 0 0 255
-0.325 0.275 -261.498 114.041 0 0 255
-0.3 0.275 -251.223 109.14 0 0 255
-0.275 0.275 -242.106 104.676 0 0 255
-0.25 0.275 -235.062 101.046 0 0 255
-0.225 0.275 -231.224 98.7486 0 0 255
-0.2 0.275 -231.92 98.3846 0 0 255
-0.175 0.275 -238.632 100.661 0 0 255
-0.15 0.275 -252.89 106.431 0 0 255
-0.125 0.275 -275.523 116.67 0 0 255
-0.1 0.275 -301.579 131.399 0 0 255
-0.075 0.275 -274.995 147.689 0 0 255
-0.05 0.275 -320.508 179.953 255 0 0
-0.025 0.275 -344.34 191.387 255 0 0
0 0.275 -383.718 191.307 255 0 0
0.025 0.275 -428.017 170.469 255 0 0
0.05 0.275 -470.538 119.089 255 0 0
0.075 0.275 -504.94 32.8495 255 0 0
0.1 0.275 -527.095 -85.2967 255 0 0
0.125 0.275 -537.833 -226.117 255 0 0
0.15 0.275 -539.496 -392.957 255 0 0
0.175 0.275 -495.139 -646.399 255 0 0
0.2 0.275 -321.637 -714.355 255 0 0
0.225 0.275 -290.373 -842.863 0 0 255
0.25 0.275 -190.393 -1055.68 0 0 255
0.275 0.275 51.3891 -1288.55 0 0 255
0.3 0.275 -9903.02 8161.57 0 0 255
0.325 0.275 -6807.68 5438.97 0 0 255
0.35 0.275 -22694.8 -45744.5 0 0 255
0.375 0.275 -18370 -34807.8 0 0 255
0.4 0.275 -7397.46 -7060.51 255 0 0
0.425 0.275 -6192.83 -5286.01 255 0 0
0.45 0.275 -5322.15 -3734.78 255 0 0
0.475 0.275 -4509.77 -2094.8 255 0 0
0.5 0.275 -4509.77 -2094.8 0 0 255
-0.5 0.25 -315.155 138.44 0 0 255
-0.475 0.25 -303.269 133.252 0 0 255
-0.45 0.25 -293.766 128.933 0 0 255
-0.425 0.25 -284.86 124.823 0 0 255
-0.4 0.25 -275.966 120.686 0 0 255
-0.375 0.25 -267.076 116.514 0 0 255
-0.35 0.25 -258.447 112.415 0 0 255
-0.325 0.25 -250.466 108.557 0 0 255
-0.3 0.25 -243.638 105.162 0 0 255
-0.275 0.25 -238.583 102.51 0 0 255
-0.25 0.25 -236.034 100.943 0 0 255
-0.225 0.25 -236.807 100.862 0 0 255
-0.2 0.25 -241.739 102.729 0 0 255
-0.175 0.25 -251.555 107.071 0 0 255
-0.15 0.25 -266.478 114.473 0 0 255
-0.125 0.25 -285.139 125.517 0 0 255
-0.1 0.25 -301.771 140.82 0 0 255
-0.075 0.25 -302.261 164.835 0 0 255
-0.05 0.25 -342 189.823 0 0 255
-0.025 0.25 -422.21 226.659 0 0 255
0 0.25 -500.081 261.931 255 0 0
0.025 0.25 -550.799 241.482 255 0 0
0.05 0.25 -599.187 184.011 255 0 0
0.075 0.25 -636.89 93.0332 255 0 0
0.1 0.25 -661.768 -25.1791 255 0 0
0.125 0.25 -675.387 -160.324 255 0 0
0.15 0.25 -649.003 -309.122 255 0 0
0.175 0.25 -572.071 -477.76 0 0 255
0.2 0.25 -374.56 -664.357 0 0 255
0.225 0.25 -324.63 -770.225 0 0 255
0.25 0.25 -228.214 -975.255 0 0 255
0.275 0.25 26.3745 -1260.52 0 0 255
0.3 0.25 -10773.6 4719.48 0 0 255
0.325 0.25 -22784 -42766.4 0 0 255
0.35 0.25 -29342.5 -62555.2 0 0 255
0.375 0.25 -29342.5 -62555.2 255 0 0
0.4 0.25 -36016.3 -39626.2 255 0 0
0.425 0.25 -22790 -12902.3 255 0 0
0.45 0.25 -13914.9 -7903.57 255 0 0
0.475 0.25 -12408.2 -4796.67 255 0 0
0.5 0.25 -12408.2 -4796.67 0 0 255
-0.5 0.225 -295.925 129.749 0 0 255
-0.475 0.225 -286.899 125.671 0 0 255
-0.45 0.225 -278.852 121.944 0 0 255
-0.425 0.225 -271.155 118.336 0 0 255
-0.4 0.225 -263.706 114.811 0 0 255
-0.375 0.225 -256.667 111.438 0 0 255
-0.35 0.225 -250.329 108.347 0 0 255
-0.325 0.225 -245.061 105.707 0 0 255
-0.3 0.225 -241.303 103.726 0 0 255
-0.275 0.225 -239.551 102.649 0 0 255
-0.25 0.225 -240.342 102.763 0 0 255
-0.225 0.225 -244.207 104.396 0 0 255
-0.2 0.225 -251.601 107.927 0 0 255
-0.175 0.225 -262.739 113.798 0 0 255
-0.15 0.225 -277.298 122.554 0 0 255
-0.125 0.225 -293.945 134.988 0 0 255
-0.1 0.225 -310.435 152.723 0 0 255
-0.075 0.225 -329.649 179.12 0 0 255
-0.05 0.225 -377.018 203.829 0 0 255
-0.025 0.225 -466.287 239.531 0 0 255
0 0.225 -530.528 258.292 0 0 255
0.025 0.225 -644.159 244.708 0 0 255
0.05 0.225 -737.518 247.934 255 0 0
0.075 0.225 -772.156 154.416 255 0 0
0.1 0.225 -797.455 38.1389 255 0 0
0.125 0.225 -822.42 -56.8722 255 0 0
0.15 0.225 -3674.78 1614.95 255 0 0
0.175 0.225 -3019.1 1172.71 0 0 255
0.2 0.225 -1696.83 254.174 0 0 255
0.225 0.225 -941.808 -309.478 0 0 255
0.25 0.225 -477.2 -742.954 0 0 255
0.275 0.225 -2049.73 -3800.34 0 0 255
0.3 0.225 -9867.74 -13364.6 0 0 255
0.325 0.225 -8961.87 -31448.6 0 0 255
0.35 0.225 -7959.95 -30628.2 0 0 255
0.375 0.225 -7959.95 -30628.2 255 0 0
0.4 0.225 -13917.4 -9855.04 255 0 0
0.425 0.225 -19814 10867.9 255 0 0
0.45 0.225 -23333.3 3465.48 255 0 0
0.475 0.225 -17870.7 -665.593 0 0 255
0.5 0.225 -15717.7 -2293.86 0 0 255
-0.5 0.2 -281.802 123.214 0 0 255
-0.475 0.2 -274.494 119.833 0 0 255
-0.45 0.2 -267.768 116.668 0 0 255
-0.425 0.2 -261.454 113.663 0 0 255
-0.4 0.2 -255.631 110.857 0 0 255
-0.375 0.2 -250.504 108.346 0 0 255
-0.35 0.2 -246.349 106.262 0 0 255
-0.325 0.2 -243.486 104.763 0 0 255
-0.3 0.2 -242.27 104.034 0 0 255
-0.275 0.2 -243.077 104.291 0 0 255
-0.25 0.2 -246.279 105.783 0 0 255
-0.225 0.2 -252.207 108.798 0 0 255
-0.2 0.2 -261.091 113.687 0 0 255
-0.175 0.2 -272.978 120.901 0 0 255
-0.15 0.2 -287.67 131.094 0 0 255
-0.125 0.2 -304.989 145.352 0 0 255
-0.1 0.2 -326.436 165.479 0 0 255
-0.075 0.2 -359.925 192.175 0 0 255
-0.05 0.2 -416.668 216.642 0 0 255
-0.025 0.2 -504.844 245.139 0 0 255
0 0.2 -571.962 254.901 0 0 255
0.025 0.2 -680.957 245.98 0 0 255
0.05 0.2 -737.518 247.934 0 0 255
0.075 0.2 -772.156 154.416 0 0 255
0.1 0.2 -797.455 38.1389 0 0 255
0.125 0.2 -822.42 -56.8722 0 0 255
0.15 0.2 -3674.78 1614.95 0 0 255
0.175 0.2 -3339.04 1388.5 0 0 255
0.2 0.2 -2508.16 814.585 0 0 255
0.225 0.2 -1679.17 219.678 0 0 255
0.25 0.2 -959.119 -356.996 0 0 255
0.275 0.2 4066.56 -2893.55 0 0 255
0.3 0.2 10219.5 -1981.34 0 0 255
0.325 0.2 15647.8 1094.82 0 0 255
0.35 0.2 15712.1 1179.87 0 0 255
0.375 0.2 15712.1 1179.87 255 0 0
0.4 0.2 9708.5 21892.9 255 0 0
0.425 0.2 3747.01 42546.8 255 0 0
0.45 0.2 7308.89 -34108.3 255 0 0
0.475 0.2 1987.81 -27041 0 0 255
0.5 0.2 -2888.95 -20224.7 0 0 255
-0.5 0.175 -271.297 118.27 0 0 255
-0.475 0.175 -265.355 115.472 0 0 255
-0.45 0.175 -259.935 112.886 0 0 255
-0.425 0.175 -255.052 110.528 0 0 255
-0.4 0.175 -250.842 108.468 0 0 255
-0.375 0.175 -247.509 106.805 0 0 255
-0.35 0.175 -245.295 105.665 0 0 255
-0.325 0.175 -244.463 105.194 0 0 255
-0.3 0.175 -245.291 105.559 0 0 255
-0.275 0.175 -248.059 106.956 0 0 255
-0.25 0.175 -253.031 109.616 0 0 255
-0.225 0.175 -260.435 113.82 0 0 255
-0.2 0.175 -270.451 119.933 0 0 255
-0.175 0.175 -283.243 128.471 0 0 255
-0.15 0.175 -299.17 140.217 0 0 255
-0.125 0.175 -319.509 156.354 0 0 255
-0.1 0.175 -348.188 178.083 0 0 255
-0.075 0.175 -392.639 203.842 0 0 255
-0.05 0.175 -456.424 226.59 0 0 255
-0.025 0.175 -540.591 247.65 0 0 255
0 0.175 -609.335 252.478 0 0 255
0.025 0.175 -699.635 246.625 0 0 255
0.05 0.175 -737.518 247.934 0 0 255
0.075 0.175 -772.156 154.416 0 0 255
0.1 0.175 -797.455 38.1389 0 0 255
0.125 0.175 -822.42 -56.8722 0 0 255
0.15 0.175 -3674.78 1614.95 0 0 255
0.175 0.175 -3469.18 1476.27 0 0 255
0.2 0.175 -2938.68 1111.01 0 0 255
0.225 0.175 -2258.96 629.983 0 0 255
0.25 0.175 -1514 64.3325 0 0 255
0.275 0.175 30533.5 24072.2 0 0 255
0.3 0.175 38462.8 32151 0 0 255
0.325 0.175 39425.1 33314 0 0 255
0.35 0.175 39425.2 33314.1 0 0 255
0.375 0.175 39425.2 33314.1 255 0 0
0.4 0.175 33335.6 54029.8 255 0 0
0.425 0.175 25669.1 75556.1 255 0 0
0.45 0.175 16489 20723.9 0 0 255
0.475 0.175 10588.2 1287.31 0 0 255
0.5 0.175 5670.85 -6561.64 0 0 255
-0.5 0.15 -263.625 114.613 0 0 255
-0.475 0.15 -258.915 112.367 0 0 255
-0.45 0.15 -254.767 110.367 0 0 255
-0.425 0.15 -251.265 108.661 0 0 255
-0.4 0.15 -248.559 107.326 0 0 255
-0.375 0.15 -246.832 106.462 0 0 255
-0.35 0.15 -246.287 106.186 0 0 255
-0.325 0.15 -247.14 106.634 0 0 255
-0.3 0.15 -249.612 107.964 0 0 255
-0.275 0.15 -253.922 110.363 0 0 255
-0.25 0.15 -260.288 114.061 0 0 255
-0.225 0.15 -268.932 119.356 0 0 255
-0.2 0.15 -280.132 126.652 0 0 255
-0.175 0.15 -294.372 136.534 0 0 255
-0.15 0.15 -312.739 149.839 0 0 255
-0.125 0.15 -337.727 167.559 0 0 255
-0.1 0.15 -374.025 189.883 0 0 255
-0.075 0.15 -426.426 213.812 0 0 255
-0.05 0.15 -493.907 233.725 0 0 255
-0.025 0.15 -572.614 248.706 0 0 255
0 0.15 -638.721 250.886 0 0 255
0.025 0.15 -710.447 246.999 0 0 255
0.05 0.15 -737.518 247.934 0 0 255
0.075 0.15 -772.156 154.416 0 0 255
0.1 0.15 -797.455 38.1389 0 0 255
0.125 0.15 -822.42 -56.8722 0 0 255
0.15 0.15 -3674.78 1614.95 0 0 255
0.175 0.15 -3536.17 1521.46 0 0 255
0.2 0.15 -3179.28 1276.29 0 0 255
0.225 0.15 -2660 911.617 0 0 255
0.25 0.15 18206 15715.9 0 0 255
0.275 0.15 36497.7 30233.8 0 0 255
0.3 0.15 39107.1 32929.7 0 0 255
0.325 0.15 39425.2 33314 0 0 255
0.35 0.15 39425.2 33314.1 0 0 255
0.375 0.15 39425.2 33314.1 0 0 255
0.4 0.15 33335.6 54029.8 0 0 255
0.425 0.15 95618.7 83853 0 0 255
0.45 0.15 168165 177993 0 0 255
0.475 0.15 180160 189458 0 0 255
0.5 0.15 187963 196917 0 0 255
-0.5 0.125 -258.243 112.03 0 0 255
-0.475 0.125 -254.678 110.32 0 0 255
-0.45 0.125 -251.734 108.897 0 0 255
-0.425 0.125 -249.516 107.822 0 0 255
-0.4 0.125 -248.165 107.174 0 0 255
-0.375 0.125 -247.843 107.05 0 0 255
-0.35 0.125 -248.722 107.562 0 0 255
-0.325 0.125 -250.982 108.839 0 0 255
-0.3 0.125 -254.813 111.037 0 0 255
-0.275 0.125 -260.415 114.347 0 0 255
-0.25 0.125 -268.015 119.011 0 0 255
-0.225 0.125 -277.915 125.352 0 0 255
-0.2 0.125 -290.598 133.818 0 0 255
-0.175 0.125 -306.97 145.027 0 0 255
-0.15 0.125 -328.795 159.743 0 0 255
-0.125 0.125 -359.221 178.51 0 0 255
-0.1 0.125 -402.32 200.469 0 0 255
-0.075 0.125 -459.805 221.978 0 0 255
-0.05 0.125 -527.864 238.627 0 0 255
-0.025 0.125 -600.182 249.068 0 0 255
0 0.125 -660.741 249.862 0 0 255
0.025 0.125 -717.26 247.234 0 0 255
0.05 0.125 -737.518 247.934 0 0 255
0.075 0.125 -772.156 154.416 0 0 255
0.1 0.125 -797.455 38.1389 0 0 255
0.125 0.125 -822.42 -56.8722 0 0 255
0.15 0.125 -3674.78 1614.95 0 0 255
0.175 0.125 -3575.28 1547.84 0 0 255
0.2 0.125 -3323.34 1375.08 0 0 255
0.225 0.125 -2930.41 1100.55 0 0 255
0.25 0.125 28299.8 22313.8 0 0 255
0.275 0.125 35412.8 26963.3 0 0 255
0.3 0.125 34800.1 25116.2 0 0 255
0.325 0.125 32057.1 20139.9 0 0 255
0.35 0.125 26666.8 10502.2 0 0 255
0.375 0.125 16543.3 -7598.56 0 0 255
0.4 0.125 38899.3 18256.4 0 0 255
0.425 0.125 95618.7 83853 255 0 0
0.45 0.125 168165 177993 255 0 0
0.475 0.125 187963 196917 0 0 255
0.5 0.125 195767 204377 0 0 255
-0.5 0.1 -254.724 110.351 0 0 255
-0.475 0.1 -252.223 109.158 0 0 255
-0.45 0.1 -250.393 108.292 0 0 255
-0.425 0.1 -249.34 107.817 0 0 255
-0.4 0.1 -249.194 107.812 0 0 255
-0.375 0.1 -250.098 108.372 0 0 255
-0.35 0.1 -252.202 109.606 0 0 255
-0.325 0.1 -255.672 111.644 0 0 255
-0.3 0.1 -260.689 114.645 0 0 255
-0.275 0.1 -267.472 118.81 0 0 255
-0.25 0.1 -276.31 124.4 0 0 255
-0.225 0.1 -287.647 131.766 0 0 255
-0.2 0.1 -302.231 141.377 0 0 255
-0.175 0.1 -321.381 153.82 0 0 255
-0.15 0.1 -347.324 169.648 0 0 255
-0.125 0.1 -383.188 188.82 0 0 255
-0.1 0.1 -431.59 209.643 0 0 255
-0.075 0.1 -491.558 228.439 0 0 255
-0.05 0.1 -557.77 241.913 0 0 255
-0.025 0.1 -623.242 249.108 0 0 255
0 0.1 -677.053 249.202 0 0 255
0.025 0.1 -721.821 247.392 0 0 255
0.05 0.1 -737.518 247.934 0 0 255
0.075 0.1 -772.156 154.416 0 0 255
0.1 0.1 -797.455 38.1389 0 0 255
0.125 0.1 -822.42 -56.8722 0 0 255
0.15 0.1 -3674.78 1614.95 0 0 255
0.175 0.1 -3600.07 1564.56 0 0 255
0.2 0.1 -3414.96 1437.81 0 0 255
0.225 0.1 -3114.67 1228.8 0 0 255
0.25 0.1 -1529.96 -23416.5 0 0 255
0.275 0.1 -10297.3 -36857.2 0 0 255
0.3 0.1 -16759.7 -45880.1 0 0 255
0.325 0.1 -17820 -47340.1 0 0 255
0.35 0.1 -17820 -47340.1 0 0 255
0.375 0.1 -17820 -47340.1 0 0 255
0.4 0.1 -17820 -47340.1 255 0 0
0.425 0.1 31577.1 17060.7 255 0 0
0.45 0.1 82129.3 81981.4 255 0 0
0.475 0.1 207761 215842 255 0 0
0.5 0.1 207761 215842 0 0 255
-0.5 0.075 -252.722 109.433 0 0 255
-0.475 0.075 -251.202 108.736 0 0 255
-0.45 0.075 -250.389 108.4 0 0 255
-0.425 0.075 -250.386 108.491 0 0 255
-0.4 0.075 -251.312 109.088 0 0 255
-0.375 0.075 -253.297 110.285 0 0 255
-0.35 0.075 -256.485 112.191 0 0 255
-0.325 0.075 -261.042 114.941 0 0 255
-0.3 0.075 -267.168 118.702 0 0 255
-0.275 0.075 -275.132 123.688 0 0 255
-0.25 0.075 -285.325 130.18 0 0 255
-0.225 0.075 -298.369 138.543 0 0 255
-0.2 0.075 -315.281 149.234 0 0 255
-0.175 0.075 -337.7 162.732 0 0 255
-0.15 0.075 -367.985 179.271 0 0 255
-0.125 0.075 -408.666 198.217 0 0 255
-0.1 0.075 -460.597 217.369 0 0 255
-0.075 0.075 -520.865 233.421 0 0 255
-0.05 0.075 -583.592 244.084 0 0 255
-0.025 0.075 -642.197 249.012 0 0 255
0 0.075 -689.185 248.772 0 0 255
0.025 0.075 -725.019 247.502 0 0 255
0.05 0.075 -737.518 247.934 0 0 255
0.075 0.075 -772.156 154.416 0 0 255
0.1 0.075 -797.455 38.1389 0 0 255
0.125 0.075 -822.42 -56.8722 0 0 255
0.15 0.075 -3674.78 1614.95 0 0 255
0.175 0.075 -3616.74 1575.8 0 0 255
0.2 0.075 -3476.17 1479.67 0 0 255
0.225 0.075 -42216.8 -57628 0 0 255
0.25 0.075 -68064.7 -96534.5 0 0 255
0.275 0.075 -71353 -100148 0 0 255
0.3 0.075 -71964.1 -100782 0 0 255
0.325 0.075 -71975.8 -100793 0 0 255
0.35 0.075 -71975.8 -100793 0 0 255
0.375 0.075 -71975.8 -100793 0 0 255
0.4 0.075 -71975.8 -100793 255 0 0
0.425 0.075 -21996.6 -36468.8 255 0 0
0.45 0.075 28030.5 27906.6 255 0 0
0.475 0.075 99790.1 113932 255 0 0
0.5 0.075 99790.1 113932 0 0 255
-0.5 0.05 -251.955 109.157 0 0 255
-0.475 0.05 -251.336 108.934 0 0 255
-0.45 0.05 -251.449 109.102 0 0 255
-0.425 0.05 -252.395 109.727 0 0 255
-0.4 0.05 -254.285 110.889 0 0 255
-0.375 0.05 -257.248 112.684 0 0 255
-0.35 0.05 -261.432 115.225 0 0 255
-0.325 0.05 -267.021 118.654 0 0 255
-0.3 0.05 -274.256 123.147 0 0 255
-0.275 0.05 -283.481 128.932 0 0 255
-0.25 0.05 -295.212 136.3 0 0 255
-0.225 0.05 -310.255 145.611 0 0 255
-0.2 0.05 -329.853 157.265 0 0 255
-0.175 0.05 -355.795 171.562 0 0 255
-0.15 0.05 -390.228 188.364 0 0 255
-0.125 0.05 -434.7 206.545 0 0 255
-0.1 0.05 -488.414 223.729 0 0 255
-0.075 0.05 -547.299 237.191 0 0 255
-0.05 0.05 -605.595 245.506 0 0 255
-0.025 0.05 -657.64 248.867 0 0 255
0 0.05 -698.31 248.488 0 0 255
0.025 0.05 -727.343 247.583 0 0 255
0.05 0.05 -737.518 247.934 0 0 255
0.075 0.05 -772.156 154.416 0 0 255
0.1 0.05 -797.455 38.1389 0 0 255
0.125 0.05 -822.42 -56.8722 0 0 255
0.15 0.05 -3674.78 1614.95 0 0 255
0.175 0.05 -3628.47 1583.71 0 0 255
0.2 0.05 -46300.9 -53682 0 0 255
0.225 0.05 -114225 -141173 0 0 255
0.25 0.05 -125520 -154279 0 0 255
0.275 0.05 -125593 -154352 0 0 255
0.3 0.05 -125596 -154355 0 0 255
0.325 0.05 -125596 -154355 0 0 255
0.35 0.05 -125596 -154355 0 0 255
0.375 0.05 -125596 -154355 0 0 255
0.4 0.05 -125596 -154355 255 0 0
0.425 0.05 -75652.5 -89964.1 255 0 0
0.45 0.05 -25879.2 -25546.6 255 0 0
0.475 0.05 36955.4 44192.9 0 0 255
0.5 0.05 61721.8 71680.8 0 0 255
-0.5 0.025 -252.199 109.425 0 0 255
-0.475 0.025 -252.408 109.654 0 0 255
-0.45 0.025 -253.37 110.3 0 0 255
-0.425 0.025 -255.182 111.432 0 0 255
-0.4 0.025 -257.96 113.131 0 0 255
-0.375 0.025 -261.837 115.496 0 0 255
-0.35 0.025 -266.978 118.645 0 0 255
-0.325 0.025 -273.599 122.729 0 0 255
-0.3 0.025 -282 127.933 0 0 255
-0.275 0.025 -292.614 134.493 0 0 255
-0.25 0.025 -306.091 142.699 0 0 255
-0.225 0.025 -323.396 152.878 0 0 255
-0.2 0.025 -345.907 165.325 0 0 255
-0.175 0.025 -375.363 180.115 0 0 255
-0.15 0.025 -413.406 196.745 0 0 255
-0.125 0.025 -460.456 213.758 0 0 255
-0.1 0.025 -514.421 228.871 0 0 255
-0.075 0.025 -570.742 240.008 0 0 255
-0.05 0.025 -624.192 246.43 0 0 255
-0.025 0.025 -670.184 248.717 0 0 255
0 0.025 -705.266 248.297 0 0 255
0.025 0.025 -729.084 247.643 0 0 255
0.05 0.025 -737.518 247.934 0 0 255
0.075 0.025 -772.156 154.416 0 0 255
0.1 0.025 -797.455 38.1389 0 0 255
0.125 0.025 -822.42 -56.8722 0 0 255
0.15 0.025 -3674.78 1614.95 0 0 255
0.175 0.025 -3637.02 1589.48 0 0 255
0.2 0.025 -92393 -112361 0 0 255
0.225 0.025 -123190 -151568 0 0 255
0.25 0.025 -125578 -154337 0 0 255
0.275 0.025 -125595 -154354 0 0 255
0.3 0.025 -125596 -154355 0 0 255
0.325 0.025 -125596 -154355 0 0 255
0.35 0.025 -125596 -154355 0 0 255
0.375 0.025 -125596 -154355 0 0 255
0.4 0.025 -125596 -154355 0 0 255
0.425 0.025 -75652.5 -89964.1 0 0 255
0.45 0.025 -25879.2 -25546.6 0 0 255
0.475 0.025 12189 16705 0 0 255
0.5 0.025 36955.4 44192.9 0 0 255
-0.5 0 -253.279 110.158 0 0 255
-0.475 0 -254.254 110.819 0 0 255
-0.45 0 -256.002 111.922 0 0 255
-0.425 0 -258.624 113.538 0 0 255
-0.4 0 -262.242 115.75 0 0 255
-0.375 0 -267.004 118.663 0 0 255
-0.35 0 -273.102 122.401 0 0 255
-0.325 0 -280.798 127.121 0 0 255
-0.3 0 -290.458 133.016 0 0 255
-0.275 0 -302.614 140.32 0 0 255
-0.25 0 -318.031 149.305 0 0 255
-0.225 0 -337.788 160.236 0 0 255
-0.2 0 -363.275 173.267 0 0 255
-0.175 0 -395.988 188.225 0 0 255
-0.15 0 -436.874 204.302 0 0 255
-0.125 0 -485.284 219.89 0 0 255
-0.1 0 -538.272 232.975 0 0 255
-0.075 0 -591.289 242.096 0 0 255
-0.05 0 -639.842 247.029 0 0 255
-0.025 0 -680.384 248.578 0 0 255
0 0 -710.646 248.167 0 0 255
0.025 0 -730.419 247.689 0 0 255
0.05 0 -737.518 247.934 0 0 255
0.075 0 -772.156 154.416 0 0 255
0.1 0 -797.455 38.1389 0 0 255
0.125 0 -822.42 -56.8722 0 0 255
0.15 0 -3674.78 1614.95 0 0 255
0.175 0 -47004.9 -53950.7 0 0 255
0.2 0 -114174 -139973 0 0 255
0.225 0 -124899 -153548 0 0 255
0.25 0 -125590 -154349 0 0 255
0.275 0 -125596 -154355 0 0 255
0.3 0 -125596 -154355 0 0 255
0.325 0 -125596 -154355 0 0 255
0.35 0 -125596 -154355 0 0 255
0.375 0 -125596 -154355 0 0 255
0.4 0 -125596 -154355 0 0 255
0.425 0 -75652.5 -89964.1 0 0 255
0.45 0 -25879.2 -25546.6 0 0 255
0.475 0 -382.489 2751.95 0 0 255
0.5 0 20814.8 26278.6 0 0 255
