-0.5 1 26459.9 -2988.17 0 0 255
-0.475 1 25517.8 -3510.49 0 0 255
-0.45 1 24397.8 -4131.49 0 0 255
-0.425 1 23064.2 -4870.95 0 0 255
-0.4 1 21479.3 -5749.69 0 0 255
-0.375 1 19612.2 -6784.93 0 0 255
-0.35 1 17460.9 -7977.72 0 0 255
-0.325 1 15111.7 -9280.27 0 0 255
-0.3 1 12907.8 -10502.2 0 0 255
-0.275 1 -4895.16 -13320.2 0 0 255
-0.25 1 -61992 -34099.6 0 0 255
-0.225 1 -10032.9 -18448 0 0 255
-0.2 1 16382 -10531.6 0 0 255
-0.175 1 17014.8 -10421.6 0 0 255
-0.15 1 17014.8 -10421.6 0 0 255
-0.125 1 17014.8 -10421.6 0 0 255
-0.1 1 264.41 -9121.07 0 0 255
-0.075 1 -8503.45 -6722.96 0 0 255
-0.05 1 -9646.04 -4679.78 0 0 255
-0.025 1 -10389.4 -3350.53 0 0 255
0 1 -10873.8 -2484.24 0 0 255
0.025 1 -11200.9 -1899.29 0 0 255
0.05 1 -11429.8 -1489.96 0 0 255
0.075 1 -11595.2 -1194.32 0 0 255
0.1 1 -11717.9 -974.89 0 0 255
0.125 1 -11811.1 -808.142 0 0 255
0.15 1 -11883.4 -678.821 0 0 255
0.175 1 -11940.1 -575.898 0 0 255
0.2 1 -11983 -488.655 0 0 255
0.225 1 -12023.2 -421.022 0 0 255
0.25 1 -12117.3 -420.394 0 0 255
0.275 1 -12434.2 -614.683 0 0 255
0.3 1 -13293.1 -1198.18 0 0 255
0.325 1 -14977.6 -2253.12 0 0 255
0.35 1 -17393.9 -3566.38 0 0 255
0.375 1 -20095.4 -4781.8 0 0 255
0.4 1 -22649.5 -5678.09 0 0 255
0.425 1 -24854.2 -6232.4 0 0 255
0.45 1 -26696.3 -6523.02 0 0 255
0.475 1 -28238.8 -6640.32 0 0 255
0.5 1 -29553.3 -6653.11 0 0 255
-0.5 0.975 27813.9 -2237.43 0 0 255
-0.475 0.975 26966.2 -2707.43 0 0 255
-0.45 0.975 25928.4 -3282.84 0 0 255
-0.425 0.975 24649 -3992.2 0 0 255
-0.4 0.975 23064.2 -4870.95 0 0 255
-0.375 0.975 21100.6 -5959.65 0 0 255
-0.35 0.975 18693.6 -7294.22 0 0 255
-0.325 0.975 15852.8 -8869.34 0 0 255
-0.3 0.975 12907.8 -10502.2 0 0 255
-0.275 0.975 -4895.16 -13320.2 0 0 255
-0.25 0.975 -61992 -34099.6 0 0 255
-0.225 0.975 -36447.8 -26364.5 0 0 255
-0.2 0.975 15105 -10753.6 0 0 255
-0.175 0.975 17014.8 -10421.6 0 0 255
-0.15 0.975 17014.8 -10421.6 0 0 255
-0.125 0.975 17014.8 -10421.6 255 0 0
-0.1 0.975 264.41 -9121.07 255 0 0
-0.075 0.975 -8503.45 -6722.96 255 0 0
-0.05 0.975 -10389.4 -3350.53 0 0 255
-0.025 0.975 -11132.7 -2021.28 0 0 255
0 0.975 -11510 -1346.55 0 0 255
0.025 0.975 -11728.4 -955.988 0 0 255
0.05 0.975 -11866.1 -709.897 0 0 255
0.075 0.975 -11958.2 -545.135 0 0 255
0.1 0.975 -12022.8 -429.629 0 0 255
0.125 0.975 -12069.8 -345.66 0 0 255
0.15 0.975 -12104.9 -282.788 0 0 255
0.175 0.975 -12130 -230.935 0 0 255
0.2 0.975 -12138.9 -171.265 0 0 255
0.225 0.975 -12179.3 -158.778 0 0 255
0.25 0.975 -12484 -417.948 0 0 255
0.275 0.975 -13523.4 -1282.56 0 0 255
0.3 0.975 -15565.3 -2741.81 0 0 255
0.325 0.975 -18260.6 -4309.05 0 0 255
0.35 0.975 -21007 -5530.18 0 0 255
0.375 0.975 -23436 -6284.76 0 0 255
0.4 0.975 -25471.3 -6668.31 0 0 255
0.425 0.975 -27172.3 -6815.19 0 0 255
0.45 0.975 -28620.7 -6826.61 0 0 255
0.475 0.975 -29881.9 -6765.28 0 0 255
0.5 0.975 -31001 -6667.2 0 0 255
-0.5 0.95 29252 -1440.05 0 0 255
-0.475 0.95 28549 -1829.81 0 0 255
-0.45 0.95 27659 -2323.31 0 0 255
-0.425 0.95 26516.1 -2956.96 0 0 255
-0.4 0.95 25027.7 -3782.24 0 0 255
-0.375 0.95 23064.2 -4870.95 0 0 255
-0.35 0.95 20455.2 -6317.48 0 0 255
-0.325 0.95 17029 -8217.19 0 0 255
-0.3 0.95 12907.8 -10502.2 0 0 255
-0.275 0.95 -4895.16 -13320.2 0 0 255
-0.25 0.95 -61992 -34099.6 0 0 255
-0.225 0.95 -61992 -34099.6 0 0 255
-0.2 0.95 -11240.8 -15333.2 0 0 255
-0.175 0.95 9593.11 -7629.36 0 0 255
-0.15 0.95 9593.11 -7629.36 0 0 255
-0.125 0.95 9593.11 -7629.36 255 0 0
-0.1 0.95 2310.52 -5078.25 255 0 0
-0.075 0.95 -4972.28 -2527.05 255 0 0
-0.05 0.95 -12275.3 21.9 255 0 0
-0.025 0.95 -12275.3 21.9 0 0 255
0 0.95 -12275.3 21.9 0 0 255
0.025 0.95 -12275.3 21.9 0 0 255
0.05 0.95 -12275.3 21.9 0 0 255
0.075 0.95 -12275.3 21.9 0 0 255
0.1 0.95 -12275.3 21.9 0 0 255
0.125 0.95 -12275.3 21.9 0 0 255
0.15 0.95 -12275.3 21.9112 0 0 255
0.175 0.95 -12263.6 44.7215 0 0 255
0.2 0.95 -12189.9 170.436 0 0 255
0.225 0.95 -12399.6 -90.6083 0 0 255
0.25 0.95 -13692.9 -1446.24 0 0 255
0.275 0.95 -16143.3 -3461.88 0 0 255
0.3 0.95 -19024.1 -5213.67 0 0 255
0.325 0.95 -21696.2 -6306.72 0 0 255
0.35 0.95 -23956.9 -6841.78 0 0 255
0.375 0.95 -25848.2 -7034.11 0 0 255
0.4 0.95 -27461.4 -7043.36 0 0 255
0.425 0.95 -28870.2 -6961.81 0 0 255
0.45 0.95 -30123.7 -6838.45 0 0 255
0.475 0.95 -31253.5 -6698.57 0 0 255
0.5 0.95 -32280.3 -6555.1 0 0 255
-0.5 0.925 30720.8 -625.675 0 0 255
-0.475 0.925 30218.6 -904.11 0 0 255
-0.45 0.925 29557.8 -1270.52 0 0 255
-0.425 0.925 28667.4 -1764.17 0 0 255
-0.4 0.925 27434.7 -2447.67 0 0 255
-0.375 0.925 25673.1 -3424.42 0 0 255
-0.35 0.925 23064.2 -4870.95 0 0 255
-0.325 0.925 19061 -7090.52 0 0 255
-0.3 0.925 12907.8 -10502.2 0 0 255
-0.275 0.925 -4895.16 -13320.2 0 0 255
-0.25 0.925 -61992 -34099.6 0 0 255
-0.225 0.925 -61992 -34099.6 0 0 255
-0.2 0.925 -61992 -34099.6 0 0 255
-0.175 0.925 11539.5 -3584.67 0 0 255
-0.15 0.925 11539.5 -3584.67 0 0 255
-0.125 0.925 11539.5 -3584.67 255 0 0
-0.1 0.925 4256.95 -1033.45 255 0 0
-0.075 0.925 -3025.62 1517.77 255 0 0
-0.05 0.925 -10307.5 4068.54 255 0 0
-0.025 0.925 -10307.5 4068.54 0 0 255
0 0.925 -10307.5 4068.54 0 0 255
0.025 0.925 -10307.5 4068.54 0 0 255
0.05 0.925 -10307.5 4068.54 0 0 255
0.075 0.925 -10307.5 4068.54 0 0 255
0.1 0.925 -10307.5 4068.54 0 0 255
0.125 0.925 -10307.5 4068.54 0 0 255
0.15 0.925 -10302.7 4076.41 0 0 255
0.175 0.925 -10268.8 3928.73 0 0 255
0.2 0.925 -11045.8 2122.23 0 0 255
0.225 0.925 -13329.4 -1247.64 0 0 255
0.25 0.925 -16451.8 -4338.2 0 0 255
0.275 0.925 -19469.8 -6198.23 0 0 255
0.3 0.925 -22026.3 -7039.29 0 0 255
0.325 0.925 -24160.1 -7314.62 0 0 255
0.35 0.925 -25984.7 -7321.71 0 0 255
0.375 0.925 -27585.5 -7210.79 0 0 255
0.4 0.925 -29015.2 -7052.27 0 0 255
0.425 0.925 -30305.7 -6878.72 0 0 255
0.45 0.925 -31478 -6705.17 0 0 255
0.475 0.925 -32546.9 -6538.42 0 0 255
0.5 0.925 -33523.8 -6381.36 0 0 255
-0.5 0.9 32113.6 146.578 0 0 255
-0.475 0.9 31860.7 6.36527 0 0 255
-0.45 0.9 31512.8 -186.506 0 0 255
-0.425 0.9 31016.7 -461.625 0 0 255
-0.4 0.9 30275.5 -872.548 0 0 255
-0.375 0.9 29099.3 -1524.7 0 0 255
-0.35 0.9 27067.3 -2651.37 0 0 255
-0.325 0.9 23064.2 -4870.95 0 0 255
-0.3 0.9 12907.8 -10502.2 255 0 0
-0.275 0.9 -4895.16 -13320.2 255 0 0
-0.25 0.9 -61992 -34099.6 255 0 0
-0.225 0.9 -61992 -34099.6 0 0 255
-0.2 0.9 -61992 -34099.6 0 0 255
-0.175 0.9 13486.1 460.151 0 0 255
-0.15 0.9 13486.1 460.151 0 0 255
-0.125 0.9 13486.1 460.151 255 0 0
-0.1 0.9 6203.55 3011.37 255 0 0
-0.075 0.9 -1076.79 5562.43 255 0 0
-0.05 0.9 -8136.15 8096.79 255 0 0
-0.025 0.9 -8136.15 8096.79 0 0 255
0 0.9 -8136.15 8096.79 0 0 255
0.025 0.9 -8136.15 8096.79 0 0 255
0.05 0.9 -8136.15 8096.79 0 0 255
0.075 0.9 -8136.15 8096.79 0 0 255
0.1 0.9 -8136.15 8096.79 0 0 255
0.125 0.9 -8136.15 8096.79 0 0 255
0.15 0.9 -8251 7417.56 0 0 255
0.175 0.9 -9957.61 2573.77 0 0 255
0.2 0.9 -13177.5 -2833.7 0 0 255
0.225 0.9 -16597 -6069.64 0 0 255
0.25 0.9 -19521.9 -7376.91 0 0 255
0.275 0.9 -21960.3 -7733.24 0 0 255
0.3 0.9 -24058.5 -7707.85 0 0 255
0.325 0.9 -25914.5 -7541 0 0 255
0.35 0.9 -27581.2 -7327.92 0 0 255
0.375 0.9 -29088.5 -7106.64 0 0 255
0.4 0.9 -30456.1 -6892.5 0 0 255
0.425 0.9 -31698.6 -6691.42 0 0 255
0.45 0.9 -32828.2 -6505.28 0 0 255
0.475 0.9 -33855.9 -6334.21 0 0 255
0.5 0.9 -34791.6 -6177.52 0 0 255
-0.5 0.875 33220.5 760.328 0 0 255
-0.475 0.875 33220.5 760.328 0 0 255
-0.45 0.875 33220.5 760.328 0 0 255
-0.425 0.875 33220.5 760.328 0 0 255
-0.4 0.875 33220.5 760.328 0 0 255
-0.375 0.875 33220.5 760.328 0 0 255
-0.35 0.875 33220.5 760.328 0 0 255
-0.325 0.875 33220.5 760.328 255 0 0
-0.3 0.875 15765 -1785.85 255 0 0
-0.275 0.875 -1999.18 -4597.97 255 0 0
-0.25 0.875 -19434.1 -7259.61 255 0 0
-0.225 0.875 -19434.1 -7259.61 0 0 255
-0.2 0.875 -19434.1 -7259.61 0 0 255
-0.175 0.875 13486.1 460.151 0 0 255
-0.15 0.875 13486.1 460.151 0 0 255
-0.125 0.875 13486.1 460.151 0 0 255
-0.1 0.875 6203.55 3011.37 0 0 255
-0.075 0.875 -1076.79 5562.43 0 0 255
-0.05 0.875 -8136.15 8096.79 0 0 255
-0.025 0.875 -8136.15 8096.79 0 0 255
0 0.875 -8136.15 8096.79 0 0 255
0.025 0.875 -8136.15 8096.79 0 0 255
0.05 0.875 -8136.15 8096.79 0 0 255
0.075 0.875 -8136.15 8096.79 0 0 255
0.1 0.875 -8136.15 8096.79 0 0 255
0.125 0.875 -7816.54 4509.07 0 0 255
0.15 0.875 -9920.29 -2454.75 0 0 255
0.175 0.875 -13255.3 -6785.92 0 0 255
0.2 0.875 -16382 -8215.26 0 0 255
0.225 0.875 -19091.2 -8430.06 0 0 255
0.25 0.875 -21503.4 -8262.52 0 0 255
0.275 0.875 -23688.8 -7985.81 0 0 255
0.3 0.875 -25676.8 -7688.28 0 0 255
0.325 0.875 -27482.9 -7400 0 0 255
0.35 0.875 -29119.7 -7131.21 0 0 255
0.375 0.875 -30600 -6884.77 0 0 255
0.4 0.875 -31936.8 -6660.64 0 0 255
0.425 0.875 -33143.3 -6457.6 0 0 255
0.45 0.875 -34232.2 -6273.95 0 0 255
0.475 0.875 -35215.4 -6107.91 0 0 255
0.5 0.875 -36104 -5957.72 0 0 255
-0.5 0.85 36583.9 9803.97 0 0 255
-0.475 0.85 36583.9 9803.97 0 0 255
-0.45 0.85 36583.9 9803.97 0 0 255
-0.425 0.85 36583.9 9803.97 0 0 255
-0.4 0.85 36583.9 9803.97 0 0 255
-0.375 0.85 36583.9 9803.97 0 0 255
-0.35 0.85 36583.9 9803.97 0 0 255
-0.325 0.85 36583.9 9803.97 255 0 0
-0.3 0.85 18677.2 6926.19 255 0 0
-0.275 0.85 885.118 4100.95 255 0 0
-0.25 0.85 -16867.8 1294.48 255 0 0
-0.225 0.85 -16867.8 1294.48 0 0 255
-0.2 0.85 -16867.8 1294.48 0 0 255
-0.175 0.85 -8033.71 1051.66 0 0 255
-0.15 0.85 13486.1 460.151 0 0 255
-0.125 0.85 13486.1 460.151 0 0 255
-0.1 0.85 6203.55 3011.37 0 0 255
-0.075 0.85 -1076.79 5562.43 0 0 255
-0.05 0.85 -8136.15 8096.79 0 0 255
-0.025 0.85 -8136.15 8096.79 0 0 255
0 0.85 -8136.15 8096.79 0 0 255
0.025 0.85 -8136.15 8096.79 0 0 255
0.05 0.85 -8136.15 8096.79 0 0 255
0.075 0.85 -8136.15 8096.79 0 0 255
0.1 0.85 4327.41 1450.93 0 0 255
0.125 0.85 -6787.47 -7042.44 0 0 255
0.15 0.85 -11953.7 -9185.58 0 0 255
0.175 0.85 -15166.1 -9267.51 0 0 255
0.2 0.85 -17984.9 -8948.06 0 0 255
0.225 0.85 -20615 -8550.87 0 0 255
0.25 0.85 -23054.4 -8154.79 0 0 255
0.275 0.85 -25287.3 -7783.41 0 0 255
0.3 0.85 -27309.8 -7443.89 0 0 255
0.325 0.85 -29128.7 -7137.31 0 0 255
0.35 0.85 -30757.4 -6862.26 0 0 255
0.375 0.85 -32212.5 -6616.32 0 0 255
0.4 0.85 -33511.2 -6396.69 0 0 255
0.425 0.85 -34670.4 -6200.6 0 0 255
0.45 0.85 -35706 -6025.39 0 0 255
0.475 0.85 -36632.3 -5868.65 0 0 255
0.5 0.85 -37462.1 -5728.18 0 0 255
-0.5 0.825 39379.8 18462.3 0 0 255
-0.475 0.825 39379.8 18462.3 0 0 255
-0.45 0.825 39379.8 18462.3 0 0 255
-0.425 0.825 39379.8 18462.3 0 0 255
-0.4 0.825 39379.8 18462.3 0 0 255
-0.375 0.825 39379.8 18462.3 0 0 255
-0.35 0.825 39379.8 18462.3 0 0 255
-0.325 0.825 39379.8 18462.3 255 0 0
-0.3 0.825 21587.7 15637 255 0 0
-0.275 0.825 3794.5 12811.8 255 0 0
-0.25 0.825 -14002.7 9991.18 255 0 0
-0.225 0.825 -14002.7 9991.18 0 0 255
-0.2 0.825 -14002.7 9991.18 0 0 255
-0.175 0.825 -13599.3 9386.98 0 0 255
-0.15 0.825 4512.03 3417.83 0 0 255
-0.125 0.825 13486.1 460.151 0 0 255
-0.1 0.825 6203.55 3011.37 0 0 255
-0.075 0.825 -1076.79 5562.43 0 0 255
-0.05 0.825 -8136.15 8096.79 0 0 255
-0.025 0.825 -8136.15 8096.79 0 0 255
0 0.825 -8136.15 8096.79 0 0 255
0.025 0.825 -8136.15 8096.79 0 0 255
0.05 0.825 -8136.15 8096.79 0 0 255
0.075 0.825 33850.6 -1712.37 0 0 255
0.1 0.825 21288.3 -7593.01 0 0 255
0.125 0.825 -10916 -10197.2 0 0 255
0.15 0.825 -13417.1 -9792.69 0 0 255
0.175 0.825 -16360.6 -9297.98 0 0 255
0.2 0.825 -19342.9 -8794.16 0 0 255
0.225 0.825 -22168.1 -8316.33 0 0 255
0.25 0.825 -24752.7 -7879.04 0 0 255
0.275 0.825 -27071.9 -7486.59 0 0 255
0.3 0.825 -29130.7 -7138.2 0 0 255
0.325 0.825 -30947.7 -6830.72 0 0 255
0.35 0.825 -32547 -6560.06 0 0 255
0.375 0.825 -33953.7 -6322.01 0 0 255
0.4 0.825 -35191.8 -6112.48 0 0 255
0.425 0.825 -36283 -5927.81 0 0 255
0.45 0.825 -37246.8 -5764.71 0 0 255
0.475 0.825 -38100 -5620.29 0 0 255
0.5 0.825 -38857.3 -5492.03 0 0 255
-0.5 0.8 39379.8 18462.3 0 0 255
-0.475 0.8 39379.8 18462.3 0 0 255
-0.45 0.8 39379.8 18462.3 0 0 255
-0.425 0.8 39379.8 18462.3 0 0 255
-0.4 0.8 39379.8 18462.3 0 0 255
-0.375 0.8 39379.8 18462.3 0 0 255
-0.35 0.8 39379.8 18462.3 0 0 255
-0.325 0.8 39379.8 18462.3 0 0 255
-0.3 0.8 21587.7 15637 0 0 255
-0.275 0.8 3794.5 12811.8 0 0 255
-0.25 0.8 -14002.7 9991.18 0 0 255
-0.225 0.8 -14002.7 9991.18 0 0 255
-0.2 0.8 -14002.7 9991.18 0 0 255
-0.175 0.8 -13869.1 9790.99 0 0 255
-0.15 0.8 -4678.52 6604.41 0 0 255
-0.125 0.8 13486.1 460.151 0 0 255
-0.1 0.8 6203.55 3011.37 0 0 255
-0.075 0.8 -1076.79 5562.43 0 0 255
-0.05 0.8 -8136.15 8096.79 0 0 255
-0.025 0.8 -8136.15 8096.79 0 0 255
0 0.8 -8136.15 8096.79 0 0 255
0.025 0.8 -8136.15 8096.79 0 0 255
0.05 0.8 51663.4 -5873.91 0 0 255
0.075 0.8 51663.4 -5873.91 0 0 255
0.1 0.8 20324.6 -8044.15 0 0 255
0.125 0.8 -11010.2 -10204.8 0 0 255
0.15 0.8 -14056.9 -9689.2 0 0 255
0.175 0.8 -17545.1 -9098.89 0 0 255
0.2 0.8 -20932.8 -8525.57 0 0 255
0.225 0.8 -24020.5 -8003.04 0 0 255
0.25 0.8 -26751.3 -7540.89 0 0 255
0.275 0.8 -29130.8 -7138.21 0 0 255
0.3 0.8 -31189.5 -6789.81 0 0 255
0.325 0.8 -32966 -6489.16 0 0 255
0.35 0.8 -34499 -6229.72 0 0 255
0.375 0.8 -35824.1 -6005.47 0 0 255
0.4 0.8 -36972.4 -5811.14 0 0 255
0.425 0.8 -37970.6 -5642.21 0 0 255
0.45 0.8 -38841.5 -5494.82 0 0 255
0.475 0.8 -39604 -5365.72 0 0 255
0.5 0.8 -40273.9 -5252.09 0 0 255
-0.5 0.775 38506.7 8629.76 0 0 255
-0.475 0.775 39379.8 18462.3 0 0 255
-0.45 0.775 39379.8 18462.3 0 0 255
-0.425 0.775 39379.8 18462.3 0 0 255
-0.4 0.775 39379.8 18462.3 0 0 255
-0.375 0.775 39379.8 18462.3 0 0 255
-0.35 0.775 39379.8 18462.3 0 0 255
-0.325 0.775 39379.8 18462.3 0 0 255
-0.3 0.775 21587.7 15637 0 0 255
-0.275 0.775 3794.5 12811.8 0 0 255
-0.25 0.775 -14002.7 9991.18 0 0 255
-0.225 0.775 -14002.7 9991.18 0 0 255
-0.2 0.775 -14002.7 9991.18 0 0 255
-0.175 0.775 -13944.9 9904.58 0 0 255
-0.15 0.775 -9642.81 8372.41 0 0 255
-0.125 0.775 9904.23 1685.49 0 0 255
-0.1 0.775 6262.72 2990.17 0 0 255
-0.075 0.775 -1075.82 5562.09 0 0 255
-0.05 0.775 -8136.15 8096.79 0 0 255
-0.025 0.775 -8136.15 8096.79 0 0 255
0 0.775 51663.4 -5873.91 0 0 255
0.025 0.775 51663.4 -5873.91 0 0 255
0.05 0.775 51663.4 -5873.91 0 0 255
0.075 0.775 51663.4 -5873.91 0 0 255
0.1 0.775 20324.6 -8044.15 0 0 255
0.125 0.775 -11010.2 -10204.8 0 0 255
0.15 0.775 -14942.2 -9539.38 0 0 255
0.175 0.775 -19133.6 -8830.06 0 0 255
0.2 0.775 -22971.9 -8180.5 0 0 255
0.225 0.775 -26303.1 -7616.74 0 0 255
0.25 0.775 -29130.8 -7138.21 0 0 255
0.275 0.775 -31510.2 -6735.52 0 0 255
0.3 0.775 -33508.5 -6397.35 0 0 255
0.325 0.775 -35189.3 -6112.91 0 0 255
0.35 0.775 -36607.8 -5872.84 0 0 255
0.375 0.775 -37810.4 -5669.32 0 0 255
0.4 0.775 -38835 -5495.92 0 0 255
0.425 0.775 -39712.6 -5347.41 0 0 255
0.45 0.775 -40468.1 -5219.54 0 0 255
0.475 0.775 -41121.8 -5108.73 0 0 255
0.5 0.775 -41689.8 -5011.94 0 0 255
-0.5 0.75 37149 -6660.73 0 0 255
-0.475 0.75 37183.2 -6275.4 0 0 255
-0.45 0.75 37271.3 -5283.96 0 0 255
-0.425 0.75 37521.7 -2463.46 0 0 255
-0.4 0.75 38211.2 5301.64 0 0 255
-0.375 0.75 39379.8 18462.3 0 0 255
-0.35 0.75 39379.8 18462.3 0 0 255
-0.325 0.75 39379.8 18462.3 0 0 255
-0.3 0.75 21587.7 15637 0 0 255
-0.275 0.75 3794.5 12811.8 0 0 255
-0.25 0.75 -14002.7 9991.18 0 0 255
-0.225 0.75 -14002.7 9991.18 0 0 255
-0.2 0.75 -14002.7 9991.18 0 0 255
-0.175 0.75 -13973.8 9947.87 0 0 255
-0.15 0.75 -11882.5 9187.12 0 0 255
-0.125 0.75 3149.28 4011.37 0 0 255
-0.1 0.75 5980.52 3082.73 0 0 255
-0.075 0.75 -309.702 5446.17 0 0 255
-0.05 0.75 9676.73 3935.25 0 0 255
-0.025 0.75 51663.4 -5873.91 0 0 255
0 0.75 51663.4 -5873.91 0 0 255
0.025 0.75 51663.4 -5873.91 0 0 255
0.05 0.75 51663.4 -5873.91 0 0 255
0.075 0.75 51663.4 -5873.91 0 0 255
0.1 0.75 20324.6 -8044.15 0 0 255
0.125 0.75 -11010.2 -10204.8 0 0 255
0.15 0.75 -16264.5 -9315.61 0 0 255
0.175 0.75 -21333 -8457.84 0 0 255
0.2 0.75 -25627.5 -7731.08 0 0 255
0.225 0.75 -29130.8 -7138.21 0 0 255
0.25 0.75 -31958.4 -6659.67 0 0 255
0.275 0.75 -34241.1 -6273.37 0 0 255
0.3 0.75 -36092.7 -5960.02 0 0 255
0.325 0.75 -37605 -5704.08 0 0 255
0.35 0.75 -38850 -5493.39 0 0 255
0.375 0.75 -39883.1 -5318.56 0 0 255
0.4 0.75 -40747.1 -5172.34 0 0 255
0.425 0.75 -41475.2 -5049.12 0 0 255
0.45 0.75 -42093.3 -4944.45 0 0 255
0.475 0.75 -42621.3 -4854.56 0 0 255
0.5 0.75 -43073.8 -4776.1 0 0 255
-0.5 0.725 37119.5 -6993.78 0 0 255
-0.475 0.725 37119.5 -6993.78 0 0 255
-0.45 0.725 37119.5 -6993.78 0 0 255
-0.425 0.725 37119.5 -6993.78 0 0 255
-0.4 0.725 37119.5 -6993.78 0 0 255
-0.375 0.725 22511.7 -4353.41 0 0 255
-0.35 0.725 8634.59 -1855.89 0 0 255
-0.325 0.725 -5242.58 641.617 0 0 255
-0.3 0.725 21587.7 15637 0 0 255
-0.275 0.725 3794.5 12811.8 0 0 255
-0.25 0.725 -14002.7 9991.18 0 0 255
-0.225 0.725 -14002.7 9991.18 0 0 255
-0.2 0.725 -14002.7 9991.18 0 0 255
-0.175 0.725 -13986.8 9967.32 0 0 255
-0.15 0.725 -12901.9 9565.06 0 0 255
-0.125 0.725 -3018.72 6145.49 0 0 255
-0.1 0.725 12334.3 1965.52 0 0 255
-0.075 0.725 29648.8 -1078.97 0 0 255
-0.05 0.725 51663.4 -5873.91 0 0 255
-0.025 0.725 51663.4 -5873.91 0 0 255
0 0.725 51663.4 -5873.91 0 0 255
0.025 0.725 51663.4 -5873.91 0 0 255
0.05 0.725 51663.4 -5873.91 0 0 255
0.075 0.725 51663.4 -5873.91 0 0 255
0.1 0.725 20324.6 -8044.15 0 0 255
0.125 0.725 -11010.2 -10204.8 0 0 255
0.15 0.725 -18363.1 -8960.47 0 0 255
0.175 0.725 -24476.1 -7925.94 0 0 255
0.2 0.725 -29130.8 -7138.21 0 0 255
0.225 0.725 -32634 -6545.34 0 0 255
0.25 0.725 -35289.7 -6095.91 0 0 255
0.275 0.725 -37328.7 -5750.84 0 0 255
0.3 0.725 -38916.7 -5482.1 0 0 255
0.325 0.725 -40170.9 -5269.85 0 0 255
0.35 0.725 -41174.8 -5099.96 0 0 255
0.375 0.725 -41988.2 -4962.29 0 0 255
0.4 0.725 -42655 -4849.46 0 0 255
0.425 0.725 -43207.1 -4756.01 0 0 255
0.45 0.725 -43668.9 -4677.61 0 0 255
0.475 0.725 -44057.8 -4610.05 0 0 255
0.5 0.725 -44381.9 -4549.24 0 0 255
-0.5 0.7 37119.5 -6993.78 0 0 255
-0.475 0.7 37119.5 -6993.78 0 0 255
-0.45 0.7 37119.5 -6993.78 0 0 255
-0.425 0.7 37119.5 -6993.78 0 0 255
-0.4 0.7 37119.5 -6993.78 0 0 255
-0.375 0.7 22511.7 -4353.41 0 0 255
-0.35 0.7 8634.59 -1855.89 0 0 255
-0.325 0.7 -5242.58 641.617 0 0 255
-0.3 0.7 -5242.58 641.617 0 0 255
-0.275 0.7 -5242.58 641.617 0 0 255
-0.25 0.7 -9771.55 5475.3 0 0 255
-0.225 0.7 -12443.7 8327.28 0 0 255
-0.2 0.7 -13414.3 9363.19 0 0 255
-0.175 0.7 -13746.3 9713.52 0 0 255
-0.15 0.7 -13286.6 9632.7 0 0 255
-0.125 0.7 -7278.32 7592.15 0 0 255
-0.1 0.7 42269.2 -4001.37 0 0 255
-0.075 0.7 51663.4 -5873.91 0 0 255
-0.05 0.7 51663.4 -5873.91 0 0 255
-0.025 0.7 51663.4 -5873.91 0 0 255
0 0.7 51663.4 -5873.91 0 0 255
0.025 0.7 51663.4 -5873.91 0 0 255
0.05 0.7 51663.4 -5873.91 0 0 255
0.075 0.7 51663.4 -5873.91 0 0 255
0.1 0.7 20324.6 -8044.15 0 0 255
0.125 0.7 -11010.2 -10204.8 0 0 255
0.15 0.7 -21988.5 -8346.92 0 0 255
0.175 0.7 -29130.8 -7138.21 0 0 255
0.2 0.7 -33785.5 -6350.47 0 0 255
0.225 0.7 -36928.5 -5818.57 0 0 255
0.25 0.7 -39127.9 -5446.36 0 0 255
0.275 0.7 -40716.4 -5177.53 0 0 255
0.3 0.7 -41895.5 -4978 0 0 255
0.325 0.7 -42791.4 -4826.37 0 0 255
0.35 0.7 -43486.3 -4708.77 0 0 255
0.375 0.7 -44034.8 -4615.94 0 0 255
0.4 0.7 -44474.7 -4541.51 0 0 255
0.425 0.7 -44832.2 -4480.99 0 0 255
0.45 0.7 -45127 -4430.07 0 0 255
0.475 0.7 -45369 -4382.24 0 0 255
0.5 0.7 -45543.7 -4331.24 0 0 255
-0.5 0.675 37119.5 -6993.78 0 0 255
-0.475 0.675 37119.5 -6993.78 0 0 255
-0.45 0.675 37119.5 -6993.78 0 0 255
-0.425 0.675 37119.5 -6993.78 0 0 255
-0.4 0.675 37119.5 -6993.78 0 0 255
-0.375 0.675 22511.7 -4353.41 0 0 255
-0.35 0.675 8634.59 -1855.89 0 0 255
-0.325 0.675 -5242.58 641.617 0 0 255
-0.3 0.675 -5242.58 641.617 0 0 255
-0.275 0.675 -5242.58 641.617 0 0 255
-0.25 0.675 -5242.58 641.617 0 0 255
-0.225 0.675 -5242.58 641.617 0 0 255
-0.2 0.675 -5242.58 641.617 0 0 255
-0.175 0.675 -5242.58 641.617 0 0 255
-0.15 0.675 -8427.82 4201.87 0 0 255
-0.125 0.675 34898.2 -2043.65 0 0 255
-0.1 0.675 51663.4 -5873.91 0 0 255
-0.075 0.675 51663.4 -5873.91 0 0 255
-0.05 0.675 51663.4 -5873.91 0 0 255
-0.025 0.675 51663.4 -5873.91 0 0 255
0 0.675 51663.4 -5873.91 0 0 255
0.025 0.675 51663.4 -5873.91 0 0 255
0.05 0.675 51663.4 -5873.91 0 0 255
0.075 0.675 51663.4 -5873.91 255 0 0
0.1 0.675 20324.6 -8044.15 255 0 0
0.125 0.675 -11010.2 -10204.8 255 0 0
0.15 0.675 -29130.8 -7138.21 0 0 255
0.175 0.675 -36273 -5929.5 0 0 255
0.2 0.675 -39898.5 -5315.95 0 0 255
0.225 0.675 -41997 -4960.81 0 0 255
0.25 0.675 -43319.3 -4737.03 0 0 255
0.275 0.675 -44204.6 -4587.21 0 0 255
0.3 0.675 -44825.2 -4482.18 0 0 255
0.325 0.675 -45276.4 -4405.82 0 0 255
0.35 0.675 -45614.2 -4348.66 0 0 255
0.375 0.675 -45873.4 -4304.79 0 0 255
0.4 0.675 -46076.4 -4270.44 0 0 255
0.425 0.675 -46238.2 -4243.05 0 0 255
0.45 0.675 -46371.8 -4215.01 0 0 255
0.475 0.675 -46461 -4166.35 0 0 255
0.5 0.675 -46380.9 -4086.94 0 0 255
-0.5 0.65 37119.5 -6993.78 0 0 255
-0.475 0.65 37119.5 -6993.78 0 0 255
-0.45 0.65 37119.5 -6993.78 0 0 255
-0.425 0.65 37119.5 -6993.78 0 0 255
-0.4 0.65 37119.5 -6993.78 0 0 255
-0.375 0.65 22511.7 -4353.41 0 0 255
-0.35 0.65 8634.59 -1855.89 0 0 255
-0.325 0.65 -5242.58 641.617 0 0 255
-0.3 0.65 -5242.58 641.617 0 0 255
-0.275 0.65 -5242.58 641.617 0 0 255
-0.25 0.65 -5242.58 641.617 0 0 255
-0.225 0.65 -5242.58 641.617 0 0 255
-0.2 0.65 -5242.58 641.617 0 0 255
-0.175 0.65 -5242.58 641.617 0 0 255
-0.15 0.65 -5242.58 641.617 0 0 255
-0.125 0.65 45628 2048.02 0 0 255
-0.1 0.65 46363.5 2328.48 0 0 255
-0.075 0.65 46363.5 2328.48 0 0 255
-0.05 0.65 46363.5 2328.48 0 0 255
-0.025 0.65 46363.5 2328.48 0 0 255
0 0.65 46363.5 2328.48 0 0 255
0.025 0.65 46363.5 2328.48 0 0 255
0.05 0.65 46363.5 2328.48 0 0 255
0.075 0.65 46363.5 2328.48 255 0 0
0.1 0.65 15053.6 163.868 255 0 0
0.125 0.65 -16256.9 -2000.77 255 0 0
0.15 0.65 -47251.4 -4071.6 255 0 0
0.175 0.65 -47251.4 -4071.6 0 0 255
0.2 0.65 -47251.4 -4071.6 0 0 255
0.225 0.65 -47251.4 -4071.6 0 0 255
0.25 0.65 -47251.4 -4071.6 0 0 255
0.275 0.65 -47251.4 -4071.6 0 0 255
0.3 0.65 -47251.4 -4071.6 0 0 255
0.325 0.65 -47251.4 -4071.6 0 0 255
0.35 0.65 -47251.4 -4071.6 0 0 255
0.375 0.65 -47251.4 -4071.6 0 0 255
0.4 0.65 -47251.4 -4071.6 0 0 255
0.425 0.65 -47251.4 -4071.6 0 0 255
0.45 0.65 -47271.2 -4026.21 0 0 255
0.475 0.65 -47100.4 -3817.42 0 0 255
0.5 0.65 -45791.5 -3502.68 0 0 255
-0.5 0.625 37119.5 -6993.78 0 0 255
-0.475 0.625 37119.5 -6993.78 0 0 255
-0.45 0.625 37119.5 -6993.78 0 0 255
-0.425 0.625 37119.5 -6993.78 0 0 255
-0.4 0.625 37119.5 -6993.78 255 0 0
-0.375 0.625 22511.7 -4353.41 255 0 0
-0.35 0.625 8634.59 -1855.89 255 0 0
-0.325 0.625 -5242.58 641.617 255 0 0
-0.3 0.625 -5242.58 641.617 0 0 255
-0.275 0.625 -5242.58 641.617 0 0 255
-0.25 0.625 -5242.58 641.617 0 0 255
-0.225 0.625 -5242.58 641.617 0 0 255
-0.2 0.625 -5242.58 641.617 0 0 255
-0.175 0.625 -5242.58 641.617 0 0 255
-0.15 0.625 -5242.58 641.617 0 0 255
-0.125 0.625 -5123.91 644.898 0 0 255
-0.1 0.625 41086.7 10537.1 0 0 255
-0.075 0.625 41086.7 10537.1 0 0 255
-0.05 0.625 41086.7 10537.1 0 0 255
-0.025 0.625 41086.7 10537.1 0 0 255
0 0.625 41086.7 10537.1 0 0 255
0.025 0.625 41086.7 10537.1 0 0 255
0.05 0.625 41086.7 10537.1 0 0 255
0.075 0.625 41086.7 10537.1 255 0 0
0.1 0.625 9776.28 8372.66 255 0 0
0.125 0.625 -21534.6 6208.07 255 0 0
0.15 0.625 -53679.1 3711.66 255 0 0
0.175 0.625 -53679.1 3711.66 0 0 255
0.2 0.625 -53679.1 3711.66 0 0 255
0.225 0.625 -53679.1 3711.66 0 0 255
0.25 0.625 -53679.1 3711.66 0 0 255
0.275 0.625 -53679.1 3711.66 0 0 255
0.3 0.625 -53679.1 3711.66 0 0 255
0.325 0.625 -53679.1 3711.66 0 0 255
0.35 0.625 -53679.1 3711.66 0 0 255
0.375 0.625 -53679.1 3711.66 0 0 255
0.4 0.625 -53679.1 3711.66 0 0 255
0.425 0.625 -53679.1 3711.66 0 0 255
0.45 0.625 -50356.5 3023.12 0 0 255
0.475 0.625 -42811.9 1424.18 0 0 255
0.5 0.625 -33564.7 -562.557 0 0 255
-0.5 0.6 29258.4 -5325.65 0 0 255
-0.475 0.6 29258.4 -5325.65 0 0 255
-0.45 0.6 29258.4 -5325.65 0 0 255
-0.425 0.6 29258.4 -5325.65 0 0 255
-0.4 0.6 29258.4 -5325.65 255 0 0
-0.375 0.6 15380.1 -2838.24 255 0 0
-0.35 0.6 1503.47 -340.84 255 0 0
-0.325 0.6 -12373.3 2156.53 255 0 0
-0.3 0.6 -12373.3 2156.53 0 0 255
-0.275 0.6 -12373.3 2156.53 0 0 255
-0.25 0.6 -12373.3 2156.53 0 0 255
-0.225 0.6 -12373.3 2156.53 0 0 255
-0.2 0.6 -12373.3 2156.53 0 0 255
-0.175 0.6 -12373.3 2156.53 0 0 255
-0.15 0.6 -12373.3 2156.53 0 0 255
-0.125 0.6 -12373.3 2156.53 0 0 255
-0.1 0.6 35809.3 18745.8 0 0 255
-0.075 0.6 35809.3 18745.8 0 0 255
-0.05 0.6 35809.3 18745.8 0 0 255
-0.025 0.6 35809.3 18745.8 0 0 255
0 0.6 35809.3 18745.8 0 0 255
0.025 0.6 35809.3 18745.8 0 0 255
0.05 0.6 35809.3 18745.8 0 0 255
0.075 0.6 35809.3 18745.8 255 0 0
0.1 0.6 4497.09 16580.7 255 0 0
0.125 0.6 -26818 14414.6 255 0 0
0.15 0.6 -40248.6 9063.11 0 0 255
0.175 0.6 -45542.3 6953.82 0 0 255
0.2 0.6 -48229.4 5883.14 0 0 255
0.225 0.6 -49784.7 5263.39 0 0 255
0.25 0.6 -50764.8 4872.89 0 0 255
0.275 0.6 -51420.9 4611.44 0 0 255
0.3 0.6 -51880.9 4428.16 0 0 255
0.325 0.6 -52215.4 4294.91 0 0 255
0.35 0.6 -52465.7 4195.15 0 0 255
0.375 0.6 -52657.8 4118.6 0 0 255
0.4 0.6 -42653.8 1886.11 0 0 255
0.425 0.6 -30892 -788.01 0 0 255
0.45 0.6 -21263.2 -3005.81 0 0 255
0.475 0.6 -14690.5 -4535.58 0 0 255
0.5 0.6 -10590.3 -5498.59 0 0 255
-0.5 0.575 22122.6 -3820.57 0 0 255
-0.475 0.575 22122.6 -3820.57 0 0 255
-0.45 0.575 22122.6 -3820.57 0 0 255
-0.425 0.575 22122.6 -3820.57 0 0 255
-0.4 0.575 22122.6 -3820.57 255 0 0
-0.375 0.575 8248.99 -1323.17 255 0 0
-0.35 0.575 -5627.69 1174.23 255 0 0
-0.325 0.575 -19504.8 3671.63 255 0 0
-0.3 0.575 -19504.8 3671.63 0 0 255
-0.275 0.575 -19504.8 3671.63 0 0 255
-0.25 0.575 -19504.8 3671.63 0 0 255
-0.225 0.575 -19504.8 3671.63 0 0 255
-0.2 0.575 -19504.8 3671.63 0 0 255
-0.175 0.575 -19504.8 3671.63 0 0 255
-0.15 0.575 -19504.8 3671.63 0 0 255
-0.125 0.575 -19504.8 3671.63 0 0 255
-0.1 0.575 35809.3 18745.8 0 0 255
-0.075 0.575 35809.3 18745.8 0 0 255
-0.05 0.575 35809.3 18745.8 0 0 255
-0.025 0.575 35809.3 18745.8 0 0 255
0 0.575 35809.3 18745.8 0 0 255
0.025 0.575 35809.3 18745.8 0 0 255
0.05 0.575 35809.3 18745.8 0 0 255
0.075 0.575 35809.3 18745.8 0 0 255
0.1 0.575 4497.09 16580.7 0 0 255
0.125 0.575 -26818 14414.6 0 0 255
0.15 0.575 -34954.9 11172.4 0 0 255
0.175 0.575 -40248.6 9063.11 0 0 255
0.2 0.575 -43698.6 7688.46 0 0 255
0.225 0.575 -46028.1 6760.25 0 0 255
0.25 0.575 -47658.2 6110.71 0 0 255
0.275 0.575 -48835.6 5641.59 0 0 255
0.3 0.575 -49709.5 5293.39 0 0 255
0.325 0.575 -37623 2098.59 0 0 255
0.35 0.575 -24423.5 -1458.93 0 0 255
0.375 0.575 -15296 -3949.35 0 0 255
0.4 0.575 -10138.9 -5369.9 0 0 255
0.425 0.575 -7430.01 -6122.21 0 0 255
0.45 0.575 -6018.08 -6517.26 0 0 255
0.475 0.575 -5267.49 -6728.74 0 0 255
0.5 0.575 -4856.64 -6845.25 0 0 255
-0.5 0.55 14731.4 -2314.14 0 0 255
-0.475 0.55 14731.4 -2314.14 0 0 255
-0.45 0.55 14731.4 -2314.14 0 0 255
-0.425 0.55 14731.4 -2314.14 0 0 255
-0.4 0.55 14731.4 -2314.14 255 0 0
-0.375 0.55 1117.67 191.902 255 0 0
-0.35 0.55 -12761.4 2689.71 255 0 0
-0.325 0.55 -26669.2 5191.69 255 0 0
-0.3 0.55 -26669.2 5191.69 0 0 255
-0.275 0.55 -26669.2 5191.69 0 0 255
-0.25 0.55 -26669.2 5191.69 0 0 255
-0.225 0.55 -26669.2 5191.69 0 0 255
-0.2 0.55 -26669.2 5191.69 0 0 255
-0.175 0.55 -26669.2 5191.69 0 0 255
-0.15 0.55 -26669.2 5191.69 0 0 255
-0.125 0.55 -26669.2 5191.69 0 0 255
-0.1 0.55 35809.3 18745.8 0 0 255
-0.075 0.55 35809.3 18745.8 0 0 255
-0.05 0.55 35809.3 18745.8 0 0 255
-0.025 0.55 35809.3 18745.8 0 0 255
0 0.55 35809.3 18745.8 0 0 255
0.025 0.55 35809.3 18745.8 0 0 255
0.05 0.55 35809.3 18745.8 0 0 255
0.075 0.55 35809.3 18745.8 0 0 255
0.1 0.55 4497.09 16580.7 0 0 255
0.125 0.55 -26818 14414.6 0 0 255
0.15 0.55 -32267.8 12243.1 0 0 255
0.175 0.55 -36798.6 10437.8 0 0 255
0.2 0.55 -40248.6 9063.11 0 0 255
0.225 0.55 -42845.1 8028.5 0 0 255
0.25 0.55 -44813.4 7244.23 0 0 255
0.275 0.55 -24131.2 -16.4456 0 0 255
0.3 0.55 -12381.9 -4150.88 0 0 255
0.325 0.55 -7591.85 -5839.47 0 0 255
0.35 0.55 -5725.84 -6498.34 0 0 255
0.375 0.55 -4955.63 -6770.71 0 0 255
0.4 0.55 -4613.45 -6891.91 0 0 255
0.425 0.55 -4450.81 -6949.6 0 0 255
0.45 0.55 -4368.87 -6978.7 0 0 255
0.475 0.55 -4325.47 -6994.14 0 0 255
0.5 0.55 -4301.48 -7002.7 0 0 255
-0.5 0.525 14731.4 -2314.14 0 0 255
-0.475 0.525 14731.4 -2314.14 0 0 255
-0.45 0.525 14731.4 -2314.14 0 0 255
-0.425 0.525 14731.4 -2314.14 0 0 255
-0.4 0.525 14731.4 -2314.14 0 0 255
-0.375 0.525 1117.67 191.902 0 0 255
-0.35 0.525 -12761.4 2689.71 0 0 255
-0.325 0.525 -26669.2 5191.69 0 0 255
-0.3 0.525 -26669.2 5191.69 0 0 255
-0.275 0.525 -26669.2 5191.69 0 0 255
-0.25 0.525 -26669.2 5191.69 0 0 255
-0.225 0.525 -26669.2 5191.69 0 0 255
-0.2 0.525 -26669.2 5191.69 0 0 255
-0.175 0.525 -26669.2 5191.69 0 0 255
-0.15 0.525 -26669.2 5191.69 0 0 255
-0.125 0.525 -26669.2 5191.69 0 0 255
-0.1 0.525 35809.3 18745.8 0 0 255
-0.075 0.525 35809.3 18745.8 0 0 255
-0.05 0.525 35809.3 18745.8 0 0 255
-0.025 0.525 35809.3 18745.8 0 0 255
0 0.525 35809.3 18745.8 0 0 255
0.025 0.525 35809.3 18745.8 0 0 255
0.05 0.525 35809.3 18745.8 0 0 255
0.075 0.525 35809.3 18745.8 0 0 255
0.1 0.525 4497.09 16580.7 0 0 255
0.125 0.525 -26818 14414.6 0 0 255
0.15 0.525 -30712.4 12862.8 0 0 255
0.175 0.525 -34469.1 11366 0 0 255
0.2 0.525 -37652 10097.7 0 0 255
0.225 0.525 -13448.2 -2399.43 0 0 255
0.25 0.525 -4919.4 -6686.8 0 0 255
0.275 0.525 -4430.7 -6932.46 0 0 255
0.3 0.525 -4322.14 -6987.04 0 0 255
0.325 0.525 -4288.43 -7003.98 0 0 255
0.35 0.525 -4275.81 -7010.32 0 0 255
0.375 0.525 -4270.46 -7013.02 0 0 255
0.4 0.525 -4267.96 -7014.27 0 0 255
0.425 0.525 -4266.71 -7014.9 0 0 255
0.45 0.525 -4266.05 -7015.23 0 0 255
0.475 0.525 -4265.68 -7015.42 0 0 255
0.5 0.525 -4265.47 -7015.52 0 0 255
-0.5 0.5 14731.4 -2314.14 0 0 255
-0.475 0.5 14731.4 -2314.14 0 0 255
-0.45 0.5 14731.4 -2314.14 0 0 255
-0.425 0.5 14731.4 -2314.14 0 0 255
-0.4 0.5 14731.4 -2314.14 0 0 255
-0.375 0.5 1117.67 191.902 0 0 255
-0.35 0.5 -12761.4 2689.71 0 0 255
-0.325 0.5 -26669.2 5191.69 0 0 255
-0.3 0.5 -26669.2 5191.69 0 0 255
-0.275 0.5 -26669.2 5191.69 0 0 255
-0.25 0.5 -26669.2 5191.69 0 0 255
-0.225 0.5 -26669.2 5191.69 0 0 255
-0.2 0.5 -26669.2 5191.69 0 0 255
-0.175 0.5 -26669.2 5191.69 0 0 255
-0.15 0.5 -26669.2 5191.69 0 0 255
-0.125 0.5 -26669.2 5191.69 0 0 255
-0.1 0.5 35809.3 18745.8 0 0 255
-0.075 0.5 35809.3 18745.8 0 0 255
-0.05 0.5 35809.3 18745.8 0 0 255
-0.025 0.5 35809.3 18745.8 0 0 255
0 0.5 35809.3 18745.8 0 0 255
0.025 0.5 35809.3 18745.8 0 0 255
0.05 0.5 35809.3 18745.8 0 0 255
0.075 0.5 35809.3 18745.8 0 0 255
0.1 0.5 4497.09 16580.7 0 0 255
0.125 0.5 -26818 14414.6 0 0 255
0.15 0.5 -29732.4 13253.3 0 0 255
0.175 0.5 -1006.45 -9089.07 0 0 255
0.2 0.5 -2094.41 -8392.44 0 0 255
0.225 0.5 -3179.72 -7701.36 0 0 255
0.25 0.5 -4265.1 -7015.71 0 0 255
0.275 0.5 -4265.1 -7015.71 0 0 255
0.3 0.5 -4265.1 -7015.71 0 0 255
0.325 0.5 -4265.1 -7015.71 0 0 255
0.35 0.5 -4265.1 -7015.71 0 0 255
0.375 0.5 -4265.1 -7015.71 0 0 255
0.4 0.5 -4265.1 -7015.71 0 0 255
0.425 0.5 -4265.1 -7015.71 0 0 255
0.45 0.5 -4265.1 -7015.71 0 0 255
0.475 0.5 -4265.1 -7015.71 0 0 255
0.5 0.5 -4265.1 -7015.71 0 0 255
-0.5 0.475 14731.4 -2314.14 0 0 255
-0.475 0.475 14731.4 -2314.14 0 0 255
-0.45 0.475 14731.4 -2314.14 0 0 255
-0.425 0.475 14731.4 -2314.14 0 0 255
-0.4 0.475 14731.4 -2314.14 0 0 255
-0.375 0.475 1117.67 191.902 0 0 255
-0.35 0.475 -12761.4 2689.71 0 0 255
-0.325 0.475 -26669.2 5191.69 0 0 255
-0.3 0.475 -26669.2 5191.69 0 0 255
-0.275 0.475 -26669.2 5191.69 0 0 255
-0.25 0.475 -26669.2 5191.69 0 0 255
-0.225 0.475 -26669.2 5191.69 0 0 255
-0.2 0.475 -26669.2 5191.69 0 0 255
-0.175 0.475 -26669.2 5191.69 0 0 255
-0.15 0.475 -26669.2 5191.69 0 0 255
-0.125 0.475 -26669.2 5191.69 0 0 255
-0.1 0.475 35791.6 18738.2 0 0 255
-0.075 0.475 35778 18732.4 0 0 255
-0.05 0.475 35750.7 18720.7 0 0 255
-0.025 0.475 35692.2 18695.6 0 0 255
0 0.475 35554.5 18636.6 0 0 255
0.025 0.475 35187.7 18479.3 0 0 255
0.05 0.475 34019.2 17978.3 0 0 255
0.075 0.475 29074.6 15858.5 0 0 255
0.1 0.475 1838.86 4182.09 0 0 255
0.125 0.475 -1006.45 -9089.07 0 0 255
0.15 0.475 -1006.45 -9089.07 0 0 255
0.175 0.475 -1006.45 -9089.07 0 0 255
0.2 0.475 -2094.41 -8392.44 0 0 255
0.225 0.475 -3179.72 -7701.36 0 0 255
0.25 0.475 -4265.1 -7015.71 0 0 255
0.275 0.475 -4265.1 -7015.71 0 0 255
0.3 0.475 -4265.1 -7015.71 0 0 255
0.325 0.475 -4265.1 -7015.71 0 0 255
0.35 0.475 -4265.1 -7015.71 0 0 255
0.375 0.475 -4265.1 -7015.71 0 0 255
0.4 0.475 -4265.1 -7015.71 0 0 255
0.425 0.475 -4265.1 -7015.71 0 0 255
0.45 0.475 -4265.1 -7015.71 0 0 255
0.475 0.475 -4265.1 -7015.71 0 0 255
0.5 0.475 -4265.1 -7015.71 0 0 255
-0.5 0.45 14731.4 -2314.14 0 0 255
-0.475 0.45 14731.4 -2314.14 0 0 255
-0.45 0.45 14731.4 -2314.14 0 0 255
-0.425 0.45 14731.4 -2314.14 0 0 255
-0.4 0.45 14731.4 -2314.14 0 0 255
-0.375 0.45 1117.67 191.902 0 0 255
-0.35 0.45 -12761.4 2689.71 0 0 255
-0.325 0.45 -26669.2 5191.69 0 0 255
-0.3 0.45 -26669.2 5191.69 0 0 255
-0.275 0.45 -26669.2 5191.69 0 0 255
-0.25 0.45 -26669.2 5191.69 0 0 255
-0.225 0.45 -26669.2 5191.69 0 0 255
-0.2 0.45 -26669.2 5191.69 0 0 255
-0.175 0.45 -26669.2 5191.69 0 0 255
-0.15 0.45 -26669.2 5191.69 0 0 255
-0.125 0.45 -26669.2 5191.69 0 0 255
-0.1 0.45 35431.8 18479.3 0 0 255
-0.075 0.45 35116.6 18252.4 0 0 255
-0.05 0.45 34471.7 17784.5 0 0 255
-0.025 0.45 33080.9 16766.5 0 0 255
0 0.45 29963.7 14463.8 0 0 255
0.025 0.45 23171.4 9394.26 0 0 255
0.05 0.45 11155.1 309.204 0 0 255
0.075 0.45 -1006.45 -9089.07 0 0 255
0.1 0.45 -1006.45 -9089.07 0 0 255
0.125 0.45 -1006.45 -9089.07 0 0 255
0.15 0.45 -1006.45 -9089.07 0 0 255
0.175 0.45 -1006.45 -9089.07 0 0 255
0.2 0.45 -2094.41 -8392.44 0 0 255
0.225 0.45 -3179.72 -7701.36 0 0 255
0.25 0.45 -4265.1 -7015.71 0 0 255
0.275 0.45 -4265.1 -7015.71 0 0 255
0.3 0.45 -4265.1 -7015.71 0 0 255
0.325 0.45 -4265.1 -7015.71 0 0 255
0.35 0.45 -4265.1 -7015.71 0 0 255
0.375 0.45 -4265.1 -7015.71 0 0 255
0.4 0.45 -4265.1 -7015.71 0 0 255
0.425 0.45 -4265.1 -7015.71 0 0 255
0.45 0.45 -4265.1 -7015.71 0 0 255
0.475 0.45 -4265.1 -7015.71 0 0 255
0.5 0.45 -4265.1 -7015.71 0 0 255
-0.5 0.425 14731.4 -2314.14 0 0 255
-0.475 0.425 14731.4 -2314.14 0 0 255
-0.45 0.425 14731.4 -2314.14 0 0 255
-0.425 0.425 14731.4 -2314.14 0 0 255
-0.4 0.425 14731.4 -2314.14 0 0 255
-0.375 0.425 1117.67 191.902 0 0 255
-0.35 0.425 -12761.4 2689.71 0 0 255
-0.325 0.425 -26669.2 5191.69 0 0 255
-0.3 0.425 -26669.2 5191.69 0 0 255
-0.275 0.425 -26669.2 5191.69 0 0 255
-0.25 0.425 -26669.2 5191.69 0 0 255
-0.225 0.425 -26669.2 5191.69 0 0 255
-0.2 0.425 -26669.2 5191.69 0 0 255
-0.175 0.425 -26669.2 5191.69 0 0 255
-0.15 0.425 -26669.2 5191.69 0 0 255
-0.125 0.425 -26669.2 5191.69 0 0 255
-0.1 0.425 30468.1 14734.2 0 0 255
-0.075 0.425 26345.8 11623.9 0 0 255
-0.05 0.425 19384.2 6362.7 0 0 255
-0.025 0.425 9332.02 -1247.23 0 0 255
0 0.425 -1006.45 -9089.07 0 0 255
0.025 0.425 -1006.45 -9089.07 0 0 255
0.05 0.425 -1006.45 -9089.07 0 0 255
0.075 0.425 -1006.45 -9089.07 0 0 255
0.1 0.425 -1006.45 -9089.07 0 0 255
0.125 0.425 -1006.45 -9089.07 0 0 255
0.15 0.425 -1006.45 -9089.07 0 0 255
0.175 0.425 -1006.45 -9089.07 0 0 255
0.2 0.425 -2094.41 -8392.44 0 0 255
0.225 0.425 -3179.72 -7701.36 0 0 255
0.25 0.425 -4265.1 -7015.71 0 0 255
0.275 0.425 -4265.1 -7015.71 0 0 255
0.3 0.425 -4265.1 -7015.71 0 0 255
0.325 0.425 -4265.1 -7015.71 0 0 255
0.35 0.425 -4265.1 -7015.71 0 0 255
0.375 0.425 -4265.1 -7015.71 0 0 255
0.4 0.425 -4265.1 -7015.71 0 0 255
0.425 0.425 -4265.1 -7015.71 0 0 255
0.45 0.425 -4265.1 -7015.71 0 0 255
0.475 0.425 -4265.1 -7015.71 0 0 255
0.5 0.425 -4265.1 -7015.71 0 0 255
-0.5 0.4 14731.4 -2314.14 0 0 255
-0.475 0.4 14731.4 -2314.14 0 0 255
-0.45 0.4 14731.4 -2314.14 0 0 255
-0.425 0.4 14731.4 -2314.14 0 0 255
-0.4 0.4 14731.4 -2314.14 0 0 255
-0.375 0.4 1117.67 191.902 0 0 255
-0.35 0.4 -12761.4 2689.71 0 0 255
-0.325 0.4 -26669.2 5191.69 0 0 255
-0.3 0.4 -26669.2 5191.69 0 0 255
-0.275 0.4 -26669.2 5191.69 0 0 255
-0.25 0.4 -26669.2 5191.69 0 0 255
-0.225 0.4 -26669.2 5191.69 0 0 255
-0.2 0.4 -26669.2 5191.69 0 0 255
-0.175 0.4 -26669.2 5191.69 0 0 255
-0.15 0.4 -26669.2 5191.69 0 0 255
-0.125 0.4 -26669.2 5191.69 0 0 255
-0.1 0.4 11176.6 133.62 0 0 255
-0.075 0.4 3675.61 -5543.47 0 0 255
-0.05 0.4 -944.025 -9041.76 0 0 255
-0.025 0.4 -1006.45 -9089.07 0 0 255
0 0.4 -1006.45 -9089.07 0 0 255
0.025 0.4 -1006.45 -9089.07 0 0 255
0.05 0.4 -1006.45 -9089.07 0 0 255
0.075 0.4 -1006.45 -9089.07 0 0 255
0.1 0.4 -1006.45 -9089.07 0 0 255
0.125 0.4 -1006.45 -9089.07 0 0 255
0.15 0.4 -1006.45 -9089.07 0 0 255
0.175 0.4 -1006.45 -9089.07 255 0 0
0.2 0.4 -2094.41 -8392.44 255 0 0
0.225 0.4 -3179.72 -7701.36 255 0 0
0.25 0.4 -4265.1 -7015.71 255 0 0
0.275 0.4 -4265.1 -7015.71 0 0 255
0.3 0.4 -4265.1 -7015.71 0 0 255
0.325 0.4 -4265.1 -7015.71 0 0 255
0.35 0.4 -4265.1 -7015.71 0 0 255
0.375 0.4 -4265.1 -7015.71 0 0 255
0.4 0.4 -4265.1 -7015.71 0 0 255
0.425 0.4 -4265.1 -7015.71 0 0 255
0.45 0.4 -4265.1 -7015.71 0 0 255
0.475 0.4 -4265.1 -7015.71 0 0 255
0.5 0.4 -4265.1 -7015.71 0 0 255
-0.5 0.375 14731.4 -2314.14 0 0 255
-0.475 0.375 14731.4 -2314.14 0 0 255
-0.45 0.375 14731.4 -2314.14 0 0 255
-0.425 0.375 14731.4 -2314.14 0 0 255
-0.4 0.375 14731.4 -2314.14 0 0 255
-0.375 0.375 1117.67 191.902 0 0 255
-0.35 0.375 -12761.4 2689.71 0 0 255
-0.325 0.375 -26669.2 5191.69 0 0 255
-0.3 0.375 -26669.2 5191.69 0 0 255
-0.275 0.375 -26669.2 5191.69 0 0 255
-0.25 0.375 -26669.2 5191.69 0 0 255
-0.225 0.375 -26669.2 5191.69 0 0 255
-0.2 0.375 -26669.2 5191.69 0 0 255
-0.175 0.375 -26669.2 5191.69 0 0 255
-0.15 0.375 -26669.2 5191.69 0 0 255
-0.125 0.375 -26669.2 5191.69 0 0 255
-0.1 0.375 1322.21 -1902.46 0 0 255
-0.075 0.375 487.972 -2074.83 0 0 255
-0.05 0.375 424.388 -2005.64 0 0 255
-0.025 0.375 424.394 -2005.61 0 0 255
0 0.375 424.394 -2005.61 0 0 255
0.025 0.375 424.394 -2005.61 0 0 255
0.05 0.375 424.394 -2005.61 0 0 255
0.075 0.375 424.394 -2005.61 0 0 255
0.1 0.375 424.394 -2005.61 0 0 255
0.125 0.375 424.394 -2005.61 0 0 255
0.15 0.375 424.394 -2005.61 0 0 255
0.175 0.375 424.394 -2005.61 255 0 0
0.2 0.375 -661.122 -1314.53 255 0 0
0.225 0.375 -1746.42 -623.471 255 0 0
0.25 0.375 -2831.78 67.3689 255 0 0
0.275 0.375 -2831.78 67.3689 0 0 255
0.3 0.375 -2831.78 67.3689 0 0 255
0.325 0.375 -2831.78 67.3689 0 0 255
0.35 0.375 -2831.78 67.3689 0 0 255
0.375 0.375 -2831.78 67.3689 0 0 255
0.4 0.375 -2831.78 67.3689 0 0 255
0.425 0.375 -2831.78 67.3689 0 0 255
0.45 0.375 -2831.78 67.3689 0 0 255
0.475 0.375 -2831.78 67.3689 0 0 255
0.5 0.375 -2831.78 67.3689 0 0 255
-0.5 0.35 14731.4 -2314.14 0 0 255
-0.475 0.35 14731.4 -2314.14 0 0 255
-0.45 0.35 14731.4 -2314.14 0 0 255
-0.425 0.35 14731.4 -2314.14 0 0 255
-0.4 0.35 14731.4 -2314.14 0 0 255
-0.375 0.35 1117.67 191.902 0 0 255
-0.35 0.35 -12761.4 2689.71 0 0 255
-0.325 0.35 -26669.2 5191.69 0 0 255
-0.3 0.35 -26669.2 5191.69 0 0 255
-0.275 0.35 -26669.2 5191.69 0 0 255
-0.25 0.35 -26669.2 5191.69 0 0 255
-0.225 0.35 -26669.2 5191.69 0 0 255
-0.2 0.35 -26669.2 5191.69 0 0 255
-0.175 0.35 -26669.2 5191.69 0 0 255
-0.15 0.35 -26669.2 5191.69 0 0 255
-0.125 0.35 -8587.78 5098.47 0 0 255
-0.1 0.35 1855.15 5044.63 0 0 255
-0.075 0.35 1857.15 5070.72 0 0 255
-0.05 0.35 1857.42 5072.14 0 0 255
-0.025 0.35 1857.42 5072.14 0 0 255
0 0.35 1857.42 5072.14 0 0 255
0.025 0.35 1857.42 5072.14 0 0 255
0.05 0.35 1857.42 5072.14 0 0 255
0.075 0.35 1857.42 5072.14 0 0 255
0.1 0.35 1857.42 5072.14 0 0 255
0.125 0.35 1857.42 5072.14 0 0 255
0.15 0.35 1857.42 5072.14 0 0 255
0.175 0.35 1857.42 5072.14 255 0 0
0.2 0.35 772.126 5763.21 255 0 0
0.225 0.35 -313.172 6454.26 255 0 0
0.25 0.35 -1398.48 7145.24 255 0 0
0.275 0.35 -1398.48 7145.24 0 0 255
0.3 0.35 -1398.48 7145.24 0 0 255
0.325 0.35 -1398.48 7145.24 0 0 255
0.35 0.35 -1398.48 7145.24 0 0 255
0.375 0.35 -1398.48 7145.24 0 0 255
0.4 0.35 -1398.48 7145.24 0 0 255
0.425 0.35 -1398.48 7145.24 0 0 255
0.45 0.35 -1398.48 7145.24 0 0 255
0.475 0.35 -1398.48 7145.24 0 0 255
0.5 0.35 -1398.48 7145.24 0 0 255
-0.5 0.325 8836.12 -4675.66 0 0 255
-0.475 0.325 8836.12 -4675.66 0 0 255
-0.45 0.325 8836.12 -4675.66 0 0 255
-0.425 0.325 8836.12 -4675.66 0 0 255
-0.4 0.325 349.095 -7210.37 0 0 255
-0.375 0.325 -8191.8 -9692.56 0 0 255
-0.35 0.325 -16731.5 -12174 0 0 255
-0.325 0.325 -16731.5 -12174 0 0 255
-0.3 0.325 -16731.5 -12174 0 0 255
-0.275 0.325 -16731.5 -12174 0 0 255
-0.25 0.325 -16731.5 -12174 0 0 255
-0.225 0.325 -16731.5 -12174 0 0 255
-0.2 0.325 -16731.5 -12174 0 0 255
-0.175 0.325 -16731.5 -12174 0 0 255
-0.15 0.325 -16731.5 -12174 0 0 255
-0.125 0.325 1951.24 11354.7 0 0 255
-0.1 0.325 3290.66 12149.8 0 0 255
-0.075 0.325 3290.67 12149.9 0 0 255
-0.05 0.325 3290.67 12149.9 0 0 255
-0.025 0.325 3290.67 12149.9 0 0 255
0 0.325 3290.67 12149.9 0 0 255
0.025 0.325 3290.67 12149.9 0 0 255
0.05 0.325 3290.67 12149.9 0 0 255
0.075 0.325 3290.67 12149.9 0 0 255
0.1 0.325 3290.67 12149.9 0 0 255
0.125 0.325 3290.67 12149.9 0 0 255
0.15 0.325 3290.67 12149.9 0 0 255
0.175 0.325 3290.67 12149.9 255 0 0
0.2 0.325 2205.37 12840.9 255 0 0
0.225 0.325 1120.07 13531.6 255 0 0
0.25 0.325 38.7397 14217.2 255 0 0
0.275 0.325 38.7397 14217.2 0 0 255
0.3 0.325 38.7397 14217.2 0 0 255
0.325 0.325 38.7397 14217.2 0 0 255
0.35 0.325 38.7397 14217.2 0 0 255
0.375 0.325 38.7397 14217.2 0 0 255
0.4 0.325 38.7397 14217.2 0 0 255
0.425 0.325 38.7397 14217.2 0 0 255
0.45 0.325 38.7397 14217.2 0 0 255
0.475 0.325 38.7397 14217.2 0 0 255
0.5 0.325 38.7397 14217.2 0 0 255
-0.5 0.3 8836.12 -4675.66 0 0 255
-0.475 0.3 8836.12 -4675.66 0 0 255
-0.45 0.3 8836.12 -4675.66 0 0 255
-0.425 0.3 8836.12 -4675.66 0 0 255
-0.4 0.3 349.095 -7210.37 0 0 255
-0.375 0.3 -8191.8 -9692.56 0 0 255
-0.35 0.3 -16731.5 -12174 0 0 255
-0.325 0.3 -16731.5 -12174 0 0 255
-0.3 0.3 -16731.5 -12174 0 0 255
-0.275 0.3 -16731.5 -12174 0 0 255
-0.25 0.3 -16731.5 -12174 0 0 255
-0.225 0.3 -16731.5 -12174 0 0 255
-0.2 0.3 -16731.5 -12174 0 0 255
-0.175 0.3 -16731.5 -12174 0 0 255
-0.15 0.3 -16731.5 -12174 0 0 255
-0.125 0.3 -4276.89 2956.46 0 0 255
-0.1 0.3 3290.67 12149.9 0 0 255
-0.075 0.3 3290.67 12149.9 0 0 255
-0.05 0.3 3290.67 12149.9 0 0 255
-0.025 0.3 3290.67 12149.9 0 0 255
0 0.3 3290.67 12149.9 0 0 255
0.025 0.3 3290.67 12149.9 0 0 255
0.05 0.3 3290.67 12149.9 0 0 255
0.075 0.3 3290.67 12149.9 0 0 255
0.1 0.3 3290.67 12149.9 0 0 255
0.125 0.3 3290.67 12149.9 0 0 255
0.15 0.3 3290.67 12149.9 0 0 255
0.175 0.3 3290.67 12149.9 0 0 255
0.2 0.3 2205.37 12840.9 0 0 255
0.225 0.3 1120.07 13531.6 0 0 255
0.25 0.3 38.7397 14217.2 0 0 255
0.275 0.3 38.7397 14217.2 0 0 255
0.3 0.3 38.7397 14217.2 0 0 255
0.325 0.3 38.7397 14217.2 0 0 255
0.35 0.3 38.7397 14217.2 0 0 255
0.375 0.3 38.7397 14217.2 0 0 255
0.4 0.3 38.7397 14217.2 0 0 255
0.425 0.3 38.7397 14217.2 0 0 255
0.45 0.3 38.7397 14217.2 0 0 255
0.475 0.3 38.7397 14217.2 0 0 255
0.5 0.3 38.7397 14217.2 0 0 255
-0.5 0.275 8836.12 -4675.66 0 0 255
-0.475 0.275 8836.12 -4675.66 0 0 255
-0.45 0.275 8836.12 -4675.66 0 0 255
-0.425 0.275 8836.12 -4675.66 0 0 255
-0.4 0.275 349.095 -7210.37 0 0 255
-0.375 0.275 -8191.8 -9692.56 0 0 255
-0.35 0.275 -16731.5 -12174 0 0 255
-0.325 0.275 -16731.5 -12174 0 0 255
-0.3 0.275 -16731.5 -12174 0 0 255
-0.275 0.275 -16731.5 -12174 0 0 255
-0.25 0.275 -16731.5 -12174 0 0 255
-0.225 0.275 -16731.5 -12174 0 0 255
-0.2 0.275 -16731.5 -12174 0 0 255
-0.175 0.275 -16731.5 -12174 0 0 255
-0.15 0.275 -16731.5 -12174 0 0 255
-0.125 0.275 -16731.5 -12174 0 0 255
-0.1 0.275 3290.67 12149.9 0 0 255
-0.075 0.275 3290.67 12149.9 0 0 255
-0.05 0.275 3290.67 12149.9 0 0 255
-0.025 0.275 3290.67 12149.9 0 0 255
0 0.275 3290.67 12149.9 0 0 255
0.025 0.275 3290.67 12149.9 0 0 255
0.05 0.275 3290.67 12149.9 0 0 255
0.075 0.275 3290.67 12149.9 0 0 255
0.1 0.275 3290.67 12149.9 0 0 255
0.125 0.275 3290.67 12149.9 0 0 255
0.15 0.275 3290.67 12149.9 0 0 255
0.175 0.275 3290.67 12149.9 0 0 255
0.2 0.275 2205.37 12840.9 0 0 255
0.225 0.275 1120.07 13531.6 0 0 255
0.25 0.275 38.7397 14217.2 0 0 255
0.275 0.275 38.7397 14217.2 0 0 255
0.3 0.275 38.7397 14217.2 0 0 255
0.325 0.275 38.7397 14217.2 0 0 255
0.35 0.275 38.7397 14217.2 0 0 255
0.375 0.275 38.7397 14217.2 0 0 255
0.4 0.275 38.7397 14217.2 0 0 255
0.425 0.275 38.7397 14217.2 0 0 255
0.45 0.275 38.7397 14217.2 0 0 255
0.475 0.275 38.7397 14217.2 0 0 255
0.5 0.275 38.7397 14217.2 0 0 255
-0.5 0.25 8836.12 -4675.66 0 0 255
-0.475 0.25 8836.12 -4675.66 0 0 255
-0.45 0.25 8836.12 -4675.66 0 0 255
-0.425 0.25 8836.12 -4675.66 0 0 255
-0.4 0.25 349.095 -7210.37 0 0 255
-0.375 0.25 -8191.8 -9692.56 0 0 255
-0.35 0.25 -16731.5 -12174 0 0 255
-0.325 0.25 -16731.5 -12174 0 0 255
-0.3 0.25 -16731.5 -12174 0 0 255
-0.275 0.25 -16731.5 -12174 0 0 255
-0.25 0.25 -16731.5 -12174 0 0 255
-0.225 0.25 -16731.5 -12174 0 0 255
-0.2 0.25 -16731.5 -12174 0 0 255
-0.175 0.25 -16731.5 -12174 0 0 255
-0.15 0.25 -16731.5 -12174 0 0 255
-0.125 0.25 -16731.5 -12174 0 0 255
-0.1 0.25 -3438.56 3974.9 0 0 255
-0.075 0.25 3290.67 12149.9 0 0 255
-0.05 0.25 3290.67 12149.9 0 0 255
-0.025 0.25 3290.67 12149.9 0 0 255
0 0.25 3290.67 12149.9 0 0 255
0.025 0.25 3290.67 12149.9 0 0 255
0.05 0.25 3290.67 12149.9 0 0 255
0.075 0.25 3290.67 12149.9 0 0 255
0.1 0.25 3290.67 12149.9 0 0 255
0.125 0.25 3290.67 12149.9 0 0 255
0.15 0.25 3290.67 12149.9 0 0 255
0.175 0.25 3290.67 12149.9 0 0 255
0.2 0.25 2205.37 12840.9 0 0 255
0.225 0.25 1120.07 13531.6 0 0 255
0.25 0.25 38.7397 14217.2 0 0 255
0.275 0.25 38.7397 14217.2 0 0 255
0.3 0.25 38.7397 14217.2 0 0 255
0.325 0.25 38.7397 14217.2 0 0 255
0.35 0.25 38.7397 14217.2 0 0 255
0.375 0.25 38.7397 14217.2 0 0 255
0.4 0.25 38.7397 14217.2 0 0 255
0.425 0.25 38.7397 14217.2 0 0 255
0.45 0.25 38.7397 14217.2 0 0 255
0.475 0.25 38.7397 14217.2 0 0 255
0.5 0.25 38.7397 14217.2 0 0 255
-0.5 0.225 8836.12 -4675.66 0 0 255
-0.475 0.225 8836.12 -4675.66 0 0 255
-0.45 0.225 8836.12 -4675.66 0 0 255
-0.425 0.225 8836.12 -4675.66 0 0 255
-0.4 0.225 349.095 -7210.37 0 0 255
-0.375 0.225 -8191.8 -9692.56 0 0 255
-0.35 0.225 -16731.5 -12174 0 0 255
-0.325 0.225 -16731.5 -12174 0 0 255
-0.3 0.225 -16731.5 -12174 0 0 255
-0.275 0.225 -16731.5 -12174 0 0 255
-0.25 0.225 -16731.5 -12174 0 0 255
-0.225 0.225 -16731.5 -12174 0 0 255
-0.2 0.225 -16731.5 -12174 0 0 255
-0.175 0.225 -16731.5 -12174 0 0 255
-0.15 0.225 -16731.5 -12174 0 0 255
-0.125 0.225 -16731.5 -12174 0 0 255
-0.1 0.225 -16731.5 -12174 0 0 255
-0.075 0.225 3290.67 12149.9 0 0 255
-0.05 0.225 3290.67 12149.9 0 0 255
-0.025 0.225 3290.67 12149.9 0 0 255
0 0.225 3290.67 12149.9 0 0 255
0.025 0.225 3290.67 12149.9 0 0 255
0.05 0.225 3290.67 12149.9 0 0 255
0.075 0.225 3290.67 12149.9 0 0 255
0.1 0.225 3290.67 12149.9 0 0 255
0.125 0.225 3290.67 12149.9 0 0 255
0.15 0.225 3290.67 12149.9 0 0 255
0.175 0.225 3290.67 12149.9 0 0 255
0.2 0.225 2205.37 12840.9 0 0 255
0.225 0.225 1120.07 13531.6 0 0 255
0.25 0.225 38.7397 14217.2 0 0 255
0.275 0.225 38.7397 14217.2 0 0 255
0.3 0.225 38.7397 14217.2 0 0 255
0.325 0.225 38.7397 14217.2 0 0 255
0.35 0.225 38.7397 14217.2 0 0 255
0.375 0.225 38.7397 14217.2 0 0 255
0.4 0.225 38.7397 14217.2 0 0 255
0.425 0.225 38.7397 14217.2 0 0 255
0.45 0.225 38.7397 14217.2 0 0 255
0.475 0.225 38.7397 14217.2 0 0 255
0.5 0.225 38.7397 14217.2 0 0 255
-0.5 0.2 8836.12 -4675.66 0 0 255
-0.475 0.2 8836.12 -4675.66 0 0 255
-0.45 0.2 8836.12 -4675.66 0 0 255
-0.425 0.2 8836.12 -4675.66 0 0 255
-0.4 0.2 349.095 -7210.37 0 0 255
-0.375 0.2 -8191.8 -9692.56 0 0 255
-0.35 0.2 -16731.5 -12174 0 0 255
-0.325 0.2 -16731.5 -12174 0 0 255
-0.3 0.2 -16731.5 -12174 0 0 255
-0.275 0.2 -16731.5 -12174 0 0 255
-0.25 0.2 -16731.5 -12174 0 0 255
-0.225 0.2 -16731.5 -12174 0 0 255
-0.2 0.2 -16731.5 -12174 0 0 255
-0.175 0.2 -16731.5 -12174 0 0 255
-0.15 0.2 -16731.5 -12174 0 0 255
-0.125 0.2 -16731.5 -12174 0 0 255
-0.1 0.2 -16731.5 -12174 0 0 255
-0.075 0.2 -10002.3 -3999.04 0 0 255
-0.05 0.2 3290.67 12149.9 0 0 255
-0.025 0.2 3290.67 12149.9 0 0 255
0 0.2 3290.67 12149.9 0 0 255
0.025 0.2 3290.67 12149.9 0 0 255
0.05 0.2 3290.67 12149.9 0 0 255
0.075 0.2 3290.67 12149.9 0 0 255
0.1 0.2 3290.67 12149.9 0 0 255
0.125 0.2 3290.67 12149.9 0 0 255
0.15 0.2 3290.67 12149.9 0 0 255
0.175 0.2 3290.67 12149.9 0 0 255
0.2 0.2 2205.37 12840.9 0 0 255
0.225 0.2 1120.07 13531.6 0 0 255
0.25 0.2 38.7397 14217.2 0 0 255
0.275 0.2 38.7397 14217.2 0 0 255
0.3 0.2 38.7397 14217.2 0 0 255
0.325 0.2 38.7397 14217.2 0 0 255
0.35 0.2 38.7397 14217.2 0 0 255
0.375 0.2 38.7397 14217.2 0 0 255
0.4 0.2 38.7397 14217.2 0 0 255
0.425 0.2 38.7397 14217.2 0 0 255
0.45 0.2 38.7397 14217.2 0 0 255
0.475 0.2 38.7397 14217.2 0 0 255
0.5 0.2 38.7397 14217.2 0 0 255
-0.5 0.175 8836.12 -4675.66 0 0 255
-0.475 0.175 8836.12 -4675.66 0 0 255
-0.45 0.175 8836.12 -4675.66 0 0 255
-0.425 0.175 8836.12 -4675.66 0 0 255
-0.4 0.175 349.095 -7210.37 0 0 255
-0.375 0.175 -8191.8 -9692.56 0 0 255
-0.35 0.175 -16731.5 -12174 0 0 255
-0.325 0.175 -16731.5 -12174 0 0 255
-0.3 0.175 -16731.5 -12174 0 0 255
-0.275 0.175 -16731.5 -12174 0 0 255
-0.25 0.175 -16731.5 -12174 0 0 255
-0.225 0.175 -16731.5 -12174 0 0 255
-0.2 0.175 -16731.5 -12174 0 0 255
-0.175 0.175 -16731.5 -12174 0 0 255
-0.15 0.175 -16731.5 -12174 0 0 255
-0.125 0.175 -16731.5 -12174 0 0 255
-0.1 0.175 -16731.5 -12174 0 0 255
-0.075 0.175 -16731.5 -12174 0 0 255
-0.05 0.175 3290.67 12149.9 0 0 255
-0.025 0.175 3290.67 12149.9 0 0 255
0 0.175 3290.67 12149.9 0 0 255
0.025 0.175 3290.67 12149.9 0 0 255
0.05 0.175 3290.67 12149.9 0 0 255
0.075 0.175 3290.67 12149.9 0 0 255
0.1 0.175 3290.67 12149.9 0 0 255
0.125 0.175 3290.67 12149.9 0 0 255
0.15 0.175 3290.67 12149.9 0 0 255
0.175 0.175 3290.67 12149.9 0 0 255
0.2 0.175 2205.37 12840.9 0 0 255
0.225 0.175 1120.07 13531.6 0 0 255
0.25 0.175 38.7397 14217.2 0 0 255
0.275 0.175 38.7397 14217.2 0 0 255
0.3 0.175 38.7397 14217.2 0 0 255
0.325 0.175 38.7397 14217.2 0 0 255
0.35 0.175 38.7397 14217.2 0 0 255
0.375 0.175 38.7397 14217.2 0 0 255
0.4 0.175 38.7397 14217.2 0 0 255
0.425 0.175 38.7397 14217.2 0 0 255
0.45 0.175 38.7397 14217.2 0 0 255
0.475 0.175 38.7397 14217.2 0 0 255
0.5 0.175 38.7397 14217.2 0 0 255
-0.5 0.15 8836.12 -4675.66 0 0 255
-0.475 0.15 8836.12 -4675.66 0 0 255
-0.45 0.15 8836.12 -4675.66 0 0 255
-0.425 0.15 8836.12 -4675.66 0 0 255
-0.4 0.15 349.095 -7210.37 0 0 255
-0.375 0.15 -8191.8 -9692.56 0 0 255
-0.35 0.15 -16731.5 -12174 0 0 255
-0.325 0.15 -16731.5 -12174 0 0 255
-0.3 0.15 -16731.5 -12174 0 0 255
-0.275 0.15 -16731.5 -12174 0 0 255
-0.25 0.15 -16731.5 -12174 0 0 255
-0.225 0.15 -16731.5 -12174 0 0 255
-0.2 0.15 -16731.5 -12174 0 0 255
-0.175 0.15 -16731.5 -12174 0 0 255
-0.15 0.15 -16731.5 -12174 0 0 255
-0.125 0.15 -16731.5 -12174 0 0 255
-0.1 0.15 -16731.5 -12174 0 0 255
-0.075 0.15 -16731.5 -12174 0 0 255
-0.05 0.15 -9163.99 -2980.6 0 0 255
-0.025 0.15 3290.67 12149.9 0 0 255
0 0.15 3290.67 12149.9 0 0 255
0.025 0.15 3290.67 12149.9 0 0 255
0.05 0.15 3290.67 12149.9 0 0 255
0.075 0.15 3290.67 12149.9 0 0 255
0.1 0.15 3290.67 12149.9 0 0 255
0.125 0.15 3290.67 12149.9 0 0 255
0.15 0.15 3290.67 12149.9 0 0 255
0.175 0.15 3290.67 12149.9 0 0 255
0.2 0.15 2205.37 12840.9 0 0 255
0.225 0.15 1120.07 13531.6 0 0 255
0.25 0.15 38.7397 14217.2 0 0 255
0.275 0.15 38.7397 14217.2 0 0 255
0.3 0.15 38.7397 14217.2 0 0 255
0.325 0.15 38.7397 14217.2 0 0 255
0.35 0.15 38.7397 14217.2 0 0 255
0.375 0.15 38.7397 14217.2 0 0 255
0.4 0.15 38.7397 14217.2 0 0 255
0.425 0.15 38.7397 14217.2 0 0 255
0.45 0.15 38.7397 14217.2 0 0 255
0.475 0.15 38.7397 14217.2 0 0 255
0.5 0.15 38.7397 14217.2 0 0 255
-0.5 0.125 8836.12 -4675.66 0 0 255
-0.475 0.125 8836.12 -4675.66 0 0 255
-0.45 0.125 8836.12 -4675.66 0 0 255
-0.425 0.125 8836.12 -4675.66 255 0 0
-0.4 0.125 349.095 -7210.37 255 0 0
-0.375 0.125 -8191.8 -9692.56 255 0 0
-0.35 0.125 -16731.5 -12174 255 0 0
-0.325 0.125 -16731.5 -12174 0 0 255
-0.3 0.125 -16731.5 -12174 0 0 255
-0.275 0.125 -16731.5 -12174 0 0 255
-0.25 0.125 -16731.5 -12174 0 0 255
-0.225 0.125 -16731.5 -12174 0 0 255
-0.2 0.125 -16731.5 -12174 0 0 255
-0.175 0.125 -16731.5 -12174 0 0 255
-0.15 0.125 -16731.5 -12174 0 0 255
-0.125 0.125 -16731.5 -12174 0 0 255
-0.1 0.125 -16731.5 -12174 0 0 255
-0.075 0.125 -16731.5 -12174 0 0 255
-0.05 0.125 -16731.5 -12174 0 0 255
-0.025 0.125 3290.67 12149.9 0 0 255
0 0.125 3290.67 12149.9 0 0 255
0.025 0.125 3290.67 12149.9 0 0 255
0.05 0.125 3290.67 12149.9 0 0 255
0.075 0.125 3290.67 12149.9 0 0 255
0.1 0.125 3290.67 12149.9 0 0 255
0.125 0.125 3290.67 12149.9 0 0 255
0.15 0.125 3290.67 12149.9 0 0 255
0.175 0.125 3290.67 12149.9 0 0 255
0.2 0.125 2205.37 12840.9 0 0 255
0.225 0.125 1120.07 13531.6 0 0 255
0.25 0.125 38.7397 14217.2 0 0 255
0.275 0.125 38.7397 14217.2 0 0 255
0.3 0.125 38.7397 14217.2 0 0 255
0.325 0.125 38.7397 14217.2 0 0 255
0.35 0.125 38.7397 14217.2 0 0 255
0.375 0.125 38.7397 14217.2 0 0 255
0.4 0.125 38.7397 14217.2 0 0 255
0.425 0.125 38.7397 14217.2 0 0 255
0.45 0.125 38.7397 14217.2 0 0 255
0.475 0.125 38.7397 14217.2 0 0 255
0.5 0.125 38.7397 14217.2 0 0 255
-0.5 0.1 12835.5 797.206 0 0 255
-0.475 0.1 12835.5 797.206 0 0 255
-0.45 0.1 12835.5 797.206 0 0 255
-0.425 0.1 12835.5 797.206 255 0 0
-0.4 0.1 4294.71 -1685.79 255 0 0
-0.375 0.1 -4246.59 -4167.69 255 0 0
-0.35 0.1 -12788 -6649.6 255 0 0
-0.325 0.1 -12788 -6649.6 0 0 255
-0.3 0.1 -12788 -6649.6 0 0 255
-0.275 0.1 -12788 -6649.6 0 0 255
-0.25 0.1 -12788 -6649.6 0 0 255
-0.225 0.1 -12788 -6649.6 0 0 255
-0.2 0.1 -12788 -6649.6 0 0 255
-0.175 0.1 -12788 -6649.6 0 0 255
-0.15 0.1 -12788 -6649.6 0 0 255
-0.125 0.1 -12788 -6649.6 0 0 255
-0.1 0.1 -12788 -6649.6 0 0 255
-0.075 0.1 -12788 -6649.6 0 0 255
-0.05 0.1 -12788 -6649.6 0 0 255
-0.025 0.1 -5163.72 2264.83 0 0 255
0 0.1 3290.67 12149.9 0 0 255
0.025 0.1 3290.67 12149.9 0 0 255
0.05 0.1 3290.67 12149.9 0 0 255
0.075 0.1 3290.67 12149.9 0 0 255
0.1 0.1 3290.67 12149.9 0 0 255
0.125 0.1 3290.67 12149.9 0 0 255
0.15 0.1 3290.67 12149.9 0 0 255
0.175 0.1 3290.67 12149.9 0 0 255
0.2 0.1 2205.37 12840.9 0 0 255
0.225 0.1 1120.07 13531.6 0 0 255
0.25 0.1 38.7397 14217.2 0 0 255
0.275 0.1 38.7397 14217.2 0 0 255
0.3 0.1 38.7397 14217.2 0 0 255
0.325 0.1 38.7397 14217.2 0 0 255
0.35 0.1 38.7397 14217.2 0 0 255
0.375 0.1 38.7397 14217.2 0 0 255
0.4 0.1 38.7397 14217.2 0 0 255
0.425 0.1 38.7397 14217.2 0 0 255
0.45 0.1 38.7397 14217.2 0 0 255
0.475 0.1 38.7397 14217.2 0 0 255
0.5 0.1 38.7397 14217.2 0 0 255
-0.5 0.075 16781 6320.85 0 0 255
-0.475 0.075 16781 6320.85 0 0 255
-0.45 0.075 16781 6320.85 0 0 255
-0.425 0.075 16781 6320.85 255 0 0
-0.4 0.075 8239.73 3838.96 255 0 0
-0.375 0.075 -301.576 1357.07 255 0 0
-0.35 0.075 -8842.91 -1124.84 255 0 0
-0.325 0.075 -8842.91 -1124.84 0 0 255
-0.3 0.075 -8842.91 -1124.84 0 0 255
-0.275 0.075 -8842.91 -1124.84 0 0 255
-0.25 0.075 -8842.91 -1124.84 0 0 255
-0.225 0.075 -8842.91 -1124.84 0 0 255
-0.2 0.075 -8842.91 -1124.84 0 0 255
-0.175 0.075 -8842.91 -1124.84 0 0 255
-0.15 0.075 -8842.91 -1124.84 0 0 255
-0.125 0.075 -8842.91 -1124.84 0 0 255
-0.1 0.075 -8842.91 -1124.84 0 0 255
-0.075 0.075 -8842.91 -1124.84 0 0 255
-0.05 0.075 -8842.91 -1124.84 0 0 255
-0.025 0.075 -8138.41 -475.776 0 0 255
0 0.075 3290.67 12149.9 0 0 255
0.025 0.075 3290.67 12149.9 0 0 255
0.05 0.075 3290.67 12149.9 0 0 255
0.075 0.075 3290.67 12149.9 0 0 255
0.1 0.075 3290.67 12149.9 0 0 255
0.125 0.075 3290.67 12149.9 0 0 255
0.15 0.075 3290.67 12149.9 0 0 255
0.175 0.075 3290.67 12149.9 0 0 255
0.2 0.075 2205.37 12840.9 0 0 255
0.225 0.075 1120.07 13531.6 0 0 255
0.25 0.075 38.7397 14217.2 0 0 255
0.275 0.075 38.7397 14217.2 0 0 255
0.3 0.075 38.7397 14217.2 0 0 255
0.325 0.075 38.7397 14217.2 0 0 255
0.35 0.075 38.7397 14217.2 0 0 255
0.375 0.075 38.7397 14217.2 0 0 255
0.4 0.075 38.7397 14217.2 0 0 255
0.425 0.075 38.7397 14217.2 0 0 255
0.45 0.075 38.7397 14217.2 0 0 255
0.475 0.075 38.7397 14217.2 0 0 255
0.5 0.075 38.7397 14217.2 0 0 255
-0.5 0.05 20726 11845.6 0 0 255
-0.475 0.05 20726 11845.6 0 0 255
-0.45 0.05 20726 11845.6 0 0 255
-0.425 0.05 20726 11845.6 255 0 0
-0.4 0.05 12184.7 9363.72 255 0 0
-0.375 0.05 3643.42 6881.81 255 0 0
-0.35 0.05 -4898.11 4399.78 255 0 0
-0.325 0.05 -4898.11 4399.78 0 0 255
-0.3 0.05 -4898.11 4399.78 0 0 255
-0.275 0.05 -4898.11 4399.78 0 0 255
-0.25 0.05 -4898.11 4399.78 0 0 255
-0.225 0.05 -4898.11 4399.78 0 0 255
-0.2 0.05 -4898.11 4399.78 0 0 255
-0.175 0.05 -4898.11 4399.78 0 0 255
-0.15 0.05 -4898.11 4399.78 0 0 255
-0.125 0.05 -4898.11 4399.78 0 0 255
-0.1 0.05 -4898.11 4399.78 0 0 255
-0.075 0.05 -4898.11 4399.78 0 0 255
-0.05 0.05 -4898.11 4399.78 0 0 255
-0.025 0.05 -4981.99 4273.58 0 0 255
0 0.05 -666.78 8382.04 0 0 255
0.025 0.05 3290.67 12149.9 0 0 255
0.05 0.05 3290.67 12149.9 0 0 255
0.075 0.05 3290.67 12149.9 0 0 255
0.1 0.05 3290.67 12149.9 0 0 255
0.125 0.05 3290.67 12149.9 0 0 255
0.15 0.05 3290.67 12149.9 0 0 255
0.175 0.05 3290.67 12149.9 0 0 255
0.2 0.05 2205.37 12840.9 0 0 255
0.225 0.05 1120.07 13531.6 0 0 255
0.25 0.05 38.7397 14217.2 0 0 255
0.275 0.05 38.7397 14217.2 0 0 255
0.3 0.05 38.7397 14217.2 0 0 255
0.325 0.05 38.7397 14217.2 0 0 255
0.35 0.05 38.7397 14217.2 0 0 255
0.375 0.05 38.7397 14217.2 0 0 255
0.4 0.05 38.7397 14217.2 0 0 255
0.425 0.05 38.7397 14217.2 0 0 255
0.45 0.05 38.7397 14217.2 0 0 255
0.475 0.05 38.7397 14217.2 0 0 255
0.5 0.05 38.7397 14217.2 0 0 255
-0.5 0.025 20726 11845.6 0 0 255
-0.475 0.025 20726 11845.6 0 0 255
-0.45 0.025 20726 11845.6 0 0 255
-0.425 0.025 20726 11845.6 0 0 255
-0.4 0.025 12184.7 9363.72 0 0 255
-0.375 0.025 3643.42 6881.81 0 0 255
-0.35 0.025 -4898.11 4399.78 0 0 255
-0.325 0.025 -4898.11 4399.78 0 0 255
-0.3 0.025 -4898.11 4399.78 0 0 255
-0.275 0.025 -4898.11 4399.78 0 0 255
-0.25 0.025 -4898.11 4399.78 0 0 255
-0.225 0.025 -4898.11 4399.78 0 0 255
-0.2 0.025 -4898.11 4399.78 0 0 255
-0.175 0.025 -4898.11 4399.78 0 0 255
-0.15 0.025 -4898.11 4399.78 0 0 255
-0.125 0.025 -4898.11 4399.78 0 0 255
-0.1 0.025 -4898.11 4399.78 0 0 255
-0.075 0.025 -4898.11 4399.78 0 0 255
-0.05 0.025 -4898.11 4399.78 0 0 255
-0.025 0.025 -4908.98 4383.44 0 0 255
0 0.025 -3642.84 5576.87 0 0 255
0.025 0.025 3290.67 12149.9 0 0 255
0.05 0.025 3290.67 12149.9 0 0 255
0.075 0.025 3290.67 12149.9 0 0 255
0.1 0.025 3290.67 12149.9 0 0 255
0.125 0.025 3290.67 12149.9 0 0 255
0.15 0.025 3290.67 12149.9 0 0 255
0.175 0.025 3290.67 12149.9 0 0 255
0.2 0.025 2205.37 12840.9 0 0 255
0.225 0.025 1120.07 13531.6 0 0 255
0.25 0.025 38.7397 14217.2 0 0 255
0.275 0.025 38.7397 14217.2 0 0 255
0.3 0.025 38.7397 14217.2 0 0 255
0.325 0.025 38.7397 14217.2 0 0 255
0.35 0.025 38.7397 14217.2 0 0 255
0.375 0.025 38.7397 14217.2 0 0 255
0.4 0.025 38.7397 14217.2 0 0 255
0.425 0.025 38.7397 14217.2 0 0 255
0.45 0.025 38.7397 14217.2 0 0 255
0.475 0.025 38.7397 14217.2 0 0 255
0.5 0.025 38.7397 14217.2 0 0 255
-0.5 0 20726 11845.6 0 0 255
-0.475 0 20726 11845.6 0 0 255
-0.45 0 20726 11845.6 0 0 255
-0.425 0 20726 11845.6 0 0 255
-0.4 0 12184.7 9363.72 0 0 255
-0.375 0 3643.42 6881.81 0 0 255
-0.35 0 -4898.11 4399.78 0 0 255
-0.325 0 -4898.11 4399.78 0 0 255
-0.3 0 -4898.11 4399.78 0 0 255
-0.275 0 -4898.11 4399.78 0 0 255
-0.25 0 -4898.11 4399.78 0 0 255
-0.225 0 -4898.11 4399.78 0 0 255
-0.2 0 -4898.11 4399.78 0 0 255
-0.175 0 -4898.11 4399.78 0 0 255
-0.15 0 -4898.11 4399.78 0 0 255
-0.125 0 -4898.11 4399.78 0 0 255
-0.1 0 -4898.11 4399.78 0 0 255
-0.075 0 -4898.11 4399.78 0 0 255
-0.05 0 -4898.11 4399.78 0 0 255
-0.025 0 -4900.2 4396.65 0 0 255
0 0 -4622.74 4657.09 0 0 255
0.025 0 142.428 9168.97 0 0 255
0.05 0 3290.67 12149.9 0 0 255
0.075 0 3290.67 12149.9 0 0 255
0.1 0 3290.67 12149.9 0 0 255
0.125 0 3290.67 12149.9 0 0 255
0.15 0 3290.67 12149.9 0 0 255
0.175 0 3290.67 12149.9 0 0 255
0.2 0 2205.37 12840.9 0 0 255
0.225 0 1120.07 13531.6 0 0 255
0.25 0 38.7397 14217.2 0 0 255
0.275 0 38.7397 14217.2 0 0 255
0.3 0 38.7397 14217.2 0 0 255
0.325 0 38.7397 14217.2 0 0 255
0.35 0 38.7397 14217.2 0 0 255
0.375 0 38.7397 14217.2 0 0 255
0.4 0 38.7397 14217.2 0 0 255
0.425 0 38.7397 14217.2 0 0 255
0.45 0 38.7397 14217.2 0 0 255
0.475 0 38.7397 14217.2 0 0 255
0.5 0 38.7397 14217.2 0 0 255
