13 16
           1  2.42747e-08
-1.12175e-08            1
13 17
           1  1.77223e-08
-8.87646e-09            1
13 18
           1  9.30791e-09
-3.74615e-09            1
13 19
           1  2.75303e-09
-2.44295e-09            1
13 20
           1 -1.88184e-09
 6.33491e-10            1
13 21
           1 -8.88465e-09
 7.06787e-09            1
13 22
           1 -1.68575e-08
 9.08475e-09            1
13 23
          1  -2.261e-08
1.08222e-08           1
13 24
          1 -1.0515e-07
 1.4144e-07           1
14 15
           1  1.78711e-08
-1.46335e-08            1
14 16
           1   1.5446e-08
-1.22361e-08            1
14 17
           1  1.08461e-08
-9.22419e-09            1
14 18
           1  5.76438e-09
-4.34008e-09            1
14 19
           1  1.90474e-09
-1.08678e-09            1
14 20
           1 -8.70918e-10
  1.2822e-09            1
14 21
           1 -4.93934e-09
 5.79389e-09            1
14 22
           1 -1.00931e-08
 1.00453e-08            1
14 23
           1 -1.49414e-08
 1.38406e-08            1
14 24
           1 -1.96406e-08
 1.62995e-08            1
14 25
           1 -1.28324e-07
 1.22075e-07            1
15 14
           1  1.64449e-08
-1.98799e-08            1
15 15
           1  1.56185e-08
-1.54947e-08            1
15 16
           1  1.13711e-08
-1.02505e-08            1
15 17
           1    5.998e-09
-4.87293e-09            1
15 18
           1  2.50365e-09
-1.53501e-09            1
15 19
          1 1.10093e-09
1.44228e-11           1
15 20
          1 4.00667e-10
7.75742e-10           1
15 21
           1 -1.09297e-09
  2.4552e-09            1
15 22
           1 -4.81735e-09
 5.81463e-09            1
15 23
           1 -1.07251e-08
 1.12177e-08            1
15 24
           1 -1.52577e-08
  1.5435e-08            1
15 25
           1 -1.44084e-08
 1.77767e-08            1
15 26
           1 -1.38884e-07
 1.05472e-07            1
16 13
           1  1.10744e-08
-2.29435e-08            1
16 14
           1  1.40663e-08
-1.51619e-08            1
16 15
           1  1.14899e-08
-1.09866e-08            1
16 16
           1  5.66968e-09
-4.60494e-09            1
16 17
           1  1.74301e-09
-6.43372e-10            1
16 18
          1  8.7105e-10
3.26969e-10           1
16 19
          1 7.99944e-10
4.30052e-10           1
16 20
          1 7.94479e-10
4.37981e-10           1
16 21
          1 7.19086e-10
5.40137e-10           1
16 22
          1 -2.1821e-10
1.53154e-09           1
16 23
           1 -4.28098e-09
  5.3474e-09            1
16 24
           1 -9.97201e-09
 1.11524e-08            1
16 25
           1 -1.19938e-08
 1.53455e-08            1
16 26
           1 -1.11058e-08
 2.43403e-08            1
16 27
           1 -5.34449e-09
 1.16682e-07            1
17 13
           1  9.37552e-09
-1.70808e-08            1
17 14
           1  1.03501e-08
-1.03064e-08            1
17 15
           1  6.15542e-09
-5.11777e-09            1
17 16
           1  1.89177e-09
-5.73049e-10            1
17 17
          1 8.26699e-10
4.05534e-10           1
17 18
          1 7.96893e-10
4.35174e-10           1
17 19
          1 7.96894e-10
 4.3484e-10           1
17 20
          1 7.97098e-10
4.34367e-10           1
17 21
          1 7.97369e-10
4.33739e-10           1
17 22
          1 7.67399e-10
4.62465e-10           1
17 23
           1 -2.89483e-10
  1.3888e-09            1
17 24
           1 -4.55053e-09
 5.72947e-09            1
17 25
           1 -8.94357e-09
  1.0722e-08            1
17 26
           1 -8.68146e-09
 1.77064e-08            1
17 27
           1 -3.63029e-09
 8.84193e-08            1
18 13
           1  7.36051e-09
-9.04786e-09            1
18 14
          1 6.13437e-09
-5.1563e-09           1
18 15
           1  2.81812e-09
-1.42272e-09            1
18 16
          1 9.05044e-10
3.57341e-10           1
18 17
          1 7.97508e-10
4.35754e-10           1
18 18
          1 7.97117e-10
4.35614e-10           1
18 19
          1 7.96832e-10
4.35376e-10           1
18 20
          1 7.96816e-10
4.34868e-10           1
18 21
          1 7.96855e-10
 4.3426e-10           1
18 22
          1 7.96847e-10
4.33241e-10           1
18 23
          1 6.87995e-10
5.07598e-10           1
18 24
           1 -1.18882e-09
 2.18937e-09            1
18 25
           1 -4.02687e-09
  5.6057e-09            1
18 26
           1 -3.49372e-09
 9.26501e-09            1
18 27
           1 -9.45244e-10
 5.63458e-08            1
19 13
           1  9.56562e-10
-2.00399e-09            1
19 14
          1 1.63451e-09
-1.0833e-09           1
19 15
          1 1.14009e-09
 6.1368e-11           1
19 16
          1  8.0254e-10
4.32497e-10           1
19 17
          1 7.97735e-10
4.35759e-10           1
19 18
          1 7.97282e-10
4.35823e-10           1
19 19
          1  7.9693e-10
4.35661e-10           1
19 20
          1 7.96787e-10
4.35236e-10           1
19 21
          1 7.96738e-10
4.34652e-10           1
19 22
          1 7.96612e-10
4.33833e-10           1
19 23
          1 7.92245e-10
 4.3583e-10           1
19 24
          1 3.72798e-10
7.64321e-10           1
19 25
          1 -7.4209e-10
1.71351e-09           1
19 26
           1 -2.12403e-09
 2.67837e-09            1
19 27
           1 -1.40313e-09
   1.824e-08            1
20 13
           1 -2.11681e-09
 2.67655e-09            1
20 14
           1 -7.36777e-10
 1.71371e-09            1
20 15
          1 3.76307e-10
7.66378e-10           1
20 16
          1 7.94542e-10
4.38031e-10           1
20 17
          1 7.98226e-10
4.35583e-10           1
20 18
          1 7.97801e-10
 4.3586e-10           1
20 19
          1 7.97361e-10
4.35821e-10           1
20 20
          1 7.97033e-10
4.35578e-10           1
20 21
          1 7.96896e-10
4.35077e-10           1
20 22
          1 7.96808e-10
4.34402e-10           1
20 23
          1 8.00976e-10
4.30614e-10           1
20 24
          1 1.13775e-09
5.90119e-11           1
20 25
          1 1.63093e-09
-1.0858e-09           1
20 26
           1   9.5139e-10
-2.00716e-09            1
20 27
           1   5.5618e-11
-2.36457e-08            1
21 13
           1 -3.47797e-09
 9.25803e-09            1
21 14
          1 -4.0177e-09
5.60274e-09           1
21 15
           1 -1.18365e-09
 2.19019e-09            1
21 16
          1 6.90893e-10
5.09956e-10           1
21 17
          1 7.98992e-10
4.35354e-10           1
21 18
          1 7.98502e-10
4.35935e-10           1
21 19
          1  7.9802e-10
4.35969e-10           1
21 20
          1 7.97605e-10
4.35815e-10           1
21 21
          1 7.97443e-10
4.35349e-10           1
21 22
          1 7.97353e-10
4.34818e-10           1
21 23
          1 9.04399e-10
3.55809e-10           1
21 24
           1  2.81722e-09
-1.42518e-09            1
21 25
          1 6.13246e-09
-5.1601e-09           1
21 26
           1  7.35627e-09
-9.05408e-09            1
21 27
           1  3.53526e-09
-6.10462e-08            1
22 13
           1 -8.65854e-09
 1.76925e-08            1
22 14
           1 -8.93121e-09
 1.07148e-08            1
22 15
           1 -4.54301e-09
 5.72699e-09            1
22 16
           1 -2.85636e-10
 1.39038e-09            1
22 17
          1 7.69891e-10
4.64891e-10           1
22 18
          1 7.99466e-10
4.35923e-10           1
22 19
          1 7.98849e-10
4.36041e-10           1
22 20
          1 7.98284e-10
4.35853e-10           1
22 21
          1   7.979e-10
4.35426e-10           1
22 22
          1 8.27314e-10
4.05032e-10           1
22 23
           1  1.89215e-09
-5.74314e-10            1
22 24
          1 6.15584e-09
-5.1204e-09           1
22 25
           1  1.03501e-08
-1.03111e-08            1
22 26
           1  9.37723e-09
-1.70907e-08            1
22 27
           1  3.71927e-09
-9.32835e-08            1
23 13
           1 -1.10682e-08
 2.43108e-08            1
23 14
           1 -1.19769e-08
  1.5333e-08            1
23 15
           1 -9.96092e-09
 1.11449e-08            1
23 16
          1 -4.2746e-09
5.34532e-09           1
23 17
           1 -2.14842e-10
 1.53322e-09            1
23 18
          1 7.21575e-10
5.42802e-10           1
23 19
          1 7.96685e-10
4.40339e-10           1
23 20
          1  8.0186e-10
4.31747e-10           1
23 21
          1 8.72608e-10
 3.2784e-10           1
23 22
           1  1.74418e-09
-6.43388e-10            1
23 23
          1 5.67065e-09
-4.6061e-09           1
23 24
           1  1.14905e-08
-1.09893e-08            1
23 25
           1  1.40659e-08
-1.51673e-08            1
23 26
           1  1.10779e-08
-2.29596e-08            1
23 27
           1  4.10566e-09
-1.21578e-07            1
24 13
           1 -1.39037e-07
 1.05382e-07            1
24 14
           1 -1.43826e-08
  1.7756e-08            1
24 15
          1 -1.5243e-08
1.54218e-08           1
24 16
           1 -1.07151e-08
 1.12097e-08            1
24 17
           1 -4.81101e-09
 5.81269e-09            1
24 18
           1 -1.08905e-09
 2.45681e-09            1
24 19
          1 4.03444e-10
7.78489e-10           1
24 20
          1 1.10298e-09
1.69315e-11           1
24 21
           1  2.50491e-09
-1.53329e-09            1
24 22
           1   5.9984e-09
-4.87242e-09            1
24 23
          1 1.13712e-08
-1.0252e-08           1
24 24
           1  1.56184e-08
-1.54978e-08            1
24 25
           1   1.6443e-08
-1.98847e-08            1
24 26
           1  1.40609e-07
-1.04487e-07            1
24 27
           1  1.32624e-07
-6.71529e-08            1
25 14
           1 -1.28453e-07
 1.22002e-07            1
25 15
           1 -1.96195e-08
 1.62748e-08            1
25 16
           1 -1.49276e-08
 1.38262e-08            1
25 17
           1 -1.00837e-08
 1.00384e-08            1
25 18
           1 -4.93336e-09
 5.79205e-09            1
25 19
           1 -8.67652e-10
 1.28418e-09            1
25 20
           1  1.90568e-09
-1.08403e-09            1
25 21
           1  5.76381e-09
-4.33867e-09            1
25 22
           1  1.08444e-08
-9.22359e-09            1
25 23
           1  1.54434e-08
-1.22385e-08            1
25 24
           1  1.78688e-08
-1.46385e-08            1
25 25
           1  1.21337e-07
-1.27842e-07            1
25 26
           1  1.12222e-07
-9.18024e-08            1
26 15
           1 -1.05261e-07
 1.41389e-07            1
26 16
           1 -2.25798e-08
 1.07886e-08            1
26 17
           1 -1.68416e-08
 9.06806e-09            1
26 18
           1 -8.87573e-09
 7.05908e-09            1
26 19
           1 -1.87756e-09
 6.33169e-10            1
26 20
           1  2.75268e-09
-2.44084e-09            1
26 21
           1  9.30493e-09
-3.74698e-09            1
26 22
           1  1.77169e-08
-8.87417e-09            1
26 23
           1  2.42618e-08
-1.12122e-08            1
26 24
           1  1.04535e-07
-1.38914e-07            1
26 25
           1  9.11557e-08
-1.16696e-07            1
27 16
           1 -1.24101e-07
 3.92751e-09            1
27 17
           1 -9.57256e-08
 3.55642e-09            1
27 18
           1 -6.34403e-08
 3.39897e-09            1
27 19
           1 -2.59823e-08
-9.48401e-11            1
27 20
           1  1.59983e-08
-1.55372e-09            1
27 21
           1  5.42037e-08
-1.05172e-09            1
27 22
           1  8.64049e-08
-3.69207e-09            1
27 23
           1  1.14874e-07
-5.33581e-09            1
27 24
           1  6.40687e-08
-1.32634e-07            1
