13 16
          1 7.57324e-09
2.28302e-08           1
13 17
          1 1.03243e-08
2.44992e-08           1
13 18
          1 9.87743e-09
6.34793e-09           1
13 19
           1  1.15043e-08
-1.78496e-08            1
13 20
          1 1.21039e-08
1.14428e-08           1
13 21
          1 1.03544e-08
6.96935e-09           1
13 22
           1  1.38948e-08
-9.85131e-10            1
13 23
          1 2.42779e-08
9.89257e-10           1
13 24
           1 -1.26408e-07
 1.81386e-07            1
14 15
          1 4.76794e-09
1.23409e-08           1
14 16
          1 9.98158e-09
3.48482e-09           1
14 17
          1 9.28034e-09
2.83505e-09           1
14 18
          1 7.92822e-09
4.49512e-09           1
14 19
           1  8.18689e-09
-1.69556e-09            1
14 20
          1 8.15737e-09
6.40314e-09           1
14 21
          1 6.71037e-09
6.76688e-09           1
14 22
          1 4.70898e-09
 9.4303e-09           1
14 23
          1 5.73338e-10
1.01916e-08           1
14 24
           1  1.26696e-09
-1.69583e-09            1
14 25
           1 -1.64647e-07
 1.36702e-07            1
15 14
           1  1.07018e-09
-1.47583e-08            1
15 15
           1  6.81999e-09
-2.18703e-09            1
15 16
          1 9.95942e-09
1.25476e-09           1
15 17
          1 9.03289e-09
2.63282e-09           1
15 18
          1 8.20885e-09
4.10816e-09           1
15 19
          1 8.10008e-09
 3.7044e-09           1
15 20
          1 8.03925e-09
 4.6652e-09           1
15 21
          1 7.45348e-09
5.13712e-09           1
15 22
          1 5.24461e-09
7.10103e-09           1
15 23
          1 1.88472e-09
8.13639e-09           1
15 24
          1 5.35039e-09
6.03449e-09           1
15 25
          1  2.0992e-08
9.54593e-09           1
15 26
           1 -1.63707e-07
 1.15871e-07            1
16 13
           1  1.54111e-08
-1.17858e-08            1
16 14
           1  1.31555e-08
-1.03162e-08            1
16 15
           1  1.15428e-08
-4.29158e-09            1
16 16
          1 9.41693e-09
2.18977e-09           1
16 17
          1 8.26127e-09
 4.1549e-09           1
16 18
          1 8.06132e-09
4.42166e-09           1
16 19
          1 8.04559e-09
4.43205e-09           1
16 20
          1 8.04535e-09
4.42745e-09           1
16 21
          1 8.01813e-09
4.44434e-09           1
16 22
          1 7.55939e-09
4.83291e-09           1
16 23
          1 6.03953e-09
6.00699e-09           1
16 24
          1  5.0536e-09
8.85895e-09           1
16 25
          1 6.90782e-09
1.25135e-08           1
16 26
          1 1.52923e-08
1.84618e-08           1
16 27
          1 1.09626e-08
1.14415e-07           1
17 13
           1  6.66359e-09
-6.99614e-09            1
17 14
           1  1.38559e-08
-4.53104e-09            1
17 15
           1  1.14032e-08
-1.44488e-10            1
17 16
          1 8.60979e-09
3.78215e-09           1
17 17
          1 8.04834e-09
4.42718e-09           1
17 18
          1 8.04445e-09
4.43101e-09           1
17 19
          1 8.04457e-09
4.43069e-09           1
17 20
          1 8.04484e-09
4.43005e-09           1
17 21
          1 8.04521e-09
4.42931e-09           1
17 22
          1  8.0417e-09
4.43163e-09           1
17 23
          1 7.56088e-09
4.78756e-09           1
17 24
          1 5.17583e-09
7.05396e-09           1
17 25
          1 4.72432e-09
9.95022e-09           1
17 26
          1 2.16084e-08
1.43891e-08           1
17 27
          1  1.8518e-08
7.51769e-08           1
18 13
           1  1.29401e-08
-3.59399e-09            1
18 14
           1  1.16117e-08
-7.40759e-10            1
18 15
          1 9.36134e-09
2.86017e-09           1
18 16
          1 8.10239e-09
4.37466e-09           1
18 17
          1 8.04464e-09
 4.4314e-09           1
18 18
          1 8.04445e-09
4.43134e-09           1
18 19
          1  8.0444e-09
4.43109e-09           1
18 20
          1 8.04448e-09
4.43058e-09           1
18 21
          1 8.04469e-09
 4.4299e-09           1
18 22
          1 8.04491e-09
4.42917e-09           1
18 23
          1 7.98371e-09
4.46642e-09           1
18 24
          1 7.04815e-09
5.29612e-09           1
18 25
          1 6.69498e-09
6.82286e-09           1
18 26
          1 6.98415e-09
1.00256e-08           1
18 27
          1 3.37612e-09
3.54365e-08           1
19 13
          1 1.49873e-08
2.28426e-09           1
19 14
          1 1.03451e-08
2.53973e-09           1
19 15
          1 8.44577e-09
4.05362e-09           1
19 16
          1 8.04632e-09
4.42974e-09           1
19 17
          1 8.04509e-09
4.43152e-09           1
19 18
          1 8.04472e-09
4.43156e-09           1
19 19
          1 8.04451e-09
 4.4314e-09           1
19 20
          1 8.04442e-09
4.43101e-09           1
19 21
          1 8.04448e-09
 4.4304e-09           1
19 22
          1 8.04459e-09
4.42967e-09           1
19 23
          1 8.04313e-09
4.43035e-09           1
19 24
          1 6.98166e-09
4.55323e-09           1
19 25
          1 1.00088e-09
4.66972e-09           1
19 26
           1 -1.48152e-08
 6.05498e-09            1
19 27
           1 -1.28552e-08
-6.97305e-09            1
20 13
          1 -1.4424e-08
6.27138e-09           1
20 14
          1  1.2313e-09
4.71769e-09           1
20 15
          1 7.04739e-09
4.55297e-09           1
20 16
          1 8.04571e-09
 4.4325e-09           1
20 17
          1 8.04585e-09
4.43151e-09           1
20 18
          1  8.0453e-09
4.43167e-09           1
20 19
          1  8.0449e-09
4.43163e-09           1
20 20
          1 8.04467e-09
4.43134e-09           1
20 21
          1 8.04456e-09
 4.4308e-09           1
20 22
          1 8.04456e-09
4.43013e-09           1
20 23
          1 8.04582e-09
4.42752e-09           1
20 24
          1 8.44892e-09
3.98944e-09           1
20 25
          1 1.02558e-08
2.20582e-09           1
20 26
          1 1.45445e-08
1.50457e-09           1
20 27
           1  8.71406e-09
-4.87034e-08            1
21 13
          1  8.2402e-09
9.51024e-09           1
21 14
          1 7.29284e-09
 6.5175e-09           1
21 15
          1 7.24893e-09
5.18776e-09           1
21 16
          1 8.00012e-09
4.46362e-09           1
21 17
          1 8.04677e-09
4.43137e-09           1
21 18
          1 8.04609e-09
4.43166e-09           1
21 19
          1 8.04555e-09
4.43175e-09           1
21 20
          1 8.04519e-09
4.43161e-09           1
21 21
          1 8.04497e-09
4.43112e-09           1
21 22
          1 8.04487e-09
4.43051e-09           1
21 23
          1 8.10912e-09
4.36786e-09           1
21 24
          1 9.44523e-09
2.69996e-09           1
21 25
           1  1.17684e-08
-1.31473e-09            1
21 26
           1   1.3168e-08
-4.81932e-09            1
21 27
           1  6.75811e-09
-8.68203e-08            1
22 13
          1 2.46637e-08
1.31211e-08           1
22 14
          1 5.98459e-09
9.23575e-09           1
22 15
          1  5.7346e-09
6.69067e-09           1
22 16
          1 7.67722e-09
 4.7248e-09           1
22 17
          1 8.04706e-09
4.43207e-09           1
22 18
          1 8.04704e-09
4.43154e-09           1
22 19
          1 8.04641e-09
4.43182e-09           1
22 20
          1 8.04593e-09
4.43185e-09           1
22 21
          1 8.04561e-09
4.43136e-09           1
22 22
          1 8.05019e-09
4.42564e-09           1
22 23
          1   8.651e-09
3.73228e-09           1
22 24
           1  1.15742e-08
-4.82635e-10            1
22 25
           1  1.41286e-08
-5.36869e-09            1
22 26
           1  7.36948e-09
-8.93957e-09            1
22 27
           1    1.915e-10
-1.24133e-07            1
23 13
          1  2.1183e-08
1.55553e-08           1
23 14
          1 9.04123e-09
1.12216e-08           1
23 15
          1 6.27739e-09
8.06779e-09           1
23 16
          1 6.55158e-09
5.67822e-09           1
23 17
          1 7.66291e-09
4.75684e-09           1
23 18
          1 8.02783e-09
4.43904e-09           1
23 19
          1  8.0475e-09
4.42966e-09           1
23 20
          1 8.04744e-09
4.43397e-09           1
23 21
          1 8.06348e-09
4.42185e-09           1
23 22
          1 8.27803e-09
4.12895e-09           1
23 23
          1 9.53314e-09
1.98208e-09           1
23 24
           1  1.18292e-08
-4.89121e-09            1
23 25
           1  1.35603e-08
-1.14036e-08            1
23 26
           1  1.72426e-08
-1.52653e-08            1
23 27
           1  1.02168e-08
-1.54618e-07            1
24 13
           1 -1.72532e-07
 1.16039e-07            1
24 14
          1 2.51536e-08
7.04358e-09           1
24 15
          1 7.47611e-09
   4.69e-09           1
24 16
          1 3.11552e-09
7.30788e-09           1
24 17
          1 5.82886e-09
6.69553e-09           1
24 18
          1 7.65886e-09
4.99984e-09           1
24 19
          1 8.10601e-09
4.62322e-09           1
24 20
          1 8.12445e-09
3.71192e-09           1
24 21
          1 8.22352e-09
4.07979e-09           1
24 22
          1 9.07834e-09
2.50156e-09           1
24 23
          1 1.01024e-08
7.79932e-10           1
24 24
           1  7.16209e-09
-3.20504e-09            1
24 25
           1  2.05136e-09
-1.66618e-08            1
24 26
           1  1.33737e-07
-1.28534e-07            1
24 27
           1  1.33614e-07
-8.33508e-08            1
25 14
          1 -1.6923e-07
1.38204e-07           1
25 15
          1 5.12087e-09
-4.4911e-09           1
25 16
         1 2.6419e-09
8.6232e-09          1
25 17
          1 5.99685e-09
8.46878e-09           1
25 18
          1 7.44516e-09
6.27878e-09           1
25 19
          1 8.53934e-09
6.12587e-09           1
25 20
           1  8.34934e-09
-1.71374e-09            1
25 21
          1 7.98097e-09
4.32572e-09           1
25 22
          1 9.32846e-09
2.42734e-09           1
25 23
          1 1.00667e-08
2.71382e-09           1
25 24
          1 5.07929e-09
1.04779e-08           1
25 25
           1  1.15731e-07
-1.70805e-07            1
25 26
           1   1.1561e-07
-1.18292e-07            1
26 15
           1 -1.28614e-07
 1.86016e-07            1
26 16
          1  3.0029e-08
-3.7229e-09           1
26 17
           1  1.67057e-08
-3.18037e-09            1
26 18
          1 1.19429e-08
 5.7678e-09           1
26 19
          1   1.304e-08
1.05826e-08           1
26 20
           1  1.19556e-08
-1.80254e-08            1
26 21
          1 9.99495e-09
6.00445e-09           1
26 22
          1 1.03685e-08
2.34936e-08           1
26 23
          1 7.69758e-09
2.12668e-08           1
26 24
           1  1.01195e-07
-2.03517e-07            1
26 25
           1  9.86761e-08
-1.61722e-07            1
27 16
           1 -2.42002e-07
-8.23841e-09            1
27 17
           1 -1.86173e-07
-7.49401e-09            1
27 18
          1 -1.3495e-07
2.26554e-09           1
27 19
           1 -8.75042e-08
  6.8662e-09            1
27 20
           1  -3.6145e-08
-1.48178e-08            1
27 21
          1 1.61717e-08
 3.5524e-09           1
27 22
          1 6.34797e-08
2.16492e-08           1
27 23
          1  1.1257e-07
1.89282e-08           1
27 24
          1 6.91745e-08
-2.1369e-07           1
