12 19
          1 7.90983e-07
 3.2756e-07           1
12 20
          1 8.53184e-07
2.35742e-08           1
12 21
          1 3.01041e-07
1.50677e-06           1
13 16
           1 -3.11941e-08
 2.30085e-07            1
13 17
          1 1.40998e-08
1.00012e-07           1
13 18
           1  3.84508e-08
-1.02045e-09            1
13 19
          1 6.02287e-08
1.47002e-08           1
13 20
          1 7.53677e-08
2.38255e-08           1
13 21
          1 9.59865e-08
-6.9786e-09           1
13 22
           1  1.31933e-07
-2.11943e-08            1
13 23
           1  1.90903e-07
-6.53549e-08            1
13 24
           1 -1.75878e-07
 2.98832e-07            1
14 15
           1 -3.35609e-08
 1.01883e-07            1
14 16
           1 -2.99909e-09
 5.00326e-08            1
14 17
          1 8.68123e-09
3.65255e-08           1
14 18
          1 1.78783e-08
1.24015e-08           1
14 19
          1 2.62228e-08
8.77036e-09           1
14 20
          1 3.28868e-08
1.02862e-08           1
14 21
          1 4.02902e-08
 3.0075e-09           1
14 22
           1    4.875e-08
-3.37185e-10            1
14 23
           1  6.50042e-08
-1.71813e-08            1
14 24
           1  1.29198e-07
-5.01796e-08            1
14 25
           1 -1.59157e-07
 2.16691e-07            1
15 14
          1 -6.2605e-08
 6.8933e-08           1
15 15
           1 -1.03921e-08
 4.17354e-08            1
15 16
          1 4.94784e-09
2.63876e-08           1
15 17
          1 1.16194e-08
1.65227e-08           1
15 18
          1 1.47529e-08
 1.0544e-08           1
15 19
          1 1.60219e-08
 8.3663e-09           1
15 20
          1 1.70303e-08
7.73484e-09           1
15 21
          1 1.93489e-08
  6.102e-09           1
15 22
          1 2.46558e-08
3.50853e-09           1
15 23
         1 3.6566e-08
-2.814e-09          1
15 24
           1  5.97508e-08
-4.23093e-09            1
15 25
           1  9.56833e-08
-3.48028e-10            1
15 26
           1 -2.05171e-07
 1.30831e-07            1
16 13
           1 -4.27672e-08
 3.80857e-08            1
16 14
           1 -1.02416e-08
  1.7274e-08            1
16 15
          1 3.12877e-09
1.83206e-08           1
16 16
          1 1.13118e-08
1.38711e-08           1
16 17
          1 1.43608e-08
9.21972e-09           1
16 18
          1 1.48639e-08
8.05596e-09           1
16 19
          1  1.4884e-08
7.92458e-09           1
16 20
          1 1.48864e-08
7.91573e-09           1
16 21
          1 1.49664e-08
7.82322e-09           1
16 22
          1 1.60531e-08
7.03778e-09           1
16 23
          1 2.06202e-08
5.12655e-09           1
16 24
          1 2.86788e-08
5.37344e-09           1
16 25
          1 4.18122e-08
8.13685e-09           1
16 26
          1 1.10896e-07
1.03696e-08           1
16 27
          1 8.56739e-08
1.17712e-07           1
17 13
           1 -4.62345e-09
   2.335e-08            1
17 14
          1 9.62567e-09
1.07971e-08           1
17 15
          1 1.27702e-08
9.81796e-09           1
17 16
          1 1.43453e-08
8.63648e-09           1
17 17
          1 1.48655e-08
7.94793e-09           1
17 18
          1 1.48822e-08
7.91971e-09           1
17 19
          1 1.48822e-08
7.91982e-09           1
17 20
          1 1.48823e-08
7.91956e-09           1
17 21
          1 1.48823e-08
7.91928e-09           1
17 22
          1 1.49089e-08
7.90148e-09           1
17 23
          1 1.53433e-08
7.68493e-09           1
17 24
         1 1.7899e-08
7.7826e-09          1
17 25
          1 2.87659e-08
9.30262e-09           1
17 26
          1 4.75818e-08
1.76092e-08           1
17 27
          1 2.88394e-08
5.64051e-08           1
18 13
          1 5.01419e-09
1.52934e-08           1
18 14
          1   1.332e-08
9.29616e-09           1
18 15
          1 1.46754e-08
8.25455e-09           1
18 16
          1 1.48451e-08
7.93942e-09           1
18 17
          1 1.48816e-08
7.91948e-09           1
18 18
          1 1.48813e-08
7.91955e-09           1
18 19
          1  1.4881e-08
7.91952e-09           1
18 20
          1 1.48808e-08
7.91926e-09           1
18 21
          1 1.48806e-08
7.91885e-09           1
18 22
          1 1.48804e-08
7.91828e-09           1
18 23
          1 1.48949e-08
7.92023e-09           1
18 24
          1 1.38502e-08
8.19227e-09           1
18 25
          1 7.53839e-09
8.89038e-09           1
18 26
           1 -1.61909e-08
 1.28545e-08            1
18 27
           1 -1.73338e-08
  1.3946e-08            1
19 13
          1 2.81008e-08
1.33116e-08           1
19 14
          1 1.81935e-08
8.94381e-09           1
19 15
          1 1.51981e-08
8.10563e-09           1
19 16
          1 1.48794e-08
7.91963e-09           1
19 17
          1 1.48815e-08
7.91911e-09           1
19 18
          1 1.48808e-08
7.91917e-09           1
19 19
          1 1.48802e-08
7.91911e-09           1
19 20
          1 1.48796e-08
7.91889e-09           1
19 21
          1 1.48792e-08
7.91848e-09           1
19 22
          1  1.4879e-08
7.91794e-09           1
19 23
          1 1.48762e-08
7.91838e-09           1
19 24
          1 1.39172e-08
7.89642e-09           1
19 25
          1 1.00869e-08
7.17905e-09           1
19 26
          1 6.20525e-09
8.28374e-09           1
19 27
           1  2.59876e-09
-2.64337e-08            1
20 13
          1  1.1423e-08
1.37685e-08           1
20 14
          1  1.2107e-08
8.95951e-09           1
20 15
          1 1.44141e-08
8.09834e-09           1
20 16
          1 1.48849e-08
7.91885e-09           1
20 17
          1 1.48818e-08
7.91854e-09           1
20 18
          1 1.48808e-08
 7.9186e-09           1
20 19
          1 1.48798e-08
7.91855e-09           1
20 20
          1 1.48789e-08
7.91838e-09           1
20 21
          1 1.48782e-08
7.91804e-09           1
20 22
          1 1.48778e-08
7.91761e-09           1
20 23
          1 1.48774e-08
7.91604e-09           1
20 24
          1 1.53642e-08
7.44413e-09           1
20 25
          1 1.83368e-08
4.99413e-09           1
20 26
          1 2.67551e-08
  3.663e-09           1
20 27
           1  1.63441e-08
-6.61288e-08            1
21 13
           1 -8.20637e-09
  1.2813e-08            1
21 14
          1 1.18139e-08
8.10136e-09           1
21 15
          1 1.52082e-08
7.80041e-09           1
21 16
          1 1.49644e-08
7.90462e-09           1
21 17
          1 1.48826e-08
7.91779e-09           1
21 18
          1 1.48812e-08
7.91782e-09           1
21 19
          1 1.48798e-08
7.91778e-09           1
21 20
          1 1.48786e-08
7.91771e-09           1
21 21
          1 1.48776e-08
7.91742e-09           1
21 22
          1  1.4877e-08
7.91719e-09           1
21 23
          1 1.48886e-08
 7.8904e-09           1
21 24
          1 1.54705e-08
6.59472e-09           1
21 25
          1 1.53341e-08
2.69178e-09           1
21 26
         1 9.6079e-09
9.1218e-11          1
21 27
           1  2.29409e-09
-1.06331e-07            1
22 13
          1 7.27932e-08
1.01462e-08           1
22 14
          1  3.7868e-08
5.46619e-09           1
22 15
          1 2.13362e-08
 6.0812e-09           1
22 16
          1 1.59174e-08
7.46097e-09           1
22 17
          1 1.49175e-08
7.89738e-09           1
22 18
          1 1.48819e-08
7.91686e-09           1
22 19
          1 1.48801e-08
7.91679e-09           1
22 20
          1 1.48785e-08
 7.9168e-09           1
22 21
          1 1.48773e-08
7.91658e-09           1
22 22
          1 1.48635e-08
7.93712e-09           1
22 23
          1 1.46694e-08
8.11692e-09           1
22 24
          1 1.46633e-08
5.71424e-09           1
22 25
          1  1.3808e-08
3.99269e-10           1
22 26
           1  6.74095e-09
-1.69364e-09            1
22 27
          1 3.51912e-10
-1.4857e-07           1
23 13
           1  1.75895e-07
-1.14864e-08            1
23 14
           1  5.97424e-08
-1.67239e-10            1
23 15
          1 3.70948e-08
9.48771e-10           1
23 16
          1 2.33889e-08
3.74886e-09           1
23 17
          1 1.64221e-08
6.85442e-09           1
23 18
          1 1.49808e-08
7.81108e-09           1
23 19
          1 1.48832e-08
7.91161e-09           1
23 20
          1  1.4879e-08
7.91976e-09           1
23 21
          1 1.48604e-08
 8.0326e-09           1
23 22
          1 1.44676e-08
8.87767e-09           1
23 23
          1 1.23783e-08
1.12381e-08           1
23 24
          1 6.63036e-09
9.53581e-09           1
23 25
           1 -2.17618e-09
 2.76343e-11            1
23 26
           1 -1.55979e-08
-6.91148e-09            1
23 27
           1 -1.21234e-08
-1.97932e-07            1
24 13
           1 -2.84839e-07
 1.34234e-07            1
24 14
          1 1.34759e-07
-1.9447e-08           1
24 15
           1  7.70848e-08
-1.34939e-08            1
24 16
           1  4.47925e-08
-7.07664e-09            1
24 17
          1  2.7681e-08
1.92445e-09           1
24 18
          1 2.00908e-08
5.63906e-09           1
24 19
          1 1.71531e-08
7.59869e-09           1
24 20
          1 1.60208e-08
8.20974e-09           1
24 21
          1 1.47831e-08
1.00548e-08           1
24 22
          1 1.21507e-08
1.41777e-08           1
24 23
          1 7.03916e-09
1.92411e-08           1
24 24
           1 -5.01964e-09
  2.5088e-08            1
24 25
          1 -4.5367e-08
3.17074e-08           1
24 26
           1  1.18443e-07
-2.03961e-07            1
24 27
          1 1.56907e-07
-1.1308e-07           1
25 14
          1 -1.8935e-07
2.27783e-07           1
25 15
           1  1.68583e-07
-7.20057e-08            1
25 16
          1 8.26761e-08
-2.7149e-08           1
25 17
           1  5.76525e-08
-5.83981e-09            1
25 18
          1  4.4155e-08
3.30284e-10           1
25 19
          1 3.42156e-08
8.76472e-09           1
25 20
          1 2.64397e-08
7.13815e-09           1
25 21
          1 1.78635e-08
1.04489e-08           1
25 22
          1 9.51539e-09
2.92156e-08           1
25 23
          1 1.14514e-10
3.45803e-08           1
25 24
           1 -2.41406e-08
 6.83743e-08            1
25 25
           1  1.38983e-07
-2.33071e-07            1
25 26
           1  1.60431e-07
-1.98367e-07            1
26 15
           1 -1.89799e-07
  3.2756e-07            1
26 16
           1  2.42878e-07
-9.95433e-08            1
26 17
           1  1.54509e-07
-3.68934e-08            1
26 18
           1  1.06515e-07
-1.58824e-08            1
26 19
          1  7.9716e-08
1.72562e-08           1
26 20
          1 6.12042e-08
6.98059e-09           1
26 21
           1  3.80263e-08
-6.31193e-09            1
26 22
          1 1.48257e-08
8.19691e-08           1
26 23
           1 -2.41746e-08
 1.76142e-07            1
26 24
           1  9.95215e-08
-4.32359e-07            1
26 25
           1  1.26184e-07
-2.64277e-07            1
27 16
           1 -6.11292e-07
-7.97039e-08     0.999999
27 17
          1 5.75145e-07
1.92864e-06           1
27 18
           1  1.29418e-06
-5.10146e-07            1
27 19
           1  8.54314e-07
-9.41179e-09            1
27 20
          1 7.77706e-07
2.76336e-07           1
27 21
           1  3.89954e-07
-1.72644e-06            1
27 22
          1  2.7575e-08
6.20321e-08    0.999999
27 23
          1 1.32519e-07
1.53748e-07    0.999999
27 24
           1  9.84526e-08
-4.82485e-07            1
28 18
           1 -1.59804e-06
-4.95716e-07     0.999997
28 19
           1 -1.06924e-06
-2.15484e-08     0.999997
28 20
           1 -9.16043e-07
 2.72243e-07     0.999997
28 21
           1 -4.46124e-07
-1.71566e-06     0.999998
