12 19
          1  7.7414e-07
3.22759e-07           1
12 20
          1 7.91259e-07
4.69173e-08           1
12 21
          1 2.80055e-07
1.50929e-06           1
13 16
           1 -2.39314e-08
 1.50891e-07            1
13 17
          1 9.61997e-09
7.87131e-08           1
13 18
           1  2.60988e-08
-3.45578e-09            1
13 19
           1  4.28503e-08
-9.81547e-10            1
13 20
          1  5.4541e-08
2.11134e-08           1
13 21
           1  7.01047e-08
-7.23227e-09            1
13 22
           1  1.00426e-07
-1.95297e-08            1
13 23
           1  1.60356e-07
-6.44868e-08            1
13 24
           1 -1.64341e-07
 2.77151e-07            1
14 15
           1 -2.14761e-08
 7.05545e-08            1
14 16
          1 7.94616e-10
 3.1267e-08           1
14 17
          1  8.0225e-09
2.57426e-08           1
14 18
          1 1.40974e-08
9.68006e-09           1
14 19
          1 2.05217e-08
4.75294e-09           1
14 20
          1 2.57293e-08
9.50937e-09           1
14 21
          1 3.11981e-08
3.24761e-09           1
14 22
          1 3.74731e-08
1.49512e-09           1
14 23
           1  4.73704e-08
-1.12983e-08            1
14 24
           1  1.03026e-07
-4.99552e-08            1
14 25
           1 -1.69983e-07
 2.00381e-07            1
15 14
           1 -4.44548e-08
 3.87595e-08            1
15 15
           1 -4.70306e-09
  2.5795e-08            1
15 16
          1 6.54295e-09
1.80725e-08           1
15 17
          1 1.09023e-08
1.24737e-08           1
15 18
          1 1.30681e-08
9.02931e-09           1
15 19
          1 1.41242e-08
7.30076e-09           1
15 20
          1 1.49549e-08
 7.1764e-09           1
15 21
          1  1.6658e-08
5.89905e-09           1
15 22
          1 2.01762e-08
 4.2496e-09           1
15 23
           1   2.8773e-08
-1.43008e-09            1
15 24
           1  4.89398e-08
-4.57691e-09            1
15 25
           1  8.98483e-08
-5.07192e-09            1
15 26
           1 -2.07958e-07
 1.29728e-07            1
16 13
           1 -2.72642e-08
 2.41101e-08            1
16 14
          1 -9.6368e-10
5.38301e-09           1
16 15
          1 6.02361e-09
1.04889e-08           1
16 16
          1 1.10462e-08
1.05853e-08           1
16 17
          1 1.29797e-08
8.13786e-09           1
16 18
          1  1.3336e-08
7.38501e-09           1
16 19
          1 1.33524e-08
7.28262e-09           1
16 20
          1 1.33548e-08
7.27358e-09           1
16 21
          1 1.34169e-08
7.19498e-09           1
16 22
          1 1.42341e-08
6.58731e-09           1
16 23
          1 1.79157e-08
4.93163e-09           1
16 24
          1 2.49188e-08
4.95209e-09           1
16 25
          1  3.5504e-08
7.08534e-09           1
16 26
          1 9.59696e-08
4.89338e-09           1
16 27
          1 7.49646e-08
1.25837e-07           1
17 13
          1 2.65574e-09
1.22501e-08           1
17 14
          1 1.23219e-08
 5.3959e-09           1
17 15
          1 1.30391e-08
6.68652e-09           1
17 16
          1 1.31148e-08
7.56636e-09           1
17 17
          1 1.33378e-08
7.29931e-09           1
17 18
          1  1.3351e-08
7.27833e-09           1
17 19
          1 1.33511e-08
7.27824e-09           1
17 20
          1 1.33513e-08
7.27783e-09           1
17 21
          1 1.33515e-08
7.27738e-09           1
17 22
          1 1.33752e-08
7.26116e-09           1
17 23
          1 1.37436e-08
7.07507e-09           1
17 24
          1 1.57234e-08
 7.1566e-09           1
17 25
          1 2.60098e-08
8.16495e-09           1
17 26
          1 5.48351e-08
1.41452e-08           1
17 27
          1 3.75045e-08
6.32213e-08           1
18 13
          1 8.03752e-09
8.93787e-09           1
18 14
          1 1.34927e-08
6.15591e-09           1
18 15
          1 1.36398e-08
6.92447e-09           1
18 16
          1 1.33411e-08
  7.273e-09           1
18 17
          1 1.33506e-08
7.27838e-09           1
18 18
          1 1.33504e-08
7.27836e-09           1
18 19
          1 1.33503e-08
7.27822e-09           1
18 20
          1 1.33502e-08
7.27785e-09           1
18 21
          1 1.33502e-08
7.27733e-09           1
18 22
          1 1.33503e-08
7.27671e-09           1
18 23
          1  1.3368e-08
7.27889e-09           1
18 24
          1  1.2852e-08
7.48686e-09           1
18 25
          1 9.26839e-09
8.06383e-09           1
18 26
           1 -8.64202e-09
 1.18793e-08            1
18 27
           1 -1.17512e-08
 1.78668e-08            1
19 13
          1 2.85737e-08
9.71496e-09           1
19 14
          1 1.73167e-08
7.13507e-09           1
19 15
          1 1.37891e-08
7.26154e-09           1
19 16
          1 1.33495e-08
7.27805e-09           1
19 17
          1 1.33508e-08
7.27818e-09           1
19 18
          1 1.33502e-08
 7.2782e-09           1
19 19
          1 1.33498e-08
7.27807e-09           1
19 20
          1 1.33494e-08
7.27777e-09           1
19 21
          1 1.33493e-08
7.27728e-09           1
19 22
          1 1.33492e-08
7.27667e-09           1
19 23
          1 1.33483e-08
7.27683e-09           1
19 24
          1 1.23549e-08
7.28768e-09           1
19 25
          1 7.56887e-09
6.87402e-09           1
19 26
           1 -5.81255e-10
 8.48863e-09            1
19 27
           1 -2.46896e-09
  -2.452e-08            1
20 13
          1 2.55922e-09
1.15152e-08           1
20 14
          1 8.86488e-09
7.84327e-09           1
20 15
          1 1.26747e-08
7.39603e-09           1
20 16
          1  1.3354e-08
7.27812e-09           1
20 17
          1 1.33512e-08
 7.2778e-09           1
20 18
          1 1.33504e-08
7.27786e-09           1
20 19
          1 1.33496e-08
7.27778e-09           1
20 20
          1  1.3349e-08
7.27754e-09           1
20 21
          1 1.33486e-08
7.27712e-09           1
20 22
          1 1.33484e-08
7.27661e-09           1
20 23
          1 1.33481e-08
7.27489e-09           1
20 24
          1 1.38822e-08
6.87125e-09           1
20 25
          1 1.73151e-08
4.86083e-09           1
20 26
          1 2.73628e-08
4.21585e-09           1
20 27
           1  1.72559e-08
-6.49813e-08            1
21 13
           1 -3.48827e-09
 1.14038e-08            1
21 14
          1 1.18895e-08
7.44537e-09           1
21 15
          1 1.36836e-08
7.22045e-09           1
21 16
          1 1.34144e-08
7.26898e-09           1
21 17
          1  1.3352e-08
7.27726e-09           1
21 18
          1 1.33509e-08
7.27733e-09           1
21 19
          1 1.33498e-08
7.27729e-09           1
21 20
          1  1.3349e-08
7.27717e-09           1
21 21
          1 1.33483e-08
7.27681e-09           1
21 22
          1  1.3348e-08
7.27647e-09           1
21 23
          1 1.33694e-08
7.24218e-09           1
21 24
          1 1.41143e-08
5.95998e-09           1
21 25
          1 1.46183e-08
2.41044e-09           1
21 26
          1  1.0424e-08
4.48861e-10           1
21 27
           1  3.22446e-09
-1.04983e-07            1
22 13
          1 7.10154e-08
9.25787e-09           1
22 14
          1 3.18354e-08
5.69292e-09           1
22 15
          1 1.79776e-08
6.03401e-09           1
22 16
          1 1.41329e-08
6.91824e-09           1
22 17
          1 1.33823e-08
7.25878e-09           1
22 18
          1 1.33517e-08
7.27661e-09           1
22 19
          1 1.33503e-08
7.27662e-09           1
22 20
          1 1.33491e-08
7.27662e-09           1
22 21
          1 1.33483e-08
7.27633e-09           1
22 22
          1 1.33375e-08
7.29178e-09           1
22 23
          1 1.33235e-08
7.25508e-09           1
22 24
          1 1.41505e-08
4.38917e-09           1
22 25
           1  1.45784e-08
-3.14388e-10            1
22 26
         1 8.5067e-09
-1.443e-09          1
22 27
           1  1.41884e-09
-1.45985e-07            1
23 13
           1  1.36459e-07
-9.30484e-09            1
23 14
          1 4.66819e-08
1.81541e-09           1
23 15
          1 3.03478e-08
2.08825e-09           1
23 16
          1  1.9793e-08
3.98563e-09           1
23 17
          1 1.45137e-08
6.43812e-09           1
23 18
          1 1.34309e-08
7.18418e-09           1
23 19
          1 1.33532e-08
7.27165e-09           1
23 20
          1 1.33497e-08
7.28003e-09           1
23 21
          1 1.33352e-08
7.37017e-09           1
23 22
          1 1.30553e-08
7.93634e-09           1
23 23
          1 1.17093e-08
9.09334e-09           1
23 24
          1 8.04781e-09
  5.767e-09           1
23 25
           1  3.20585e-09
-3.47161e-09            1
23 26
           1 -1.29519e-08
-2.23392e-10            1
23 27
           1 -1.34245e-08
-1.95166e-07            1
24 13
           1 -2.58389e-07
 1.30942e-07            1
24 14
           1   1.1391e-07
-1.68452e-08            1
24 15
           1  5.98652e-08
-1.03776e-08            1
24 16
           1  3.42076e-08
-4.24393e-09            1
24 17
          1 2.23188e-08
3.09165e-09           1
24 18
          1 1.72454e-08
5.54635e-09           1
24 19
          1 1.50884e-08
 7.0671e-09           1
24 20
          1 1.41598e-08
7.22732e-09           1
24 21
          1 1.31264e-08
8.76549e-09           1
24 22
          1 1.12649e-08
1.12074e-08           1
24 23
          1 7.75773e-09
1.42761e-08           1
24 24
           1 -1.83418e-09
 1.72039e-08            1
24 25
           1 -3.53555e-08
  2.0105e-08            1
24 26
           1  1.28925e-07
-1.77198e-07            1
24 27
           1  1.59701e-07
-1.12184e-07            1
25 14
           1 -1.89171e-07
 2.07494e-07            1
25 15
           1  1.27237e-07
-6.32643e-08            1
25 16
           1  5.85337e-08
-1.77359e-08            1
25 17
           1   4.3397e-08
-2.18047e-09            1
25 18
          1 3.40245e-08
 1.4803e-09           1
25 19
          1 2.69273e-08
8.47319e-09           1
25 20
          1  2.0957e-08
3.96575e-09           1
25 21
          1 1.43175e-08
8.71596e-09           1
25 22
          1 8.65084e-09
2.18615e-08           1
25 23
          1 2.47898e-09
2.37572e-08           1
25 24
           1 -1.67386e-08
 5.39043e-08            1
25 25
          1 1.33732e-07
 -2.121e-07           1
25 26
           1  1.49879e-07
-1.78207e-07            1
26 15
           1 -1.73043e-07
 2.96438e-07            1
26 16
          1 1.93237e-07
-8.5992e-08           1
26 17
           1  1.15169e-07
-2.95703e-08            1
26 18
           1  7.75137e-08
-1.26243e-08            1
26 19
          1 5.82094e-08
1.70099e-08           1
26 20
           1  4.43988e-08
-4.69596e-09            1
26 21
           1   2.6612e-08
-5.51575e-09            1
26 22
          1 1.05213e-08
 6.9155e-08           1
26 23
           1 -1.99277e-08
 1.26355e-07            1
26 24
           1  9.68804e-08
-3.59922e-07            1
26 25
           1  1.18717e-07
-2.34678e-07            1
27 16
           1 -5.19654e-07
-7.31972e-08     0.999999
27 17
           1 -3.59112e-07
-2.71159e-08     0.999999
27 18
          1 2.79132e-07
1.46646e-06           1
27 19
          1 7.98916e-07
2.46187e-08           1
27 20
          1 7.71916e-07
2.88858e-07           1
27 21
           1  4.04953e-07
-1.79434e-06            1
27 22
          1 3.96107e-08
5.42181e-08    0.999999
27 23
          1 1.30432e-07
1.11431e-07    0.999999
27 24
           1   9.2923e-08
-4.00672e-07            1
28 19
           1 -9.77462e-07
 1.26484e-08     0.999997
28 20
           1 -8.80393e-07
 2.93932e-07     0.999997
28 21
           1 -4.38605e-07
-1.78514e-06     0.999998
