12 17
         1 1.5445e-06
2.2763e-06    1.00001
12 18
          1 1.20729e-06
1.08183e-06           1
12 19
          1 1.17358e-06
 4.6249e-07           1
12 20
          1 1.30044e-06
1.81179e-07           1
12 21
           1  1.53501e-06
-1.28234e-08            1
12 22
          1 4.65235e-07
1.70659e-06           1
13 15
    0.999999 -1.78437e-07
 2.29288e-06            1
13 16
          1  7.7267e-08
8.61617e-07           1
13 17
          1 1.81395e-07
 3.4495e-07           1
13 18
          1 2.28394e-07
2.22818e-07           1
13 19
          1 2.43707e-07
1.35045e-07           1
13 20
          1  2.5645e-07
6.53642e-08           1
13 21
          1 2.71243e-07
3.11967e-08           1
13 22
           1  3.09415e-07
-1.61195e-08            1
13 23
           1  4.58374e-07
-1.01543e-07            1
13 24
          1 1.02876e-08
5.17463e-07           1
14 14
    0.999999 -5.22329e-07
  1.7442e-06            1
14 15
          1 -1.1744e-07
6.81609e-07           1
14 16
          1 -1.6968e-09
3.20273e-07           1
14 17
          1 4.34292e-08
1.31164e-07           1
14 18
          1 6.30244e-08
5.92305e-08           1
14 19
          1 7.21265e-08
3.37248e-08           1
14 20
          1 8.04361e-08
1.63654e-08           1
14 21
          1 9.26026e-08
 5.2433e-09           1
14 22
           1  1.11057e-07
-5.11511e-09            1
14 23
           1  1.39363e-07
-8.73858e-10            1
14 24
          1 1.73376e-07
2.85479e-08           1
14 25
           1 -6.47351e-08
 2.21124e-07            1
15 13
    0.999998 -1.42119e-06
 2.82331e-06            1
15 14
          1 -2.4663e-07
6.61716e-07           1
15 15
           1 -5.55782e-08
 2.67661e-07            1
15 16
          1  1.8322e-09
1.14131e-07           1
15 17
          1 2.15634e-08
4.31603e-08           1
15 18
          1 2.57867e-08
 1.9099e-08           1
15 19
          1 2.61348e-08
1.28437e-08           1
15 20
          1 2.73367e-08
1.01871e-08           1
15 21
          1 3.22562e-08
7.19355e-09           1
15 22
          1 4.33539e-08
3.62341e-09           1
15 23
          1 5.59515e-08
8.60224e-09           1
15 24
          1 6.19341e-08
2.77524e-08           1
15 25
          1 6.29388e-08
5.11744e-08           1
15 26
          1 3.16431e-08
 1.2649e-07           1
16 13
    0.999999 -5.70686e-07
 8.73723e-07            1
16 14
           1 -1.06247e-07
 2.50678e-07            1
16 15
           1 -1.58322e-08
 1.07952e-07            1
16 16
          1 1.47394e-08
3.62169e-08           1
16 17
          1 2.23641e-08
 1.3919e-08           1
16 18
          1 2.29627e-08
 1.0949e-08           1
16 19
          1 2.29584e-08
1.07769e-08           1
16 20
          1 2.29569e-08
1.07682e-08           1
16 21
          1 2.30779e-08
1.06492e-08           1
16 22
          1 2.42965e-08
9.85394e-09           1
16 23
          1 2.58029e-08
 1.1391e-08           1
16 24
          1 2.78765e-08
 2.2269e-08           1
16 25
          1 3.08902e-08
3.74753e-08           1
16 26
           1 -3.77637e-08
 7.23895e-08            1
17 13
           1 -1.51792e-07
 2.81302e-07            1
17 14
           1 -2.79868e-08
 1.03746e-07            1
17 15
          1 8.87751e-09
4.06324e-08           1
17 16
          1 2.13837e-08
1.38852e-08           1
17 17
          1 2.29431e-08
1.08158e-08           1
17 18
          1 2.29558e-08
1.07716e-08           1
17 19
          1 2.29529e-08
1.07701e-08           1
17 20
          1 2.29497e-08
1.07682e-08           1
17 21
          1 2.29464e-08
1.07668e-08           1
17 22
          1 2.29515e-08
1.07585e-08           1
17 23
          1 2.17197e-08
1.14391e-08           1
17 24
          1 1.40026e-08
1.79395e-08           1
17 25
           1 -3.89757e-09
 2.57497e-08            1
17 26
           1 -4.27705e-08
 3.24824e-08            1
17 27
           1 -3.51108e-08
 1.74061e-08            1
18 13
           1 -4.24736e-08
 1.36449e-07            1
18 14
          1 4.73751e-09
5.17473e-08           1
18 15
          1 1.90641e-08
1.86899e-08           1
18 16
          1 2.28213e-08
1.09309e-08           1
18 17
          1 2.29547e-08
1.07707e-08           1
18 18
          1 2.29519e-08
1.07689e-08           1
18 19
          1 2.29487e-08
1.07672e-08           1
18 20
          1 2.29454e-08
1.07654e-08           1
18 21
          1 2.29421e-08
1.07639e-08           1
18 22
          1  2.2939e-08
1.07623e-08           1
18 23
          1  2.2472e-08
1.08991e-08           1
18 24
          1 1.47547e-08
1.30318e-08           1
18 25
           1 -2.68625e-09
 1.41692e-08            1
18 26
          1  -2.043e-08
1.38703e-08           1
18 27
           1 -1.39923e-08
 5.94592e-09            1
19 12
    0.999994 -4.22148e-07
 2.23835e-06            1
19 13
          1 5.43994e-09
7.93967e-08           1
19 14
          1 1.87622e-08
3.13244e-08           1
19 15
          1 2.22663e-08
 1.3333e-08           1
19 16
          1 2.29502e-08
 1.0773e-08           1
19 17
          1  2.2952e-08
1.07682e-08           1
19 18
          1 2.29488e-08
1.07663e-08           1
19 19
          1 2.29453e-08
1.07646e-08           1
19 20
          1 2.29417e-08
 1.0763e-08           1
19 21
          1 2.29382e-08
1.07615e-08           1
19 22
          1 2.29351e-08
1.07601e-08           1
19 23
          1  2.2894e-08
1.07659e-08           1
19 24
          1 2.08407e-08
1.02387e-08           1
19 25
          1 1.51802e-08
5.95011e-09           1
19 26
          1 8.16724e-09
1.35978e-09           1
19 27
           1  2.40051e-09
-1.74813e-08            1
20 12
   0.999994 1.43701e-07
1.59289e-06           1
20 13
          1 4.38229e-08
5.20615e-08           1
20 14
          1 2.82087e-08
2.17743e-08           1
20 15
          1 2.38402e-08
1.19912e-08           1
20 16
          1 2.29578e-08
1.07684e-08           1
20 17
          1 2.29503e-08
1.07658e-08           1
20 18
          1 2.29467e-08
 1.0764e-08           1
20 19
          1 2.29427e-08
1.07622e-08           1
20 20
          1 2.29386e-08
1.07607e-08           1
20 21
          1 2.29349e-08
1.07593e-08           1
20 22
          1 2.29316e-08
1.07581e-08           1
20 23
          1 2.29315e-08
1.07536e-08           1
20 24
          1 2.24422e-08
8.87282e-09           1
20 25
          1 1.80011e-08
6.57632e-11           1
20 26
           1  7.50108e-09
-9.22681e-09            1
20 27
           1  4.75653e-10
-4.67051e-08            1
21 12
    0.999997 -3.21741e-06
 6.68252e-07            1
21 13
          1 4.20412e-08
3.44914e-08           1
21 14
          1 2.70191e-08
 1.5024e-08           1
21 15
          1 2.49401e-08
1.10081e-08           1
21 16
          1 2.30923e-08
 1.0751e-08           1
21 17
          1 2.29497e-08
1.07636e-08           1
21 18
          1 2.29456e-08
1.07616e-08           1
21 19
          1  2.2941e-08
1.07599e-08           1
21 20
          1 2.29364e-08
1.07585e-08           1
21 21
          1 2.29322e-08
1.07572e-08           1
21 22
          1 2.29286e-08
1.07562e-08           1
21 23
          1 2.29138e-08
1.07467e-08           1
21 24
          1 2.24826e-08
7.72475e-09           1
21 25
           1  1.68648e-08
-3.63882e-09            1
21 26
           1  3.61436e-09
-1.80616e-08            1
21 27
           1 -2.21812e-09
-8.00738e-08            1
22 13
          1 5.59564e-08
1.94526e-08           1
22 14
          1  5.3218e-08
7.00358e-09           1
22 15
          1 3.68442e-08
7.26673e-09           1
22 16
          1 2.51858e-08
1.00585e-08           1
22 17
          1 2.29901e-08
1.07442e-08           1
22 18
          1 2.29456e-08
1.07593e-08           1
22 19
          1 2.29404e-08
1.07575e-08           1
22 20
          1 2.29351e-08
1.07562e-08           1
22 21
          1 2.29302e-08
1.07549e-08           1
22 22
          1 2.29092e-08
1.07857e-08           1
22 23
          1 2.20842e-08
1.18362e-08           1
22 24
          1 1.70756e-08
1.10692e-08           1
22 25
           1  3.86865e-09
-1.41152e-09            1
22 26
           1 -1.13517e-08
-3.03942e-08            1
22 27
           1 -8.78365e-09
-1.21488e-07            1
23 13
           1  2.94004e-07
-6.47668e-09            1
23 14
           1  1.53856e-07
-1.06685e-08            1
23 15
           1   8.0576e-08
-5.21167e-09            1
23 16
          1  4.1462e-08
3.40674e-09           1
23 17
          1  2.5764e-08
9.23264e-09           1
23 18
          1 2.30876e-08
1.06469e-08           1
23 19
          1 2.29431e-08
1.07524e-08           1
23 20
          1 2.29353e-08
1.07567e-08           1
23 21
          1 2.29216e-08
 1.0895e-08           1
23 22
          1 2.23033e-08
1.28782e-08           1
23 23
          1 1.73429e-08
2.19291e-08           1
23 24
          1 1.36825e-09
3.06469e-08           1
23 25
           1 -3.47005e-08
 2.23486e-08            1
23 26
           1 -7.87097e-08
-4.46011e-08            1
23 27
           1 -4.91358e-08
-2.09999e-07            1
24 13
           1 -3.10806e-07
 1.93557e-07            1
24 14
           1  3.48191e-07
-6.02772e-08            1
24 15
           1  1.87887e-07
-3.35181e-08            1
24 16
           1  1.09092e-07
-1.99152e-08            1
24 17
           1  5.77709e-08
-3.70397e-09            1
24 18
          1 3.41712e-08
6.07952e-09           1
24 19
          1 2.71781e-08
1.00099e-08           1
24 20
          1 2.56311e-08
1.23641e-08           1
24 21
          1 2.47521e-08
1.66843e-08           1
24 22
          1 2.03414e-08
3.04688e-08           1
24 23
          1 7.17424e-09
5.42738e-08           1
24 24
           1 -2.19945e-08
 7.87218e-08            1
24 25
           1 -1.01057e-07
 1.17804e-07            1
24 26
           1  8.00742e-08
-3.67907e-07            1
24 27
           1  1.60247e-07
-1.37529e-07            1
25 14
    0.999999  1.06399e-06
-2.72725e-07            1
25 15
           1   4.9961e-07
-1.23817e-07            1
25 16
           1  2.84378e-07
-7.85332e-08            1
25 17
           1  1.72062e-07
-3.72844e-08            1
25 18
           1  1.13063e-07
-8.46325e-09            1
25 19
         1 8.2802e-08
9.2244e-09          1
25 20
          1 6.66857e-08
2.49243e-08           1
25 21
          1 5.24855e-08
3.64584e-08           1
25 22
          1 3.18964e-08
7.48103e-08           1
25 23
          1 6.71839e-11
1.37152e-07           1
25 24
           1 -6.25233e-08
 2.04667e-07            1
25 25
           1 -3.47155e-07
 6.10344e-07            1
25 26
           1 -2.94365e-07
-1.38314e-06            1
26 14
          1 5.59622e-09
1.12249e-06           1
26 15
   0.999999 1.90348e-06
-6.4067e-07           1
26 16
    0.999999  8.98317e-07
-3.31308e-07            1
26 17
           1  5.02175e-07
-1.18536e-07            1
26 18
           1  3.55961e-07
-3.46701e-08            1
26 19
          1 2.76311e-07
1.68015e-08           1
26 20
          1 2.25631e-07
7.89284e-08           1
26 21
          1 1.82246e-07
9.91546e-08           1
26 22
          1 1.19421e-07
1.53129e-07           1
26 23
          1 3.06475e-08
4.43845e-07           1
26 24
           1 -2.10375e-07
 1.12956e-06            1
26 25
           1  3.13624e-07
-1.47843e-06            1
26 26
           1  5.14314e-07
-1.04045e-06     0.999999
27 15
    0.999999  -2.9698e-06
-5.43076e-07     0.999998
27 16
          1 5.61087e-07
2.20691e-06           1
27 17
    0.999999    2.586e-06
-7.03273e-07            1
27 18
           1  1.77325e-06
-2.38975e-07            1
27 19
           1  1.34411e-06
-2.18054e-08            1
27 20
          1 1.10245e-06
2.67452e-07           1
27 21
          1 1.08222e-06
7.00538e-07           1
27 22
          1 1.30623e-06
1.57435e-06     1.00001
27 23
    0.999999  8.16411e-07
-3.57693e-06            1
27 24
          1 4.51082e-07
9.80425e-07    0.999997
27 25
           1  3.70959e-07
-1.99236e-06     0.999998
28 17
    0.999999 -3.52662e-06
-6.14442e-07     0.999996
28 18
           1 -2.43415e-06
-2.13579e-07     0.999996
28 19
           1 -1.83975e-06
 -3.4018e-08     0.999997
28 20
           1 -1.48153e-06
 2.06462e-07     0.999997
28 21
           1 -1.35462e-06
 6.26671e-07     0.999996
28 22
           1 -1.44195e-06
 1.47301e-06     0.999994
28 23
    0.999999 -7.64372e-07
-3.92241e-06     0.999996
