12 17
          1 1.47394e-06
2.32496e-06     1.00001
12 18
          1 1.12821e-06
9.90193e-07           1
12 19
          1 1.06619e-06
 4.2308e-07           1
12 20
          1 1.22142e-06
8.05925e-08           1
12 21
           1  1.48505e-06
-3.83961e-08            1
12 22
          1 4.79214e-07
1.72765e-06           1
13 15
    0.999999 -2.81261e-07
 1.78945e-06            1
13 16
          1 1.15834e-08
6.87085e-07           1
13 17
          1 1.05452e-07
2.32153e-07           1
13 18
          1  1.5879e-07
1.28894e-07           1
13 19
          1 1.84614e-07
1.04737e-07           1
13 20
          1 2.03691e-07
 4.7945e-08           1
13 21
          1 2.26752e-07
1.94527e-08           1
13 22
           1  2.61121e-07
-1.20769e-08            1
13 23
           1  4.11563e-07
-1.29819e-07            1
13 24
           1 -3.28919e-08
 4.87599e-07            1
14 14
    0.999999 -5.11693e-07
  1.3102e-06            1
14 15
           1 -9.80914e-08
 4.18799e-07            1
14 16
           1 -9.63668e-09
 2.16704e-07            1
14 17
          1 2.78021e-08
9.86639e-08           1
14 18
          1 4.78523e-08
4.16981e-08           1
14 19
          1 5.92157e-08
2.79622e-08           1
14 20
          1 6.83086e-08
 1.4109e-08           1
14 21
          1  7.9831e-08
4.68199e-09           1
14 22
           1  9.59868e-08
-5.41771e-09            1
14 23
           1  1.26144e-07
-1.24486e-08            1
14 24
          1 1.83027e-07
1.98159e-09           1
14 25
           1 -7.80186e-08
 2.35137e-07            1
15 14
           1 -1.80637e-07
 3.84813e-07            1
15 15
           1 -4.21128e-08
 1.71536e-07            1
15 16
          1  9.1971e-10
8.29065e-08           1
15 17
          1 1.79964e-08
3.58593e-08           1
15 18
          1 2.29249e-08
1.67355e-08           1
15 19
          1  2.3796e-08
1.16433e-08           1
15 20
          1 2.50224e-08
9.26479e-09           1
15 21
          1 2.93423e-08
6.59838e-09           1
15 22
          1 3.97435e-08
2.47156e-09           1
15 23
          1  5.4736e-08
3.36281e-09           1
15 24
          1 6.66342e-08
1.81538e-08           1
15 25
          1 7.14066e-08
3.88647e-08           1
15 26
          1 -2.1346e-08
1.34828e-07           1
16 13
           1 -3.14748e-07
 3.83684e-07            1
16 14
           1 -7.16001e-08
 1.38743e-07            1
16 15
           1 -1.04191e-08
 7.29249e-08            1
16 16
          1 1.34382e-08
2.95835e-08           1
16 17
          1 2.03424e-08
 1.2601e-08           1
16 18
          1 2.10325e-08
9.93167e-09           1
16 19
          1  2.1038e-08
9.75849e-09           1
16 20
          1 2.10383e-08
9.75058e-09           1
16 21
          1 2.11577e-08
9.63156e-09           1
16 22
          1 2.25163e-08
8.73146e-09           1
16 23
          1 2.55212e-08
8.94045e-09           1
16 24
          1 3.00433e-08
1.65491e-08           1
16 25
          1 4.04937e-08
2.89135e-08           1
16 26
          1  1.0262e-08
6.66367e-08           1
16 27
           1 -1.38309e-08
 3.02833e-08            1
17 13
           1 -7.98984e-08
 1.33011e-07            1
17 14
           1 -1.31094e-08
 5.87976e-08            1
17 15
          1 1.02408e-08
2.90025e-08           1
17 16
          1 1.95891e-08
   1.23e-08           1
17 17
          1 2.10182e-08
 9.7953e-09           1
17 18
          1  2.1035e-08
9.75265e-09           1
17 19
          1 2.10335e-08
9.75237e-09           1
17 20
          1 2.10319e-08
9.75158e-09           1
17 21
          1   2.103e-08
9.75102e-09           1
17 22
          1 2.10437e-08
9.73951e-09           1
17 23
          1 2.05324e-08
1.00529e-08           1
17 24
          1 1.72647e-08
1.45233e-08           1
17 25
          1 8.31353e-09
2.18468e-08           1
17 26
           1 -3.06439e-08
 3.34441e-08            1
17 27
          1 -3.1696e-08
2.32517e-08           1
18 13
           1 -1.96436e-08
 6.97711e-08            1
18 14
          1 8.84769e-09
3.14411e-08           1
18 15
          1 1.82658e-08
1.46456e-08           1
18 16
          1 2.09102e-08
 9.8808e-09           1
18 17
          1 2.10336e-08
9.75112e-09           1
18 18
          1 2.10321e-08
9.75067e-09           1
18 19
          1 2.10302e-08
9.75021e-09           1
18 20
          1 2.10283e-08
9.74946e-09           1
18 21
          1 2.10265e-08
9.74871e-09           1
18 22
          1 2.10247e-08
9.74775e-09           1
18 23
          1   2.075e-08
9.83045e-09           1
18 24
          1 1.46777e-08
1.15159e-08           1
18 25
          1 -1.8189e-09
1.30274e-08           1
18 26
           1 -2.41129e-08
 1.41781e-08            1
18 27
           1 -1.78544e-08
  7.4982e-09            1
19 12
    0.999996 -6.00202e-07
 1.26026e-06            1
19 13
          1 1.21451e-08
4.23013e-08           1
19 14
          1 1.86702e-08
2.02719e-08           1
19 15
          1 2.05833e-08
1.12712e-08           1
19 16
          1 2.10289e-08
9.75221e-09           1
19 17
          1 2.10319e-08
9.74917e-09           1
19 18
          1 2.10299e-08
9.74867e-09           1
19 19
          1 2.10277e-08
9.74814e-09           1
19 20
          1 2.10254e-08
9.74749e-09           1
19 21
          1 2.10233e-08
9.74674e-09           1
19 22
          1 2.10215e-08
9.74591e-09           1
19 23
          1 2.09937e-08
9.75021e-09           1
19 24
          1  1.9428e-08
9.40185e-09           1
19 25
          1 1.55652e-08
6.12268e-09           1
19 26
          1 1.28596e-08
2.71106e-09           1
19 27
           1  6.23899e-09
-1.89846e-08            1
20 12
    0.999999 -1.91069e-06
 4.27172e-07            1
20 13
          1 3.64376e-08
2.96797e-08           1
20 14
          1 2.40095e-08
1.51764e-08           1
20 15
          1 2.14482e-08
1.04421e-08           1
20 16
          1 2.10363e-08
 9.7482e-09           1
20 17
          1 2.10311e-08
9.74716e-09           1
20 18
          1 2.10287e-08
9.74662e-09           1
20 19
          1 2.10259e-08
9.74607e-09           1
20 20
          1 2.10232e-08
 9.7455e-09           1
20 21
          1 2.10207e-08
9.74486e-09           1
20 22
          1 2.10187e-08
9.74422e-09           1
20 23
          1 2.10195e-08
9.74085e-09           1
20 24
          1 2.09039e-08
8.26347e-09           1
20 25
          1 1.85853e-08
1.11734e-09           1
20 26
           1  1.20829e-08
-6.48355e-09            1
20 27
           1  3.89095e-09
-5.06765e-08            1
21 13
          1 1.07835e-08
2.18215e-08           1
21 14
          1 1.76098e-08
1.16276e-08           1
21 15
          1 2.15187e-08
9.80672e-09           1
21 16
          1 2.11436e-08
9.73151e-09           1
21 17
          1 2.10312e-08
9.74515e-09           1
21 18
          1 2.10284e-08
 9.7445e-09           1
21 19
          1  2.1025e-08
9.74391e-09           1
21 20
          1 2.10217e-08
9.74342e-09           1
21 21
          1 2.10187e-08
9.74285e-09           1
21 22
          1 2.10164e-08
9.74247e-09           1
21 23
          1 2.10137e-08
 9.7253e-09           1
21 24
          1 2.10038e-08
7.09402e-09           1
21 25
           1   1.7261e-08
-2.43959e-09            1
21 26
           1  6.61415e-09
-1.42414e-08            1
21 27
           1 -1.48965e-10
 -8.5208e-08            1
22 13
          1 3.66993e-08
 1.6944e-08           1
22 14
          1 4.60853e-08
6.90979e-09           1
22 15
          1 3.20961e-08
6.88694e-09           1
22 16
          1 2.28571e-08
9.10348e-09           1
22 17
          1 2.10711e-08
9.72495e-09           1
22 18
          1  2.1029e-08
9.74234e-09           1
22 19
          1  2.1025e-08
9.74162e-09           1
22 20
          1  2.1021e-08
9.74115e-09           1
22 21
          1 2.10174e-08
9.74061e-09           1
22 22
          1 2.09974e-08
9.77128e-09           1
22 23
          1 2.03167e-08
1.05981e-08           1
22 24
          1 1.67563e-08
9.00722e-09           1
22 25
           1  7.63106e-09
-2.48663e-09            1
22 26
           1 -4.71114e-09
-2.44524e-08            1
22 27
           1 -5.41308e-09
 -1.2479e-07            1
23 13
          1 2.40858e-07
  1.053e-09           1
23 14
           1  1.19179e-07
-5.03594e-09            1
23 15
           1  6.51437e-08
-2.50438e-09            1
23 16
          1 3.63457e-08
3.32438e-09           1
23 17
          1 2.35917e-08
8.25538e-09           1
23 18
          1 2.11701e-08
9.62267e-09           1
23 19
          1 2.10282e-08
 9.7362e-09           1
23 20
          1 2.10215e-08
9.74181e-09           1
23 21
          1  2.1005e-08
9.88504e-09           1
23 22
          1 2.03935e-08
1.16666e-08           1
23 23
          1 1.60225e-08
1.88411e-08           1
23 24
          1 2.58731e-09
2.36727e-08           1
23 25
           1 -2.59472e-08
 1.29065e-08            1
23 26
           1 -4.43178e-08
-5.13783e-08            1
23 27
           1 -2.19075e-08
-1.85232e-07            1
24 13
          1 -2.6965e-07
1.68402e-07           1
24 14
           1  2.43966e-07
-3.42801e-08            1
24 15
           1  1.47327e-07
-2.34364e-08            1
24 16
           1  8.97648e-08
-1.58333e-08            1
24 17
           1   5.0017e-08
-2.72638e-09            1
24 18
          1 3.09898e-08
5.57723e-09           1
24 19
          1 2.49899e-08
9.06486e-09           1
24 20
          1 2.34634e-08
1.11866e-08           1
24 21
          1 2.23042e-08
1.48356e-08           1
24 22
          1  1.7882e-08
2.62044e-08           1
24 23
          1 6.45012e-09
4.33163e-08           1
24 24
           1 -1.78729e-08
  6.0562e-08            1
24 25
           1 -8.30645e-08
 8.28968e-08            1
24 26
           1  7.22709e-08
-3.26857e-07            1
24 27
           1   1.3816e-07
-1.12079e-07            1
25 14
   0.999999  7.1613e-07
-1.5542e-07           1
25 15
           1  3.81008e-07
-9.62247e-08            1
25 16
           1  2.15862e-07
-6.21031e-08            1
25 17
           1  1.35479e-07
-2.68311e-08            1
25 18
           1  9.39744e-08
-5.47693e-09            1
25 19
          1 7.03595e-08
8.91738e-09           1
25 20
          1 5.60817e-08
2.09271e-08           1
25 21
          1 4.20439e-08
2.71698e-08           1
25 22
          1 2.33013e-08
6.17125e-08           1
25 23
           1 -3.02395e-09
 1.03829e-07            1
25 24
           1 -5.39213e-08
  1.5191e-07            1
25 25
           1 -3.64469e-07
 6.28208e-07            1
25 26
           1 -3.19991e-07
-1.28839e-06            1
26 14
           1 -1.44439e-06
-1.28145e-07     0.999999
26 15
           1 -8.65656e-08
 6.02166e-07            1
26 16
           1  6.75546e-07
-2.68048e-07            1
26 17
           1   3.7968e-07
-8.13532e-08            1
26 18
          1  2.7807e-07
-2.5047e-08           1
26 19
          1 2.16027e-07
1.65517e-08           1
26 20
          1 1.74676e-07
6.41408e-08           1
26 21
          1 1.33886e-07
 5.5662e-08           1
26 22
          1 7.77617e-08
1.26686e-07           1
26 23
          1 1.28456e-09
3.92402e-07           1
26 24
           1  1.36184e-07
-7.73022e-07            1
26 25
          1 6.76791e-07
5.58845e-07    0.999999
26 26
           1  5.18778e-07
-9.97349e-07     0.999999
27 16
          1 8.57711e-07
2.41474e-06           1
27 17
    0.999999  2.57776e-06
-8.89374e-07            1
27 18
           1   1.6208e-06
-2.07412e-07            1
27 19
           1  1.23124e-06
-4.31988e-08            1
27 20
          1 1.01092e-06
 2.7868e-07           1
27 21
          1 1.03395e-06
7.02395e-07           1
27 22
    0.999999  5.52556e-07
-2.37199e-06            1
27 23
          1 9.10554e-08
3.18789e-07    0.999999
27 24
           1  9.42127e-08
-8.82273e-07     0.999999
28 17
    0.999999 -3.34688e-06
-8.28717e-07     0.999996
28 18
           1 -2.17676e-06
-1.88666e-07     0.999997
28 19
           1 -1.64684e-06
-5.50317e-08     0.999997
28 20
           1 -1.32078e-06
  2.2915e-07     0.999997
28 21
           1 -1.23923e-06
 6.64078e-07     0.999996
28 22
    0.999999 -6.29352e-07
 -2.4564e-06     0.999998
