12 18
          1 9.79826e-07
9.25331e-07           1
12 19
          1 8.42667e-07
3.50185e-07           1
12 20
           1  9.62278e-07
-1.50785e-08            1
12 21
           1  1.40845e-06
-4.27542e-07            1
12 22
          1 6.11654e-07
1.98385e-06           1
13 16
           1 -3.42309e-08
 3.33652e-07            1
13 17
          1 2.40157e-08
1.23376e-07           1
13 18
          1 5.76602e-08
 1.0645e-08           1
13 19
          1 8.39855e-08
3.55969e-08           1
13 20
          1 1.02384e-07
2.68554e-08           1
13 21
           1  1.27245e-07
-3.57154e-09            1
13 22
           1  1.65856e-07
-2.07287e-08            1
13 23
           1  2.33193e-07
-7.38268e-08            1
13 24
           1 -1.69715e-07
 3.34024e-07            1
14 15
           1 -4.79708e-08
 1.46384e-07            1
14 16
          1 -6.7861e-09
7.74619e-08           1
14 17
          1 1.06481e-08
4.94645e-08           1
14 18
          1 2.32928e-08
1.67111e-08           1
14 19
          1 3.34014e-08
1.36641e-08           1
14 20
          1 4.13546e-08
1.10201e-08           1
14 21
          1 5.05239e-08
3.09102e-09           1
14 22
           1  6.12216e-08
-2.18531e-09            1
14 23
           1  8.41809e-08
-2.16183e-08            1
14 24
           1  1.53993e-07
-4.35995e-08            1
14 25
           1 -1.40499e-07
 2.30898e-07            1
15 14
           1 -8.43548e-08
   1.123e-07            1
15 15
           1 -1.73198e-08
 6.32446e-08            1
15 16
          1 3.36646e-09
3.70508e-08           1
15 17
          1 1.26894e-08
2.11547e-08           1
15 18
          1 1.67079e-08
1.21311e-08           1
15 19
          1  1.8076e-08
9.38197e-09           1
15 20
          1 1.92141e-08
8.19906e-09           1
15 21
          1 2.21279e-08
6.25226e-09           1
15 22
          1 2.92286e-08
2.79809e-09           1
15 23
           1  4.38535e-08
-3.16829e-09            1
15 24
           1  6.78502e-08
-1.63383e-09            1
15 25
          1 9.46229e-08
 8.4238e-09           1
15 26
           1 -1.80369e-07
 1.31782e-07            1
16 13
           1 -6.66786e-08
 6.10039e-08            1
16 14
           1 -2.22596e-08
 3.46924e-08            1
16 15
           1 -1.15016e-10
 2.83388e-08            1
16 16
          1 1.16792e-08
1.75505e-08           1
16 17
          1 1.58705e-08
1.02335e-08           1
16 18
          1   1.649e-08
8.62939e-09           1
16 19
          1 1.65101e-08
8.47599e-09           1
16 20
          1 1.65121e-08
 8.4677e-09           1
16 21
          1 1.66081e-08
8.36371e-09           1
16 22
          1 1.78986e-08
 7.4569e-09           1
16 23
          1 2.28821e-08
5.59151e-09           1
16 24
          1 3.11973e-08
6.76477e-09           1
16 25
          1  4.6369e-08
1.09925e-08           1
16 26
          1 1.09245e-07
2.20114e-08           1
16 27
          1 8.07386e-08
1.01438e-07           1
17 13
           1 -1.57191e-08
   3.764e-08            1
17 14
          1 5.73683e-09
1.79657e-08           1
17 15
          1 1.23217e-08
1.35901e-08           1
17 16
          1 1.56775e-08
9.65946e-09           1
17 17
          1 1.64891e-08
8.50509e-09           1
17 18
          1 1.65079e-08
8.47072e-09           1
17 19
          1 1.65077e-08
8.47104e-09           1
17 20
          1 1.65074e-08
8.47092e-09           1
17 21
          1 1.65071e-08
8.47082e-09           1
17 22
          1 1.65341e-08
8.45284e-09           1
17 23
          1  1.6929e-08
8.26559e-09           1
17 24
          1 1.93786e-08
8.80944e-09           1
17 25
          1 2.83167e-08
1.14774e-08           1
17 26
          1 3.00521e-08
2.25719e-08           1
17 27
          1 1.24656e-08
4.76758e-08           1
18 13
          1 1.45253e-09
2.31704e-08           1
18 14
          1 1.29083e-08
1.30336e-08           1
18 15
          1 1.57356e-08
9.64698e-09           1
18 16
          1  1.6444e-08
8.51821e-09           1
18 17
          1 1.65072e-08
8.47007e-09           1
18 18
          1 1.65067e-08
8.47027e-09           1
18 19
          1 1.65061e-08
 8.4704e-09           1
18 20
          1 1.65055e-08
8.47026e-09           1
18 21
          1  1.6505e-08
8.46997e-09           1
18 22
          1 1.65046e-08
8.46948e-09           1
18 23
          1 1.64934e-08
8.47787e-09           1
18 24
          1 1.45343e-08
8.94482e-09           1
18 25
          1 5.08094e-09
9.86818e-09           1
18 26
           1 -2.21281e-08
 1.36237e-08            1
18 27
          1 -2.0916e-08
1.09853e-08           1
19 13
          1 2.55408e-08
 1.7634e-08           1
19 14
          1 1.86694e-08
1.09557e-08           1
19 15
          1 1.66547e-08
8.89535e-09           1
19 16
          1 1.65043e-08
8.47052e-09           1
19 17
          1  1.6507e-08
8.46941e-09           1
19 18
          1  1.6506e-08
8.46957e-09           1
19 19
          1  1.6505e-08
8.46963e-09           1
19 20
          1 1.65041e-08
8.46953e-09           1
19 21
          1 1.65033e-08
8.46924e-09           1
19 22
          1 1.65028e-08
8.46878e-09           1
19 23
          1 1.64965e-08
8.46981e-09           1
19 24
          1  1.5529e-08
8.39282e-09           1
19 25
          1 1.25422e-08
7.17856e-09           1
19 26
          1 1.20381e-08
7.30696e-09           1
19 27
           1  6.77958e-09
-2.63252e-08            1
20 13
          1 2.05004e-08
1.62614e-08           1
20 14
          1 1.56059e-08
1.01341e-08           1
20 15
          1 1.62739e-08
8.73021e-09           1
20 16
          1 1.65107e-08
8.46883e-09           1
20 17
          1 1.65074e-08
8.46851e-09           1
20 18
          1  1.6506e-08
8.46863e-09           1
20 19
          1 1.65045e-08
8.46869e-09           1
20 20
          1 1.65032e-08
8.46865e-09           1
20 21
          1 1.65021e-08
8.46843e-09           1
20 22
          1 1.65013e-08
8.46811e-09           1
20 23
          1 1.65007e-08
8.46655e-09           1
20 24
          1 1.68969e-08
7.84703e-09           1
20 25
          1 1.89168e-08
4.58755e-09           1
20 26
          1 2.40971e-08
2.00286e-09           1
20 27
           1   1.3827e-08
-6.47524e-08            1
21 13
           1 -1.01017e-08
 1.44769e-08            1
21 14
          1 1.18469e-08
8.87473e-09           1
21 15
          1 1.67229e-08
8.35499e-09           1
21 16
          1 1.66024e-08
8.45213e-09           1
21 17
          1 1.65084e-08
8.46741e-09           1
21 18
          1 1.65065e-08
8.46746e-09           1
21 19
          1 1.65046e-08
 8.4675e-09           1
21 20
          1 1.65028e-08
8.46755e-09           1
21 21
          1 1.65013e-08
8.46741e-09           1
21 22
          1 1.65003e-08
8.46733e-09           1
21 23
          1 1.65044e-08
8.44656e-09           1
21 24
          1 1.69382e-08
7.00058e-09           1
21 25
          1 1.60843e-08
2.24113e-09           1
21 26
           1  9.12059e-09
-1.96607e-09            1
21 27
           1  1.72003e-09
-1.04437e-07            1
22 13
          1 6.65876e-08
1.19487e-08           1
22 14
          1 4.22542e-08
5.65185e-09           1
22 15
          1 2.45674e-08
6.22073e-09           1
22 16
          1 1.77728e-08
7.93973e-09           1
22 17
          1 1.65466e-08
8.44595e-09           1
22 18
          1 1.65076e-08
8.46606e-09           1
22 19
          1 1.65051e-08
8.46603e-09           1
22 20
          1 1.65028e-08
8.46616e-09           1
22 21
          1 1.65009e-08
 8.4661e-09           1
22 22
          1 1.64845e-08
8.49111e-09           1
22 23
          1 1.61249e-08
 8.8807e-09           1
22 24
          1 1.51941e-08
6.88113e-09           1
22 25
          1 1.26057e-08
4.29766e-10           1
22 26
           1  3.91492e-09
-4.59304e-09            1
22 27
           1 -1.38706e-09
-1.47201e-07            1
23 13
           1   2.1055e-07
-1.07987e-08            1
23 14
           1  7.43464e-08
-1.69876e-09            1
23 15
          1 4.40603e-08
4.67018e-12           1
23 16
          1 2.69738e-08
3.56008e-09           1
23 17
          1 1.83922e-08
7.22501e-09           1
23 18
          1 1.66242e-08
8.35042e-09           1
23 19
          1 1.65085e-08
8.46058e-09           1
23 20
          1 1.65035e-08
8.46835e-09           1
23 21
          1 1.64829e-08
8.59868e-09           1
23 22
          1 1.59955e-08
 9.7323e-09           1
23 23
          1 1.31858e-08
1.33873e-08           1
23 24
          1 5.26811e-09
1.34557e-08           1
23 25
           1 -8.42796e-09
   3.747e-09            1
23 26
           1 -1.72325e-08
-1.87348e-08            1
23 27
           1 -8.95845e-09
-1.95697e-07            1
24 13
          1 -3.0073e-07
1.38454e-07           1
24 14
           1  1.56046e-07
-2.09198e-08            1
24 15
           1  9.52015e-08
-1.61524e-08            1
24 16
           1  5.63597e-08
-9.70111e-09            1
24 17
          1 3.35418e-08
6.11768e-10           1
24 18
          1 2.30869e-08
5.64559e-09           1
24 19
          1 1.93241e-08
8.03666e-09           1
24 20
          1 1.80219e-08
9.13139e-09           1
24 21
          1  1.6662e-08
1.13602e-08           1
24 22
          1 1.33112e-08
1.73808e-08           1
24 23
          1 6.44271e-09
2.49347e-08           1
24 24
           1 -8.56344e-09
 3.39161e-08            1
24 25
           1 -5.50129e-08
 4.34986e-08            1
24 26
           1  1.04209e-07
-2.35777e-07            1
24 27
           1  1.49652e-07
-1.11059e-07            1
25 14
           1 -1.85604e-07
  2.4936e-07            1
25 15
           1  2.17675e-07
-7.84373e-08            1
25 16
           1   1.1253e-07
-3.72283e-08            1
25 17
           1  7.49335e-08
-1.03552e-08            1
25 18
           1  5.60986e-08
-9.38204e-10            1
25 19
          1 4.29178e-08
8.86104e-09           1
25 20
          1 3.32405e-08
1.08528e-08           1
25 21
          1 2.27146e-08
1.31639e-08           1
25 22
          1 1.13708e-08
3.73489e-08           1
25 23
           1 -2.07512e-09
 4.90019e-08            1
25 24
           1 -3.21254e-08
 8.50227e-08            1
25 25
           1  1.43499e-07
-2.61182e-07            1
25 26
           1  1.70637e-07
-2.20027e-07            1
26 15
           1 -1.91299e-07
 3.76889e-07            1
26 16
           1  3.16733e-07
-1.25571e-07            1
26 17
           1  2.02454e-07
-4.54211e-08            1
26 18
          1 1.43475e-07
-1.8181e-08           1
26 19
          1 1.08107e-07
1.67781e-08           1
26 20
          1 8.39688e-08
2.17414e-08           1
26 21
           1  5.50638e-08
-1.41604e-09            1
26 22
          1  2.3211e-08
9.38236e-08           1
26 23
           1 -2.55741e-08
 2.37674e-07            1
26 24
           1  1.04297e-07
-5.22578e-07            1
26 25
           1  1.34342e-07
-3.00715e-07            1
27 16
           1 -7.34066e-07
 -9.7882e-08     0.999999
27 17
          1  5.9467e-07
1.91828e-06           1
27 18
           1   1.4347e-06
-4.48726e-07            1
27 19
           1  9.63902e-07
-5.21228e-08            1
27 20
          1 8.26514e-07
 2.7958e-07           1
27 21
          1 9.42157e-07
8.02294e-07           1
27 22
    0.999999  5.58768e-07
-2.46417e-06            1
27 23
          1 1.31293e-07
2.04886e-07    0.999999
27 24
           1  1.02662e-07
-5.83493e-07     0.999999
28 18
           1 -1.79608e-06
-4.33008e-07     0.999997
28 19
           1 -1.22386e-06
-6.38482e-08     0.999997
28 20
           1 -1.00235e-06
 2.63795e-07     0.999997
28 21
           1 -1.02817e-06
 8.09874e-07     0.999996
28 22
    0.999999 -5.48737e-07
-2.53254e-06     0.999997
