12 18
          1 1.09239e-06
9.54841e-07           1
12 19
          1 1.01544e-06
4.08016e-07           1
12 20
          1 1.17845e-06
3.79437e-08           1
12 21
           1  1.45442e-06
-6.12039e-08            1
12 22
          1 4.80547e-07
1.73953e-06           1
13 15
    0.999999 -3.11326e-07
 1.57837e-06            1
13 16
           1 -7.80911e-09
 6.07374e-07            1
13 17
          1 7.90871e-08
1.97783e-07           1
13 18
          1 1.30781e-07
9.18479e-08           1
13 19
          1 1.59163e-07
8.99284e-08           1
13 20
          1  1.7965e-07
4.12946e-08           1
13 21
          1 2.05299e-07
1.34319e-08           1
13 22
           1  2.40214e-07
-1.28633e-08            1
13 23
           1  3.79557e-07
-1.28514e-07            1
13 24
           1 -6.30257e-08
 4.61805e-07            1
14 14
    0.999999 -5.14557e-07
 1.21325e-06            1
14 15
           1 -8.70591e-08
 3.33154e-07            1
14 16
           1 -1.08094e-08
 1.77524e-07            1
14 17
          1 2.22945e-08
8.60404e-08           1
14 18
          1 4.14522e-08
3.45973e-08           1
14 19
          1 5.32124e-08
2.50671e-08           1
14 20
          1 6.24196e-08
1.32474e-08           1
14 21
          1 7.37183e-08
4.27007e-09           1
14 22
           1  8.88272e-08
-5.10419e-09            1
14 23
           1   1.1921e-07
-1.71644e-08            1
14 24
           1  1.84122e-07
-1.02718e-08            1
14 25
           1 -8.83133e-08
 2.39599e-07            1
15 14
           1 -1.54729e-07
 2.98493e-07            1
15 15
           1 -3.62059e-08
 1.39486e-07            1
15 16
          1  1.0302e-09
7.06828e-08           1
15 17
          1 1.65543e-08
3.25515e-08           1
15 18
          1 2.15544e-08
1.57114e-08           1
15 19
          1 2.26227e-08
1.11863e-08           1
15 20
          1 2.38552e-08
8.99517e-09           1
15 21
          1 2.78944e-08
6.47677e-09           1
15 22
          1 3.78458e-08
2.23192e-09           1
15 23
          1 5.36486e-08
1.13756e-09           1
15 24
          1 6.90692e-08
1.30738e-08           1
15 25
          1 7.69022e-08
3.26375e-08           1
15 26
           1 -5.13128e-08
  1.3668e-07            1
16 13
           1 -2.26033e-07
 2.52071e-07            1
16 14
           1 -5.86496e-08
 1.05468e-07            1
16 15
           1 -8.05163e-09
 6.04756e-08            1
16 16
          1 1.29503e-08
2.67503e-08           1
16 17
          1 1.93771e-08
1.21003e-08           1
16 18
          1  2.0086e-08
9.61702e-09           1
16 19
          1 2.00958e-08
9.44435e-09           1
16 20
          1 2.00966e-08
9.43662e-09           1
16 21
          1 2.02141e-08
9.31839e-09           1
16 22
          1 2.16157e-08
8.38157e-09           1
16 23
          1  2.5342e-08
7.95226e-09           1
16 24
          1 3.10315e-08
1.38938e-08           1
16 25
          1 4.39707e-08
2.44047e-08           1
16 26
          1  3.2203e-08
6.03162e-08           1
16 27
          1 5.37279e-09
4.36469e-08           1
17 13
           1 -5.91899e-08
 9.79973e-08            1
17 14
           1 -7.80775e-09
 4.56418e-08            1
17 15
          1  1.0792e-08
2.48057e-08           1
17 16
          1 1.87449e-08
1.17005e-08           1
17 17
          1 2.00746e-08
9.48026e-09           1
17 18
          1 2.00928e-08
9.43848e-09           1
17 19
          1 2.00918e-08
9.43857e-09           1
17 20
          1 2.00906e-08
9.43812e-09           1
17 21
          1 2.00892e-08
9.43781e-09           1
17 22
          1 2.01068e-08
9.42452e-09           1
17 23
          1  1.9887e-08
9.58021e-09           1
17 24
          1   1.847e-08
1.29809e-08           1
17 25
          1 1.41491e-08
1.94944e-08           1
17 26
           1 -2.08066e-08
 3.25865e-08            1
17 27
           1 -2.63101e-08
 2.73712e-08            1
18 13
           1 -1.27664e-08
 5.34994e-08            1
18 14
          1 1.02071e-08
2.56094e-08           1
18 15
          1 1.78089e-08
1.32733e-08           1
18 16
          1 1.99778e-08
9.54991e-09           1
18 17
          1 2.00915e-08
9.43699e-09           1
18 18
          1 2.00904e-08
9.43692e-09           1
18 19
          1  2.0089e-08
9.43679e-09           1
18 20
          1 2.00875e-08
9.43634e-09           1
18 21
          1  2.0086e-08
9.43582e-09           1
18 22
          1 2.00846e-08
9.43505e-09           1
18 23
          1 1.98919e-08
9.49413e-09           1
18 24
          1 1.47628e-08
1.08801e-08           1
18 25
           1 -7.24565e-10
 1.23564e-08            1
18 26
           1 -2.52295e-08
 1.42041e-08            1
18 27
           1 -1.95921e-08
 8.04514e-09            1
19 13
          1 1.53495e-08
3.35976e-08           1
19 14
          1  1.8735e-08
1.72696e-08           1
19 15
          1 1.97729e-08
1.06256e-08           1
19 16
          1 2.00872e-08
9.43785e-09           1
19 17
          1 2.00904e-08
9.43538e-09           1
19 18
          1 2.00887e-08
9.43524e-09           1
19 19
          1 2.00869e-08
9.43502e-09           1
19 20
          1  2.0085e-08
9.43465e-09           1
19 21
          1 2.00833e-08
9.43411e-09           1
19 22
          1 2.00818e-08
9.43343e-09           1
19 23
          1 2.00601e-08
9.43682e-09           1
19 24
          1 1.86988e-08
9.15637e-09           1
19 25
          1 1.54779e-08
6.33579e-09           1
19 26
          1 1.44973e-08
3.58057e-09           1
19 27
           1  7.69864e-09
-2.05418e-08            1
20 12
    0.999999 -1.58966e-06
 3.16243e-07            1
20 13
          1 3.40642e-08
2.48102e-08           1
20 14
          1 2.23655e-08
1.35269e-08           1
20 15
          1 2.03537e-08
9.98553e-09           1
20 16
          1 2.00945e-08
9.43431e-09           1
20 17
          1 2.00901e-08
9.43365e-09           1
20 18
          1 2.00879e-08
9.43344e-09           1
20 19
          1 2.00856e-08
 9.4332e-09           1
20 20
          1 2.00832e-08
9.43288e-09           1
20 21
          1  2.0081e-08
9.43242e-09           1
20 22
          1 2.00794e-08
9.43191e-09           1
20 23
          1 2.00798e-08
9.42908e-09           1
20 24
          1  2.0115e-08
8.16207e-09           1
20 25
          1 1.88394e-08
1.89546e-09           1
20 26
           1  1.46584e-08
-4.72228e-09            1
20 27
           1   5.8935e-09
-5.38002e-08            1
21 13
          1 2.38173e-09
1.92989e-08           1
21 14
          1 1.51694e-08
1.08295e-08           1
21 15
          1 2.02961e-08
9.44955e-09           1
21 16
          1 2.01965e-08
9.41765e-09           1
21 17
          1 2.00906e-08
9.43186e-09           1
21 18
          1  2.0088e-08
9.43153e-09           1
21 19
          1  2.0085e-08
9.43122e-09           1
21 20
          1 2.00821e-08
9.43096e-09           1
21 21
          1 2.00794e-08
9.43057e-09           1
21 22
          1 2.00774e-08
9.43029e-09           1
21 23
          1 2.00767e-08
9.41221e-09           1
21 24
          1 2.02041e-08
7.05601e-09           1
21 25
           1  1.72428e-08
-1.39831e-09            1
21 26
          1 7.61537e-09
-1.1642e-08           1
21 27
           1  5.38295e-10
-8.94597e-08            1
22 13
          1 3.99452e-08
1.62354e-08           1
22 14
          1 4.53393e-08
6.73829e-09           1
22 15
          1 3.04872e-08
6.73624e-09           1
22 16
          1 2.17819e-08
8.81375e-09           1
22 17
          1 2.01305e-08
9.41131e-09           1
22 18
          1  2.0089e-08
9.42953e-09           1
22 19
          1 2.00853e-08
9.42906e-09           1
22 20
          1 2.00816e-08
9.42881e-09           1
22 21
          1 2.00784e-08
9.42843e-09           1
22 22
          1 2.00588e-08
9.45851e-09           1
22 23
          1 1.94404e-08
1.01953e-08           1
22 24
          1 1.64862e-08
8.46986e-09           1
22 25
           1   9.0124e-09
-2.05114e-09            1
22 26
           1 -2.50226e-09
-2.01541e-08            1
22 27
           1  -4.4485e-09
-1.29511e-07            1
23 13
           1  2.37141e-07
-5.43752e-10            1
23 14
          1 1.08314e-07
 -3.926e-09           1
23 15
           1  5.99586e-08
-1.78041e-09            1
23 16
          1 3.43069e-08
3.33608e-09           1
23 17
          1  2.2533e-08
7.97201e-09           1
23 18
          1 2.02281e-08
9.30801e-09           1
23 19
          1 2.00887e-08
9.42359e-09           1
23 20
          1 2.00823e-08
9.42969e-09           1
23 21
          1 2.00643e-08
 9.5735e-09           1
23 22
          1 1.94646e-08
1.12394e-08           1
23 23
          1 1.53884e-08
1.76203e-08           1
23 24
          1 3.11226e-09
2.12164e-08           1
23 25
           1 -2.21355e-08
 1.03516e-08            1
23 26
           1 -3.41952e-08
-4.74527e-08            1
23 27
           1 -1.48953e-08
-1.83705e-07            1
24 13
           1 -2.77236e-07
 1.59362e-07            1
24 14
           1    2.167e-07
-2.84415e-08            1
24 15
           1  1.34599e-07
-2.11497e-08            1
24 16
         1 8.2276e-08
-1.447e-08          1
24 17
           1  4.65273e-08
-2.12639e-09            1
24 18
          1 2.94019e-08
5.52896e-09           1
24 19
          1 2.38684e-08
8.79562e-09           1
24 20
          1 2.23632e-08
1.07555e-08           1
24 21
          1  2.1101e-08
1.40725e-08           1
24 22
          1 1.67766e-08
2.42964e-08           1
24 23
          1  6.2513e-09
3.88562e-08           1
24 24
           1 -1.59267e-08
 5.39357e-08            1
24 25
           1 -7.60165e-08
  7.1545e-08            1
24 26
           1  7.56632e-08
-3.07009e-07            1
24 27
           1  1.36178e-07
-1.08183e-07            1
25 14
           1   6.9523e-07
-1.66251e-07            1
25 15
           1  3.42242e-07
-9.07304e-08            1
25 16
           1  1.90838e-07
-5.68317e-08            1
25 17
           1  1.20923e-07
-2.27764e-08            1
25 18
           1  8.55159e-08
-4.33824e-09            1
25 19
          1 6.43887e-08
 8.8575e-09           1
25 20
          1 5.09779e-08
1.89268e-08           1
25 21
          1 3.73387e-08
2.33371e-08           1
25 22
          1 1.98793e-08
5.60847e-08           1
25 23
           1 -3.66085e-09
 9.00519e-08            1
25 24
          1 -4.9434e-08
1.33225e-07           1
25 25
           1  1.50884e-07
-3.42846e-07            1
25 26
           1  1.91443e-07
-2.72333e-07            1
26 14
           1 -1.37915e-06
-1.43741e-07     0.999999
26 15
           1 -1.09763e-07
 5.53609e-07            1
26 16
           1   5.8888e-07
-2.39014e-07            1
26 17
           1   3.3482e-07
-7.04859e-08            1
26 18
           1  2.45903e-07
-2.28018e-08            1
26 19
          1 1.90019e-07
1.61938e-08           1
26 20
          1 1.52419e-07
5.58597e-08           1
26 21
          1 1.13354e-07
3.79995e-08           1
26 22
          1 6.16959e-08
 1.1771e-07           1
26 23
           1 -8.76041e-09
 3.63261e-07            1
26 24
           1  1.26842e-07
-7.23028e-07            1
26 25
           1  1.52649e-07
-4.03306e-07            1
27 16
           1 -1.12555e-06
-1.95875e-07     0.999999
27 17
          1 4.80094e-07
1.74919e-06           1
27 18
           1  1.56596e-06
-2.11291e-07            1
27 19
           1  1.18257e-06
-5.67707e-08            1
27 20
          1 9.70474e-07
2.81409e-07           1
27 21
          1 1.01224e-06
7.07568e-07           1
27 22
    0.999999  5.54967e-07
-2.38304e-06            1
27 23
          1 1.04908e-07
2.99941e-07    0.999999
27 24
           1  9.86987e-08
-8.18285e-07     0.999999
28 18
           1 -2.07705e-06
-1.93762e-07     0.999997
28 19
           1 -1.56227e-06
-6.81927e-08     0.999997
28 20
           1 -1.24894e-06
 2.38435e-07     0.999997
28 21
           1 -1.18801e-06
 6.83688e-07     0.999996
28 22
    0.999999 -6.07977e-07
-2.46246e-06     0.999998
