12 19
          1 8.11554e-07
3.36025e-07           1
12 20
          1 9.03106e-07
2.41614e-09           1
12 21
           1  1.37296e-06
-5.20567e-07            1
12 22
          1 6.31673e-07
2.03567e-06           1
13 16
           1 -3.34249e-08
 2.78622e-07            1
13 17
          1 1.81571e-08
 1.1118e-07           1
13 18
          1 4.69585e-08
3.23261e-09           1
13 19
          1 7.11041e-08
2.44562e-08           1
13 20
          1 8.79261e-08
2.52031e-08           1
13 21
           1  1.10816e-07
-5.71422e-09            1
13 22
           1   1.4856e-07
-2.13548e-08            1
13 23
           1  2.09502e-07
-6.77014e-08            1
13 24
           1 -1.76244e-07
 3.13743e-07            1
14 15
           1 -4.03323e-08
 1.21768e-07            1
14 16
           1 -4.90935e-09
 6.23986e-08            1
14 17
          1 9.45375e-09
4.26572e-08           1
14 18
          1 2.03319e-08
1.42875e-08           1
14 19
          1 2.95857e-08
1.11104e-08           1
14 20
          1 3.69225e-08
 1.0648e-08           1
14 21
          1 4.52406e-08
 3.0089e-09           1
14 22
           1  5.48171e-08
-1.27517e-09            1
14 23
           1  7.44732e-08
-1.97147e-08            1
14 24
          1 1.41807e-07
-4.7786e-08           1
14 25
          1 -1.5104e-07
 2.2414e-07           1
15 14
           1 -7.28061e-08
 8.84052e-08            1
15 15
           1 -1.36677e-08
 5.16294e-08            1
15 16
          1 4.14967e-09
3.13562e-08           1
15 17
          1 1.20969e-08
1.87553e-08           1
15 18
          1 1.56867e-08
1.13264e-08           1
15 19
          1 1.70213e-08
8.88532e-09           1
15 20
          1 1.81009e-08
7.98177e-09           1
15 21
          1 2.07194e-08
6.18813e-09           1
15 22
          1 2.69331e-08
3.14372e-09           1
15 23
           1  4.03195e-08
-3.15753e-09            1
15 24
           1  6.42905e-08
-3.30437e-09            1
15 25
          1 9.60581e-08
3.49546e-09           1
15 26
           1 -1.97024e-07
 1.31034e-07            1
16 13
           1 -5.28451e-08
 4.76644e-08            1
16 14
           1 -1.58559e-08
   2.515e-08            1
16 15
          1 1.55462e-09
2.30089e-08           1
16 16
          1 1.14755e-08
 1.5656e-08           1
16 17
          1 1.50916e-08
 9.7386e-09           1
16 18
          1 1.56571e-08
 8.3584e-09           1
16 19
          1 1.56777e-08
8.21505e-09           1
16 20
          1   1.568e-08
8.20646e-09           1
16 21
          1 1.57683e-08
8.10798e-09           1
16 22
          1 1.69669e-08
7.25385e-09           1
16 23
          1 2.18179e-08
5.31724e-09           1
16 24
          1 3.01362e-08
5.90974e-09           1
16 25
          1 4.44542e-08
  9.257e-09           1
16 26
          1 1.13523e-07
1.50523e-08           1
16 27
          1 8.64273e-08
1.11054e-07           1
17 13
           1 -9.62687e-09
 3.00493e-08            1
17 14
          1 7.85078e-09
1.41189e-08           1
17 15
          1 1.25627e-08
1.16168e-08           1
17 16
          1 1.49905e-08
9.15764e-09           1
17 17
          1 1.56578e-08
8.24154e-09           1
17 18
          1 1.56758e-08
8.21005e-09           1
17 19
          1 1.56757e-08
8.21026e-09           1
17 20
          1 1.56757e-08
8.21008e-09           1
17 21
          1 1.56756e-08
8.20989e-09           1
17 22
          1 1.57029e-08
8.19179e-09           1
17 23
          1 1.61354e-08
7.98031e-09           1
17 24
          1  1.8756e-08
8.22859e-09           1
17 25
          1 2.90427e-08
1.02263e-08           1
17 26
          1 4.01454e-08
1.98918e-08           1
17 27
          1 2.15884e-08
5.23079e-08           1
18 13
          1 3.33824e-09
1.90333e-08           1
18 14
          1 1.31503e-08
1.10885e-08           1
18 15
          1 1.51963e-08
8.94562e-09           1
18 16
          1 1.56253e-08
8.24342e-09           1
18 17
          1 1.56752e-08
8.20968e-09           1
18 18
          1 1.56748e-08
 8.2098e-09           1
18 19
          1 1.56744e-08
8.20985e-09           1
18 20
          1 1.56741e-08
8.20965e-09           1
18 21
          1 1.56738e-08
8.20931e-09           1
18 22
          1 1.56736e-08
8.20879e-09           1
18 23
          1 1.56791e-08
8.21284e-09           1
18 24
          1 1.42368e-08
8.56078e-09           1
18 25
          1 6.40354e-09
9.35525e-09           1
18 26
           1 -1.94146e-08
 1.32716e-08            1
18 27
           1 -1.94238e-08
 1.23127e-08            1
19 13
          1 2.70927e-08
1.53931e-08           1
19 14
          1 1.84766e-08
9.93093e-09           1
19 15
          1  1.5913e-08
8.51151e-09           1
19 16
          1 1.56727e-08
8.21003e-09           1
19 17
          1 1.56752e-08
 8.2092e-09           1
19 18
          1 1.56744e-08
 8.2093e-09           1
19 19
          1 1.56736e-08
 8.2093e-09           1
19 20
          1 1.56729e-08
8.20914e-09           1
19 21
          1 1.56724e-08
 8.2088e-09           1
19 22
          1 1.56721e-08
 8.2083e-09           1
19 23
          1 1.56678e-08
  8.209e-09           1
19 24
          1 1.47154e-08
8.16314e-09           1
19 25
          1 1.13503e-08
7.22754e-09           1
19 26
          1 9.36383e-09
7.91305e-09           1
19 27
           1  4.89703e-09
-2.66987e-08            1
20 13
          1 1.60288e-08
1.49997e-08           1
20 14
          1   1.384e-08
9.54594e-09           1
20 15
          1 1.53244e-08
8.42711e-09           1
20 16
          1 1.56788e-08
8.20879e-09           1
20 17
          1 1.56757e-08
8.20848e-09           1
20 18
          1 1.56745e-08
8.20857e-09           1
20 19
          1 1.56733e-08
8.20858e-09           1
20 20
          1 1.56722e-08
8.20847e-09           1
20 21
          1 1.56714e-08
 8.2082e-09           1
20 22
          1 1.56709e-08
8.20783e-09           1
20 23
          1 1.56704e-08
8.20631e-09           1
20 24
          1 1.61179e-08
7.67451e-09           1
20 25
          1 1.86821e-08
4.88301e-09           1
20 26
          1 2.56909e-08
3.01878e-09           1
20 27
           1  1.52917e-08
-6.58631e-08            1
21 13
           1 -9.59796e-09
 1.36232e-08            1
21 14
          1 1.17941e-08
8.47681e-09           1
21 15
          1 1.59603e-08
8.08406e-09           1
21 16
          1 1.57655e-08
8.19299e-09           1
21 17
          1 1.56766e-08
8.20757e-09           1
21 18
          1  1.5675e-08
8.20761e-09           1
21 19
          1 1.56734e-08
8.20762e-09           1
21 20
          1  1.5672e-08
8.20761e-09           1
21 21
          1 1.56708e-08
8.20741e-09           1
21 22
          1 1.56701e-08
8.20726e-09           1
21 23
          1 1.56775e-08
8.18383e-09           1
21 24
          1 1.61827e-08
6.83788e-09           1
21 25
          1 1.57039e-08
2.59477e-09           1
21 26
           1   9.3294e-09
-6.50114e-10            1
21 27
           1  1.96558e-09
-1.05937e-07            1
22 13
          1 7.07637e-08
1.09246e-08           1
22 14
          1 4.03156e-08
5.50115e-09           1
22 15
          1 2.29742e-08
6.13882e-09           1
22 16
          1 1.68301e-08
7.71191e-09           1
22 17
          1 1.57135e-08
8.18649e-09           1
22 18
          1  1.5676e-08
8.20644e-09           1
22 19
          1  1.5674e-08
8.20639e-09           1
22 20
          1 1.56721e-08
8.20648e-09           1
22 21
          1 1.56706e-08
8.20636e-09           1
22 22
          1 1.56555e-08
8.22925e-09           1
22 23
          1 1.53759e-08
8.51613e-09           1
22 24
          1 1.49166e-08
6.33502e-09           1
22 25
          1 1.32567e-08
5.42108e-10           1
22 26
           1  5.42828e-09
-2.68074e-09            1
22 27
           1 -4.67274e-10
-1.48593e-07            1
23 13
           1  1.94859e-07
-1.17234e-08            1
23 14
           1   6.6887e-08
-1.01781e-09            1
23 15
          1 4.05406e-08
4.49253e-10           1
23 16
          1 2.51768e-08
3.65178e-09           1
23 17
          1 1.73927e-08
7.04915e-09           1
23 18
          1 1.57842e-08
 8.0953e-09           1
23 19
          1 1.56773e-08
8.20106e-09           1
23 20
          1 1.56727e-08
8.20907e-09           1
23 21
          1 1.56529e-08
 8.3314e-09           1
23 22
          1 1.52104e-08
9.31973e-09           1
23 23
          1 1.27576e-08
1.23177e-08           1
23 24
          1 5.93455e-09
 1.1499e-08           1
23 25
           1 -5.20667e-09
 1.91971e-09            1
23 26
           1 -1.62796e-08
-1.22165e-08            1
23 27
           1 -1.05026e-08
-1.97507e-07            1
24 13
           1 -2.95352e-07
 1.35982e-07            1
24 14
           1  1.45194e-07
-2.03035e-08            1
24 15
           1  8.60452e-08
-1.48972e-08            1
24 16
           1  5.04401e-08
-8.41474e-09            1
24 17
          1 3.05358e-08
1.29058e-09           1
24 18
          1 2.15608e-08
5.65865e-09           1
24 19
          1 1.82185e-08
 7.8329e-09           1
24 20
          1 1.69971e-08
8.68302e-09           1
24 21
          1  1.5687e-08
1.07057e-08           1
24 22
          1  1.2687e-08
1.57498e-08           1
24 23
          1 6.71858e-09
2.19859e-08           1
24 24
           1 -6.74455e-09
 2.94021e-08            1
24 25
           1 -5.01778e-08
 3.75662e-08            1
24 26
           1   1.1175e-07
-2.19302e-07            1
24 27
           1  1.53739e-07
-1.12369e-07            1
25 14
           1 -1.88147e-07
 2.38314e-07            1
25 15
           1  1.91853e-07
-7.54105e-08            1
25 16
           1  9.67854e-08
-3.21364e-08            1
25 17
           1  6.58205e-08
-7.96728e-09            1
25 18
           1  4.98476e-08
-2.74172e-10            1
25 19
         1  3.835e-08
8.8374e-09          1
25 20
          1 2.96388e-08
8.93519e-09           1
25 21
          1 2.00893e-08
1.16447e-08           1
25 22
          1 1.02875e-08
3.31667e-08           1
25 23
           1 -1.01643e-09
 4.12758e-08            1
25 24
           1 -2.80019e-08
 7.62834e-08            1
25 25
           1   1.4139e-07
-2.46012e-07            1
25 26
          1 1.65574e-07
-2.0895e-07           1
26 15
           1 -1.93571e-07
 3.48897e-07            1
26 16
           1  2.75227e-07
-1.10064e-07            1
26 17
           1  1.77081e-07
-4.09567e-08            1
26 18
          1 1.23744e-07
-1.7125e-08           1
26 19
          1 9.28314e-08
1.70803e-08           1
26 20
          1 7.16469e-08
1.39838e-08           1
26 21
           1  4.56566e-08
-4.80048e-09            1
26 22
          1 1.83589e-08
 8.7922e-08           1
26 23
           1 -2.53496e-08
  2.0559e-07            1
26 24
           1  1.01528e-07
-4.75151e-07            1
26 25
           1  1.30129e-07
-2.81368e-07            1
27 16
           1 -6.67085e-07
-8.63702e-08     0.999999
27 17
          1 6.08015e-07
 1.9536e-06           1
27 18
           1  1.38379e-06
-5.15243e-07            1
27 19
           1  9.03789e-07
-3.20899e-08            1
27 20
          1 7.96722e-07
2.76278e-07           1
27 21
    0.999999  3.89575e-07
-1.72076e-06            1
27 22
          1 1.96979e-08
6.53112e-08    0.999999
27 23
          1 1.32476e-07
1.78417e-07    0.999999
27 24
           1    1.008e-07
-5.30346e-07     0.999999
28 18
           1 -1.71478e-06
-5.00055e-07     0.999997
28 19
           1 -1.13985e-06
-4.40672e-08     0.999997
28 20
           1 -9.52591e-07
 2.66651e-07     0.999997
28 21
           1 -4.59505e-07
-1.71078e-06     0.999998
