13 16
          1 2.58758e-08
-1.4052e-08           1
13 17
           1  1.73049e-08
-6.46936e-09            1
13 18
           1  9.27931e-09
-4.59954e-11            1
13 19
          1 3.59847e-09
-5.7359e-09           1
13 20
           1 -6.48131e-10
 5.93915e-10            1
13 21
           1 -7.65342e-09
 9.52373e-09            1
13 22
           1 -1.43366e-08
 7.75569e-09            1
13 23
           1 -2.04615e-08
 1.38773e-08            1
13 24
           1 -1.08061e-07
 1.44264e-07            1
14 15
           1   1.6215e-08
-1.24783e-08            1
14 16
           1  1.52616e-08
-9.92066e-09            1
14 17
           1  1.10851e-08
-7.94212e-09            1
14 18
           1  6.31222e-09
-2.52093e-09            1
14 19
           1  2.91285e-09
-1.24323e-09            1
14 20
          1 3.41765e-10
1.91729e-09           1
14 21
           1 -3.68403e-09
 6.83441e-09            1
14 22
           1 -8.68013e-09
 1.05528e-08            1
14 23
           1 -1.36814e-08
 1.47666e-08            1
14 24
          1 -2.1059e-08
 1.7131e-08           1
14 25
          1 -1.3646e-07
1.19034e-07           1
15 14
           1  1.73322e-08
-2.22101e-08            1
15 15
           1  1.49206e-08
-1.45666e-08            1
15 16
           1   1.1601e-08
-8.72099e-09            1
15 17
          1 6.94919e-09
-3.6944e-09           1
15 18
           1   3.8296e-09
-4.72372e-10            1
15 19
          1 2.60166e-09
7.91326e-10           1
15 20
          1 1.95366e-09
1.61225e-09           1
15 21
          1 4.59772e-10
3.26163e-09           1
15 22
           1 -3.33688e-09
 6.55542e-09            1
15 23
           1 -9.54066e-09
  1.1656e-08            1
15 24
           1 -1.36592e-08
 1.45064e-08            1
15 25
           1 -1.15895e-08
 1.64188e-08            1
15 26
           1 -1.35856e-07
  1.0921e-07            1
16 13
           1  1.47684e-08
-2.26548e-08            1
16 14
           1  1.53902e-08
-1.47423e-08            1
16 15
           1  1.24562e-08
-1.04717e-08            1
16 16
           1  6.82287e-09
-3.59382e-09            1
16 17
          1 3.23759e-09
 3.1684e-10           1
16 18
          1 2.47066e-09
1.21589e-09           1
16 19
          1   2.408e-09
1.31162e-09           1
16 20
          1 2.40328e-09
1.31762e-09           1
16 21
          1 2.32845e-09
1.41239e-09           1
16 22
          1 1.37191e-09
2.37405e-09           1
16 23
           1 -2.60543e-09
 5.86518e-09            1
16 24
           1 -7.85862e-09
 1.10683e-08            1
16 25
           1 -9.14979e-09
 1.52928e-08            1
16 26
           1 -1.44045e-08
 2.72792e-08            1
16 27
          1 -1.0264e-08
1.11206e-07           1
17 13
           1  8.88884e-09
-1.57873e-08            1
17 14
           1  1.15157e-08
-9.63994e-09            1
17 15
          1 7.61712e-09
-4.3538e-09           1
17 16
          1 3.46244e-09
2.95195e-10           1
17 17
          1 2.43175e-09
 1.2885e-09           1
17 18
          1 2.40537e-09
1.31587e-09           1
17 19
          1 2.40544e-09
1.31562e-09           1
17 20
          1 2.40554e-09
1.31505e-09           1
17 21
          1 2.40578e-09
1.31403e-09           1
17 22
          1 2.37789e-09
 1.3401e-09           1
17 23
          1 1.36914e-09
2.18542e-09           1
17 24
           1 -2.77987e-09
 6.23385e-09            1
17 25
          1 -7.1815e-09
1.09433e-08           1
17 26
          1 -6.1777e-09
1.77491e-08           1
17 27
           1 -1.97028e-09
 8.45904e-08            1
18 13
           1  1.05105e-08
-8.62111e-09            1
18 14
           1  7.92535e-09
-4.56365e-09            1
18 15
           1  4.38593e-09
-5.95718e-10            1
18 16
          1 2.50839e-09
1.23777e-09           1
18 17
          1 2.40563e-09
1.31622e-09           1
18 18
          1 2.40535e-09
1.31611e-09           1
18 19
          1 2.40536e-09
1.31605e-09           1
18 20
          1  2.4053e-09
1.31555e-09           1
18 21
          1 2.40527e-09
1.31467e-09           1
18 22
          1 2.40551e-09
1.31393e-09           1
18 23
          1 2.29877e-09
1.38342e-09           1
18 24
          1 5.28075e-10
2.93102e-09           1
18 25
           1 -1.64851e-09
 5.97101e-09            1
18 26
          1 5.89416e-10
9.41656e-09           1
18 27
          1 1.67008e-09
5.18816e-08           1
19 13
           1  1.55578e-09
-1.29674e-09            1
19 14
           1  2.97699e-09
-4.20543e-10            1
19 15
          1 2.70914e-09
9.08482e-10           1
19 16
          1 2.41037e-09
1.31327e-09           1
19 17
          1 2.40626e-09
1.31631e-09           1
19 18
          1 2.40581e-09
1.31644e-09           1
19 19
          1 2.40541e-09
1.31628e-09           1
19 20
          1 2.40528e-09
1.31588e-09           1
19 21
          1 2.40531e-09
1.31535e-09           1
19 22
          1  2.4053e-09
1.31456e-09           1
19 23
          1 2.40134e-09
1.31625e-09           1
19 24
          1 1.85671e-09
1.59908e-09           1
19 25
           1 -2.29996e-10
 2.35101e-09            1
19 26
           1 -4.77766e-09
 3.37725e-09            1
19 27
           1 -3.88966e-09
 1.27954e-08            1
20 13
           1 -4.74919e-09
 3.36283e-09            1
20 14
           1 -2.12759e-10
 2.34373e-09            1
20 15
          1 1.86354e-09
1.59908e-09           1
20 16
          1 2.40363e-09
 1.3184e-09           1
20 17
          1 2.40687e-09
1.31629e-09           1
20 18
          1 2.40634e-09
1.31656e-09           1
20 19
          1 2.40584e-09
1.31647e-09           1
20 20
          1 2.40553e-09
1.31623e-09           1
20 21
          1 2.40547e-09
1.31573e-09           1
20 22
          1  2.4054e-09
1.31501e-09           1
20 23
          1 2.40894e-09
1.31143e-09           1
20 24
          1  2.7067e-09
9.03838e-10           1
20 25
           1  2.96691e-09
-4.34701e-10            1
20 26
           1  1.52838e-09
-1.32696e-09            1
20 27
           1  6.18838e-11
-2.91585e-08            1
21 13
          1 7.03319e-10
9.35474e-09           1
21 14
           1 -1.59494e-09
 5.93677e-09            1
21 15
          1 5.47739e-10
2.92075e-09           1
21 16
          1 2.30274e-09
1.38522e-09           1
21 17
          1 2.40762e-09
1.31604e-09           1
21 18
          1 2.40689e-09
1.31637e-09           1
21 19
         1 2.4065e-09
1.3167e-09          1
21 20
          1 2.40615e-09
1.31655e-09           1
21 21
          1 2.40573e-09
1.31592e-09           1
21 22
          1 2.40556e-09
1.31538e-09           1
21 23
          1 2.50825e-09
1.23609e-09           1
21 24
           1  4.38896e-09
-6.05136e-10            1
21 25
          1 7.92562e-09
-4.5918e-09           1
21 26
           1  1.04952e-08
-8.67772e-09            1
21 27
           1  5.65308e-09
-6.62097e-08            1
22 13
           1 -5.98547e-09
 1.76296e-08            1
22 14
           1 -7.09008e-09
 1.08753e-08            1
22 15
           1 -2.73414e-09
   6.199e-09            1
22 16
          1 1.38166e-09
 2.1805e-09           1
22 17
          1 2.38068e-09
1.34225e-09           1
22 18
          1 2.40785e-09
1.31625e-09           1
22 19
          1 2.40728e-09
1.31679e-09           1
22 20
          1 2.40686e-09
1.31673e-09           1
22 21
          1 2.40643e-09
1.31623e-09           1
22 22
          1 2.43249e-09
1.28811e-09           1
22 23
          1 3.46445e-09
2.92514e-10           1
22 24
           1  7.62331e-09
-4.36981e-09            1
22 25
           1  1.15224e-08
-9.67974e-09            1
22 26
           1  8.92082e-09
-1.58813e-08            1
22 27
           1  2.78664e-09
-9.93257e-08            1
23 13
           1 -1.40649e-08
 2.70118e-08            1
23 14
           1 -9.00259e-09
 1.51816e-08            1
23 15
           1 -7.76777e-09
 1.09961e-08            1
23 16
           1 -2.56353e-09
 5.83236e-09            1
23 17
          1  1.3829e-09
2.36775e-09           1
23 18
          1 2.33156e-09
1.41413e-09           1
23 19
          1  2.4055e-09
1.32001e-09           1
23 20
          1 2.40993e-09
1.31348e-09           1
23 21
          1 2.47218e-09
1.21714e-09           1
23 22
          1 3.23882e-09
3.16982e-10           1
23 23
           1  6.82633e-09
-3.60007e-09            1
23 24
           1  1.24606e-08
-1.04929e-08            1
23 25
           1  1.53897e-08
-1.47915e-08            1
23 26
           1  1.47861e-08
-2.27957e-08            1
23 27
           1  7.00347e-09
-1.26353e-07            1
24 13
          1 -1.3664e-07
1.08997e-07           1
24 14
           1 -1.13478e-08
 1.62323e-08            1
24 15
           1 -1.35233e-08
 1.43907e-08            1
24 16
           1 -9.45522e-09
 1.15775e-08            1
24 17
           1 -3.29225e-09
 6.51833e-09            1
24 18
          1 4.77686e-10
3.25007e-09           1
24 19
          1 1.96045e-09
1.61166e-09           1
24 20
          1 2.60373e-09
7.94396e-10           1
24 21
           1  3.82818e-09
-4.69625e-10            1
24 22
           1    6.945e-09
-3.69417e-09            1
24 23
           1  1.15977e-08
-8.73529e-09            1
24 24
           1  1.49217e-08
-1.45983e-08            1
24 25
           1  1.73219e-08
-2.22553e-08            1
24 26
           1  1.39788e-07
-1.06447e-07            1
24 27
           1  1.30342e-07
-6.84858e-08            1
25 14
           1 -1.37015e-07
 1.18973e-07            1
25 15
           1 -2.08588e-08
 1.69149e-08            1
25 16
           1 -1.35532e-08
 1.46351e-08            1
25 17
           1 -8.59619e-09
 1.04734e-08            1
25 18
           1 -3.63561e-09
 6.79135e-09            1
25 19
          1 3.64017e-10
1.90354e-09           1
25 20
           1  2.91497e-09
-1.24152e-09            1
25 21
          1 6.30243e-09
 -2.527e-09           1
25 22
           1  1.10684e-08
-7.94665e-09            1
25 23
           1  1.52396e-08
-9.94683e-09            1
25 24
           1  1.61919e-08
-1.25275e-08            1
25 25
           1   1.1631e-07
-1.35532e-07            1
25 26
           1  1.08609e-07
-9.28841e-08            1
26 15
           1 -1.08465e-07
 1.44409e-07            1
26 16
           1 -2.01764e-08
 1.35653e-08            1
26 17
           1 -1.41798e-08
 7.59149e-09            1
26 18
          1 -7.5655e-09
9.42188e-09           1
26 19
           1 -6.03195e-10
 5.53222e-10            1
26 20
           1   3.6018e-09
-5.73836e-09            1
26 21
           1  9.25659e-09
-7.43046e-11            1
26 22
          1 1.72639e-08
-6.4741e-09           1
26 23
           1  2.57679e-08
-1.40059e-08            1
26 24
           1  1.05807e-07
-1.38512e-07            1
26 25
           1   9.0695e-08
-1.21962e-07            1
27 16
           1 -1.36344e-07
 6.13106e-09            1
27 17
           1 -1.08299e-07
 1.95303e-09            1
27 18
           1 -7.44039e-08
  5.1246e-09            1
27 19
           1 -3.67069e-08
-4.00286e-10            1
27 20
           1  6.10448e-09
-4.35754e-09            1
27 21
          1 4.59905e-08
1.42415e-09           1
27 22
           1  7.95222e-08
-1.90827e-09            1
27 23
          1 1.07683e-07
-9.4834e-09           1
27 24
          1 6.00535e-08
 -1.336e-07           1
