13 16
           1  2.49026e-08
-1.34517e-08            1
13 17
           1  1.57989e-08
-1.21447e-09            1
13 18
          1 9.05917e-09
3.36113e-09           1
13 19
          1 4.73975e-09
-9.8801e-09           1
13 20
          1 1.30791e-09
2.26962e-09           1
13 21
           1 -5.15446e-09
  1.0726e-08            1
13 22
           1 -9.79704e-09
 5.49182e-09            1
13 23
           1 -1.69659e-08
  1.8931e-08            1
13 24
           1 -1.13359e-07
 1.47139e-07            1
14 15
           1  1.43337e-08
-9.07017e-09            1
14 16
           1  1.44058e-08
-6.89127e-09            1
14 17
           1  1.08899e-08
-6.00928e-09            1
14 18
           1  6.69946e-09
-4.68834e-10            1
14 19
           1  4.02522e-09
-1.58728e-09            1
14 20
          1  1.8836e-09
2.94773e-09           1
14 21
           1 -1.81137e-09
 7.39097e-09            1
14 22
           1 -6.37743e-09
 1.07387e-08            1
14 23
           1 -1.14302e-08
 1.48072e-08            1
14 24
           1 -2.09631e-08
 1.64499e-08            1
14 25
           1 -1.45144e-07
  1.1878e-07            1
15 14
           1  1.65879e-08
-2.38362e-08            1
15 15
           1  1.33176e-08
-1.25163e-08            1
15 16
           1  1.14608e-08
-6.58654e-09            1
15 17
           1  7.69814e-09
-2.25039e-09            1
15 18
          1 5.09538e-09
7.25582e-10           1
15 19
          1 4.12169e-09
1.57232e-09           1
15 20
          1 3.58047e-09
 2.4835e-09           1
15 21
          1 2.19467e-09
3.94222e-09           1
15 22
          1 -1.4746e-09
7.05695e-09           1
15 23
          1 -7.6009e-09
1.14731e-08           1
15 24
           1 -1.05398e-08
 1.27698e-08            1
15 25
           1 -7.10024e-09
  1.5455e-08            1
15 26
           1 -1.36434e-07
  1.1275e-07            1
16 13
           1  2.06521e-08
-2.29536e-08            1
16 14
           1  1.58472e-08
-1.40062e-08            1
16 15
           1   1.2843e-08
-9.47364e-09            1
16 16
          1  7.7577e-09
-2.2867e-09           1
16 17
          1 4.70411e-09
1.34705e-09           1
16 18
          1 4.07567e-09
2.12246e-09           1
16 19
          1 4.02509e-09
2.20265e-09           1
16 20
          1 4.02138e-09
2.20612e-09           1
16 21
          1 3.95277e-09
2.28555e-09           1
16 22
          1 3.04077e-09
3.15824e-09           1
16 23
           1 -5.86175e-10
 6.14892e-09            1
16 24
           1 -5.05747e-09
 1.07265e-08            1
16 25
           1 -5.49469e-09
 1.49155e-08            1
16 26
           1 -1.51618e-08
 2.88163e-08            1
16 27
           1 -1.30407e-08
 1.07555e-07            1
17 13
           1  7.87122e-09
-1.38941e-08            1
17 14
           1  1.24611e-08
-8.64415e-09            1
17 15
           1  8.91472e-09
-3.40443e-09            1
17 16
          1 4.99304e-09
1.22267e-09           1
17 17
          1 4.04391e-09
2.18322e-09           1
17 18
          1  4.0229e-09
2.20555e-09           1
17 19
          1 4.02293e-09
2.20526e-09           1
17 20
          1 4.02313e-09
2.20465e-09           1
17 21
          1 4.02337e-09
2.20381e-09           1
17 22
          1 4.00035e-09
 2.2245e-09           1
17 23
          1 3.08559e-09
2.95883e-09           1
17 24
           1 -8.07405e-10
 6.61182e-09            1
17 25
          1 -4.8614e-09
1.09368e-08           1
17 26
          1 -1.1892e-09
1.71192e-08           1
17 27
          1 1.76781e-09
8.14802e-08           1
18 13
           1  1.26402e-08
-7.83871e-09            1
18 14
          1 9.36038e-09
-3.7698e-09           1
18 15
          1  5.8858e-09
3.03037e-10           1
18 16
          1 4.11677e-09
2.12995e-09           1
18 17
          1 4.02315e-09
 2.2059e-09           1
18 18
          1 4.02294e-09
 2.2059e-09           1
18 19
          1 4.02284e-09
2.20569e-09           1
18 20
          1 4.02281e-09
2.20515e-09           1
18 21
          1 4.02295e-09
2.20448e-09           1
18 22
          1 4.02311e-09
 2.2037e-09           1
18 23
          1 3.92283e-09
2.26592e-09           1
18 24
          1 2.33437e-09
3.64057e-09           1
18 25
          1 8.92466e-10
6.25797e-09           1
18 26
          1 4.22811e-09
9.53444e-09           1
18 27
          1 3.75875e-09
4.73559e-08           1
19 13
           1  3.88508e-09
-4.98572e-10            1
19 14
          1 4.74062e-09
3.02745e-10           1
19 15
          1 4.32587e-09
1.77932e-09           1
19 16
          1 4.02733e-09
2.20319e-09           1
19 17
          1 4.02367e-09
2.20604e-09           1
19 18
          1 4.02321e-09
2.20609e-09           1
19 19
          1 4.02296e-09
  2.206e-09           1
19 20
          1 4.02283e-09
2.20562e-09           1
19 21
          1 4.02282e-09
2.20503e-09           1
19 22
          1 4.02285e-09
2.20425e-09           1
19 23
          1 4.01954e-09
2.20577e-09           1
19 24
          1 3.32118e-09
2.44066e-09           1
19 25
          1 4.07193e-11
2.99712e-09           1
19 26
           1 -8.27666e-09
 4.10091e-09            1
19 27
           1 -7.00431e-09
 7.23757e-09            1
20 13
           1 -8.20906e-09
 4.08184e-09            1
20 14
          1 8.34942e-11
2.98282e-09           1
20 15
          1 3.33549e-09
2.43792e-09           1
20 16
          1 4.02187e-09
2.20786e-09           1
20 17
          1 4.02435e-09
2.20597e-09           1
20 18
          1  4.0238e-09
2.20623e-09           1
20 19
          1 4.02337e-09
2.20622e-09           1
20 20
          1 4.02308e-09
2.20597e-09           1
20 21
          1 4.02291e-09
2.20542e-09           1
20 22
          1 4.02288e-09
2.20478e-09           1
20 23
          1 4.02609e-09
2.20136e-09           1
20 24
          1 4.32313e-09
1.76821e-09           1
20 25
          1  4.7147e-09
2.55156e-10           1
20 26
          1 3.79763e-09
-6.0673e-10           1
20 27
          1 1.39145e-09
-3.4708e-08           1
21 13
          1 4.53873e-09
 9.3734e-09           1
21 14
          1 1.03646e-09
6.16682e-09           1
21 15
          1 2.38386e-09
3.60997e-09           1
21 16
          1 3.92897e-09
2.26668e-09           1
21 17
          1 4.02517e-09
2.20581e-09           1
21 18
          1 4.02452e-09
2.20619e-09           1
21 19
          1 4.02398e-09
2.20632e-09           1
21 20
          1 4.02364e-09
2.20624e-09           1
21 21
          1 4.02335e-09
2.20577e-09           1
21 22
          1 4.02315e-09
2.20513e-09           1
21 23
          1 4.11765e-09
2.12771e-09           1
21 24
          1 5.89888e-09
2.75775e-10           1
21 25
           1  9.37363e-09
-3.86058e-09            1
21 26
           1  1.26246e-08
-8.02513e-09            1
21 27
           1  7.04375e-09
-7.16792e-08            1
22 13
           1 -6.13959e-10
 1.68002e-08            1
22 14
           1 -4.59928e-09
 1.07519e-08            1
22 15
           1 -6.81458e-10
 6.51543e-09            1
22 16
          1 3.11578e-09
2.94192e-09           1
22 17
          1 4.00367e-09
2.22618e-09           1
22 18
          1 4.02538e-09
2.20605e-09           1
22 19
          1 4.02484e-09
2.20644e-09           1
22 20
          1 4.02433e-09
2.20645e-09           1
22 21
          1 4.02399e-09
2.20601e-09           1
22 22
          1 4.04483e-09
2.18281e-09           1
22 23
          1 4.99954e-09
1.21534e-09           1
22 24
           1  8.93796e-09
-3.45608e-09            1
22 25
           1  1.24908e-08
-8.77438e-09            1
22 26
           1   7.9847e-09
-1.42016e-08            1
22 27
           1  1.46519e-09
-1.05993e-07            1
23 13
           1 -1.41352e-08
 2.80798e-08            1
23 14
           1 -5.06418e-09
  1.4608e-08            1
23 15
           1 -4.79548e-09
 1.05286e-08            1
23 16
           1 -4.68875e-10
 6.05857e-09            1
23 17
          1 3.06776e-09
3.13713e-09           1
23 18
          1 3.95716e-09
 2.2856e-09           1
23 19
          1 4.02359e-09
2.20849e-09           1
23 20
          1   4.027e-09
2.20466e-09           1
23 21
          1 4.07717e-09
2.12404e-09           1
23 22
          1 4.70653e-09
1.34569e-09           1
23 23
           1  7.77205e-09
-2.31141e-09            1
23 24
           1  1.28701e-08
-9.55024e-09            1
23 25
          1 1.58695e-08
-1.4168e-08           1
23 26
           1   2.0706e-08
-2.33854e-08            1
23 27
           1  1.25782e-08
-1.30944e-07            1
24 13
           1 -1.38387e-07
 1.12488e-07            1
24 14
           1 -6.36008e-09
 1.49149e-08            1
24 15
          1 -1.0131e-08
1.24528e-08           1
24 16
           1 -7.34886e-09
  1.1259e-08            1
24 17
           1 -1.34651e-09
 6.95191e-09            1
24 18
          1  2.2433e-09
3.90588e-09           1
24 19
          1 3.59697e-09
2.47579e-09           1
24 20
          1 4.12587e-09
1.57678e-09           1
24 21
          1 5.09241e-09
7.27245e-10           1
24 22
           1  7.69228e-09
-2.25772e-09            1
24 23
           1  1.14632e-08
-6.64383e-09            1
24 24
           1  1.33434e-08
-1.26392e-08            1
24 25
           1  1.66069e-08
-2.40066e-08            1
24 26
           1  1.36342e-07
-1.11097e-07            1
24 27
           1  1.26369e-07
-6.92983e-08            1
25 14
           1 -1.46404e-07
 1.18913e-07            1
25 15
           1 -2.03432e-08
 1.58397e-08            1
25 16
           1 -1.10431e-08
 1.44425e-08            1
25 17
           1 -6.12431e-09
 1.05141e-08            1
25 18
           1 -1.66432e-09
 7.26841e-09            1
25 19
          1 1.95544e-09
2.89659e-09           1
25 20
           1  4.04189e-09
-1.58476e-09            1
25 21
           1  6.68468e-09
-4.96896e-10            1
25 22
          1 1.08606e-08
-6.0408e-09           1
25 23
           1  1.43669e-08
-6.98905e-09            1
25 24
           1  1.42916e-08
-9.25942e-09            1
25 25
           1  1.13089e-07
-1.44532e-07            1
25 26
          1 1.06637e-07
-9.5676e-08           1
26 15
           1 -1.14186e-07
 1.47872e-07            1
26 16
           1 -1.60895e-08
 1.80229e-08            1
26 17
           1 -9.30298e-09
 5.02807e-09            1
26 18
           1 -4.87319e-09
 1.04401e-08            1
26 19
          1 1.46403e-09
2.12522e-09           1
26 20
           1  4.78102e-09
-9.88724e-09            1
26 21
          1 9.02457e-09
3.27352e-09           1
26 22
           1   1.5727e-08
-1.28481e-09            1
26 23
          1 2.46806e-08
-1.3391e-08           1
26 24
          1 1.06267e-07
-1.4517e-07           1
26 25
           1  9.11352e-08
-1.29057e-07            1
27 16
           1 -1.52448e-07
 1.05612e-08            1
27 17
           1 -1.24409e-07
-5.47969e-10            1
27 18
           1 -8.75294e-08
 5.89492e-09            1
27 19
           1 -4.86362e-08
   5.992e-10            1
27 20
           1 -4.30219e-09
 -7.8271e-09            1
27 21
          1 3.80643e-08
3.47665e-09           1
27 22
          1 7.42052e-08
2.23274e-09           1
27 23
           1  1.04126e-07
-1.05473e-08            1
27 24
           1  5.84471e-08
-1.42052e-07            1
