13 16
          1 1.68195e-08
1.02574e-09           1
13 17
          1 1.25135e-08
1.22932e-08           1
13 18
          1 9.08074e-09
6.37307e-09           1
13 19
          1 7.84229e-09
-1.5695e-08           1
13 20
          1 6.47444e-09
7.25452e-09           1
13 21
          1 2.16243e-09
9.65504e-09           1
13 22
          1 1.72461e-09
1.73914e-09           1
13 23
           1 -8.04567e-10
 1.67967e-08            1
13 24
           1 -1.22253e-07
 1.60666e-07            1
14 15
          1 9.78159e-09
9.84224e-10           1
14 16
           1  1.20748e-08
-1.19832e-09            1
14 17
           1  1.00339e-08
-1.46107e-09            1
14 18
          1   7.296e-09
2.62409e-09           1
14 19
           1  6.19489e-09
-1.93504e-09            1
14 20
          1  5.1389e-09
4.97418e-09           1
14 21
          1 2.53339e-09
7.32529e-09           1
14 22
          1 -7.8652e-10
1.03276e-08           1
14 23
           1 -5.61246e-09
 1.29218e-08            1
14 24
           1 -1.31965e-08
 9.35241e-09            1
14 25
           1 -1.57958e-07
 1.25703e-07            1
15 14
           1  1.02365e-08
-2.17163e-08            1
15 15
          1 9.70561e-09
-7.2233e-09           1
15 16
           1  1.07172e-08
-2.29862e-09            1
15 17
          1 8.55669e-09
4.51949e-10           1
15 18
          1 6.95196e-09
2.70788e-09           1
15 19
          1  6.4715e-09
2.80584e-09           1
15 20
          1 6.18599e-09
 3.8071e-09           1
15 21
          1   5.186e-09
4.73754e-09           1
15 22
          1 2.16662e-09
7.30597e-09           1
15 23
           1 -2.83123e-09
 9.96431e-09            1
15 24
           1 -2.51459e-09
 9.01381e-09            1
15 25
          1 6.05156e-09
1.30424e-08           1
15 26
           1 -1.48863e-07
 1.15134e-07            1
16 13
           1  2.34094e-08
-1.98661e-08            1
16 14
          1 1.48647e-08
  -1.22e-08           1
16 15
           1  1.24151e-08
-6.87222e-09            1
16 16
          1 8.84205e-09
2.04097e-10           1
16 17
          1 6.85594e-09
2.99985e-09           1
16 18
          1 6.47685e-09
3.50102e-09           1
16 19
          1 6.44727e-09
3.54338e-09           1
16 20
          1 6.44569e-09
3.54183e-09           1
16 21
          1 6.39776e-09
3.58724e-09           1
16 22
          1 5.69576e-09
4.21154e-09           1
16 23
          1 3.11997e-09
6.18758e-09           1
16 24
          1 4.74774e-10
9.77385e-09           1
16 25
          1 1.33751e-09
1.37227e-08           1
16 26
           1 -3.18386e-09
 2.48206e-08            1
16 27
           1 -4.64608e-09
 1.09161e-07            1
17 13
           1  6.78838e-09
-1.02027e-08            1
17 14
           1  1.34903e-08
-6.47249e-09            1
17 15
           1  1.05413e-08
-1.60854e-09            1
17 16
          1 7.20108e-09
2.72036e-09           1
17 17
          1 6.45655e-09
3.53211e-09           1
17 18
          1  6.4458e-09
3.54385e-09           1
17 19
          1 6.44588e-09
3.54355e-09           1
17 20
          1 6.44611e-09
3.54293e-09           1
17 21
          1 6.44643e-09
3.54218e-09           1
17 22
          1 6.43439e-09
3.55201e-09           1
17 23
          1 5.74743e-09
4.07321e-09           1
17 24
          1 2.58571e-09
6.95589e-09           1
17 25
          1 1.50636e-10
1.04992e-08           1
17 26
          1 1.10792e-08
1.54789e-08           1
17 27
          1  1.0978e-08
7.76468e-08           1
18 13
           1  1.36434e-08
-5.74324e-09            1
18 14
           1  1.08978e-08
-2.14448e-09            1
18 15
          1 8.01407e-09
1.78506e-09           1
18 16
          1 6.52014e-09
3.47767e-09           1
18 17
          1 6.44602e-09
3.54422e-09           1
18 18
         1 6.4458e-09
3.5442e-09          1
18 19
          1 6.44573e-09
3.54397e-09           1
18 20
          1 6.44577e-09
3.54347e-09           1
18 21
          1 6.44594e-09
3.54279e-09           1
18 22
          1 6.44613e-09
3.54206e-09           1
18 23
          1 6.36554e-09
3.59018e-09           1
18 24
          1 5.15116e-09
4.65021e-09           1
18 25
          1 4.58167e-09
6.60437e-09           1
18 26
          1 7.26324e-09
9.77737e-09           1
18 27
          1  4.6903e-09
4.03265e-08           1
19 13
          1 9.94078e-09
9.91295e-10           1
19 14
          1 7.97962e-09
 1.5535e-09           1
19 15
          1  6.7989e-09
3.12752e-09           1
19 16
          1 6.44872e-09
3.54211e-09           1
19 17
          1 6.44647e-09
3.54436e-09           1
19 18
          1 6.44608e-09
3.54442e-09           1
19 19
          1 6.44584e-09
3.54429e-09           1
19 20
          1 6.44573e-09
3.54392e-09           1
19 21
          1 6.44576e-09
3.54332e-09           1
19 22
          1 6.44584e-09
3.54259e-09           1
19 23
          1 6.44363e-09
3.54359e-09           1
19 24
          1 5.50837e-09
3.70861e-09           1
19 25
          1 4.31795e-10
3.98887e-09           1
19 26
           1 -1.31622e-08
 5.24413e-09            1
19 27
           1 -1.13063e-08
-1.25166e-09            1
20 13
          1 -1.2965e-08
5.29698e-09           1
20 14
          1 5.56639e-10
3.98866e-09           1
20 15
          1 5.54602e-09
3.70433e-09           1
20 16
          1 6.44609e-09
3.54566e-09           1
20 17
          1 6.44721e-09
3.54434e-09           1
20 18
          1 6.44665e-09
3.54454e-09           1
20 19
          1 6.44623e-09
3.54453e-09           1
20 20
          1 6.44599e-09
3.54426e-09           1
20 21
          1 6.44585e-09
3.54374e-09           1
20 22
          1 6.44582e-09
3.54308e-09           1
20 23
          1 6.44787e-09
3.54015e-09           1
20 24
          1 6.79743e-09
3.09317e-09           1
20 25
          1 7.91601e-09
1.38269e-09           1
20 26
          1 9.67485e-09
 5.9513e-10           1
20 27
           1  5.33132e-09
-4.30918e-08            1
21 13
          1 8.05425e-09
9.41077e-09           1
21 14
          1  4.9528e-09
6.39294e-09           1
21 15
          1 5.27656e-09
 4.5763e-09           1
21 16
          1 6.37703e-09
3.58887e-09           1
21 17
          1 6.44807e-09
 3.5442e-09           1
21 18
          1 6.44741e-09
3.54453e-09           1
21 19
          1 6.44688e-09
3.54466e-09           1
21 20
          1 6.44651e-09
3.54454e-09           1
21 21
          1 6.44627e-09
3.54407e-09           1
21 22
          1 6.44614e-09
3.54346e-09           1
21 23
          1 6.52384e-09
3.47341e-09           1
21 24
          1 8.05975e-09
1.69826e-09           1
21 25
           1  1.09723e-08
-2.44832e-09            1
21 26
           1  1.37132e-08
-6.38072e-09            1
21 27
           1  7.49982e-09
-8.05368e-08            1
22 13
          1 1.27995e-08
1.46817e-08           1
22 14
          1 8.90216e-10
 1.0039e-08           1
22 15
          1 2.92471e-09
6.71815e-09           1
22 16
          1 5.82173e-09
 4.0308e-09           1
22 17
          1 6.43887e-09
3.55288e-09           1
22 18
          1 6.44832e-09
3.54442e-09           1
22 19
          1 6.44772e-09
3.54473e-09           1
22 20
          1 6.44725e-09
3.54478e-09           1
22 21
          1 6.44692e-09
3.54432e-09           1
22 22
          1 6.45795e-09
3.53126e-09           1
22 23
          1 7.22336e-09
2.69468e-09           1
22 24
           1  1.06288e-08
-1.78539e-09            1
22 25
           1  1.36197e-08
-6.91305e-09            1
22 26
           1  7.15897e-09
-1.12239e-08            1
22 27
           1    1.793e-10
-1.16667e-07            1
23 13
           1 -4.41109e-11
 2.30019e-08            1
23 14
          1 2.56958e-09
1.29223e-08           1
23 15
          1 1.20299e-09
9.27238e-09           1
23 16
          1 3.43476e-09
 5.9691e-09           1
23 17
          1 5.76269e-09
4.15921e-09           1
23 18
          1 6.40508e-09
3.58404e-09           1
23 19
          1 6.44786e-09
3.54412e-09           1
23 20
          1 6.44913e-09
3.54543e-09           1
23 21
          1 6.47859e-09
3.50231e-09           1
23 22
          1 6.86461e-09
2.98868e-09           1
23 23
          1 8.90142e-09
1.02137e-10           1
23 24
           1  1.25506e-08
-7.16753e-09            1
23 25
           1  1.50335e-08
-1.27568e-08            1
23 26
           1  2.40419e-08
-2.14942e-08            1
23 27
           1  1.62685e-08
-1.41706e-07            1
24 13
           1 -1.53972e-07
 1.15043e-07            1
24 14
          1 8.34274e-09
1.15427e-08           1
24 15
           1 -1.30411e-09
 8.18927e-09            1
24 16
          1 -2.1098e-09
9.43061e-09           1
24 17
          1 2.52003e-09
7.04233e-09           1
24 18
          1 5.31483e-09
4.64642e-09           1
24 19
          1 6.22873e-09
3.78128e-09           1
24 20
          1 6.48534e-09
2.81316e-09           1
24 21
          1 6.95523e-09
2.69771e-09           1
24 22
          1 8.56903e-09
3.97163e-10           1
24 23
           1  1.07739e-08
-2.53121e-09            1
24 24
           1  9.86262e-09
-7.71798e-09            1
24 25
           1   1.0588e-08
-2.25199e-08            1
24 26
           1  1.32291e-07
-1.21124e-07            1
24 27
          1 1.25658e-07
-7.4305e-08           1
25 14
           1 -1.60904e-07
 1.26473e-07            1
25 15
           1 -1.11844e-08
 7.69157e-09            1
25 16
          1 -4.4519e-09
1.19621e-08           1
25 17
           1 -4.35382e-11
 9.73406e-09            1
25 18
          1 2.96402e-09
7.01479e-09           1
25 19
          1 5.36121e-09
4.81269e-09           1
25 20
           1  6.27782e-09
-1.93384e-09            1
25 21
          1 7.30466e-09
2.52712e-09           1
25 22
           1   1.0025e-08
-1.63821e-09            1
25 23
           1  1.20671e-08
-1.57445e-09            1
25 24
          1 9.83289e-09
1.40925e-10           1
25 25
           1  1.12584e-07
-1.59973e-07            1
25 26
           1  1.09036e-07
-1.05791e-07            1
26 15
           1 -1.23857e-07
 1.63246e-07            1
26 16
          1 2.15789e-09
   1.41e-08           1
26 17
          1 3.27135e-09
4.53852e-10           1
26 18
          1 3.04641e-09
8.91254e-09           1
26 19
          1 6.99269e-09
6.77654e-09           1
26 20
           1   8.0625e-09
-1.57461e-08            1
26 21
          1 9.09503e-09
 6.1463e-09           1
26 22
          1 1.24675e-08
1.18539e-08           1
26 23
          1 1.66687e-08
5.38409e-10           1
26 24
           1  1.04048e-07
-1.72577e-07            1
26 25
           1  9.43649e-08
-1.45552e-07            1
27 16
           1 -1.93976e-07
 7.81492e-09            1
27 17
           1 -1.56925e-07
-4.61626e-09            1
27 18
           1 -1.12933e-07
 4.73231e-09            1
27 19
          1 -7.0013e-08
3.97339e-09           1
27 20
           1 -2.20373e-08
 -1.2772e-08            1
27 21
          1 2.56239e-08
4.58678e-09           1
27 22
        1 6.774e-08
1.266e-08         1
27 23
         1 1.0663e-07
4.6989e-10          1
27 24
           1   6.2494e-08
-1.75408e-07            1
