-0.175 0.4 0
-0.175 0.400001 1


-0.175 0.425 0
-0.175 0.425001 1


-0.175 0.45 0
-0.175 0.45 1


-0.175 0.475 0
-0.175 0.475 1


-0.175 0.5 0
-0.175 0.500001 1


-0.175 0.525 0
-0.175 0.525001 1


-0.175 0.55 0
-0.175 0.550001 1


-0.175 0.575 0
-0.175 0.575001 1


-0.175 0.6 0
-0.175 0.600001 1


-0.15 0.375 0
-0.15 0.375 1


-0.15 0.4 0
-0.15 0.4 1


-0.15 0.425 0
-0.15 0.425 1


-0.15 0.45 0
-0.15 0.45 1


-0.15 0.475 0
-0.15 0.475 1


-0.15 0.5 0
-0.15 0.5 1


-0.15 0.525 0
-0.15 0.525001 1


-0.15 0.55 0
-0.15 0.550001 1


-0.15 0.575 0
-0.15 0.575001 1


-0.15 0.6 0
-0.15 0.600001 1


-0.15 0.625 0
-0.15 0.625001 1


-0.125 0.35 0
-0.125 0.35 1


-0.125 0.375 0
-0.125 0.375 1


-0.125 0.4 0
-0.125 0.4 1


-0.125 0.425 0
-0.125 0.425 1


-0.125 0.45 0
-0.125 0.45 1


-0.125 0.475 0
-0.125 0.475 1


-0.125 0.5 0
-0.125 0.5 1


-0.125 0.525 0
-0.125 0.525 1


-0.125 0.55 0
-0.125 0.550001 1


-0.125 0.575 0
-0.125 0.575001 1


-0.125 0.6 0
-0.125 0.600001 1


-0.125 0.625 0
-0.125 0.625001 1


-0.125 0.65 0
-0.125 0.650001 1


-0.1 0.325 0
-0.1 0.325 1


-0.1 0.35 0
-0.1 0.35 1


-0.1 0.375 0
-0.1 0.375 1


-0.1 0.4 0
-0.1 0.4 1


-0.1 0.425 0
-0.1 0.425 1


-0.1 0.45 0
-0.1 0.45 1


-0.1 0.475 0
-0.1 0.475 1


-0.1 0.5 0
-0.1 0.5 1


-0.1 0.525 0
-0.1 0.525 1


-0.1 0.55 0
-0.1 0.55 1


-0.1 0.575 0
-0.1 0.575001 1


-0.1 0.6 0
-0.1 0.600001 1


-0.1 0.625 0
-0.1 0.625001 1


-0.1 0.65 0
-0.1 0.650001 1


-0.1 0.675 0
-0.1 0.675001 1


-0.075 0.325 0
-0.0750001 0.325 1


-0.075 0.35 0
-0.0750001 0.35 1


-0.075 0.375 0
-0.0750001 0.375 1


-0.075 0.4 0
-0.0750001 0.4 1


-0.075 0.425 0
-0.0750001 0.425 1


-0.075 0.45 0
-0.0750001 0.45 1


-0.075 0.475 0
-0.0750001 0.475 1


-0.075 0.5 0
-0.0750001 0.5 1


-0.075 0.525 0
-0.0750001 0.525 1


-0.075 0.55 0
-0.0750001 0.55 1


-0.075 0.575 0
-0.0750001 0.575001 1


-0.075 0.6 0
-0.0750001 0.600001 1


-0.075 0.625 0
-0.0750001 0.625001 1


-0.075 0.65 0
-0.075 0.650001 1


-0.075 0.675 0
-0.075 0.675001 1


-0.05 0.325 0
-0.0500001 0.325 1


-0.05 0.35 0
-0.0500001 0.35 1


-0.05 0.375 0
-0.0500001 0.375 1


-0.05 0.4 0
-0.0500001 0.4 1


-0.05 0.425 0
-0.0500001 0.425 1


-0.05 0.45 0
-0.05 0.45 1


-0.05 0.475 0
-0.05 0.475 1


-0.05 0.5 0
-0.05 0.5 1


-0.05 0.525 0
-0.05 0.525 1


-0.05 0.55 0
-0.05 0.55 1


-0.05 0.575 0
-0.05 0.575001 1


-0.05 0.6 0
-0.05 0.600001 1


-0.05 0.625 0
-0.05 0.625001 1


-0.05 0.65 0
-0.05 0.650001 1


-0.05 0.675 0
-0.05 0.675001 1


-0.025 0.325 0
-0.025 0.325 1


-0.025 0.35 0
-0.025 0.35 1


-0.025 0.375 0
-0.025 0.375 1


-0.025 0.4 0
-0.025 0.4 1


-0.025 0.425 0
-0.025 0.425 1


-0.025 0.45 0
-0.025 0.45 1


-0.025 0.475 0
-0.025 0.475 1


-0.025 0.5 0
-0.025 0.5 1


-0.025 0.525 0
-0.025 0.525 1


-0.025 0.55 0
-0.025 0.55 1


-0.025 0.575 0
-0.025 0.575001 1


-0.025 0.6 0
-0.025 0.600001 1


-0.025 0.625 0
-0.025 0.625001 1


-0.025 0.65 0
-0.025 0.650001 1


-0.025 0.675 0
-0.025 0.675001 1


0 0.325 0
-1.72635e-08 0.325 1


0 0.35 0
-1.46948e-08 0.35 1


0 0.375 0
-1.25286e-08 0.375 1


0 0.4 0
-1.00619e-08 0.4 1


0 0.425 0
-7.55345e-09 0.425 1


0 0.45 0
-5.04499e-09 0.45 1


0 0.475 0
-2.53655e-09 0.475 1


0 0.5 0
-2.81262e-11 0.5 1


0 0.525 0
2.48031e-09 0.525 1


0 0.55 0
4.98875e-09 0.55 1


0 0.575 0
7.49724e-09 0.575001 1


0 0.6 0
1.00058e-08 0.600001 1


0 0.625 0
1.24628e-08 0.625001 1


0 0.65 0
1.45645e-08 0.650001 1


0 0.675 0
1.69657e-08 0.675001 1


0.025 0.325 0
0.025 0.325 1


0.025 0.35 0
0.025 0.35 1


0.025 0.375 0
0.025 0.375 1


0.025 0.4 0
0.025 0.4 1


0.025 0.425 0
0.025 0.425 1


0.025 0.45 0
0.025 0.45 1


0.025 0.475 0
0.025 0.475 1


0.025 0.5 0
0.025 0.5 1


0.025 0.525 0
0.025 0.525 1


0.025 0.55 0
0.025 0.55 1


0.025 0.575 0
0.025 0.575001 1


0.025 0.6 0
0.025 0.600001 1


0.025 0.625 0
0.025 0.625001 1


0.025 0.65 0
0.025 0.650001 1


0.025 0.675 0
0.025 0.675001 1


0.05 0.325 0
0.05 0.325 1


0.05 0.35 0
0.05 0.35 1


0.05 0.375 0
0.05 0.375 1


0.05 0.4 0
0.05 0.4 1


0.05 0.425 0
0.05 0.425 1


0.05 0.45 0
0.05 0.45 1


0.05 0.475 0
0.05 0.475 1


0.05 0.5 0
0.05 0.5 1


0.05 0.525 0
0.05 0.525 1


0.05 0.55 0
0.05 0.55 1


0.05 0.575 0
0.0500001 0.575001 1


0.05 0.6 0
0.0500001 0.600001 1


0.05 0.625 0
0.0500001 0.625001 1


0.05 0.65 0
0.0500001 0.650001 1


0.05 0.675 0
0.05 0.675001 1


0.075 0.325 0
0.075 0.325 1


0.075 0.35 0
0.075 0.35 1


0.075 0.375 0
0.0750001 0.375 1


0.075 0.4 0
0.0750001 0.4 1


0.075 0.425 0
0.0750001 0.425 1


0.075 0.45 0
0.0750001 0.45 1


0.075 0.475 0
0.0750001 0.475 1


0.075 0.5 0
0.0750001 0.5 1


0.075 0.525 0
0.0750001 0.525 1


0.075 0.55 0
0.0750001 0.55 1


0.075 0.575 0
0.0750001 0.575 1


0.075 0.6 0
0.0750001 0.600001 1


0.075 0.625 0
0.0750001 0.625001 1


0.075 0.65 0
0.0750001 0.650001 1


0.075 0.675 0
0.0750001 0.675001 1


0.1 0.325 0
0.1 0.325 1


0.1 0.35 0
0.1 0.35 1


0.1 0.375 0
0.1 0.375 1


0.1 0.4 0
0.1 0.4 1


0.1 0.425 0
0.1 0.425 1


0.1 0.45 0
0.1 0.45 1


0.1 0.475 0
0.1 0.475 1


0.1 0.5 0
0.1 0.5 1


0.1 0.525 0
0.1 0.525 1


0.1 0.55 0
0.1 0.55 1


0.1 0.575 0
0.1 0.575 1


0.1 0.6 0
0.1 0.600001 1


0.1 0.625 0
0.1 0.625001 1


0.1 0.65 0
0.1 0.650001 1


0.1 0.675 0
0.1 0.675001 1


0.125 0.35 0
0.125 0.35 1


0.125 0.375 0
0.125 0.375 1


0.125 0.4 0
0.125 0.4 1


0.125 0.425 0
0.125 0.425 1


0.125 0.45 0
0.125 0.45 1


0.125 0.475 0
0.125 0.475 1


0.125 0.5 0
0.125 0.5 1


0.125 0.525 0
0.125 0.525 1


0.125 0.55 0
0.125 0.55 1


0.125 0.575 0
0.125 0.575001 1


0.125 0.6 0
0.125 0.600001 1


0.125 0.625 0
0.125 0.625001 1


0.125 0.65 0
0.125 0.650001 1


0.15 0.375 0
0.15 0.375 1


0.15 0.4 0
0.15 0.4 1


0.15 0.425 0
0.15 0.425 1


0.15 0.45 0
0.15 0.45 1


0.15 0.475 0
0.15 0.475 1


0.15 0.5 0
0.15 0.5 1


0.15 0.525 0
0.15 0.525 1


0.15 0.55 0
0.15 0.55 1


0.15 0.575 0
0.15 0.575001 1


0.15 0.6 0
0.15 0.600001 1


0.15 0.625 0
0.15 0.625001 1


0.175 0.4 0
0.175 0.400001 1


0.175 0.425 0
0.175 0.425001 1


0.175 0.45 0
0.175 0.45 1


0.175 0.475 0
0.175 0.475 1


0.175 0.5 0
0.175 0.500001 1


0.175 0.525 0
0.175 0.525001 1


0.175 0.55 0
0.175 0.550001 1


0.175 0.575 0
0.175 0.575001 1


0.175 0.6 0
0.175 0.600001 1


