-0.2 0.425 0
-0.200001 0.425004 1


-0.2 0.45 0
-0.200001 0.450002 1


-0.2 0.475 0
-0.2 0.475002 1


-0.2 0.5 0
-0.2 0.500002 1


-0.2 0.525 0
-0.2 0.525002 1


-0.2 0.55 0
-0.2 0.550002 1


-0.175 0.375 0
-0.175001 0.375003 1


-0.175 0.4 0
-0.175 0.400001 1


-0.175 0.425 0
-0.175 0.425001 1


-0.175 0.45 0
-0.175 0.450001 1


-0.175 0.475 0
-0.175 0.475001 1


-0.175 0.5 0
-0.175 0.5 1


-0.175 0.525 0
-0.175 0.525 1


-0.175 0.55 0
-0.175 0.55 1


-0.175 0.575 0
-0.175 0.575 1


-0.175 0.6 0
-0.175 0.600001 1


-0.15 0.35 0
-0.150001 0.350002 1


-0.15 0.375 0
-0.15 0.375001 1


-0.15 0.4 0
-0.15 0.400001 1


-0.15 0.425 0
-0.15 0.425 1


-0.15 0.45 0
-0.15 0.45 1


-0.15 0.475 0
-0.15 0.475 1


-0.15 0.5 0
-0.15 0.5 1


-0.15 0.525 0
-0.15 0.525 1


-0.15 0.55 0
-0.15 0.55 1


-0.15 0.575 0
-0.15 0.575 1


-0.15 0.6 0
-0.15 0.6 1


-0.15 0.625 0
-0.15 0.625 1


-0.125 0.325 0
-0.125001 0.325003 1


-0.125 0.35 0
-0.125 0.350001 1


-0.125 0.375 0
-0.125 0.375 1


-0.125 0.4 0
-0.125 0.4 1


-0.125 0.425 0
-0.125 0.425 1


-0.125 0.45 0
-0.125 0.45 1


-0.125 0.475 0
-0.125 0.475 1


-0.125 0.5 0
-0.125 0.5 1


-0.125 0.525 0
-0.125 0.525 1


-0.125 0.55 0
-0.125 0.55 1


-0.125 0.575 0
-0.125 0.575 1


-0.125 0.6 0
-0.125 0.6 1


-0.125 0.625 0
-0.125 0.625 1


-0.125 0.65 0
-0.125 0.65 1


-0.1 0.325 0
-0.1 0.325001 1


-0.1 0.35 0
-0.1 0.35 1


-0.1 0.375 0
-0.1 0.375 1


-0.1 0.4 0
-0.1 0.4 1


-0.1 0.425 0
-0.1 0.425 1


-0.1 0.45 0
-0.1 0.45 1


-0.1 0.475 0
-0.1 0.475 1


-0.1 0.5 0
-0.1 0.5 1


-0.1 0.525 0
-0.1 0.525 1


-0.1 0.55 0
-0.1 0.55 1


-0.1 0.575 0
-0.1 0.575 1


-0.1 0.6 0
-0.1 0.6 1


-0.1 0.625 0
-0.1 0.625 1


-0.1 0.65 0
-0.1 0.65 1


-0.075 0.325 0
-0.0750001 0.325001 1


-0.075 0.35 0
-0.0750001 0.35 1


-0.075 0.375 0
-0.075 0.375 1


-0.075 0.4 0
-0.075 0.4 1


-0.075 0.425 0
-0.075 0.425 1


-0.075 0.45 0
-0.075 0.45 1


-0.075 0.475 0
-0.075 0.475 1


-0.075 0.5 0
-0.075 0.5 1


-0.075 0.525 0
-0.075 0.525 1


-0.075 0.55 0
-0.075 0.55 1


-0.075 0.575 0
-0.075 0.575 1


-0.075 0.6 0
-0.075 0.6 1


-0.075 0.625 0
-0.075 0.625 1


-0.075 0.65 0
-0.075 0.65 1


-0.075 0.675 0
-0.075 0.675 1


-0.05 0.3 0
-0.0500007 0.300004 1


-0.05 0.325 0
-0.0500001 0.325 1


-0.05 0.35 0
-0.05 0.35 1


-0.05 0.375 0
-0.05 0.375 1


-0.05 0.4 0
-0.05 0.4 1


-0.05 0.425 0
-0.05 0.425 1


-0.05 0.45 0
-0.05 0.45 1


-0.05 0.475 0
-0.05 0.475 1


-0.05 0.5 0
-0.05 0.5 1


-0.05 0.525 0
-0.05 0.525 1


-0.05 0.55 0
-0.05 0.55 1


-0.05 0.575 0
-0.05 0.575 1


-0.05 0.6 0
-0.05 0.6 1


-0.05 0.625 0
-0.05 0.625 1


-0.05 0.65 0
-0.05 0.65 1


-0.05 0.675 0
-0.05 0.675 1


-0.025 0.3 0
-0.0250005 0.300003 1


-0.025 0.325 0
-0.025 0.325 1


-0.025 0.35 0
-0.025 0.35 1


-0.025 0.375 0
-0.025 0.375 1


-0.025 0.4 0
-0.025 0.4 1


-0.025 0.425 0
-0.025 0.425 1


-0.025 0.45 0
-0.025 0.45 1


-0.025 0.475 0
-0.025 0.475 1


-0.025 0.5 0
-0.025 0.5 1


-0.025 0.525 0
-0.025 0.525 1


-0.025 0.55 0
-0.025 0.55 1


-0.025 0.575 0
-0.025 0.575 1


-0.025 0.6 0
-0.025 0.6 1


-0.025 0.625 0
-0.025 0.625 1


-0.025 0.65 0
-0.025 0.65 1


-0.025 0.675 0
-0.025 0.675 1


0 0.3 0
-3.94185e-07 0.300002 1


0 0.325 0
-3.09504e-08 0.325 1


0 0.35 0
-1.7161e-08 0.35 1


0 0.375 0
-1.18643e-08 0.375 1


0 0.4 0
-9.18734e-09 0.4 1


0 0.425 0
-6.79125e-09 0.425 1


0 0.45 0
-4.39503e-09 0.45 1


0 0.475 0
-1.99867e-09 0.475 1


0 0.5 0
3.97854e-10 0.5 1


0 0.525 0
2.79454e-09 0.525 1


0 0.55 0
5.19137e-09 0.55 1


0 0.575 0
7.58833e-09 0.575 1


0 0.6 0
9.98522e-09 0.6 1


0 0.625 0
1.19761e-08 0.625 1


0 0.65 0
1.1921e-08 0.65 1


0 0.675 0
9.75028e-09 0.675 1


0.025 0.3 0
0.0249997 0.300002 1


0.025 0.325 0
0.025 0.325 1


0.025 0.35 0
0.025 0.35 1


0.025 0.375 0
0.025 0.375 1


0.025 0.4 0
0.025 0.4 1


0.025 0.425 0
0.025 0.425 1


0.025 0.45 0
0.025 0.45 1


0.025 0.475 0
0.025 0.475 1


0.025 0.5 0
0.025 0.5 1


0.025 0.525 0
0.025 0.525 1


0.025 0.55 0
0.025 0.55 1


0.025 0.575 0
0.025 0.575 1


0.025 0.6 0
0.025 0.6 1


0.025 0.625 0
0.025 0.625 1


0.025 0.65 0
0.025 0.65 1


0.025 0.675 0
0.025 0.675 1


0.05 0.325 0
0.05 0.325 1


0.05 0.35 0
0.05 0.35 1


0.05 0.375 0
0.05 0.375 1


0.05 0.4 0
0.05 0.4 1


0.05 0.425 0
0.05 0.425 1


0.05 0.45 0
0.05 0.45 1


0.05 0.475 0
0.05 0.475 1


0.05 0.5 0
0.05 0.5 1


0.05 0.525 0
0.05 0.525 1


0.05 0.55 0
0.05 0.55 1


0.05 0.575 0
0.05 0.575 1


0.05 0.6 0
0.05 0.6 1


0.05 0.625 0
0.05 0.625 1


0.05 0.65 0
0.05 0.65 1


0.05 0.675 0
0.05 0.675 1


0.075 0.325 0
0.075 0.325 1


0.075 0.35 0
0.075 0.35 1


0.075 0.375 0
0.075 0.375 1


0.075 0.4 0
0.075 0.4 1


0.075 0.425 0
0.075 0.425 1


0.075 0.45 0
0.075 0.45 1


0.075 0.475 0
0.075 0.475 1


0.075 0.5 0
0.075 0.5 1


0.075 0.525 0
0.075 0.525 1


0.075 0.55 0
0.075 0.55 1


0.075 0.575 0
0.075 0.575 1


0.075 0.6 0
0.075 0.6 1


0.075 0.625 0
0.075 0.625 1


0.075 0.65 0
0.075 0.65 1


0.075 0.675 0
0.075 0.675 1


0.1 0.325 0
0.1 0.325 1


0.1 0.35 0
0.1 0.35 1


0.1 0.375 0
0.1 0.375 1


0.1 0.4 0
0.1 0.4 1


0.1 0.425 0
0.1 0.425 1


0.1 0.45 0
0.1 0.45 1


0.1 0.475 0
0.1 0.475 1


0.1 0.5 0
0.1 0.5 1


0.1 0.525 0
0.1 0.525 1


0.1 0.55 0
0.1 0.55 1


0.1 0.575 0
0.1 0.575 1


0.1 0.6 0
0.1 0.6 1


0.1 0.625 0
0.1 0.625 1


0.1 0.65 0
0.1 0.65 1


0.1 0.675 0
0.1 0.675 1


0.125 0.35 0
0.125 0.35 1


0.125 0.375 0
0.125 0.375 1


0.125 0.4 0
0.125 0.4 1


0.125 0.425 0
0.125 0.425 1


0.125 0.45 0
0.125 0.45 1


0.125 0.475 0
0.125 0.475 1


0.125 0.5 0
0.125 0.5 1


0.125 0.525 0
0.125 0.525 1


0.125 0.55 0
0.125 0.55 1


0.125 0.575 0
0.125 0.575 1


0.125 0.6 0
0.125 0.6 1


0.125 0.625 0
0.125 0.625 1


0.125 0.65 0
0.125 0.65 1


0.15 0.35 0
0.15 0.350001 1


0.15 0.375 0
0.15 0.375 1


0.15 0.4 0
0.15 0.4 1


0.15 0.425 0
0.15 0.425 1


0.15 0.45 0
0.15 0.45 1


0.15 0.475 0
0.15 0.475 1


0.15 0.5 0
0.15 0.5 1


0.15 0.525 0
0.15 0.525 1


0.15 0.55 0
0.15 0.55 1


0.15 0.575 0
0.15 0.575 1


0.15 0.6 0
0.15 0.6 1


0.15 0.625 0
0.15 0.625001 1


0.15 0.65 0
0.15 0.650001 1


0.175 0.375 0
0.175 0.375002 1


0.175 0.4 0
0.175 0.400001 1


0.175 0.425 0
0.175 0.425001 1


0.175 0.45 0
0.175 0.45 1


0.175 0.475 0
0.175 0.475 1


0.175 0.5 0
0.175 0.5 1


0.175 0.525 0
0.175 0.525 1


0.175 0.55 0
0.175 0.550001 1


0.175 0.575 0
0.175 0.575001 1


0.175 0.6 0
0.175 0.600001 1


0.175 0.625 0
0.175001 0.625002 1


0.2 0.425 0
0.200001 0.425002 1


0.2 0.45 0
0.2 0.450002 1


0.2 0.475 0
0.2 0.475001 1


0.2 0.5 0
0.2 0.500001 1


0.2 0.525 0
0.2 0.525001 1


0.2 0.55 0
0.200001 0.550002 1


0.2 0.575 0
0.200001 0.575003 1


