-0.2 0.5 0
-0.200001 0.500003 1


-0.2 0.525 0
-0.200001 0.525003 1


-0.175 0.4 0
-0.175 0.400001 1


-0.175 0.425 0
-0.175 0.425 1


-0.175 0.45 0
-0.175 0.45 1


-0.175 0.475 0
-0.175 0.475 1


-0.175 0.5 0
-0.175 0.5 1


-0.175 0.525 0
-0.175 0.525 1


-0.175 0.55 0
-0.175 0.55 1


-0.175 0.575 0
-0.175 0.575001 1


-0.175 0.6 0
-0.175 0.600001 1


-0.15 0.375 0
-0.15 0.375 1


-0.15 0.4 0
-0.15 0.4 1


-0.15 0.425 0
-0.15 0.425 1


-0.15 0.45 0
-0.15 0.45 1


-0.15 0.475 0
-0.15 0.475 1


-0.15 0.5 0
-0.15 0.5 1


-0.15 0.525 0
-0.15 0.525 1


-0.15 0.55 0
-0.15 0.55 1


-0.15 0.575 0
-0.15 0.575 1


-0.15 0.6 0
-0.15 0.6 1


-0.15 0.625 0
-0.15 0.625001 1


-0.125 0.35 0
-0.125 0.35 1


-0.125 0.375 0
-0.125 0.375 1


-0.125 0.4 0
-0.125 0.4 1


-0.125 0.425 0
-0.125 0.425 1


-0.125 0.45 0
-0.125 0.45 1


-0.125 0.475 0
-0.125 0.475 1


-0.125 0.5 0
-0.125 0.5 1


-0.125 0.525 0
-0.125 0.525 1


-0.125 0.55 0
-0.125 0.55 1


-0.125 0.575 0
-0.125 0.575 1


-0.125 0.6 0
-0.125 0.6 1


-0.125 0.625 0
-0.125 0.625 1


-0.125 0.65 0
-0.125 0.650001 1


-0.1 0.325 0
-0.1 0.325 1


-0.1 0.35 0
-0.1 0.35 1


-0.1 0.375 0
-0.1 0.375 1


-0.1 0.4 0
-0.1 0.4 1


-0.1 0.425 0
-0.1 0.425 1


-0.1 0.45 0
-0.1 0.45 1


-0.1 0.475 0
-0.1 0.475 1


-0.1 0.5 0
-0.1 0.5 1


-0.1 0.525 0
-0.1 0.525 1


-0.1 0.55 0
-0.1 0.55 1


-0.1 0.575 0
-0.1 0.575 1


-0.1 0.6 0
-0.1 0.6 1


-0.1 0.625 0
-0.1 0.625 1


-0.1 0.65 0
-0.1 0.65 1


-0.1 0.675 0
-0.1 0.675001 1


-0.075 0.325 0
-0.0750001 0.325 1


-0.075 0.35 0
-0.075 0.35 1


-0.075 0.375 0
-0.075 0.375 1


-0.075 0.4 0
-0.075 0.4 1


-0.075 0.425 0
-0.075 0.425 1


-0.075 0.45 0
-0.075 0.45 1


-0.075 0.475 0
-0.075 0.475 1


-0.075 0.5 0
-0.075 0.5 1


-0.075 0.525 0
-0.075 0.525 1


-0.075 0.55 0
-0.075 0.55 1


-0.075 0.575 0
-0.075 0.575 1


-0.075 0.6 0
-0.075 0.6 1


-0.075 0.625 0
-0.075 0.625 1


-0.075 0.65 0
-0.075 0.65 1


-0.075 0.675 0
-0.075 0.675 1


-0.05 0.325 0
-0.05 0.325 1


-0.05 0.35 0
-0.05 0.35 1


-0.05 0.375 0
-0.05 0.375 1


-0.05 0.4 0
-0.05 0.4 1


-0.05 0.425 0
-0.05 0.425 1


-0.05 0.45 0
-0.05 0.45 1


-0.05 0.475 0
-0.05 0.475 1


-0.05 0.5 0
-0.05 0.5 1


-0.05 0.525 0
-0.05 0.525 1


-0.05 0.55 0
-0.05 0.55 1


-0.05 0.575 0
-0.05 0.575 1


-0.05 0.6 0
-0.05 0.6 1


-0.05 0.625 0
-0.05 0.625 1


-0.05 0.65 0
-0.05 0.65 1


-0.05 0.675 0
-0.05 0.675 1


-0.025 0.325 0
-0.025 0.325 1


-0.025 0.35 0
-0.025 0.35 1


-0.025 0.375 0
-0.025 0.375 1


-0.025 0.4 0
-0.025 0.4 1


-0.025 0.425 0
-0.025 0.425 1


-0.025 0.45 0
-0.025 0.45 1


-0.025 0.475 0
-0.025 0.475 1


-0.025 0.5 0
-0.025 0.5 1


-0.025 0.525 0
-0.025 0.525 1


-0.025 0.55 0
-0.025 0.55 1


-0.025 0.575 0
-0.025 0.575 1


-0.025 0.6 0
-0.025 0.6 1


-0.025 0.625 0
-0.025 0.625 1


-0.025 0.65 0
-0.025 0.65 1


-0.025 0.675 0
-0.025 0.675 1


0 0.325 0
-1.82651e-08 0.325 1


0 0.35 0
-1.48989e-08 0.35 1


0 0.375 0
-1.2426e-08 0.375 1


0 0.4 0
-9.93966e-09 0.4 1


0 0.425 0
-7.46109e-09 0.425 1


0 0.45 0
-4.98255e-09 0.45 1


0 0.475 0
-2.50403e-09 0.475 1


0 0.5 0
-2.55079e-11 0.5 1


0 0.525 0
2.45302e-09 0.525 1


0 0.55 0
4.93157e-09 0.55 1


0 0.575 0
7.41017e-09 0.575 1


0 0.6 0
9.88883e-09 0.6 1


0 0.625 0
1.23387e-08 0.625 1


0 0.65 0
1.45523e-08 0.65 1


0 0.675 0
1.723e-08 0.675 1


0.025 0.325 0
0.025 0.325 1


0.025 0.35 0
0.025 0.35 1


0.025 0.375 0
0.025 0.375 1


0.025 0.4 0
0.025 0.4 1


0.025 0.425 0
0.025 0.425 1


0.025 0.45 0
0.025 0.45 1


0.025 0.475 0
0.025 0.475 1


0.025 0.5 0
0.025 0.5 1


0.025 0.525 0
0.025 0.525 1


0.025 0.55 0
0.025 0.55 1


0.025 0.575 0
0.025 0.575 1


0.025 0.6 0
0.025 0.6 1


0.025 0.625 0
0.025 0.625 1


0.025 0.65 0
0.025 0.65 1


0.025 0.675 0
0.025 0.675 1


0.05 0.325 0
0.05 0.325 1


0.05 0.35 0
0.05 0.35 1


0.05 0.375 0
0.05 0.375 1


0.05 0.4 0
0.05 0.4 1


0.05 0.425 0
0.05 0.425 1


0.05 0.45 0
0.05 0.45 1


0.05 0.475 0
0.05 0.475 1


0.05 0.5 0
0.05 0.5 1


0.05 0.525 0
0.05 0.525 1


0.05 0.55 0
0.05 0.55 1


0.05 0.575 0
0.05 0.575 1


0.05 0.6 0
0.05 0.6 1


0.05 0.625 0
0.05 0.625 1


0.05 0.65 0
0.05 0.65 1


0.05 0.675 0
0.05 0.675 1


0.075 0.325 0
0.075 0.325 1


0.075 0.35 0
0.075 0.35 1


0.075 0.375 0
0.075 0.375 1


0.075 0.4 0
0.075 0.4 1


0.075 0.425 0
0.075 0.425 1


0.075 0.45 0
0.075 0.45 1


0.075 0.475 0
0.075 0.475 1


0.075 0.5 0
0.075 0.5 1


0.075 0.525 0
0.075 0.525 1


0.075 0.55 0
0.075 0.55 1


0.075 0.575 0
0.075 0.575 1


0.075 0.6 0
0.075 0.6 1


0.075 0.625 0
0.075 0.625 1


0.075 0.65 0
0.075 0.65 1


0.075 0.675 0
0.075 0.675 1


0.1 0.325 0
0.1 0.325 1


0.1 0.35 0
0.1 0.35 1


0.1 0.375 0
0.1 0.375 1


0.1 0.4 0
0.1 0.4 1


0.1 0.425 0
0.1 0.425 1


0.1 0.45 0
0.1 0.45 1


0.1 0.475 0
0.1 0.475 1


0.1 0.5 0
0.1 0.5 1


0.1 0.525 0
0.1 0.525 1


0.1 0.55 0
0.1 0.55 1


0.1 0.575 0
0.1 0.575 1


0.1 0.6 0
0.1 0.6 1


0.1 0.625 0
0.1 0.625 1


0.1 0.65 0
0.1 0.65 1


0.1 0.675 0
0.1 0.675 1


0.125 0.35 0
0.125 0.35 1


0.125 0.375 0
0.125 0.375 1


0.125 0.4 0
0.125 0.4 1


0.125 0.425 0
0.125 0.425 1


0.125 0.45 0
0.125 0.45 1


0.125 0.475 0
0.125 0.475 1


0.125 0.5 0
0.125 0.5 1


0.125 0.525 0
0.125 0.525 1


0.125 0.55 0
0.125 0.55 1


0.125 0.575 0
0.125 0.575 1


0.125 0.6 0
0.125 0.6 1


0.125 0.625 0
0.125 0.625 1


0.125 0.65 0
0.125 0.65 1


0.15 0.375 0
0.15 0.375 1


0.15 0.4 0
0.15 0.4 1


0.15 0.425 0
0.15 0.425 1


0.15 0.45 0
0.15 0.45 1


0.15 0.475 0
0.15 0.475 1


0.15 0.5 0
0.15 0.5 1


0.15 0.525 0
0.15 0.525 1


0.15 0.55 0
0.15 0.55 1


0.15 0.575 0
0.15 0.575 1


0.15 0.6 0
0.15 0.6 1


0.15 0.625 0
0.15 0.625001 1


0.175 0.4 0
0.175 0.400001 1


0.175 0.425 0
0.175 0.425 1


0.175 0.45 0
0.175 0.45 1


0.175 0.475 0
0.175 0.475 1


0.175 0.5 0
0.175 0.5 1


0.175 0.525 0
0.175 0.525 1


0.175 0.55 0
0.175 0.55 1


0.175 0.575 0
0.175 0.575001 1


0.175 0.6 0
0.175 0.600001 1


0.2 0.475 0
0.200001 0.475003 1


0.2 0.5 0
0.200001 0.500003 1


