-0.5 1 0 0 0 0 255
-0.475 1 0 0 0 0 255
-0.45 1 0 0 0 0 255
-0.425 1 0 0 0 0 255
-0.4 1 0 0 0 0 255
-0.375 1 0 0 0 0 255
-0.35 1 0 0 0 0 255
-0.325 1 0 0 0 0 255
-0.3 1 0 0 0 0 255
-0.275 1 0 0 0 0 255
-0.25 1 0 0 0 0 255
-0.225 1 0 0 0 0 255
-0.2 1 0 0 0 0 255
-0.175 1 0 0 0 0 255
-0.15 1 0 0 0 0 255
-0.125 1 0 0 0 0 255
-0.1 1 0 0 0 0 255
-0.075 1 0 0 0 0 255
-0.05 1 0 0 0 0 255
-0.025 1 0 0 0 0 255
0 1 0 0 0 0 255
0.025 1 0 0 0 0 255
0.05 1 0 0 0 0 255
0.075 1 0 0 0 0 255
0.1 1 0 0 0 0 255
0.125 1 0 0 0 0 255
0.15 1 0 0 0 0 255
0.175 1 0 0 0 0 255
0.2 1 0 0 0 0 255
0.225 1 0 0 0 0 255
0.25 1 0 0 0 0 255
0.275 1 0 0 0 0 255
0.3 1 0 0 0 0 255
0.325 1 0 0 0 0 255
0.35 1 0 0 0 0 255
0.375 1 0 0 0 0 255
0.4 1 0 0 0 0 255
0.425 1 0 0 0 0 255
0.45 1 0 0 0 0 255
0.475 1 0 0 0 0 255
0.5 1 0 0 0 0 255
-0.5 0.975 0 0 0 0 255
-0.475 0.975 0 0 0 0 255
-0.45 0.975 0 0 0 0 255
-0.425 0.975 0 0 0 0 255
-0.4 0.975 0 0 0 0 255
-0.375 0.975 0 0 0 0 255
-0.35 0.975 0 0 0 0 255
-0.325 0.975 0 0 0 0 255
-0.3 0.975 0 0 0 0 255
-0.275 0.975 0 0 0 0 255
-0.25 0.975 0 0 0 0 255
-0.225 0.975 0 0 0 0 255
-0.2 0.975 0 0 0 0 255
-0.175 0.975 0 0 0 0 255
-0.15 0.975 0 0 0 0 255
-0.125 0.975 0 0 0 0 255
-0.1 0.975 0 0 0 0 255
-0.075 0.975 0 0 0 0 255
-0.05 0.975 0 0 0 0 255
-0.025 0.975 0 0 0 0 255
0 0.975 0 0 0 0 255
0.025 0.975 0 0 0 0 255
0.05 0.975 0 0 0 0 255
0.075 0.975 0 0 0 0 255
0.1 0.975 0 0 0 0 255
0.125 0.975 0 0 0 0 255
0.15 0.975 0 0 0 0 255
0.175 0.975 0 0 0 0 255
0.2 0.975 0 0 0 0 255
0.225 0.975 0 0 0 0 255
0.25 0.975 0 0 0 0 255
0.275 0.975 0 0 0 0 255
0.3 0.975 0 0 0 0 255
0.325 0.975 0 0 0 0 255
0.35 0.975 0 0 0 0 255
0.375 0.975 0 0 0 0 255
0.4 0.975 0 0 0 0 255
0.425 0.975 0 0 0 0 255
0.45 0.975 0 0 0 0 255
0.475 0.975 0 0 0 0 255
0.5 0.975 0 0 0 0 255
-0.5 0.95 0 0 0 0 255
-0.475 0.95 0 0 0 0 255
-0.45 0.95 0 0 0 0 255
-0.425 0.95 0 0 0 0 255
-0.4 0.95 0 0 0 0 255
-0.375 0.95 0 0 0 0 255
-0.35 0.95 0 0 0 0 255
-0.325 0.95 0 0 0 0 255
-0.3 0.95 0 0 0 0 255
-0.275 0.95 0 0 0 0 255
-0.25 0.95 0 0 0 0 255
-0.225 0.95 0 0 0 0 255
-0.2 0.95 0 0 0 0 255
-0.175 0.95 0 0 0 0 255
-0.15 0.95 0 0 0 0 255
-0.125 0.95 0 0 0 0 255
-0.1 0.95 0 0 0 0 255
-0.075 0.95 0 0 0 0 255
-0.05 0.95 0 0 0 0 255
-0.025 0.95 0 0 0 0 255
0 0.95 0 0 0 0 255
0.025 0.95 0 0 0 0 255
0.05 0.95 0 0 0 0 255
0.075 0.95 0 0 0 0 255
0.1 0.95 0 0 0 0 255
0.125 0.95 0 0 0 0 255
0.15 0.95 0 0 0 0 255
0.175 0.95 0 0 0 0 255
0.2 0.95 0 0 0 0 255
0.225 0.95 0 0 0 0 255
0.25 0.95 0 0 0 0 255
0.275 0.95 0 0 0 0 255
0.3 0.95 0 0 0 0 255
0.325 0.95 0 0 0 0 255
0.35 0.95 0 0 0 0 255
0.375 0.95 0 0 0 0 255
0.4 0.95 0 0 0 0 255
0.425 0.95 0 0 0 0 255
0.45 0.95 0 0 0 0 255
0.475 0.95 0 0 0 0 255
0.5 0.95 0 0 0 0 255
-0.5 0.925 0 0 0 0 255
-0.475 0.925 0 0 0 0 255
-0.45 0.925 0 0 0 0 255
-0.425 0.925 0 0 0 0 255
-0.4 0.925 0 0 0 0 255
-0.375 0.925 0 0 0 0 255
-0.35 0.925 0 0 0 0 255
-0.325 0.925 0 0 0 0 255
-0.3 0.925 0 0 0 0 255
-0.275 0.925 0 0 0 0 255
-0.25 0.925 0 0 0 0 255
-0.225 0.925 0 0 0 0 255
-0.2 0.925 0 0 0 0 255
-0.175 0.925 0 0 0 0 255
-0.15 0.925 0 0 0 0 255
-0.125 0.925 0 0 0 0 255
-0.1 0.925 0 0 0 0 255
-0.075 0.925 0 0 0 0 255
-0.05 0.925 0 0 0 0 255
-0.025 0.925 0 0 0 0 255
0 0.925 0 0 0 0 255
0.025 0.925 0 0 0 0 255
0.05 0.925 0 0 0 0 255
0.075 0.925 0 0 0 0 255
0.1 0.925 0 0 0 0 255
0.125 0.925 0 0 0 0 255
0.15 0.925 0 0 0 0 255
0.175 0.925 0 0 0 0 255
0.2 0.925 0 0 0 0 255
0.225 0.925 0 0 0 0 255
0.25 0.925 0 0 0 0 255
0.275 0.925 0 0 0 0 255
0.3 0.925 0 0 0 0 255
0.325 0.925 0 0 0 0 255
0.35 0.925 0 0 0 0 255
0.375 0.925 0 0 0 0 255
0.4 0.925 0 0 0 0 255
0.425 0.925 0 0 0 0 255
0.45 0.925 0 0 0 0 255
0.475 0.925 0 0 0 0 255
0.5 0.925 0 0 0 0 255
-0.5 0.9 0 0 0 0 255
-0.475 0.9 0 0 0 0 255
-0.45 0.9 0 0 0 0 255
-0.425 0.9 0 0 0 0 255
-0.4 0.9 0 0 0 0 255
-0.375 0.9 0 0 0 0 255
-0.35 0.9 0 0 0 0 255
-0.325 0.9 0 0 0 0 255
-0.3 0.9 0 0 0 0 255
-0.275 0.9 0 0 0 0 255
-0.25 0.9 0 0 0 0 255
-0.225 0.9 0 0 0 0 255
-0.2 0.9 0 0 0 0 255
-0.175 0.9 0 0 0 0 255
-0.15 0.9 0 0 0 0 255
-0.125 0.9 0 0 0 0 255
-0.1 0.9 0 0 0 0 255
-0.075 0.9 0 0 0 0 255
-0.05 0.9 0 0 0 0 255
-0.025 0.9 0 0 0 0 255
0 0.9 0 0 0 0 255
0.025 0.9 0 0 0 0 255
0.05 0.9 0 0 0 0 255
0.075 0.9 0 0 0 0 255
0.1 0.9 0 0 0 0 255
0.125 0.9 0 0 0 0 255
0.15 0.9 0 0 0 0 255
0.175 0.9 0 0 0 0 255
0.2 0.9 0 0 0 0 255
0.225 0.9 0 0 0 0 255
0.25 0.9 0 0 0 0 255
0.275 0.9 0 0 0 0 255
0.3 0.9 0 0 0 0 255
0.325 0.9 0 0 0 0 255
0.35 0.9 0 0 0 0 255
0.375 0.9 0 0 0 0 255
0.4 0.9 0 0 0 0 255
0.425 0.9 0 0 0 0 255
0.45 0.9 0 0 0 0 255
0.475 0.9 0 0 0 0 255
0.5 0.9 0 0 0 0 255
-0.5 0.875 0 0 0 0 255
-0.475 0.875 0 0 0 0 255
-0.45 0.875 0 0 0 0 255
-0.425 0.875 0 0 0 0 255
-0.4 0.875 0 0 0 0 255
-0.375 0.875 0 0 0 0 255
-0.35 0.875 0 0 0 0 255
-0.325 0.875 0 0 0 0 255
-0.3 0.875 0 0 0 0 255
-0.275 0.875 0 0 0 0 255
-0.25 0.875 0 0 0 0 255
-0.225 0.875 0 0 0 0 255
-0.2 0.875 0 0 0 0 255
-0.175 0.875 0 0 0 0 255
-0.15 0.875 0 0 0 0 255
-0.125 0.875 0 0 0 0 255
-0.1 0.875 0 0 0 0 255
-0.075 0.875 0 0 0 0 255
-0.05 0.875 0 0 0 0 255
-0.025 0.875 0 0 0 0 255
0 0.875 0 0 0 0 255
0.025 0.875 0 0 0 0 255
0.05 0.875 0 0 0 0 255
0.075 0.875 0 0 0 0 255
0.1 0.875 0 0 0 0 255
0.125 0.875 0 0 0 0 255
0.15 0.875 0 0 0 0 255
0.175 0.875 0 0 0 0 255
0.2 0.875 0 0 0 0 255
0.225 0.875 0 0 0 0 255
0.25 0.875 0 0 0 0 255
0.275 0.875 0 0 0 0 255
0.3 0.875 0 0 0 0 255
0.325 0.875 0 0 0 0 255
0.35 0.875 0 0 0 0 255
0.375 0.875 0 0 0 0 255
0.4 0.875 0 0 0 0 255
0.425 0.875 0 0 0 0 255
0.45 0.875 0 0 0 0 255
0.475 0.875 0 0 0 0 255
0.5 0.875 0 0 0 0 255
-0.5 0.85 0 0 0 0 255
-0.475 0.85 0 0 0 0 255
-0.45 0.85 0 0 0 0 255
-0.425 0.85 0 0 0 0 255
-0.4 0.85 0 0 0 0 255
-0.375 0.85 0 0 0 0 255
-0.35 0.85 0 0 0 0 255
-0.325 0.85 0 0 0 0 255
-0.3 0.85 0 0 0 0 255
-0.275 0.85 0 0 0 0 255
-0.25 0.85 0 0 0 0 255
-0.225 0.85 0 0 0 0 255
-0.2 0.85 0 0 0 0 255
-0.175 0.85 0 0 0 0 255
-0.15 0.85 0 0 0 0 255
-0.125 0.85 0 0 0 0 255
-0.1 0.85 0 0 0 0 255
-0.075 0.85 0 0 0 0 255
-0.05 0.85 0 0 0 0 255
-0.025 0.85 0 0 0 0 255
0 0.85 0 0 0 0 255
0.025 0.85 0 0 0 0 255
0.05 0.85 0 0 0 0 255
0.075 0.85 0 0 0 0 255
0.1 0.85 0 0 0 0 255
0.125 0.85 0 0 0 0 255
0.15 0.85 0 0 0 0 255
0.175 0.85 0 0 0 0 255
0.2 0.85 0 0 0 0 255
0.225 0.85 0 0 0 0 255
0.25 0.85 0 0 0 0 255
0.275 0.85 0 0 0 0 255
0.3 0.85 0 0 0 0 255
0.325 0.85 0 0 0 0 255
0.35 0.85 0 0 0 0 255
0.375 0.85 0 0 0 0 255
0.4 0.85 0 0 0 0 255
0.425 0.85 0 0 0 0 255
0.45 0.85 0 0 0 0 255
0.475 0.85 0 0 0 0 255
0.5 0.85 0 0 0 0 255
-0.5 0.825 0 0 0 0 255
-0.475 0.825 0 0 0 0 255
-0.45 0.825 0 0 0 0 255
-0.425 0.825 0 0 0 0 255
-0.4 0.825 0 0 0 0 255
-0.375 0.825 0 0 0 0 255
-0.35 0.825 0 0 0 0 255
-0.325 0.825 0 0 0 0 255
-0.3 0.825 0 0 0 0 255
-0.275 0.825 0 0 0 0 255
-0.25 0.825 0 0 0 0 255
-0.225 0.825 0 0 0 0 255
-0.2 0.825 0 0 0 0 255
-0.175 0.825 0 0 0 0 255
-0.15 0.825 0 0 0 0 255
-0.125 0.825 0 0 0 0 255
-0.1 0.825 0 0 0 0 255
-0.075 0.825 0 0 0 0 255
-0.05 0.825 0 0 0 0 255
-0.025 0.825 0 0 0 0 255
0 0.825 0 0 0 0 255
0.025 0.825 0 0 0 0 255
0.05 0.825 0 0 0 0 255
0.075 0.825 0 0 0 0 255
0.1 0.825 0 0 0 0 255
0.125 0.825 0 0 0 0 255
0.15 0.825 0 0 0 0 255
0.175 0.825 0 0 0 0 255
0.2 0.825 0 0 0 0 255
0.225 0.825 0 0 0 0 255
0.25 0.825 0 0 0 0 255
0.275 0.825 0 0 0 0 255
0.3 0.825 0 0 0 0 255
0.325 0.825 0 0 0 0 255
0.35 0.825 0 0 0 0 255
0.375 0.825 0 0 0 0 255
0.4 0.825 0 0 0 0 255
0.425 0.825 0 0 0 0 255
0.45 0.825 0 0 0 0 255
0.475 0.825 0 0 0 0 255
0.5 0.825 0 0 0 0 255
-0.5 0.8 0 0 0 0 255
-0.475 0.8 0 0 0 0 255
-0.45 0.8 0 0 0 0 255
-0.425 0.8 0 0 0 0 255
-0.4 0.8 0 0 0 0 255
-0.375 0.8 0 0 0 0 255
-0.35 0.8 0 0 0 0 255
-0.325 0.8 0 0 0 0 255
-0.3 0.8 0 0 0 0 255
-0.275 0.8 0 0 0 0 255
-0.25 0.8 0 0 0 0 255
-0.225 0.8 0 0 0 0 255
-0.2 0.8 0 0 0 0 255
-0.175 0.8 0 0 0 0 255
-0.15 0.8 0 0 0 0 255
-0.125 0.8 0 0 0 0 255
-0.1 0.8 0 0 0 0 255
-0.075 0.8 0 0 0 0 255
-0.05 0.8 0 0 0 0 255
-0.025 0.8 0 0 0 0 255
0 0.8 0 0 0 0 255
0.025 0.8 0 0 0 0 255
0.05 0.8 0 0 0 0 255
0.075 0.8 0 0 0 0 255
0.1 0.8 0 0 0 0 255
0.125 0.8 0 0 0 0 255
0.15 0.8 0 0 0 0 255
0.175 0.8 0 0 0 0 255
0.2 0.8 0 0 0 0 255
0.225 0.8 0 0 0 0 255
0.25 0.8 0 0 0 0 255
0.275 0.8 0 0 0 0 255
0.3 0.8 0 0 0 0 255
0.325 0.8 0 0 0 0 255
0.35 0.8 0 0 0 0 255
0.375 0.8 0 0 0 0 255
0.4 0.8 0 0 0 0 255
0.425 0.8 0 0 0 0 255
0.45 0.8 0 0 0 0 255
0.475 0.8 0 0 0 0 255
0.5 0.8 0 0 0 0 255
-0.5 0.775 0 0 0 0 255
-0.475 0.775 0 0 0 0 255
-0.45 0.775 0 0 0 0 255
-0.425 0.775 0 0 0 0 255
-0.4 0.775 0 0 0 0 255
-0.375 0.775 0 0 0 0 255
-0.35 0.775 0 0 0 0 255
-0.325 0.775 0 0 0 0 255
-0.3 0.775 0 0 0 0 255
-0.275 0.775 0 0 0 0 255
-0.25 0.775 0 0 0 0 255
-0.225 0.775 0 0 0 0 255
-0.2 0.775 0 0 0 0 255
-0.175 0.775 0 0 0 0 255
-0.15 0.775 0 0 0 0 255
-0.125 0.775 0 0 0 0 255
-0.1 0.775 0 0 0 0 255
-0.075 0.775 0 0 0 0 255
-0.05 0.775 0 0 0 0 255
-0.025 0.775 0 0 0 0 255
0 0.775 0 0 0 0 255
0.025 0.775 0 0 0 0 255
0.05 0.775 0 0 0 0 255
0.075 0.775 0 0 0 0 255
0.1 0.775 0 0 0 0 255
0.125 0.775 0 0 0 0 255
0.15 0.775 0 0 0 0 255
0.175 0.775 0 0 0 0 255
0.2 0.775 0 0 0 0 255
0.225 0.775 0 0 0 0 255
0.25 0.775 0 0 0 0 255
0.275 0.775 0 0 0 0 255
0.3 0.775 0 0 0 0 255
0.325 0.775 0 0 0 0 255
0.35 0.775 0 0 0 0 255
0.375 0.775 0 0 0 0 255
0.4 0.775 0 0 0 0 255
0.425 0.775 0 0 0 0 255
0.45 0.775 0 0 0 0 255
0.475 0.775 0 0 0 0 255
0.5 0.775 0 0 0 0 255
-0.5 0.75 0 0 0 0 255
-0.475 0.75 0 0 0 0 255
-0.45 0.75 0 0 0 0 255
-0.425 0.75 0 0 0 0 255
-0.4 0.75 0 0 0 0 255
-0.375 0.75 0 0 0 0 255
-0.35 0.75 0 0 0 0 255
-0.325 0.75 0 0 0 0 255
-0.3 0.75 0 0 0 0 255
-0.275 0.75 0 0 0 0 255
-0.25 0.75 0 0 0 0 255
-0.225 0.75 0 0 0 0 255
-0.2 0.75 0 0 0 0 255
-0.175 0.75 0 0 0 0 255
-0.15 0.75 0 0 0 0 255
-0.125 0.75 0 0 0 0 255
-0.1 0.75 0 0 0 0 255
-0.075 0.75 0 0 0 0 255
-0.05 0.75 0 0 0 0 255
-0.025 0.75 0 0 0 0 255
0 0.75 0 0 0 0 255
0.025 0.75 0 0 0 0 255
0.05 0.75 0 0 0 0 255
0.075 0.75 0 0 0 0 255
0.1 0.75 0 0 0 0 255
0.125 0.75 0 0 0 0 255
0.15 0.75 0 0 0 0 255
0.175 0.75 0 0 0 0 255
0.2 0.75 0 0 0 0 255
0.225 0.75 0 0 0 0 255
0.25 0.75 0 0 0 0 255
0.275 0.75 0 0 0 0 255
0.3 0.75 0 0 0 0 255
0.325 0.75 0 0 0 0 255
0.35 0.75 0 0 0 0 255
0.375 0.75 0 0 0 0 255
0.4 0.75 0 0 0 0 255
0.425 0.75 0 0 0 0 255
0.45 0.75 0 0 0 0 255
0.475 0.75 0 0 0 0 255
0.5 0.75 0 0 0 0 255
-0.5 0.725 0 0 0 0 255
-0.475 0.725 0 0 0 0 255
-0.45 0.725 0 0 0 0 255
-0.425 0.725 0 0 0 0 255
-0.4 0.725 0 0 0 0 255
-0.375 0.725 0 0 0 0 255
-0.35 0.725 0 0 0 0 255
-0.325 0.725 0 0 0 0 255
-0.3 0.725 0 0 0 0 255
-0.275 0.725 0 0 0 0 255
-0.25 0.725 0 0 0 0 255
-0.225 0.725 0 0 0 0 255
-0.2 0.725 0 0 0 0 255
-0.175 0.725 0 0 0 0 255
-0.15 0.725 0 0 0 0 255
-0.125 0.725 0 0 0 0 255
-0.1 0.725 0 0 0 0 255
-0.075 0.725 0 0 0 0 255
-0.05 0.725 0 0 0 0 255
-0.025 0.725 0 0 0 0 255
0 0.725 0 0 0 0 255
0.025 0.725 0 0 0 0 255
0.05 0.725 0 0 0 0 255
0.075 0.725 0 0 0 0 255
0.1 0.725 0 0 0 0 255
0.125 0.725 0 0 0 0 255
0.15 0.725 0 0 0 0 255
0.175 0.725 0 0 0 0 255
0.2 0.725 0 0 0 0 255
0.225 0.725 0 0 0 0 255
0.25 0.725 0 0 0 0 255
0.275 0.725 0 0 0 0 255
0.3 0.725 0 0 0 0 255
0.325 0.725 0 0 0 0 255
0.35 0.725 0 0 0 0 255
0.375 0.725 0 0 0 0 255
0.4 0.725 0 0 0 0 255
0.425 0.725 0 0 0 0 255
0.45 0.725 0 0 0 0 255
0.475 0.725 0 0 0 0 255
0.5 0.725 0 0 0 0 255
-0.5 0.7 0 0 0 0 255
-0.475 0.7 0 0 0 0 255
-0.45 0.7 0 0 0 0 255
-0.425 0.7 0 0 0 0 255
-0.4 0.7 0 0 0 0 255
-0.375 0.7 0 0 0 0 255
-0.35 0.7 0 0 0 0 255
-0.325 0.7 0 0 0 0 255
-0.3 0.7 0 0 0 0 255
-0.275 0.7 0 0 0 0 255
-0.25 0.7 0 0 0 0 255
-0.225 0.7 0 0 0 0 255
-0.2 0.7 0 0 0 0 255
-0.175 0.7 0 0 0 0 255
-0.15 0.7 0 0 0 0 255
-0.125 0.7 0 0 0 0 255
-0.1 0.7 0 0 0 0 255
-0.075 0.7 0 0 0 0 255
-0.05 0.7 0 0 0 0 255
-0.025 0.7 0 0 0 0 255
0 0.7 0 0 0 0 255
0.025 0.7 0 0 0 0 255
0.05 0.7 0 0 0 0 255
0.075 0.7 0 0 0 0 255
0.1 0.7 0 0 0 0 255
0.125 0.7 0 0 0 0 255
0.15 0.7 0 0 0 0 255
0.175 0.7 0 0 0 0 255
0.2 0.7 0 0 0 0 255
0.225 0.7 0 0 0 0 255
0.25 0.7 0 0 0 0 255
0.275 0.7 0 0 0 0 255
0.3 0.7 0 0 0 0 255
0.325 0.7 0 0 0 0 255
0.35 0.7 0 0 0 0 255
0.375 0.7 0 0 0 0 255
0.4 0.7 0 0 0 0 255
0.425 0.7 0 0 0 0 255
0.45 0.7 0 0 0 0 255
0.475 0.7 0 0 0 0 255
0.5 0.7 0 0 0 0 255
-0.5 0.675 0 0 0 0 255
-0.475 0.675 0 0 0 0 255
-0.45 0.675 0 0 0 0 255
-0.425 0.675 0 0 0 0 255
-0.4 0.675 0 0 0 0 255
-0.375 0.675 0 0 0 0 255
-0.35 0.675 0 0 0 0 255
-0.325 0.675 0 0 0 0 255
-0.3 0.675 0 0 0 0 255
-0.275 0.675 0 0 0 0 255
-0.25 0.675 0 0 0 0 255
-0.225 0.675 0 0 0 0 255
-0.2 0.675 0 0 0 0 255
-0.175 0.675 0 0 0 0 255
-0.15 0.675 0 0 0 0 255
-0.125 0.675 0 0 0 0 255
-0.1 0.675 -0.138723 -0.0736526 255 0 0
-0.075 0.675 -0.137597 -0.0545504 255 0 0
-0.05 0.675 -0.136124 -0.0356026 255 0 0
-0.025 0.675 -0.134646 -0.0166577 255 0 0
0 0.675 -0.133169 0.00228657 255 0 0
0.025 0.675 -0.131693 0.0212305 255 0 0
0.05 0.675 -0.130216 0.0401741 255 0 0
0.075 0.675 -0.128754 0.0591216 255 0 0
0.1 0.675 -0.128015 0.0785435 255 0 0
0.125 0.675 0 0 0 0 255
0.15 0.675 0 0 0 0 255
0.175 0.675 0 0 0 0 255
0.2 0.675 0 0 0 0 255
0.225 0.675 0 0 0 0 255
0.25 0.675 0 0 0 0 255
0.275 0.675 0 0 0 0 255
0.3 0.675 0 0 0 0 255
0.325 0.675 0 0 0 0 255
0.35 0.675 0 0 0 0 255
0.375 0.675 0 0 0 0 255
0.4 0.675 0 0 0 0 255
0.425 0.675 0 0 0 0 255
0.45 0.675 0 0 0 0 255
0.475 0.675 0 0 0 0 255
0.5 0.675 0 0 0 0 255
-0.5 0.65 0 0 0 0 255
-0.475 0.65 0 0 0 0 255
-0.45 0.65 0 0 0 0 255
-0.425 0.65 0 0 0 0 255
-0.4 0.65 0 0 0 0 255
-0.375 0.65 0 0 0 0 255
-0.35 0.65 0 0 0 0 255
-0.325 0.65 0 0 0 0 255
-0.3 0.65 0 0 0 0 255
-0.275 0.65 0 0 0 0 255
-0.25 0.65 0 0 0 0 255
-0.225 0.65 0 0 0 0 255
-0.2 0.65 0 0 0 0 255
-0.175 0.65 0 0 0 0 255
-0.15 0.65 0 0 0 0 255
-0.125 0.65 -0.121564 -0.0928332 255 0 0
-0.1 0.65 -0.120024 -0.0738655 255 0 0
-0.075 0.65 -0.118544 -0.0549205 255 0 0
-0.05 0.65 -0.117065 -0.0359758 255 0 0
-0.025 0.65 -0.115587 -0.0170315 255 0 0
0 0.65 -0.11411 0.00191257 255 0 0
0.025 0.65 -0.112633 0.0208564 255 0 0
0.05 0.65 -0.111155 0.0398 255 0 0
0.075 0.65 -0.109678 0.0587435 255 0 0
0.1 0.65 -0.108198 0.0776859 255 0 0
0.125 0.65 -0.106705 0.0966175 255 0 0
0.15 0.65 0 0 0 0 255
0.175 0.65 0 0 0 0 255
0.2 0.65 0 0 0 0 255
0.225 0.65 0 0 0 0 255
0.25 0.65 0 0 0 0 255
0.275 0.65 0 0 0 0 255
0.3 0.65 0 0 0 0 255
0.325 0.65 0 0 0 0 255
0.35 0.65 0 0 0 0 255
0.375 0.65 0 0 0 0 255
0.4 0.65 0 0 0 0 255
0.425 0.65 0 0 0 0 255
0.45 0.65 0 0 0 0 255
0.475 0.65 0 0 0 0 255
0.5 0.65 0 0 0 0 255
-0.5 0.625 0 0 0 0 255
-0.475 0.625 0 0 0 0 255
-0.45 0.625 0 0 0 0 255
-0.425 0.625 0 0 0 0 255
-0.4 0.625 0 0 0 0 255
-0.375 0.625 0 0 0 0 255
-0.35 0.625 0 0 0 0 255
-0.325 0.625 0 0 0 0 255
-0.3 0.625 0 0 0 0 255
-0.275 0.625 0 0 0 0 255
-0.25 0.625 0 0 0 0 255
-0.225 0.625 0 0 0 0 255
-0.2 0.625 0 0 0 0 255
-0.175 0.625 0 0 0 0 255
-0.15 0.625 -0.103977 -0.112172 255 0 0
-0.125 0.625 -0.102444 -0.0931849 255 0 0
-0.1 0.625 -0.100964 -0.0742394 255 0 0
-0.075 0.625 -0.0994847 -0.0552944 255 0 0
-0.05 0.625 -0.0980062 -0.0363498 255 0 0
-0.025 0.625 -0.0965283 -0.0174056 255 0 0
0 0.625 -0.0950506 0.00153826 255 0 0
0.025 0.625 -0.0935731 0.0204818 255 0 0
0.05 0.625 -0.0920955 0.0394252 255 0 0
0.075 0.625 -0.0906175 0.0583683 255 0 0
0.1 0.625 -0.089139 0.0773111 255 0 0
0.125 0.625 -0.08766 0.0962536 255 0 0
0.15 0.625 -0.0861779 0.115192 255 0 0
0.175 0.625 0 0 0 0 255
0.2 0.625 0 0 0 0 255
0.225 0.625 0 0 0 0 255
0.25 0.625 0 0 0 0 255
0.275 0.625 0 0 0 0 255
0.3 0.625 0 0 0 0 255
0.325 0.625 0 0 0 0 255
0.35 0.625 0 0 0 0 255
0.375 0.625 0 0 0 0 255
0.4 0.625 0 0 0 0 255
0.425 0.625 0 0 0 0 255
0.45 0.625 0 0 0 0 255
0.475 0.625 0 0 0 0 255
0.5 0.625 0 0 0 0 255
-0.5 0.6 0 0 0 0 255
-0.475 0.6 0 0 0 0 255
-0.45 0.6 0 0 0 0 255
-0.425 0.6 0 0 0 0 255
-0.4 0.6 0 0 0 0 255
-0.375 0.6 0 0 0 0 255
-0.35 0.6 0 0 0 0 255
-0.325 0.6 0 0 0 0 255
-0.3 0.6 0 0 0 0 255
-0.275 0.6 0 0 0 0 255
-0.25 0.6 0 0 0 0 255
-0.225 0.6 0 0 0 0 255
-0.2 0.6 0 0 0 0 255
-0.175 0.6 -0.0867647 -0.132296 255 0 0
-0.15 0.6 -0.0848635 -0.112505 255 0 0
-0.125 0.6 -0.0833837 -0.0935585 255 0 0
-0.1 0.6 -0.0819044 -0.0746133 255 0 0
-0.075 0.6 -0.0804256 -0.0556684 255 0 0
-0.05 0.6 -0.0789472 -0.036724 255 0 0
-0.025 0.6 -0.0774692 -0.01778 255 0 0
0 0.6 -0.0759915 0.00116369 255 0 0
0.025 0.6 -0.0745139 0.0201071 255 0 0
0.05 0.6 -0.0730361 0.0390502 255 0 0
0.075 0.6 -0.0715582 0.0579932 255 0 0
0.1 0.6 -0.0700799 0.0769361 255 0 0
0.125 0.6 -0.0686014 0.0958791 255 0 0
0.15 0.6 -0.0671227 0.114822 255 0 0
0.175 0.6 -0.0660717 0.134535 255 0 0
0.2 0.6 0 0 0 0 255
0.225 0.6 0 0 0 0 255
0.25 0.6 0 0 0 0 255
0.275 0.6 0 0 0 0 255
0.3 0.6 0 0 0 0 255
0.325 0.6 0 0 0 0 255
0.35 0.6 0 0 0 0 255
0.375 0.6 0 0 0 0 255
0.4 0.6 0 0 0 0 255
0.425 0.6 0 0 0 0 255
0.45 0.6 0 0 0 0 255
0.475 0.6 0 0 0 0 255
0.5 0.6 0 0 0 0 255
-0.5 0.575 0 0 0 0 255
-0.475 0.575 0 0 0 0 255
-0.45 0.575 0 0 0 0 255
-0.425 0.575 0 0 0 0 255
-0.4 0.575 0 0 0 0 255
-0.375 0.575 0 0 0 0 255
-0.35 0.575 0 0 0 0 255
-0.325 0.575 0 0 0 0 255
-0.3 0.575 0 0 0 0 255
-0.275 0.575 0 0 0 0 255
-0.25 0.575 0 0 0 0 255
-0.225 0.575 0 0 0 0 255
-0.2 0.575 0 0 0 0 255
-0.175 0.575 -0.0672812 -0.13183 255 0 0
-0.15 0.575 -0.0658028 -0.112878 255 0 0
-0.125 0.575 -0.0643239 -0.0939322 255 0 0
-0.1 0.575 -0.062845 -0.0749873 255 0 0
-0.075 0.575 -0.0613664 -0.0560427 255 0 0
-0.05 0.575 -0.0598883 -0.0370985 255 0 0
-0.025 0.575 -0.0584104 -0.0181547 255 0 0
0 0.575 -0.0569326 0.000788791 255 0 0
0.025 0.575 -0.055455 0.019732 255 0 0
0.05 0.575 -0.0539772 0.038675 255 0 0
0.075 0.575 -0.0524992 0.057618 255 0 0
0.1 0.575 -0.0510209 0.0765609 255 0 0
0.125 0.575 -0.0495425 0.095504 255 0 0
0.15 0.575 -0.048064 0.114448 255 0 0
0.175 0.575 -0.0465878 0.133406 255 0 0
0.2 0.575 0 0 0 0 255
0.225 0.575 0 0 0 0 255
0.25 0.575 0 0 0 0 255
0.275 0.575 0 0 0 0 255
0.3 0.575 0 0 0 0 255
0.325 0.575 0 0 0 0 255
0.35 0.575 0 0 0 0 255
0.375 0.575 0 0 0 0 255
0.4 0.575 0 0 0 0 255
0.425 0.575 0 0 0 0 255
0.45 0.575 0 0 0 0 255
0.475 0.575 0 0 0 0 255
0.5 0.575 0 0 0 0 255
-0.5 0.55 0 0 0 0 255
-0.475 0.55 0 0 0 0 255
-0.45 0.55 0 0 0 0 255
-0.425 0.55 0 0 0 0 255
-0.4 0.55 0 0 0 0 255
-0.375 0.55 0 0 0 0 255
-0.35 0.55 0 0 0 0 255
-0.325 0.55 0 0 0 0 255
-0.3 0.55 0 0 0 0 255
-0.275 0.55 0 0 0 0 255
-0.25 0.55 0 0 0 0 255
-0.225 0.55 0 0 0 0 255
-0.2 0.55 0 0 0 0 255
-0.175 0.55 -0.0482214 -0.132195 255 0 0
-0.15 0.55 -0.0467429 -0.113251 255 0 0
-0.125 0.55 -0.0452643 -0.094306 255 0 0
-0.1 0.55 -0.0437858 -0.0753615 255 0 0
-0.075 0.55 -0.0423075 -0.0564172 255 0 0
-0.05 0.55 -0.0408295 -0.0374733 255 0 0
-0.025 0.55 -0.0393517 -0.0185297 255 0 0
0 0.55 -0.037874 0.000413553 255 0 0
0.025 0.55 -0.0363963 0.0193566 255 0 0
0.05 0.55 -0.0349185 0.0382995 255 0 0
0.075 0.55 -0.0334404 0.0572424 255 0 0
0.1 0.55 -0.0319621 0.0761852 255 0 0
0.125 0.55 -0.0304834 0.0951283 255 0 0
0.15 0.55 -0.0290046 0.114072 255 0 0
0.175 0.55 -0.0275251 0.133016 255 0 0
0.2 0.55 0 0 0 0 255
0.225 0.55 0 0 0 0 255
0.25 0.55 0 0 0 0 255
0.275 0.55 0 0 0 0 255
0.3 0.55 0 0 0 0 255
0.325 0.55 0 0 0 0 255
0.35 0.55 0 0 0 0 255
0.375 0.55 0 0 0 0 255
0.4 0.55 0 0 0 0 255
0.425 0.55 0 0 0 0 255
0.45 0.55 0 0 0 0 255
0.475 0.55 0 0 0 0 255
0.5 0.55 0 0 0 0 255
-0.5 0.525 0 0 0 0 255
-0.475 0.525 0 0 0 0 255
-0.45 0.525 0 0 0 0 255
-0.425 0.525 0 0 0 0 255
-0.4 0.525 0 0 0 0 255
-0.375 0.525 0 0 0 0 255
-0.35 0.525 0 0 0 0 255
-0.325 0.525 0 0 0 0 255
-0.3 0.525 0 0 0 0 255
-0.275 0.525 0 0 0 0 255
-0.25 0.525 0 0 0 0 255
-0.225 0.525 0 0 0 0 255
-0.2 0.525 0 0 0 0 255
-0.175 0.525 -0.029162 -0.132569 255 0 0
-0.15 0.525 -0.0276836 -0.113624 255 0 0
-0.125 0.525 -0.0262052 -0.0946802 255 0 0
-0.1 0.525 -0.0247269 -0.075736 255 0 0
-0.075 0.525 -0.0232489 -0.0567921 255 0 0
-0.05 0.525 -0.021771 -0.0378485 255 0 0
-0.025 0.525 -0.0202933 -0.0189051 255 0 0
0 0.525 -0.0188156 3.80082e-05 255 0 0
0.025 0.525 -0.0173378 0.0189809 255 0 0
0.05 0.525 -0.0158599 0.0379238 255 0 0
0.075 0.525 -0.0143817 0.0568665 255 0 0
0.1 0.525 -0.0129032 0.0758093 255 0 0
0.125 0.525 -0.0114243 0.0947522 255 0 0
0.15 0.525 -0.00994527 0.113695 255 0 0
0.175 0.525 -0.00846576 0.132639 255 0 0
0.2 0.525 0 0 0 0 255
0.225 0.525 0 0 0 0 255
0.25 0.525 0 0 0 0 255
0.275 0.525 0 0 0 0 255
0.3 0.525 0 0 0 0 255
0.325 0.525 0 0 0 0 255
0.35 0.525 0 0 0 0 255
0.375 0.525 0 0 0 0 255
0.4 0.525 0 0 0 0 255
0.425 0.525 0 0 0 0 255
0.45 0.525 0 0 0 0 255
0.475 0.525 0 0 0 0 255
0.5 0.525 0 0 0 0 255
-0.5 0.5 0 0 0 0 255
-0.475 0.5 0 0 0 0 255
-0.45 0.5 0 0 0 0 255
-0.425 0.5 0 0 0 0 255
-0.4 0.5 0 0 0 0 255
-0.375 0.5 0 0 0 0 255
-0.35 0.5 0 0 0 0 255
-0.325 0.5 0 0 0 0 255
-0.3 0.5 0 0 0 0 255
-0.275 0.5 0 0 0 0 255
-0.25 0.5 0 0 0 0 255
-0.225 0.5 0 0 0 0 255
-0.2 0.5 0 0 0 0 255
-0.175 0.5 -0.0101029 -0.132943 255 0 0
-0.15 0.5 -0.00862463 -0.113999 255 0 0
-0.125 0.5 -0.00714644 -0.0950548 255 0 0
-0.1 0.5 -0.00566835 -0.0761109 255 0 0
-0.075 0.5 -0.00419043 -0.0571673 255 0 0
-0.05 0.5 -0.00271264 -0.0382239 255 0 0
-0.025 0.5 -0.00123494 -0.0192807 255 0 0
0 0.5 0.000242786 -0.00033777 255 0 0
0.025 0.5 0.00172064 0.0186051 255 0 0
0.05 0.5 0.00319872 0.0375478 255 0 0
0.075 0.5 0.00467711 0.0564905 255 0 0
0.1 0.5 0.00615582 0.0754333 255 0 0
0.125 0.5 0.00763486 0.094376 255 0 0
0.15 0.5 0.00911417 0.113319 255 0 0
0.175 0.5 0.0105938 0.132262 255 0 0
0.2 0.5 0 0 0 0 255
0.225 0.5 0 0 0 0 255
0.25 0.5 0 0 0 0 255
0.275 0.5 0 0 0 0 255
0.3 0.5 0 0 0 0 255
0.325 0.5 0 0 0 0 255
0.35 0.5 0 0 0 0 255
0.375 0.5 0 0 0 0 255
0.4 0.5 0 0 0 0 255
0.425 0.5 0 0 0 0 255
0.45 0.5 0 0 0 0 255
0.475 0.5 0 0 0 0 255
0.5 0.5 0 0 0 0 255
-0.5 0.475 0 0 0 0 255
-0.475 0.475 0 0 0 0 255
-0.45 0.475 0 0 0 0 255
-0.425 0.475 0 0 0 0 255
-0.4 0.475 0 0 0 0 255
-0.375 0.475 0 0 0 0 255
-0.35 0.475 0 0 0 0 255
-0.325 0.475 0 0 0 0 255
-0.3 0.475 0 0 0 0 255
-0.275 0.475 0 0 0 0 255
-0.25 0.475 0 0 0 0 255
-0.225 0.475 0 0 0 0 255
-0.2 0.475 0 0 0 0 255
-0.175 0.475 0.00895582 -0.133317 255 0 0
-0.15 0.475 0.010434 -0.114374 255 0 0
-0.125 0.475 0.0119121 -0.0954298 255 0 0
-0.1 0.475 0.01339 -0.0764862 255 0 0
-0.075 0.475 0.0148679 -0.0575428 255 0 0
-0.05 0.475 0.0163456 -0.0385996 255 0 0
-0.025 0.475 0.0178233 -0.0196565 255 0 0
0 0.475 0.0193012 -0.000713678 255 0 0
0.025 0.475 0.0207792 0.0182291 255 0 0
0.05 0.475 0.0222574 0.0371718 255 0 0
0.075 0.475 0.0237361 0.0561145 255 0 0
0.1 0.475 0.025215 0.0750572 255 0 0
0.125 0.475 0.0266943 0.0939999 255 0 0
0.15 0.475 0.0281738 0.112942 255 0 0
0.175 0.475 0.0296536 0.131885 255 0 0
0.2 0.475 0 0 0 0 255
0.225 0.475 0 0 0 0 255
0.25 0.475 0 0 0 0 255
0.275 0.475 0 0 0 0 255
0.3 0.475 0 0 0 0 255
0.325 0.475 0 0 0 0 255
0.35 0.475 0 0 0 0 255
0.375 0.475 0 0 0 0 255
0.4 0.475 0 0 0 0 255
0.425 0.475 0 0 0 0 255
0.45 0.475 0 0 0 0 255
0.475 0.475 0 0 0 0 255
0.5 0.475 0 0 0 0 255
-0.5 0.45 0 0 0 0 255
-0.475 0.45 0 0 0 0 255
-0.45 0.45 0 0 0 0 255
-0.425 0.45 0 0 0 0 255
-0.4 0.45 0 0 0 0 255
-0.375 0.45 0 0 0 0 255
-0.35 0.45 0 0 0 0 255
-0.325 0.45 0 0 0 0 255
-0.3 0.45 0 0 0 0 255
-0.275 0.45 0 0 0 0 255
-0.25 0.45 0 0 0 0 255
-0.225 0.45 0 0 0 0 255
-0.2 0.45 0 0 0 0 255
-0.175 0.45 0.0280142 -0.133692 255 0 0
-0.15 0.45 0.0294924 -0.114749 255 0 0
-0.125 0.45 0.0309704 -0.095805 255 0 0
-0.1 0.45 0.0324483 -0.0768616 255 0 0
-0.075 0.45 0.0339261 -0.0579184 255 0 0
-0.05 0.45 0.0354039 -0.0389753 255 0 0
-0.025 0.45 0.0368817 -0.0200324 255 0 0
0 0.45 0.0383597 -0.00108961 255 0 0
0.025 0.45 0.0398379 0.0178532 255 0 0
0.05 0.45 0.0413164 0.0367959 255 0 0
0.075 0.45 0.0427953 0.0557387 255 0 0
0.1 0.45 0.0442745 0.0746814 255 0 0
0.125 0.45 0.045754 0.093624 255 0 0
0.15 0.45 0.0472337 0.112566 255 0 0
0.175 0.45 0.048714 0.131508 255 0 0
0.2 0.45 0 0 0 0 255
0.225 0.45 0 0 0 0 255
0.25 0.45 0 0 0 0 255
0.275 0.45 0 0 0 0 255
0.3 0.45 0 0 0 0 255
0.325 0.45 0 0 0 0 255
0.35 0.45 0 0 0 0 255
0.375 0.45 0 0 0 0 255
0.4 0.45 0 0 0 0 255
0.425 0.45 0 0 0 0 255
0.45 0.45 0 0 0 0 255
0.475 0.45 0 0 0 0 255
0.5 0.45 0 0 0 0 255
-0.5 0.425 0 0 0 0 255
-0.475 0.425 0 0 0 0 255
-0.45 0.425 0 0 0 0 255
-0.425 0.425 0 0 0 0 255
-0.4 0.425 0 0 0 0 255
-0.375 0.425 0 0 0 0 255
-0.35 0.425 0 0 0 0 255
-0.325 0.425 0 0 0 0 255
-0.3 0.425 0 0 0 0 255
-0.275 0.425 0 0 0 0 255
-0.25 0.425 0 0 0 0 255
-0.225 0.425 0 0 0 0 255
-0.2 0.425 0 0 0 0 255
-0.175 0.425 0.0470719 -0.134068 255 0 0
-0.15 0.425 0.0485507 -0.115124 255 0 0
-0.125 0.425 0.0500287 -0.0961804 255 0 0
-0.1 0.425 0.0515066 -0.0772372 255 0 0
-0.075 0.425 0.0529844 -0.0582941 255 0 0
-0.05 0.425 0.0544622 -0.0393511 255 0 0
-0.025 0.425 0.0559402 -0.0204083 255 0 0
0 0.425 0.0574184 -0.00146546 255 0 0
0.025 0.425 0.0588968 0.0174774 255 0 0
0.05 0.425 0.0603757 0.0364202 255 0 0
0.075 0.425 0.0618549 0.0553631 255 0 0
0.1 0.425 0.0633344 0.074306 255 0 0
0.125 0.425 0.0648141 0.0932487 255 0 0
0.15 0.425 0.066294 0.112191 255 0 0
0.175 0.425 0.0677777 0.131125 255 0 0
0.2 0.425 0 0 0 0 255
0.225 0.425 0 0 0 0 255
0.25 0.425 0 0 0 0 255
0.275 0.425 0 0 0 0 255
0.3 0.425 0 0 0 0 255
0.325 0.425 0 0 0 0 255
0.35 0.425 0 0 0 0 255
0.375 0.425 0 0 0 0 255
0.4 0.425 0 0 0 0 255
0.425 0.425 0 0 0 0 255
0.45 0.425 0 0 0 0 255
0.475 0.425 0 0 0 0 255
0.5 0.425 0 0 0 0 255
-0.5 0.4 0 0 0 0 255
-0.475 0.4 0 0 0 0 255
-0.45 0.4 0 0 0 0 255
-0.425 0.4 0 0 0 0 255
-0.4 0.4 0 0 0 0 255
-0.375 0.4 0 0 0 0 255
-0.35 0.4 0 0 0 0 255
-0.325 0.4 0 0 0 0 255
-0.3 0.4 0 0 0 0 255
-0.275 0.4 0 0 0 0 255
-0.25 0.4 0 0 0 0 255
-0.225 0.4 0 0 0 0 255
-0.2 0.4 0 0 0 0 255
-0.175 0.4 0.0660923 -0.13444 255 0 0
-0.15 0.4 0.067609 -0.115499 255 0 0
-0.125 0.4 0.069087 -0.0965559 255 0 0
-0.1 0.4 0.0705649 -0.0776127 255 0 0
-0.075 0.4 0.0720428 -0.0586697 255 0 0
-0.05 0.4 0.0735208 -0.0397268 255 0 0
-0.025 0.4 0.0749989 -0.020784 255 0 0
0 0.4 0.0764773 -0.00184116 255 0 0
0.025 0.4 0.0779561 0.0171017 255 0 0
0.05 0.4 0.0794353 0.0360448 255 0 0
0.075 0.4 0.0809149 0.0549879 255 0 0
0.1 0.4 0.0823948 0.073931 255 0 0
0.125 0.4 0.0838747 0.0928741 255 0 0
0.15 0.4 0.0853546 0.111817 255 0 0
0.175 0.4 0.0869788 0.130327 255 0 0
0.2 0.4 0 0 0 0 255
0.225 0.4 0 0 0 0 255
0.25 0.4 0 0 0 0 255
0.275 0.4 0 0 0 0 255
0.3 0.4 0 0 0 0 255
0.325 0.4 0 0 0 0 255
0.35 0.4 0 0 0 0 255
0.375 0.4 0 0 0 0 255
0.4 0.4 0 0 0 0 255
0.425 0.4 0 0 0 0 255
0.45 0.4 0 0 0 0 255
0.475 0.4 0 0 0 0 255
0.5 0.4 0 0 0 0 255
-0.5 0.375 0 0 0 0 255
-0.475 0.375 0 0 0 0 255
-0.45 0.375 0 0 0 0 255
-0.425 0.375 0 0 0 0 255
-0.4 0.375 0 0 0 0 255
-0.375 0.375 0 0 0 0 255
-0.35 0.375 0 0 0 0 255
-0.325 0.375 0 0 0 0 255
-0.3 0.375 0 0 0 0 255
-0.275 0.375 0 0 0 0 255
-0.25 0.375 0 0 0 0 255
-0.225 0.375 0 0 0 0 255
-0.2 0.375 0 0 0 0 255
-0.175 0.375 0 0 0 0 255
-0.15 0.375 0.0866682 -0.115877 255 0 0
-0.125 0.375 0.0881454 -0.0969313 255 0 0
-0.1 0.375 0.0896234 -0.0779882 255 0 0
-0.075 0.375 0.0911014 -0.0590453 255 0 0
-0.05 0.375 0.0925795 -0.0401024 255 0 0
-0.025 0.375 0.0940578 -0.0211596 255 0 0
0 0.375 0.0955365 -0.0022167 255 0 0
0.025 0.375 0.0970156 0.0167263 255 0 0
0.05 0.375 0.0984952 0.0356695 255 0 0
0.075 0.375 0.0999753 0.0546129 255 0 0
0.1 0.375 0.101456 0.0735564 255 0 0
0.125 0.375 0.102936 0.0925002 255 0 0
0.15 0.375 0.104449 0.111509 255 0 0
0.175 0.375 0 0 0 0 255
0.2 0.375 0 0 0 0 255
0.225 0.375 0 0 0 0 255
0.25 0.375 0 0 0 0 255
0.275 0.375 0 0 0 0 255
0.3 0.375 0 0 0 0 255
0.325 0.375 0 0 0 0 255
0.35 0.375 0 0 0 0 255
0.375 0.375 0 0 0 0 255
0.4 0.375 0 0 0 0 255
0.425 0.375 0 0 0 0 255
0.45 0.375 0 0 0 0 255
0.475 0.375 0 0 0 0 255
0.5 0.375 0 0 0 0 255
-0.5 0.35 0 0 0 0 255
-0.475 0.35 0 0 0 0 255
-0.45 0.35 0 0 0 0 255
-0.425 0.35 0 0 0 0 255
-0.4 0.35 0 0 0 0 255
-0.375 0.35 0 0 0 0 255
-0.35 0.35 0 0 0 0 255
-0.325 0.35 0 0 0 0 255
-0.3 0.35 0 0 0 0 255
-0.275 0.35 0 0 0 0 255
-0.25 0.35 0 0 0 0 255
-0.225 0.35 0 0 0 0 255
-0.2 0.35 0 0 0 0 255
-0.175 0.35 0 0 0 0 255
-0.15 0.35 0 0 0 0 255
-0.125 0.35 0.107204 -0.0973022 255 0 0
-0.1 0.35 0.108682 -0.0783636 255 0 0
-0.075 0.35 0.11016 -0.0594208 255 0 0
-0.05 0.35 0.111638 -0.040478 255 0 0
-0.025 0.35 0.113117 -0.0215351 255 0 0
0 0.35 0.114596 -0.00259212 255 0 0
0.025 0.35 0.116075 0.016351 255 0 0
0.05 0.35 0.117555 0.0352944 255 0 0
0.075 0.35 0.119036 0.054238 255 0 0
0.1 0.35 0.120517 0.073182 255 0 0
0.125 0.35 0.122045 0.0921617 255 0 0
0.15 0.35 0 0 0 0 255
0.175 0.35 0 0 0 0 255
0.2 0.35 0 0 0 0 255
0.225 0.35 0 0 0 0 255
0.25 0.35 0 0 0 0 255
0.275 0.35 0 0 0 0 255
0.3 0.35 0 0 0 0 255
0.325 0.35 0 0 0 0 255
0.35 0.35 0 0 0 0 255
0.375 0.35 0 0 0 0 255
0.4 0.35 0 0 0 0 255
0.425 0.35 0 0 0 0 255
0.45 0.35 0 0 0 0 255
0.475 0.35 0 0 0 0 255
0.5 0.35 0 0 0 0 255
-0.5 0.325 0 0 0 0 255
-0.475 0.325 0 0 0 0 255
-0.45 0.325 0 0 0 0 255
-0.425 0.325 0 0 0 0 255
-0.4 0.325 0 0 0 0 255
-0.375 0.325 0 0 0 0 255
-0.35 0.325 0 0 0 0 255
-0.325 0.325 0 0 0 0 255
-0.3 0.325 0 0 0 0 255
-0.275 0.325 0 0 0 0 255
-0.25 0.325 0 0 0 0 255
-0.225 0.325 0 0 0 0 255
-0.2 0.325 0 0 0 0 255
-0.175 0.325 0 0 0 0 255
-0.15 0.325 0 0 0 0 255
-0.125 0.325 0 0 0 0 255
-0.1 0.325 0.127777 -0.078691 255 0 0
-0.075 0.325 0.12922 -0.0597954 255 0 0
-0.05 0.325 0.130698 -0.0408533 255 0 0
-0.025 0.325 0.132176 -0.0219105 255 0 0
0 0.325 0.133655 -0.00296748 255 0 0
0.025 0.325 0.135135 0.0159758 255 0 0
0.05 0.325 0.136615 0.0349192 255 0 0
0.075 0.325 0.138105 0.0538626 255 0 0
0.1 0.325 0.140587 0.0731694 255 0 0
0.125 0.325 0 0 0 0 255
0.15 0.325 0 0 0 0 255
0.175 0.325 0 0 0 0 255
0.2 0.325 0 0 0 0 255
0.225 0.325 0 0 0 0 255
0.25 0.325 0 0 0 0 255
0.275 0.325 0 0 0 0 255
0.3 0.325 0 0 0 0 255
0.325 0.325 0 0 0 0 255
0.35 0.325 0 0 0 0 255
0.375 0.325 0 0 0 0 255
0.4 0.325 0 0 0 0 255
0.425 0.325 0 0 0 0 255
0.45 0.325 0 0 0 0 255
0.475 0.325 0 0 0 0 255
0.5 0.325 0 0 0 0 255
-0.5 0.3 0 0 0 0 255
-0.475 0.3 0 0 0 0 255
-0.45 0.3 0 0 0 0 255
-0.425 0.3 0 0 0 0 255
-0.4 0.3 0 0 0 0 255
-0.375 0.3 0 0 0 0 255
-0.35 0.3 0 0 0 0 255
-0.325 0.3 0 0 0 0 255
-0.3 0.3 0 0 0 0 255
-0.275 0.3 0 0 0 0 255
-0.25 0.3 0 0 0 0 255
-0.225 0.3 0 0 0 0 255
-0.2 0.3 0 0 0 0 255
-0.175 0.3 0 0 0 0 255
-0.15 0.3 0 0 0 0 255
-0.125 0.3 0 0 0 0 255
-0.1 0.3 0 0 0 0 255
-0.075 0.3 0 0 0 0 255
-0.05 0.3 0 0 0 0 255
-0.025 0.3 0 0 0 0 255
0 0.3 0 0 0 0 255
0.025 0.3 0 0 0 0 255
0.05 0.3 0 0 0 0 255
0.075 0.3 0 0 0 0 255
0.1 0.3 0 0 0 0 255
0.125 0.3 0 0 0 0 255
0.15 0.3 0 0 0 0 255
0.175 0.3 0 0 0 0 255
0.2 0.3 0 0 0 0 255
0.225 0.3 0 0 0 0 255
0.25 0.3 0 0 0 0 255
0.275 0.3 0 0 0 0 255
0.3 0.3 0 0 0 0 255
0.325 0.3 0 0 0 0 255
0.35 0.3 0 0 0 0 255
0.375 0.3 0 0 0 0 255
0.4 0.3 0 0 0 0 255
0.425 0.3 0 0 0 0 255
0.45 0.3 0 0 0 0 255
0.475 0.3 0 0 0 0 255
0.5 0.3 0 0 0 0 255
-0.5 0.275 0 0 0 0 255
-0.475 0.275 0 0 0 0 255
-0.45 0.275 0 0 0 0 255
-0.425 0.275 0 0 0 0 255
-0.4 0.275 0 0 0 0 255
-0.375 0.275 0 0 0 0 255
-0.35 0.275 0 0 0 0 255
-0.325 0.275 0 0 0 0 255
-0.3 0.275 0 0 0 0 255
-0.275 0.275 0 0 0 0 255
-0.25 0.275 0 0 0 0 255
-0.225 0.275 0 0 0 0 255
-0.2 0.275 0 0 0 0 255
-0.175 0.275 0 0 0 0 255
-0.15 0.275 0 0 0 0 255
-0.125 0.275 0 0 0 0 255
-0.1 0.275 0 0 0 0 255
-0.075 0.275 0 0 0 0 255
-0.05 0.275 0 0 0 0 255
-0.025 0.275 0 0 0 0 255
0 0.275 0 0 0 0 255
0.025 0.275 0 0 0 0 255
0.05 0.275 0 0 0 0 255
0.075 0.275 0 0 0 0 255
0.1 0.275 0 0 0 0 255
0.125 0.275 0 0 0 0 255
0.15 0.275 0 0 0 0 255
0.175 0.275 0 0 0 0 255
0.2 0.275 0 0 0 0 255
0.225 0.275 0 0 0 0 255
0.25 0.275 0 0 0 0 255
0.275 0.275 0 0 0 0 255
0.3 0.275 0 0 0 0 255
0.325 0.275 0 0 0 0 255
0.35 0.275 0 0 0 0 255
0.375 0.275 0 0 0 0 255
0.4 0.275 0 0 0 0 255
0.425 0.275 0 0 0 0 255
0.45 0.275 0 0 0 0 255
0.475 0.275 0 0 0 0 255
0.5 0.275 0 0 0 0 255
-0.5 0.25 0 0 0 0 255
-0.475 0.25 0 0 0 0 255
-0.45 0.25 0 0 0 0 255
-0.425 0.25 0 0 0 0 255
-0.4 0.25 0 0 0 0 255
-0.375 0.25 0 0 0 0 255
-0.35 0.25 0 0 0 0 255
-0.325 0.25 0 0 0 0 255
-0.3 0.25 0 0 0 0 255
-0.275 0.25 0 0 0 0 255
-0.25 0.25 0 0 0 0 255
-0.225 0.25 0 0 0 0 255
-0.2 0.25 0 0 0 0 255
-0.175 0.25 0 0 0 0 255
-0.15 0.25 0 0 0 0 255
-0.125 0.25 0 0 0 0 255
-0.1 0.25 0 0 0 0 255
-0.075 0.25 0 0 0 0 255
-0.05 0.25 0 0 0 0 255
-0.025 0.25 0 0 0 0 255
0 0.25 0 0 0 0 255
0.025 0.25 0 0 0 0 255
0.05 0.25 0 0 0 0 255
0.075 0.25 0 0 0 0 255
0.1 0.25 0 0 0 0 255
0.125 0.25 0 0 0 0 255
0.15 0.25 0 0 0 0 255
0.175 0.25 0 0 0 0 255
0.2 0.25 0 0 0 0 255
0.225 0.25 0 0 0 0 255
0.25 0.25 0 0 0 0 255
0.275 0.25 0 0 0 0 255
0.3 0.25 0 0 0 0 255
0.325 0.25 0 0 0 0 255
0.35 0.25 0 0 0 0 255
0.375 0.25 0 0 0 0 255
0.4 0.25 0 0 0 0 255
0.425 0.25 0 0 0 0 255
0.45 0.25 0 0 0 0 255
0.475 0.25 0 0 0 0 255
0.5 0.25 0 0 0 0 255
-0.5 0.225 0 0 0 0 255
-0.475 0.225 0 0 0 0 255
-0.45 0.225 0 0 0 0 255
-0.425 0.225 0 0 0 0 255
-0.4 0.225 0 0 0 0 255
-0.375 0.225 0 0 0 0 255
-0.35 0.225 0 0 0 0 255
-0.325 0.225 0 0 0 0 255
-0.3 0.225 0 0 0 0 255
-0.275 0.225 0 0 0 0 255
-0.25 0.225 0 0 0 0 255
-0.225 0.225 0 0 0 0 255
-0.2 0.225 0 0 0 0 255
-0.175 0.225 0 0 0 0 255
-0.15 0.225 0 0 0 0 255
-0.125 0.225 0 0 0 0 255
-0.1 0.225 0 0 0 0 255
-0.075 0.225 0 0 0 0 255
-0.05 0.225 0 0 0 0 255
-0.025 0.225 0 0 0 0 255
0 0.225 0 0 0 0 255
0.025 0.225 0 0 0 0 255
0.05 0.225 0 0 0 0 255
0.075 0.225 0 0 0 0 255
0.1 0.225 0 0 0 0 255
0.125 0.225 0 0 0 0 255
0.15 0.225 0 0 0 0 255
0.175 0.225 0 0 0 0 255
0.2 0.225 0 0 0 0 255
0.225 0.225 0 0 0 0 255
0.25 0.225 0 0 0 0 255
0.275 0.225 0 0 0 0 255
0.3 0.225 0 0 0 0 255
0.325 0.225 0 0 0 0 255
0.35 0.225 0 0 0 0 255
0.375 0.225 0 0 0 0 255
0.4 0.225 0 0 0 0 255
0.425 0.225 0 0 0 0 255
0.45 0.225 0 0 0 0 255
0.475 0.225 0 0 0 0 255
0.5 0.225 0 0 0 0 255
-0.5 0.2 0 0 0 0 255
-0.475 0.2 0 0 0 0 255
-0.45 0.2 0 0 0 0 255
-0.425 0.2 0 0 0 0 255
-0.4 0.2 0 0 0 0 255
-0.375 0.2 0 0 0 0 255
-0.35 0.2 0 0 0 0 255
-0.325 0.2 0 0 0 0 255
-0.3 0.2 0 0 0 0 255
-0.275 0.2 0 0 0 0 255
-0.25 0.2 0 0 0 0 255
-0.225 0.2 0 0 0 0 255
-0.2 0.2 0 0 0 0 255
-0.175 0.2 0 0 0 0 255
-0.15 0.2 0 0 0 0 255
-0.125 0.2 0 0 0 0 255
-0.1 0.2 0 0 0 0 255
-0.075 0.2 0 0 0 0 255
-0.05 0.2 0 0 0 0 255
-0.025 0.2 0 0 0 0 255
0 0.2 0 0 0 0 255
0.025 0.2 0 0 0 0 255
0.05 0.2 0 0 0 0 255
0.075 0.2 0 0 0 0 255
0.1 0.2 0 0 0 0 255
0.125 0.2 0 0 0 0 255
0.15 0.2 0 0 0 0 255
0.175 0.2 0 0 0 0 255
0.2 0.2 0 0 0 0 255
0.225 0.2 0 0 0 0 255
0.25 0.2 0 0 0 0 255
0.275 0.2 0 0 0 0 255
0.3 0.2 0 0 0 0 255
0.325 0.2 0 0 0 0 255
0.35 0.2 0 0 0 0 255
0.375 0.2 0 0 0 0 255
0.4 0.2 0 0 0 0 255
0.425 0.2 0 0 0 0 255
0.45 0.2 0 0 0 0 255
0.475 0.2 0 0 0 0 255
0.5 0.2 0 0 0 0 255
-0.5 0.175 0 0 0 0 255
-0.475 0.175 0 0 0 0 255
-0.45 0.175 0 0 0 0 255
-0.425 0.175 0 0 0 0 255
-0.4 0.175 0 0 0 0 255
-0.375 0.175 0 0 0 0 255
-0.35 0.175 0 0 0 0 255
-0.325 0.175 0 0 0 0 255
-0.3 0.175 0 0 0 0 255
-0.275 0.175 0 0 0 0 255
-0.25 0.175 0 0 0 0 255
-0.225 0.175 0 0 0 0 255
-0.2 0.175 0 0 0 0 255
-0.175 0.175 0 0 0 0 255
-0.15 0.175 0 0 0 0 255
-0.125 0.175 0 0 0 0 255
-0.1 0.175 0 0 0 0 255
-0.075 0.175 0 0 0 0 255
-0.05 0.175 0 0 0 0 255
-0.025 0.175 0 0 0 0 255
0 0.175 0 0 0 0 255
0.025 0.175 0 0 0 0 255
0.05 0.175 0 0 0 0 255
0.075 0.175 0 0 0 0 255
0.1 0.175 0 0 0 0 255
0.125 0.175 0 0 0 0 255
0.15 0.175 0 0 0 0 255
0.175 0.175 0 0 0 0 255
0.2 0.175 0 0 0 0 255
0.225 0.175 0 0 0 0 255
0.25 0.175 0 0 0 0 255
0.275 0.175 0 0 0 0 255
0.3 0.175 0 0 0 0 255
0.325 0.175 0 0 0 0 255
0.35 0.175 0 0 0 0 255
0.375 0.175 0 0 0 0 255
0.4 0.175 0 0 0 0 255
0.425 0.175 0 0 0 0 255
0.45 0.175 0 0 0 0 255
0.475 0.175 0 0 0 0 255
0.5 0.175 0 0 0 0 255
-0.5 0.15 0 0 0 0 255
-0.475 0.15 0 0 0 0 255
-0.45 0.15 0 0 0 0 255
-0.425 0.15 0 0 0 0 255
-0.4 0.15 0 0 0 0 255
-0.375 0.15 0 0 0 0 255
-0.35 0.15 0 0 0 0 255
-0.325 0.15 0 0 0 0 255
-0.3 0.15 0 0 0 0 255
-0.275 0.15 0 0 0 0 255
-0.25 0.15 0 0 0 0 255
-0.225 0.15 0 0 0 0 255
-0.2 0.15 0 0 0 0 255
-0.175 0.15 0 0 0 0 255
-0.15 0.15 0 0 0 0 255
-0.125 0.15 0 0 0 0 255
-0.1 0.15 0 0 0 0 255
-0.075 0.15 0 0 0 0 255
-0.05 0.15 0 0 0 0 255
-0.025 0.15 0 0 0 0 255
0 0.15 0 0 0 0 255
0.025 0.15 0 0 0 0 255
0.05 0.15 0 0 0 0 255
0.075 0.15 0 0 0 0 255
0.1 0.15 0 0 0 0 255
0.125 0.15 0 0 0 0 255
0.15 0.15 0 0 0 0 255
0.175 0.15 0 0 0 0 255
0.2 0.15 0 0 0 0 255
0.225 0.15 0 0 0 0 255
0.25 0.15 0 0 0 0 255
0.275 0.15 0 0 0 0 255
0.3 0.15 0 0 0 0 255
0.325 0.15 0 0 0 0 255
0.35 0.15 0 0 0 0 255
0.375 0.15 0 0 0 0 255
0.4 0.15 0 0 0 0 255
0.425 0.15 0 0 0 0 255
0.45 0.15 0 0 0 0 255
0.475 0.15 0 0 0 0 255
0.5 0.15 0 0 0 0 255
-0.5 0.125 0 0 0 0 255
-0.475 0.125 0 0 0 0 255
-0.45 0.125 0 0 0 0 255
-0.425 0.125 0 0 0 0 255
-0.4 0.125 0 0 0 0 255
-0.375 0.125 0 0 0 0 255
-0.35 0.125 0 0 0 0 255
-0.325 0.125 0 0 0 0 255
-0.3 0.125 0 0 0 0 255
-0.275 0.125 0 0 0 0 255
-0.25 0.125 0 0 0 0 255
-0.225 0.125 0 0 0 0 255
-0.2 0.125 0 0 0 0 255
-0.175 0.125 0 0 0 0 255
-0.15 0.125 0 0 0 0 255
-0.125 0.125 0 0 0 0 255
-0.1 0.125 0 0 0 0 255
-0.075 0.125 0 0 0 0 255
-0.05 0.125 0 0 0 0 255
-0.025 0.125 0 0 0 0 255
0 0.125 0 0 0 0 255
0.025 0.125 0 0 0 0 255
0.05 0.125 0 0 0 0 255
0.075 0.125 0 0 0 0 255
0.1 0.125 0 0 0 0 255
0.125 0.125 0 0 0 0 255
0.15 0.125 0 0 0 0 255
0.175 0.125 0 0 0 0 255
0.2 0.125 0 0 0 0 255
0.225 0.125 0 0 0 0 255
0.25 0.125 0 0 0 0 255
0.275 0.125 0 0 0 0 255
0.3 0.125 0 0 0 0 255
0.325 0.125 0 0 0 0 255
0.35 0.125 0 0 0 0 255
0.375 0.125 0 0 0 0 255
0.4 0.125 0 0 0 0 255
0.425 0.125 0 0 0 0 255
0.45 0.125 0 0 0 0 255
0.475 0.125 0 0 0 0 255
0.5 0.125 0 0 0 0 255
-0.5 0.1 0 0 0 0 255
-0.475 0.1 0 0 0 0 255
-0.45 0.1 0 0 0 0 255
-0.425 0.1 0 0 0 0 255
-0.4 0.1 0 0 0 0 255
-0.375 0.1 0 0 0 0 255
-0.35 0.1 0 0 0 0 255
-0.325 0.1 0 0 0 0 255
-0.3 0.1 0 0 0 0 255
-0.275 0.1 0 0 0 0 255
-0.25 0.1 0 0 0 0 255
-0.225 0.1 0 0 0 0 255
-0.2 0.1 0 0 0 0 255
-0.175 0.1 0 0 0 0 255
-0.15 0.1 0 0 0 0 255
-0.125 0.1 0 0 0 0 255
-0.1 0.1 0 0 0 0 255
-0.075 0.1 0 0 0 0 255
-0.05 0.1 0 0 0 0 255
-0.025 0.1 0 0 0 0 255
0 0.1 0 0 0 0 255
0.025 0.1 0 0 0 0 255
0.05 0.1 0 0 0 0 255
0.075 0.1 0 0 0 0 255
0.1 0.1 0 0 0 0 255
0.125 0.1 0 0 0 0 255
0.15 0.1 0 0 0 0 255
0.175 0.1 0 0 0 0 255
0.2 0.1 0 0 0 0 255
0.225 0.1 0 0 0 0 255
0.25 0.1 0 0 0 0 255
0.275 0.1 0 0 0 0 255
0.3 0.1 0 0 0 0 255
0.325 0.1 0 0 0 0 255
0.35 0.1 0 0 0 0 255
0.375 0.1 0 0 0 0 255
0.4 0.1 0 0 0 0 255
0.425 0.1 0 0 0 0 255
0.45 0.1 0 0 0 0 255
0.475 0.1 0 0 0 0 255
0.5 0.1 0 0 0 0 255
-0.5 0.075 0 0 0 0 255
-0.475 0.075 0 0 0 0 255
-0.45 0.075 0 0 0 0 255
-0.425 0.075 0 0 0 0 255
-0.4 0.075 0 0 0 0 255
-0.375 0.075 0 0 0 0 255
-0.35 0.075 0 0 0 0 255
-0.325 0.075 0 0 0 0 255
-0.3 0.075 0 0 0 0 255
-0.275 0.075 0 0 0 0 255
-0.25 0.075 0 0 0 0 255
-0.225 0.075 0 0 0 0 255
-0.2 0.075 0 0 0 0 255
-0.175 0.075 0 0 0 0 255
-0.15 0.075 0 0 0 0 255
-0.125 0.075 0 0 0 0 255
-0.1 0.075 0 0 0 0 255
-0.075 0.075 0 0 0 0 255
-0.05 0.075 0 0 0 0 255
-0.025 0.075 0 0 0 0 255
0 0.075 0 0 0 0 255
0.025 0.075 0 0 0 0 255
0.05 0.075 0 0 0 0 255
0.075 0.075 0 0 0 0 255
0.1 0.075 0 0 0 0 255
0.125 0.075 0 0 0 0 255
0.15 0.075 0 0 0 0 255
0.175 0.075 0 0 0 0 255
0.2 0.075 0 0 0 0 255
0.225 0.075 0 0 0 0 255
0.25 0.075 0 0 0 0 255
0.275 0.075 0 0 0 0 255
0.3 0.075 0 0 0 0 255
0.325 0.075 0 0 0 0 255
0.35 0.075 0 0 0 0 255
0.375 0.075 0 0 0 0 255
0.4 0.075 0 0 0 0 255
0.425 0.075 0 0 0 0 255
0.45 0.075 0 0 0 0 255
0.475 0.075 0 0 0 0 255
0.5 0.075 0 0 0 0 255
-0.5 0.05 0 0 0 0 255
-0.475 0.05 0 0 0 0 255
-0.45 0.05 0 0 0 0 255
-0.425 0.05 0 0 0 0 255
-0.4 0.05 0 0 0 0 255
-0.375 0.05 0 0 0 0 255
-0.35 0.05 0 0 0 0 255
-0.325 0.05 0 0 0 0 255
-0.3 0.05 0 0 0 0 255
-0.275 0.05 0 0 0 0 255
-0.25 0.05 0 0 0 0 255
-0.225 0.05 0 0 0 0 255
-0.2 0.05 0 0 0 0 255
-0.175 0.05 0 0 0 0 255
-0.15 0.05 0 0 0 0 255
-0.125 0.05 0 0 0 0 255
-0.1 0.05 0 0 0 0 255
-0.075 0.05 0 0 0 0 255
-0.05 0.05 0 0 0 0 255
-0.025 0.05 0 0 0 0 255
0 0.05 0 0 0 0 255
0.025 0.05 0 0 0 0 255
0.05 0.05 0 0 0 0 255
0.075 0.05 0 0 0 0 255
0.1 0.05 0 0 0 0 255
0.125 0.05 0 0 0 0 255
0.15 0.05 0 0 0 0 255
0.175 0.05 0 0 0 0 255
0.2 0.05 0 0 0 0 255
0.225 0.05 0 0 0 0 255
0.25 0.05 0 0 0 0 255
0.275 0.05 0 0 0 0 255
0.3 0.05 0 0 0 0 255
0.325 0.05 0 0 0 0 255
0.35 0.05 0 0 0 0 255
0.375 0.05 0 0 0 0 255
0.4 0.05 0 0 0 0 255
0.425 0.05 0 0 0 0 255
0.45 0.05 0 0 0 0 255
0.475 0.05 0 0 0 0 255
0.5 0.05 0 0 0 0 255
-0.5 0.025 0 0 0 0 255
-0.475 0.025 0 0 0 0 255
-0.45 0.025 0 0 0 0 255
-0.425 0.025 0 0 0 0 255
-0.4 0.025 0 0 0 0 255
-0.375 0.025 0 0 0 0 255
-0.35 0.025 0 0 0 0 255
-0.325 0.025 0 0 0 0 255
-0.3 0.025 0 0 0 0 255
-0.275 0.025 0 0 0 0 255
-0.25 0.025 0 0 0 0 255
-0.225 0.025 0 0 0 0 255
-0.2 0.025 0 0 0 0 255
-0.175 0.025 0 0 0 0 255
-0.15 0.025 0 0 0 0 255
-0.125 0.025 0 0 0 0 255
-0.1 0.025 0 0 0 0 255
-0.075 0.025 0 0 0 0 255
-0.05 0.025 0 0 0 0 255
-0.025 0.025 0 0 0 0 255
0 0.025 0 0 0 0 255
0.025 0.025 0 0 0 0 255
0.05 0.025 0 0 0 0 255
0.075 0.025 0 0 0 0 255
0.1 0.025 0 0 0 0 255
0.125 0.025 0 0 0 0 255
0.15 0.025 0 0 0 0 255
0.175 0.025 0 0 0 0 255
0.2 0.025 0 0 0 0 255
0.225 0.025 0 0 0 0 255
0.25 0.025 0 0 0 0 255
0.275 0.025 0 0 0 0 255
0.3 0.025 0 0 0 0 255
0.325 0.025 0 0 0 0 255
0.35 0.025 0 0 0 0 255
0.375 0.025 0 0 0 0 255
0.4 0.025 0 0 0 0 255
0.425 0.025 0 0 0 0 255
0.45 0.025 0 0 0 0 255
0.475 0.025 0 0 0 0 255
0.5 0.025 0 0 0 0 255
-0.5 0 0 0 0 0 255
-0.475 0 0 0 0 0 255
-0.45 0 0 0 0 0 255
-0.425 0 0 0 0 0 255
-0.4 0 0 0 0 0 255
-0.375 0 0 0 0 0 255
-0.35 0 0 0 0 0 255
-0.325 0 0 0 0 0 255
-0.3 0 0 0 0 0 255
-0.275 0 0 0 0 0 255
-0.25 0 0 0 0 0 255
-0.225 0 0 0 0 0 255
-0.2 0 0 0 0 0 255
-0.175 0 0 0 0 0 255
-0.15 0 0 0 0 0 255
-0.125 0 0 0 0 0 255
-0.1 0 0 0 0 0 255
-0.075 0 0 0 0 0 255
-0.05 0 0 0 0 0 255
-0.025 0 0 0 0 0 255
0 0 0 0 0 0 255
0.025 0 0 0 0 0 255
0.05 0 0 0 0 0 255
0.075 0 0 0 0 0 255
0.1 0 0 0 0 0 255
0.125 0 0 0 0 0 255
0.15 0 0 0 0 0 255
0.175 0 0 0 0 0 255
0.2 0 0 0 0 0 255
0.225 0 0 0 0 0 255
0.25 0 0 0 0 0 255
0.275 0 0 0 0 0 255
0.3 0 0 0 0 0 255
0.325 0 0 0 0 0 255
0.35 0 0 0 0 0 255
0.375 0 0 0 0 0 255
0.4 0 0 0 0 0 255
0.425 0 0 0 0 0 255
0.45 0 0 0 0 0 255
0.475 0 0 0 0 0 255
0.5 0 0 0 0 0 255
