-0.5 1 -0.156734 -0.123422 0 0 255
-0.475 1 -0.158446 -0.120989 0 0 255
-0.45 1 -0.160198 -0.118452 0 0 255
-0.425 1 -0.161983 -0.115826 0 0 255
-0.4 1 -0.163791 -0.113131 0 0 255
-0.375 1 -0.165605 -0.110396 0 0 255
-0.35 1 -0.167406 -0.107659 0 0 255
-0.325 1 -0.169168 -0.104961 0 0 255
-0.3 1 -0.170864 -0.102355 0 0 255
-0.275 1 -0.172461 -0.0998926 0 0 255
-0.25 1 -0.173928 -0.0976277 0 0 255
-0.225 1 -0.175236 -0.0956084 0 0 255
-0.2 1 -0.176361 -0.0938736 0 0 255
-0.175 1 -0.177287 -0.0924486 0 0 255
-0.15 1 -0.178006 -0.0913443 0 0 255
-0.125 1 -0.178517 -0.0905597 0 0 255
-0.1 1 -0.178822 -0.0900935 0 0 255
-0.075 1 -0.171401 -0.068466 0 0 255
-0.05 1 -0.164162 -0.0470602 0 0 255
-0.025 1 -0.15693 -0.0256666 0 0 255
0 1 -0.149698 -0.00427974 0 0 255
0.025 1 -0.142466 0.0171016 0 0 255
0.05 1 -0.135234 0.0384778 0 0 255
0.075 1 -0.128015 0.0598527 0 0 255
0.1 1 -0.121071 0.0814011 0 0 255
0.125 1 -0.120454 0.0818403 0 0 255
0.15 1 -0.119416 0.0825791 0 0 255
0.175 1 -0.117958 0.0836187 0 0 255
0.2 1 -0.116082 0.0849597 0 0 255
0.225 1 -0.113801 0.0865918 0 0 255
0.25 1 -0.111151 0.088491 0 0 255
0.275 1 -0.10818 0.0906205 0 0 255
0.3 1 -0.104951 0.0929348 0 0 255
0.325 1 -0.10153 0.0953835 0 0 255
0.35 1 -0.0979854 0.0979162 0 0 255
0.375 1 -0.0943782 0.100485 0 0 255
0.4 1 -0.0907627 0.10305 0 0 255
0.425 1 -0.0871834 0.105574 0 0 255
0.45 1 -0.0836746 0.108032 0 0 255
0.475 1 -0.0802613 0.110403 0 0 255
0.5 1 -0.0769598 0.112674 0 0 255
-0.5 0.975 -0.155025 -0.125851 0 0 255
-0.475 0.975 -0.156782 -0.123398 0 0 255
-0.45 0.975 -0.15859 -0.120818 0 0 255
-0.425 0.975 -0.160444 -0.118121 0 0 255
-0.4 0.975 -0.162335 -0.115324 0 0 255
-0.375 0.975 -0.164251 -0.112454 0 0 255
-0.35 0.975 -0.166171 -0.109548 0 0 255
-0.325 0.975 -0.168069 -0.106651 0 0 255
-0.3 0.975 -0.169914 -0.103819 0 0 255
-0.275 0.975 -0.17167 -0.101114 0 0 255
-0.25 0.975 -0.173298 -0.098601 0 0 255
-0.225 0.975 -0.174762 -0.0963408 0 0 255
-0.2 0.975 -0.176029 -0.0943853 0 0 255
-0.175 0.975 -0.177077 -0.0927713 0 0 255
-0.15 0.975 -0.177893 -0.0915169 0 0 255
-0.125 0.975 -0.178475 -0.0906244 0 0 255
-0.1 0.975 -0.178822 -0.0900935 0 0 255
-0.075 0.975 -0.171401 -0.068466 0 0 255
-0.05 0.975 -0.164162 -0.0470602 0 0 255
-0.025 0.975 -0.15693 -0.0256666 0 0 255
0 0.975 -0.149698 -0.00427974 0 0 255
0.025 0.975 -0.142466 0.0171016 0 0 255
0.05 0.975 -0.135234 0.0384778 0 0 255
0.075 0.975 -0.128015 0.0598527 0 0 255
0.1 0.975 -0.121071 0.0814011 0 0 255
0.125 0.975 -0.120368 0.0819012 0 0 255
0.15 0.975 -0.119188 0.0827416 0 0 255
0.175 0.975 -0.117532 0.0839224 0 0 255
0.2 0.975 -0.115408 0.0854412 0 0 255
0.225 0.975 -0.112839 0.0872808 0 0 255
0.25 0.975 -0.109873 0.0894064 0 0 255
0.275 0.975 -0.106578 0.0917692 0 0 255
0.3 0.975 -0.10303 0.0943111 0 0 255
0.325 0.975 -0.0993127 0.096971 0 0 255
0.35 0.975 -0.095502 0.0996904 0 0 255
0.375 0.975 -0.0916666 0.102417 0 0 255
0.4 0.975 -0.0878629 0.105106 0 0 255
0.425 0.975 -0.0841346 0.107725 0 0 255
0.45 0.975 -0.0805132 0.110247 0 0 255
0.475 0.975 -0.077019 0.112655 0 0 255
0.5 0.975 -0.0736633 0.114941 0 0 255
-0.5 0.95 -0.15318 -0.128425 0 0 255
-0.475 0.95 -0.154977 -0.125974 0 0 255
-0.45 0.95 -0.156833 -0.123373 0 0 255
-0.425 0.95 -0.158749 -0.120626 0 0 255
-0.4 0.95 -0.160719 -0.117746 0 0 255
-0.375 0.95 -0.162732 -0.114755 0 0 255
-0.35 0.95 -0.16477 -0.111686 0 0 255
-0.325 0.95 -0.166808 -0.108587 0 0 255
-0.3 0.95 -0.168812 -0.105518 0 0 255
-0.275 0.95 -0.170741 -0.102548 0 0 255
-0.25 0.95 -0.172551 -0.099755 0 0 255
-0.225 0.95 -0.174194 -0.0972166 0 0 255
-0.2 0.95 -0.175629 -0.0950016 0 0 255
-0.175 0.95 -0.176823 -0.0931618 0 0 255
-0.15 0.95 -0.177756 -0.0917265 0 0 255
-0.125 0.95 -0.178424 -0.0907032 0 0 255
-0.1 0.95 -0.178822 -0.0900935 0 0 255
-0.075 0.95 -0.171401 -0.068466 0 0 255
-0.05 0.95 -0.164162 -0.0470602 0 0 255
-0.025 0.95 -0.15693 -0.0256666 0 0 255
0 0.95 -0.149698 -0.00427974 0 0 255
0.025 0.95 -0.142466 0.0171016 0 0 255
0.05 0.95 -0.135234 0.0384778 0 0 255
0.075 0.95 -0.128015 0.0598527 0 0 255
0.1 0.95 -0.121071 0.0814011 0 0 255
0.125 0.95 -0.120263 0.0819755 0 0 255
0.15 0.95 -0.11891 0.082939 0 0 255
0.175 0.95 -0.117017 0.08429 0 0 255
0.2 0.95 -0.114597 0.0860212 0 0 255
0.225 0.95 -0.111688 0.0881047 0 0 255
0.25 0.95 -0.108359 0.0904916 0 0 255
0.275 0.95 -0.104698 0.0931168 0 0 255
0.3 0.95 -0.100803 0.0959072 0 0 255
0.325 0.95 -0.096771 0.0987897 0 0 255
0.35 0.95 -0.0926894 0.101698 0 0 255
0.375 0.95 -0.0886312 0.104574 0 0 255
0.4 0.95 -0.084653 0.107376 0 0 255
0.425 0.95 -0.0807948 0.11007 0 0 255
0.45 0.95 -0.0770825 0.112636 0 0 255
0.475 0.95 -0.0735299 0.115061 0 0 255
0.5 0.95 -0.0701413 0.11734 0 0 255
-0.5 0.925 -0.151194 -0.131136 0 0 255
-0.475 0.925 -0.153023 -0.128712 0 0 255
-0.45 0.925 -0.15492 -0.126116 0 0 255
-0.425 0.925 -0.156889 -0.123346 0 0 255
-0.4 0.925 -0.158927 -0.120408 0 0 255
-0.375 0.925 -0.16103 -0.117317 0 0 255
-0.35 0.925 -0.163181 -0.114102 0 0 255
-0.325 0.925 -0.165359 -0.110806 0 0 255
-0.3 0.925 -0.167529 -0.107492 0 0 255
-0.275 0.925 -0.169647 -0.104237 0 0 255
-0.25 0.925 -0.17166 -0.101131 0 0 255
-0.225 0.925 -0.17351 -0.0982726 0 0 255
-0.2 0.925 -0.175142 -0.0957511 0 0 255
-0.175 0.925 -0.176512 -0.0936398 0 0 255
-0.15 0.925 -0.177588 -0.0919843 0 0 255
-0.125 0.925 -0.17836 -0.0908006 0 0 255
-0.1 0.925 -0.178822 -0.0900935 0 0 255
-0.075 0.925 -0.171401 -0.068466 0 0 255
-0.05 0.925 -0.164162 -0.0470602 0 0 255
-0.025 0.925 -0.15693 -0.0256666 0 0 255
0 0.925 -0.149698 -0.00427974 0 0 255
0.025 0.925 -0.142466 0.0171016 0 0 255
0.05 0.925 -0.135234 0.0384778 0 0 255
0.075 0.925 -0.128015 0.0598527 0 0 255
0.1 0.925 -0.121071 0.0814011 0 0 255
0.125 0.925 -0.120134 0.0820672 0 0 255
0.15 0.925 -0.118569 0.0831817 0 0 255
0.175 0.925 -0.116387 0.08474 0 0 255
0.2 0.925 -0.11361 0.0867264 0 0 255
0.225 0.925 -0.110301 0.0890981 0 0 255
0.25 0.925 -0.106554 0.0917859 0 0 255
0.275 0.925 -0.102484 0.0947042 0 0 255
0.3 0.925 -0.0982142 0.0977618 0 0 255
0.325 0.925 -0.0938568 0.100873 0 0 255
0.35 0.925 -0.0895079 0.103964 0 0 255
0.375 0.925 -0.0852421 0.106977 0 0 255
0.4 0.925 -0.0811121 0.10987 0 0 255
0.425 0.925 -0.0771509 0.112615 0 0 255
0.45 0.925 -0.0733756 0.115198 0 0 255
0.475 0.925 -0.069791 0.117613 0 0 255
0.5 0.925 -0.066393 0.119862 0 0 255
-0.5 0.9 -0.149055 -0.133971 0 0 255
-0.475 0.9 -0.150912 -0.1316 0 0 255
-0.45 0.9 -0.152842 -0.12904 0 0 255
-0.425 0.9 -0.154853 -0.126281 0 0 255
-0.4 0.9 -0.156948 -0.123318 0 0 255
-0.375 0.9 -0.159128 -0.120158 0 0 255
-0.35 0.9 -0.161384 -0.116821 0 0 255
-0.325 0.9 -0.163697 -0.113345 0 0 255
-0.3 0.9 -0.166035 -0.109788 0 0 255
-0.275 0.9 -0.168353 -0.106233 0 0 255
-0.25 0.9 -0.170591 -0.102783 0 0 255
-0.225 0.9 -0.172678 -0.0995567 0 0 255
-0.2 0.9 -0.174545 -0.0966724 0 0 255
-0.175 0.9 -0.176127 -0.0942322 0 0 255
-0.15 0.9 -0.177379 -0.0923057 0 0 255
-0.125 0.9 -0.17828 -0.0909228 0 0 255
-0.1 0.9 -0.178822 -0.0900935 0 0 255
-0.075 0.9 -0.171401 -0.068466 0 0 255
-0.05 0.9 -0.164162 -0.0470602 0 0 255
-0.025 0.9 -0.15693 -0.0256666 0 0 255
0 0.9 -0.149698 -0.00427974 0 0 255
0.025 0.9 -0.142466 0.0171016 0 0 255
0.05 0.9 -0.135234 0.0384778 0 0 255
0.075 0.9 -0.128015 0.0598527 0 0 255
0.1 0.9 -0.121071 0.0814011 0 0 255
0.125 0.9 -0.119972 0.0821823 0 0 255
0.15 0.9 -0.118145 0.0834843 0 0 255
0.175 0.9 -0.115606 0.0852975 0 0 255
0.2 0.9 -0.112399 0.0875932 0 0 255
0.225 0.9 -0.108616 0.0903059 0 0 255
0.25 0.9 -0.104389 0.0933389 0 0 255
0.275 0.9 -0.0998681 0.0965803 0 0 255
0.3 0.9 -0.095202 0.0999188 0 0 255
0.325 0.9 -0.0905187 0.103256 0 0 255
0.35 0.9 -0.0859187 0.106515 0 0 255
0.375 0.9 -0.0814727 0.109639 0 0 255
0.4 0.9 -0.0772244 0.112593 0 0 255
0.425 0.9 -0.0731952 0.115356 0 0 255
0.45 0.9 -0.0693902 0.117924 0 0 255
0.475 0.9 -0.0658028 0.1203 0 0 255
0.5 0.9 -0.0624192 0.122492 0 0 255
-0.5 0.875 -0.146752 -0.136912 0 0 255
-0.475 0.875 -0.148634 -0.134622 0 0 255
-0.45 0.875 -0.15059 -0.13213 0 0 255
-0.425 0.875 -0.152633 -0.129419 0 0 255
-0.4 0.875 -0.154771 -0.126473 0 0 255
-0.375 0.875 -0.157013 -0.123288 0 0 255
-0.35 0.875 -0.159357 -0.119868 0 0 255
-0.325 0.875 -0.161793 -0.116241 0 0 255
-0.3 0.875 -0.164295 -0.112458 0 0 255
-0.275 0.875 -0.166819 -0.108598 0 0 255
-0.25 0.875 -0.169301 -0.104776 0 0 255
-0.225 0.875 -0.171659 -0.101132 0 0 255
-0.2 0.875 -0.173802 -0.0978179 0 0 255
-0.175 0.875 -0.175643 -0.0949766 0 0 255
-0.15 0.875 -0.177113 -0.0927128 0 0 255
-0.125 0.875 -0.178178 -0.0910788 0 0 255
-0.1 0.875 -0.178822 -0.0900935 0 0 255
-0.075 0.875 -0.171401 -0.068466 0 0 255
-0.05 0.875 -0.164162 -0.0470602 0 0 255
-0.025 0.875 -0.15693 -0.0256666 0 0 255
0 0.875 -0.149698 -0.00427974 0 0 255
0.025 0.875 -0.142466 0.0171016 0 0 255
0.05 0.875 -0.135234 0.0384778 0 0 255
0.075 0.875 -0.128015 0.0598527 0 0 255
0.1 0.875 -0.121071 0.0814011 0 0 255
0.125 0.875 -0.119766 0.0823292 0 0 255
0.15 0.875 -0.117606 0.0838676 0 0 255
0.175 0.875 -0.114625 0.0859981 0 0 255
0.2 0.875 -0.110893 0.0886709 0 0 255
0.225 0.875 -0.10655 0.091787 0 0 255
0.25 0.875 -0.101778 0.0952123 0 0 255
0.275 0.875 -0.0967687 0.0988026 0 0 255
0.3 0.875 -0.0916982 0.102426 0 0 255
0.325 0.875 -0.0867051 0.105974 0 0 255
0.35 0.875 -0.0818871 0.109371 0 0 255
0.375 0.875 -0.0773034 0.112569 0 0 255
0.4 0.875 -0.0729818 0.115542 0 0 255
0.425 0.875 -0.0689273 0.118284 0 0 255
0.45 0.875 -0.0651294 0.1208 0 0 255
0.475 0.875 -0.0615687 0.123104 0 0 255
0.5 0.875 -0.058221 0.125212 0 0 255
-0.5 0.85 -0.144264 -0.13994 0 0 255
-0.475 0.85 -0.146174 -0.137754 0 0 255
-0.45 0.85 -0.148154 -0.135364 0 0 255
-0.425 0.85 -0.15022 -0.132741 0 0 255
-0.4 0.85 -0.152388 -0.129861 0 0 255
-0.375 0.85 -0.154672 -0.126702 0 0 255
-0.35 0.85 -0.157083 -0.123255 0 0 255
-0.325 0.85 -0.15962 -0.119527 0 0 255
-0.3 0.85 -0.162271 -0.115552 0 0 255
-0.275 0.85 -0.164998 -0.111402 0 0 255
-0.25 0.85 -0.167738 -0.107191 0 0 255
-0.225 0.85 -0.1704 -0.10308 0 0 255
-0.2 0.85 -0.172869 -0.0992597 0 0 255
-0.175 0.85 -0.175026 -0.0959265 0 0 255
-0.15 0.85 -0.176771 -0.0932378 0 0 255
-0.125 0.85 -0.178045 -0.0912821 0 0 255
-0.1 0.85 -0.178822 -0.0900935 0 0 255
-0.075 0.85 -0.171401 -0.068466 0 0 255
-0.05 0.85 -0.164162 -0.0470602 0 0 255
-0.025 0.85 -0.15693 -0.0256666 0 0 255
0 0.85 -0.149698 -0.00427974 0 0 255
0.025 0.85 -0.142466 0.0171016 0 0 255
0.05 0.85 -0.135234 0.0384778 0 0 255
0.075 0.85 -0.128015 0.0598527 0 0 255
0.1 0.85 -0.121071 0.0814011 0 0 255
0.125 0.85 -0.119496 0.0825207 0 0 255
0.15 0.85 -0.116913 0.0843619 0 0 255
0.175 0.85 -0.113374 0.086892 0 0 255
0.2 0.85 -0.109 0.0900273 0 0 255
0.225 0.85 -0.103997 0.0936187 0 0 255
0.25 0.85 -0.0986149 0.0974822 0 0 255
0.275 0.85 -0.093094 0.101437 0 0 255
0.3 0.85 -0.0876324 0.105331 0 0 255
0.325 0.85 -0.0823694 0.109056 0 0 255
0.35 0.85 -0.077388 0.112544 0 0 255
0.375 0.85 -0.0727255 0.115762 0 0 255
0.4 0.85 -0.0683864 0.118703 0 0 255
0.425 0.85 -0.064354 0.121376 0 0 255
0.45 0.85 -0.0606002 0.123801 0 0 255
0.475 0.85 -0.057092 0.126 0 0 255
0.5 0.85 -0.0537956 0.127999 0 0 255
-0.5 0.825 -0.14156 -0.143033 0 0 255
-0.475 0.825 -0.143509 -0.140971 0 0 255
-0.45 0.825 -0.145518 -0.138711 0 0 255
-0.425 0.825 -0.147604 -0.136217 0 0 255
-0.4 0.825 -0.14979 -0.133453 0 0 255
-0.375 0.825 -0.152097 -0.130384 0 0 255
-0.35 0.825 -0.154548 -0.126979 0 0 255
-0.325 0.825 -0.157157 -0.123221 0 0 255
-0.3 0.825 -0.159928 -0.119119 0 0 255
-0.275 0.825 -0.162839 -0.114719 0 0 255
-0.25 0.825 -0.165838 -0.110125 0 0 255
-0.225 0.825 -0.16883 -0.105508 0 0 255
-0.2 0.825 -0.171679 -0.101098 0 0 255
-0.175 0.825 -0.174225 -0.0971595 0 0 255
-0.15 0.825 -0.176321 -0.0939288 0 0 255
-0.125 0.825 -0.177868 -0.0915537 0 0 255
-0.1 0.825 -0.178822 -0.0900935 0 0 255
-0.075 0.825 -0.171401 -0.068466 0 0 255
-0.05 0.825 -0.164162 -0.0470602 0 0 255
-0.025 0.825 -0.15693 -0.0256666 0 0 255
0 0.825 -0.149698 -0.00427974 0 0 255
0.025 0.825 -0.142466 0.0171016 0 0 255
0.05 0.825 -0.135234 0.0384778 0 0 255
0.075 0.825 -0.128015 0.0598527 0 0 255
0.1 0.825 -0.121071 0.0814011 0 0 255
0.125 0.825 -0.119136 0.0827765 0 0 255
0.15 0.825 -0.116 0.0850125 0 0 255
0.175 0.825 -0.111751 0.0880524 0 0 255
0.2 0.825 -0.106588 0.0917563 0 0 255
0.225 0.825 -0.100818 0.0959014 0 0 255
0.25 0.825 -0.0947736 0.100239 0 0 255
0.275 0.825 -0.0887452 0.104551 0 0 255
0.3 0.825 -0.0829395 0.108677 0 0 255
0.325 0.825 -0.0774781 0.112517 0 0 255
0.35 0.825 -0.0724125 0.116028 0 0 255
0.375 0.825 -0.0677459 0.119199 0 0 255
0.4 0.825 -0.0634516 0.122048 0 0 255
0.425 0.825 -0.0594885 0.124602 0 0 255
0.45 0.825 -0.0558101 0.126894 0 0 255
0.475 0.825 -0.052371 0.128959 0 0 255
0.5 0.825 -0.0491299 0.130829 0 0 255
-0.5 0.8 -0.138587 -0.146175 0 0 255
-0.475 0.8 -0.140599 -0.144247 0 0 255
-0.45 0.8 -0.142653 -0.142136 0 0 255
-0.425 0.8 -0.144768 -0.139804 0 0 255
-0.4 0.8 -0.146968 -0.137206 0 0 255
-0.375 0.8 -0.149284 -0.134293 0 0 255
-0.35 0.8 -0.151747 -0.131012 0 0 255
-0.325 0.8 -0.15439 -0.127319 0 0 255
-0.3 0.8 -0.157236 -0.123186 0 0 255
-0.275 0.8 -0.160293 -0.118619 0 0 255
-0.25 0.8 -0.16353 -0.113688 0 0 255
-0.225 0.8 -0.166863 -0.108552 0 0 255
-0.2 0.8 -0.170144 -0.103471 0 0 255
-0.175 0.8 -0.173167 -0.0987909 0 0 255
-0.15 0.8 -0.175714 -0.0948606 0 0 255
-0.125 0.8 -0.177624 -0.0919272 0 0 255
-0.1 0.8 -0.178822 -0.0900935 0 0 255
-0.075 0.8 -0.171401 -0.068466 0 0 255
-0.05 0.8 -0.164162 -0.0470602 0 0 255
-0.025 0.8 -0.15693 -0.0256666 0 0 255
0 0.8 -0.149698 -0.00427974 0 0 255
0.025 0.8 -0.142466 0.0171016 0 0 255
0.05 0.8 -0.135234 0.0384778 0 0 255
0.075 0.8 -0.128015 0.0598527 0 0 255
0.1 0.8 -0.121071 0.0814011 0 0 255
0.125 0.8 -0.118641 0.0831284 0 0 255
0.15 0.8 -0.114769 0.0858897 0 0 255
0.175 0.8 -0.109605 0.0895874 0 0 255
0.2 0.8 -0.103476 0.0939886 0 0 255
0.225 0.8 -0.0968336 0.0987631 0 0 255
0.25 0.8 -0.09011 0.103587 0 0 255
0.275 0.8 -0.0836272 0.108212 0 0 255
0.3 0.8 -0.0775729 0.11249 0 0 255
0.325 0.8 -0.0720224 0.116354 0 0 255
0.35 0.8 -0.0669755 0.119795 0 0 255
0.375 0.8 -0.0623888 0.12284 0 0 255
0.4 0.8 -0.0582004 0.125532 0 0 255
0.425 0.8 -0.0543442 0.127917 0 0 255
0.45 0.8 -0.0507581 0.130042 0 0 255
0.475 0.8 -0.0473881 0.131951 0 0 255
0.5 0.8 -0.0441895 0.13368 0 0 255
-0.5 0.775 -0.135262 -0.149363 0 0 255
-0.475 0.775 -0.137372 -0.147563 0 0 255
-0.45 0.775 -0.139504 -0.145607 0 0 255
-0.425 0.775 -0.141673 -0.143457 0 0 255
-0.4 0.775 -0.143903 -0.141063 0 0 255
-0.375 0.775 -0.146226 -0.138366 0 0 255
-0.35 0.775 -0.148681 -0.135297 0 0 255
-0.325 0.775 -0.151317 -0.131781 0 0 255
-0.3 0.775 -0.154183 -0.127748 0 0 255
-0.275 0.775 -0.157319 -0.123149 0 0 255
-0.25 0.775 -0.160738 -0.11799 0 0 255
-0.225 0.775 -0.164392 -0.112379 0 0 255
-0.2 0.775 -0.168142 -0.106573 0 0 255
-0.175 0.775 -0.171739 -0.100994 0 0 255
-0.15 0.775 -0.174873 -0.0961527 0 0 255
-0.125 0.775 -0.177276 -0.0924601 0 0 255
-0.1 0.775 -0.178822 -0.0900935 0 0 255
-0.075 0.775 -0.171401 -0.068466 0 0 255
-0.05 0.775 -0.164162 -0.0470602 0 0 255
-0.025 0.775 -0.15693 -0.0256666 0 0 255
0 0.775 -0.149698 -0.00427974 0 0 255
0.025 0.775 -0.142466 0.0171016 0 0 255
0.05 0.775 -0.135234 0.0384778 0 0 255
0.075 0.775 -0.128015 0.0598527 0 0 255
0.1 0.775 -0.121071 0.0814011 0 0 255
0.125 0.775 -0.117935 0.0836302 0 0 255
0.15 0.775 -0.113064 0.087106 0 0 255
0.175 0.775 -0.10671 0.0916604 0 0 255
0.2 0.775 -0.0994152 0.096905 0 0 255
0.225 0.775 -0.0918296 0.10236 0 0 255
0.25 0.775 -0.0844784 0.107627 0 0 255
0.275 0.775 -0.0776706 0.112463 0 0 255
0.3 0.775 -0.0715241 0.116764 0 0 255
0.325 0.775 -0.0660312 0.120525 0 0 255
0.35 0.775 -0.0611197 0.123788 0 0 255
0.375 0.775 -0.0566935 0.126622 0 0 255
0.4 0.775 -0.0526561 0.129094 0 0 255
0.425 0.775 -0.0489219 0.13127 0 0 255
0.45 0.775 -0.0454198 0.133207 0 0 255
0.475 0.775 -0.0420938 0.13495 0 0 255
0.5 0.775 -0.0389018 0.136537 0 0 255
-0.5 0.75 -0.131448 -0.152618 0 0 255
-0.475 0.75 -0.13371 -0.150923 0 0 255
-0.45 0.75 -0.135974 -0.149107 0 0 255
-0.425 0.75 -0.138247 -0.147135 0 0 255
-0.4 0.75 -0.140546 -0.144961 0 0 255
-0.375 0.75 -0.1429 -0.142522 0 0 255
-0.35 0.75 -0.14535 -0.13974 0 0 255
-0.325 0.75 -0.147951 -0.136518 0 0 255
-0.3 0.75 -0.150776 -0.132744 0 0 255
-0.275 0.75 -0.153903 -0.128305 0 0 255
-0.25 0.75 -0.157402 -0.123113 0 0 255
-0.225 0.75 -0.161297 -0.117171 0 0 255
-0.2 0.75 -0.165505 -0.110661 0 0 255
-0.175 0.75 -0.169771 -0.104036 0 0 255
-0.15 0.75 -0.173668 -0.0980041 0 0 255
-0.125 0.75 -0.176756 -0.0932559 0 0 255
-0.1 0.75 -0.178822 -0.0900935 0 0 255
-0.075 0.75 -0.171401 -0.068466 0 0 255
-0.05 0.75 -0.164162 -0.0470602 0 0 255
-0.025 0.75 -0.15693 -0.0256666 0 0 255
0 0.75 -0.149698 -0.00427974 0 0 255
0.025 0.75 -0.142466 0.0171016 0 0 255
0.05 0.75 -0.135234 0.0384778 0 0 255
0.075 0.75 -0.128015 0.0598527 0 0 255
0.1 0.75 -0.121071 0.0814011 0 0 255
0.125 0.75 -0.11688 0.0843798 0 0 255
0.15 0.75 -0.110621 0.0888487 0 0 255
0.175 0.75 -0.102719 0.0945213 0 0 255
0.2 0.75 -0.0940702 0.100748 0 0 255
0.225 0.75 -0.0855686 0.106862 0 0 255
0.25 0.75 -0.0777671 0.112435 0 0 255
0.275 0.75 -0.0708677 0.117295 0 0 255
0.3 0.75 -0.0648474 0.121437 0 0 255
0.325 0.75 -0.0595801 0.124941 0 0 255
0.35 0.75 -0.0549119 0.127914 0 0 255
0.375 0.75 -0.0506987 0.130459 0 0 255
0.4 0.75 -0.0468206 0.132668 0 0 255
0.425 0.75 -0.043184 0.134615 0 0 255
0.45 0.75 -0.0397199 0.136359 0 0 255
0.475 0.75 -0.0363799 0.137945 0 0 255
0.5 0.75 -0.0331319 0.139407 0 0 255
-0.5 0.725 -0.126935 -0.155999 0 0 255
-0.475 0.725 -0.129414 -0.154369 0 0 255
-0.45 0.725 -0.131885 -0.152653 0 0 255
-0.425 0.725 -0.134343 -0.150827 0 0 255
-0.4 0.725 -0.13679 -0.148853 0 0 255
-0.375 0.725 -0.139242 -0.146678 0 0 255
-0.35 0.725 -0.14173 -0.144224 0 0 255
-0.325 0.725 -0.144307 -0.141387 0 0 255
-0.3 0.725 -0.147052 -0.138031 0 0 255
-0.275 0.725 -0.150075 -0.133983 0 0 255
-0.25 0.725 -0.153508 -0.129052 0 0 255
-0.225 0.725 -0.157479 -0.123079 0 0 255
-0.2 0.725 -0.162034 -0.116052 0 0 255
-0.175 0.725 -0.167004 -0.108319 0 0 255
-0.15 0.725 -0.171875 -0.100761 0 0 255
-0.125 0.725 -0.17593 -0.094519 0 0 255
-0.1 0.725 -0.178822 -0.0900935 0 0 255
-0.075 0.725 -0.171401 -0.068466 0 0 255
-0.05 0.725 -0.164162 -0.0470602 0 0 255
-0.025 0.725 -0.15693 -0.0256666 0 0 255
0 0.725 -0.149698 -0.00427974 0 0 255
0.025 0.725 -0.142466 0.0171016 0 0 255
0.05 0.725 -0.135234 0.0384778 0 0 255
0.075 0.725 -0.128015 0.0598527 0 0 255
0.1 0.725 -0.121071 0.0814011 0 0 255
0.125 0.725 -0.115207 0.0855695 0 0 255
0.15 0.725 -0.106987 0.0914435 0 0 255
0.175 0.725 -0.0971063 0.09855 0 0 255
0.2 0.725 -0.087032 0.105815 0 0 255
0.225 0.725 -0.0778545 0.11241 0 0 255
0.25 0.725 -0.0699694 0.118006 0 0 255
0.275 0.725 -0.0633217 0.12261 0 0 255
0.3 0.725 -0.0576788 0.126369 0 0 255
0.325 0.725 -0.0527839 0.129462 0 0 255
0.35 0.725 -0.0484161 0.13205 0 0 255
0.375 0.725 -0.0444058 0.13426 0 0 255
0.4 0.725 -0.0406313 0.136193 0 0 255
0.425 0.725 -0.0370099 0.13792 0 0 255
0.45 0.725 -0.0334897 0.139495 0 0 255
0.475 0.725 -0.0300413 0.140955 0 0 255
0.5 0.725 -0.0266517 0.142324 0 0 255
-0.5 0.7 -0.121419 -0.159627 0 0 255
-0.475 0.7 -0.124174 -0.158007 0 0 255
-0.45 0.7 -0.126939 -0.156328 0 0 255
-0.425 0.7 -0.129689 -0.15458 0 0 255
-0.4 0.7 -0.132406 -0.152743 0 0 255
-0.375 0.7 -0.135082 -0.15078 0 0 255
-0.35 0.7 -0.137723 -0.148634 0 0 255
-0.325 0.7 -0.14036 -0.146212 0 0 255
-0.3 0.7 -0.143057 -0.143381 0 0 255
-0.275 0.7 -0.145926 -0.139943 0 0 255
-0.25 0.7 -0.149137 -0.135629 0 0 255
-0.225 0.7 -0.152925 -0.130104 0 0 255
-0.2 0.7 -0.157537 -0.123047 0 0 255
-0.175 0.7 -0.163068 -0.114427 0 0 255
-0.15 0.7 -0.169091 -0.105047 0 0 255
-0.125 0.7 -0.174504 -0.0967011 0 0 255
-0.1 0.7 -0.178822 -0.0900935 0 0 255
-0.075 0.7 -0.171401 -0.068466 0 0 255
-0.05 0.7 -0.164162 -0.0470602 0 0 255
-0.025 0.7 -0.15693 -0.0256666 0 0 255
0 0.7 -0.149698 -0.00427974 0 0 255
0.025 0.7 -0.142466 0.0171016 0 0 255
0.05 0.7 -0.135234 0.0384778 0 0 255
0.075 0.7 -0.128015 0.0598527 0 0 255
0.1 0.7 -0.121071 0.0814011 0 0 255
0.125 0.7 -0.112315 0.0876248 0 0 255
0.15 0.7 -0.101344 0.0954763 0 0 255
0.175 0.7 -0.0891212 0.104293 0 0 255
0.2 0.7 -0.0779182 0.112387 0 0 255
0.225 0.7 -0.0686794 0.119004 0 0 255
0.25 0.7 -0.0612883 0.124167 0 0 255
0.275 0.7 -0.0552859 0.128174 0 0 255
0.3 0.7 -0.050221 0.131338 0 0 255
0.325 0.7 -0.0457472 0.133909 0 0 255
0.35 0.7 -0.0416251 0.136072 0 0 255
0.375 0.7 -0.0377009 0.137956 0 0 255
0.4 0.7 -0.0338828 0.139648 0 0 255
0.425 0.7 -0.0301232 0.141205 0 0 255
0.45 0.7 -0.0264045 0.142665 0 0 255
0.475 0.7 -0.022729 0.144049 0 0 255
0.5 0.7 -0.0191107 0.145371 0 0 255
-0.5 0.675 -0.114522 -0.16368 0 0 255
-0.475 0.675 -0.117549 -0.16203 0 0 255
-0.45 0.675 -0.120658 -0.16032 0 0 255
-0.425 0.675 -0.123807 -0.158558 0 0 255
-0.4 0.675 -0.126949 -0.156747 0 0 255
-0.375 0.675 -0.13004 -0.154879 0 0 255
-0.35 0.675 -0.133045 -0.15293 0 0 255
-0.325 0.675 -0.135947 -0.150846 0 0 255
-0.3 0.675 -0.138763 -0.148527 0 0 255
-0.275 0.675 -0.141561 -0.145805 0 0 255
-0.25 0.675 -0.144492 -0.142406 0 0 255
-0.225 0.675 -0.147829 -0.1379 0 0 255
-0.2 0.675 -0.152006 -0.131666 0 0 255
-0.175 0.675 -0.157556 -0.123013 0 0 255
-0.15 0.675 -0.164599 -0.11197 0 0 255
-0.125 0.675 -0.171695 -0.101 0 0 255
-0.1 0.675 -0.178822 -0.0900935 255 0 0
-0.075 0.675 -0.171401 -0.068466 255 0 0
-0.05 0.675 -0.164162 -0.0470602 255 0 0
-0.025 0.675 -0.15693 -0.0256666 255 0 0
0 0.675 -0.149698 -0.00427974 255 0 0
0.025 0.675 -0.142466 0.0171016 255 0 0
0.05 0.675 -0.135234 0.0384778 255 0 0
0.075 0.675 -0.128015 0.0598527 255 0 0
0.1 0.675 -0.121071 0.0814011 255 0 0
0.125 0.675 -0.106618 0.0916738 0 0 255
0.15 0.675 -0.0922427 0.10199 0 0 255
0.175 0.675 -0.077934 0.112362 0 0 255
0.2 0.675 -0.0667158 0.120481 0 0 255
0.225 0.675 -0.0584726 0.126313 0 0 255
0.25 0.675 -0.0522223 0.130501 0 0 255
0.275 0.675 -0.0471286 0.13362 0 0 255
0.3 0.675 -0.04264 0.136073 0 0 255
0.325 0.675 -0.0384276 0.138116 0 0 255
0.35 0.675 -0.0343115 0.139911 0 0 255
0.375 0.675 -0.0302081 0.141553 0 0 255
0.4 0.675 -0.0260945 0.143099 0 0 255
0.425 0.675 -0.0219845 0.144576 0 0 255
0.45 0.675 -0.0179123 0.145998 0 0 255
0.475 0.675 -0.0139205 0.147367 0 0 255
0.5 0.675 -0.0100526 0.14868 0 0 255
-0.5 0.65 -0.105961 -0.168347 0 0 255
-0.475 0.65 -0.109067 -0.166696 0 0 255
-0.45 0.65 -0.112408 -0.164938 0 0 255
-0.425 0.65 -0.115941 -0.163092 0 0 255
-0.4 0.65 -0.119605 -0.161183 0 0 255
-0.375 0.65 -0.123319 -0.159238 0 0 255
-0.35 0.65 -0.126992 -0.157277 0 0 255
-0.325 0.65 -0.13053 -0.155306 0 0 255
-0.3 0.65 -0.133857 -0.153298 0 0 255
-0.275 0.65 -0.136937 -0.151168 0 0 255
-0.25 0.65 -0.139811 -0.148727 0 0 255
-0.225 0.65 -0.142665 -0.145606 0 0 255
-0.2 0.65 -0.145944 -0.141118 0 0 255
-0.175 0.65 -0.150512 -0.134056 0 0 255
-0.15 0.65 -0.157503 -0.122941 0 0 255
-0.125 0.65 -0.164568 -0.111906 255 0 0
-0.1 0.65 -0.15728 -0.0904906 255 0 0
-0.075 0.65 -0.150045 -0.0690846 255 0 0
-0.05 0.65 -0.142811 -0.047684 255 0 0
-0.025 0.65 -0.135578 -0.0262901 255 0 0
0 0.65 -0.128346 -0.00490271 255 0 0
0.025 0.65 -0.121114 0.0164789 255 0 0
0.05 0.65 -0.113881 0.0378552 255 0 0
0.075 0.65 -0.106647 0.0592271 255 0 0
0.1 0.65 -0.0994113 0.0805941 255 0 0
0.125 0.65 -0.0921645 0.101946 255 0 0
0.15 0.65 -0.0778675 0.112307 0 0 255
0.175 0.65 -0.0636253 0.122735 0 0 255
0.2 0.65 -0.0544607 0.12935 0 0 255
0.225 0.65 -0.0482831 0.133523 0 0 255
0.25 0.65 -0.0434545 0.136374 0 0 255
0.275 0.65 -0.0390915 0.138542 0 0 255
0.3 0.65 -0.0347708 0.140373 0 0 255
0.325 0.65 -0.0303249 0.142047 0 0 255
0.35 0.65 -0.0257282 0.143653 0 0 255
0.375 0.65 -0.0210314 0.145226 0 0 255
0.4 0.65 -0.0163218 0.14677 0 0 255
0.425 0.65 -0.0116958 0.148275 0 0 255
0.45 0.65 -0.00724204 0.149724 0 0 255
0.475 0.65 -0.00303154 0.151101 0 0 255
0.5 0.65 0.000886252 0.152393 0 0 255
-0.5 0.625 -0.0961235 -0.173577 0 0 255
-0.475 0.625 -0.0987602 -0.172119 0 0 255
-0.45 0.625 -0.101808 -0.170474 0 0 255
-0.425 0.625 -0.105287 -0.168643 0 0 255
-0.4 0.625 -0.109188 -0.16664 0 0 255
-0.375 0.625 -0.113461 -0.164502 0 0 255
-0.35 0.625 -0.118 -0.162286 0 0 255
-0.325 0.625 -0.12264 -0.160068 0 0 255
-0.3 0.625 -0.127163 -0.157929 0 0 255
-0.275 0.625 -0.131332 -0.155928 0 0 255
-0.25 0.625 -0.13494 -0.154051 0 0 255
-0.225 0.625 -0.137901 -0.152125 0 0 255
-0.2 0.625 -0.140441 -0.149628 0 0 255
-0.175 0.625 -0.143522 -0.145171 0 0 255
-0.15 0.625 -0.150437 -0.133976 255 0 0
-0.125 0.625 -0.143162 -0.112534 255 0 0
-0.1 0.625 -0.135927 -0.0911193 255 0 0
-0.075 0.625 -0.128693 -0.0697108 255 0 0
-0.05 0.625 -0.12146 -0.048309 255 0 0
-0.025 0.625 -0.114227 -0.0269141 255 0 0
0 0.625 -0.106995 -0.00552606 255 0 0
0.025 0.625 -0.0997622 0.0158559 255 0 0
0.05 0.625 -0.0925293 0.0372324 255 0 0
0.075 0.625 -0.0852955 0.0586044 255 0 0
0.1 0.625 -0.0780605 0.0799723 255 0 0
0.125 0.625 -0.0708243 0.101337 255 0 0
0.15 0.625 -0.0635706 0.122667 255 0 0
0.175 0.625 -0.049383 0.133163 0 0 255
0.2 0.625 -0.0434178 0.13732 0 0 255
0.225 0.625 -0.039309 0.139585 0 0 255
0.25 0.625 -0.0352157 0.141239 0 0 255
0.275 0.625 -0.0305836 0.14277 0 0 255
0.3 0.625 -0.0253779 0.144352 0 0 255
0.325 0.625 -0.0197802 0.146018 0 0 255
0.35 0.625 -0.0140458 0.147735 0 0 255
0.375 0.625 -0.00842393 0.149448 0 0 255
0.4 0.625 -0.00311304 0.151101 0 0 255
0.425 0.625 0.0017563 0.152652 0 0 255
0.45 0.625 0.00611825 0.154072 0 0 255
0.475 0.625 0.00995811 0.155349 0 0 255
0.5 0.625 0.0132959 0.156484 0 0 255
-0.5 0.6 -0.0869739 -0.178635 0 0 255
-0.475 0.6 -0.0884236 -0.177698 0 0 255
-0.45 0.6 -0.0902418 -0.176564 0 0 255
-0.425 0.6 -0.0925282 -0.175192 0 0 255
-0.4 0.6 -0.0954018 -0.173539 0 0 255
-0.375 0.6 -0.0989931 -0.171565 0 0 255
-0.35 0.6 -0.103422 -0.169254 0 0 255
-0.325 0.6 -0.108749 -0.166634 0 0 255
-0.3 0.6 -0.114885 -0.163822 0 0 255
-0.275 0.6 -0.12147 -0.16106 0 0 255
-0.25 0.6 -0.127777 -0.15871 0 0 255
-0.225 0.6 -0.132798 -0.157143 0 0 255
-0.2 0.6 -0.135709 -0.156473 0 0 255
-0.175 0.6 -0.136606 -0.156367 255 0 0
-0.15 0.6 -0.129045 -0.134591 255 0 0
-0.125 0.6 -0.12181 -0.113166 255 0 0
-0.1 0.6 -0.114576 -0.0917486 255 0 0
-0.075 0.6 -0.107342 -0.070338 255 0 0
-0.05 0.6 -0.100109 -0.0489347 255 0 0
-0.025 0.6 -0.0928765 -0.0275388 255 0 0
0 0.6 -0.085644 -0.00614981 255 0 0
0.025 0.6 -0.0784113 0.0152329 255 0 0
0.05 0.6 -0.0711781 0.0366101 255 0 0
0.075 0.6 -0.063944 0.0579826 255 0 0
0.1 0.6 -0.056709 0.0793514 255 0 0
0.125 0.6 -0.0494731 0.100717 255 0 0
0.15 0.6 -0.0422373 0.122081 255 0 0
0.175 0.6 -0.0351955 0.143658 255 0 0
0.2 0.6 -0.0342569 0.143705 0 0 255
0.225 0.6 -0.0310503 0.144138 0 0 255
0.25 0.6 -0.0253158 0.14524 0 0 255
0.275 0.6 -0.0179213 0.146953 0 0 255
0.3 0.6 -0.0100462 0.149011 0 0 255
0.325 0.6 -0.00259009 0.151134 0 0 255
0.35 0.6 0.00397181 0.153132 0 0 255
0.375 0.6 0.00949425 0.154908 0 0 255
0.4 0.6 0.0140216 0.156435 0 0 255
0.425 0.6 0.0176813 0.157721 0 0 255
0.45 0.6 0.0206213 0.158793 0 0 255
0.475 0.6 0.0229808 0.159683 0 0 255
0.5 0.6 0.0248785 0.160421 0 0 255
-0.5 0.575 -0.0814883 -0.182181 0 0 255
-0.475 0.575 -0.081796 -0.18183 0 0 255
-0.45 0.575 -0.0821849 -0.181398 0 0 255
-0.425 0.575 -0.0826831 -0.180856 0 0 255
-0.4 0.575 -0.083331 -0.180171 0 0 255
-0.375 0.575 -0.0841869 -0.179292 0 0 255
-0.35 0.575 -0.0853365 -0.178149 0 0 255
-0.325 0.575 -0.0869062 -0.176645 0 0 255
-0.3 0.575 -0.0890811 -0.174647 0 0 255
-0.275 0.575 -0.0921229 -0.171991 0 0 255
-0.25 0.575 -0.0963615 -0.168515 0 0 255
-0.225 0.575 -0.102067 -0.164215 0 0 255
-0.2 0.575 -0.108952 -0.159661 0 0 255
-0.175 0.575 -0.114922 -0.156663 255 0 0
-0.15 0.575 -0.107691 -0.135225 255 0 0
-0.125 0.575 -0.100458 -0.113798 255 0 0
-0.1 0.575 -0.0932247 -0.0923783 255 0 0
-0.075 0.575 -0.0859917 -0.0709658 255 0 0
-0.05 0.575 -0.078759 -0.0495611 255 0 0
-0.025 0.575 -0.0715265 -0.028164 255 0 0
0 0.575 -0.0642938 -0.00677389 255 0 0
0.025 0.575 -0.0570608 0.0146099 255 0 0
0.05 0.575 -0.049827 0.0359882 255 0 0
0.075 0.575 -0.0425924 0.0573619 255 0 0
0.1 0.575 -0.0353567 0.078732 255 0 0
0.125 0.575 -0.0281203 0.100099 255 0 0
0.15 0.575 -0.0208838 0.121466 255 0 0
0.175 0.575 -0.0136487 0.142835 255 0 0
0.2 0.575 -0.00626612 0.145117 0 0 255
0.225 0.575 0.00279625 0.148703 0 0 255
0.25 0.575 0.0105695 0.152133 0 0 255
0.275 0.575 0.0164846 0.154927 0 0 255
0.3 0.575 0.0208104 0.157072 0 0 255
0.325 0.575 0.0239525 0.158692 0 0 255
0.35 0.575 0.0262514 0.159915 0 0 255
0.375 0.575 0.0279558 0.160847 0 0 255
0.4 0.575 0.0292388 0.161566 0 0 255
0.425 0.575 0.0302199 0.162127 0 0 255
0.45 0.575 0.0309814 0.162571 0 0 255
0.475 0.575 0.0315811 0.162926 0 0 255
0.5 0.575 0.0320594 0.163214 0 0 255
-0.5 0.55 -0.080113 -0.183746 0 0 255
-0.475 0.55 -0.0801629 -0.183648 0 0 255
-0.45 0.55 -0.0802245 -0.183527 0 0 255
-0.425 0.55 -0.0803017 -0.183375 0 0 255
-0.4 0.55 -0.0804004 -0.183182 0 0 255
-0.375 0.55 -0.0805289 -0.182929 0 0 255
-0.35 0.55 -0.0807006 -0.182591 0 0 255
-0.325 0.55 -0.0809368 -0.182127 0 0 255
-0.3 0.55 -0.0812738 -0.181465 0 0 255
-0.275 0.55 -0.081777 -0.180476 0 0 255
-0.25 0.55 -0.0825757 -0.178906 0 0 255
-0.225 0.55 -0.0839555 -0.176194 0 0 255
-0.2 0.55 -0.0866738 -0.170851 0 0 255
-0.175 0.55 -0.0935704 -0.157295 255 0 0
-0.15 0.55 -0.0863398 -0.13586 255 0 0
-0.125 0.55 -0.0791076 -0.11443 255 0 0
-0.1 0.55 -0.071875 -0.093008 255 0 0
-0.075 0.55 -0.0646424 -0.071594 255 0 0
-0.05 0.55 -0.0574098 -0.0501879 255 0 0
-0.025 0.55 -0.0501772 -0.0287895 255 0 0
0 0.55 -0.0429441 -0.00739807 255 0 0
0.025 0.55 -0.0357104 0.0139871 255 0 0
0.05 0.55 -0.0284757 0.035367 255 0 0
0.075 0.55 -0.02124 0.0567425 255 0 0
0.1 0.55 -0.0140032 0.0781142 255 0 0
0.125 0.55 -0.00676556 0.099483 255 0 0
0.15 0.55 0.00047274 0.12085 255 0 0
0.175 0.55 0.00771403 0.142208 255 0 0
0.2 0.55 0.0212861 0.153633 0 0 255
0.225 0.55 0.0266355 0.158136 0 0 255
0.25 0.55 0.0293509 0.160422 0 0 255
0.275 0.55 0.0309227 0.161745 0 0 255
0.3 0.55 0.0319131 0.162579 0 0 255
0.325 0.55 0.0325762 0.163137 0 0 255
0.35 0.55 0.033041 0.163529 0 0 255
0.375 0.55 0.0333789 0.163813 0 0 255
0.4 0.55 0.033632 0.164026 0 0 255
0.425 0.55 0.0338261 0.164189 0 0 255
0.45 0.55 0.0339781 0.164317 0 0 255
0.475 0.55 0.0340993 0.164419 0 0 255
0.5 0.55 0.0341974 0.164502 0 0 255
-0.5 0.525 -0.0797773 -0.184406 0 0 255
-0.475 0.525 -0.0797773 -0.184406 0 0 255
-0.45 0.525 -0.0797773 -0.184406 0 0 255
-0.425 0.525 -0.0797773 -0.184406 0 0 255
-0.4 0.525 -0.0797773 -0.184406 0 0 255
-0.375 0.525 -0.0797773 -0.184406 0 0 255
-0.35 0.525 -0.0797773 -0.184406 0 0 255
-0.325 0.525 -0.0797773 -0.184406 0 0 255
-0.3 0.525 -0.0797773 -0.184406 0 0 255
-0.275 0.525 -0.0797773 -0.184406 0 0 255
-0.25 0.525 -0.0797773 -0.184406 0 0 255
-0.225 0.525 -0.0797773 -0.184406 0 0 255
-0.2 0.525 -0.0797773 -0.184406 255 0 0
-0.175 0.525 -0.0722224 -0.157936 255 0 0
-0.15 0.525 -0.0649909 -0.136494 255 0 0
-0.125 0.525 -0.0577589 -0.115061 255 0 0
-0.1 0.525 -0.0505265 -0.0936373 255 0 0
-0.075 0.525 -0.043294 -0.072222 255 0 0
-0.05 0.525 -0.0360614 -0.0508147 255 0 0
-0.025 0.525 -0.0288283 -0.029415 255 0 0
0 0.525 -0.0215945 -0.00802204 255 0 0
0.025 0.525 -0.0143598 0.013365 255 0 0
0.05 0.525 -0.00712392 0.0347469 255 0 0
0.075 0.525 0.000113326 0.0561247 255 0 0
0.1 0.525 0.00735187 0.077499 255 0 0
0.125 0.525 0.0145914 0.0988701 255 0 0
0.15 0.525 0.0218312 0.120238 255 0 0
0.175 0.525 0.0290695 0.1416 255 0 0
0.2 0.525 0.0348582 0.165058 255 0 0
0.225 0.525 0.0348582 0.165058 0 0 255
0.25 0.525 0.0348582 0.165058 0 0 255
0.275 0.525 0.0348582 0.165058 0 0 255
0.3 0.525 0.0348582 0.165058 0 0 255
0.325 0.525 0.0348582 0.165058 0 0 255
0.35 0.525 0.0348582 0.165058 0 0 255
0.375 0.525 0.0348582 0.165058 0 0 255
0.4 0.525 0.0348582 0.165058 0 0 255
0.425 0.525 0.0348582 0.165058 0 0 255
0.45 0.525 0.0348582 0.165058 0 0 255
0.475 0.525 0.0348582 0.165058 0 0 255
0.5 0.525 0.0348582 0.165058 0 0 255
-0.5 0.5 -0.057863 -0.181245 0 0 255
-0.475 0.5 -0.057863 -0.181245 0 0 255
-0.45 0.5 -0.057863 -0.181245 0 0 255
-0.425 0.5 -0.057863 -0.181245 0 0 255
-0.4 0.5 -0.057863 -0.181245 0 0 255
-0.375 0.5 -0.057863 -0.181245 0 0 255
-0.35 0.5 -0.057863 -0.181245 0 0 255
-0.325 0.5 -0.057863 -0.181245 0 0 255
-0.3 0.5 -0.057863 -0.181245 0 0 255
-0.275 0.5 -0.057863 -0.181245 0 0 255
-0.25 0.5 -0.057863 -0.181245 0 0 255
-0.225 0.5 -0.057863 -0.181245 0 0 255
-0.2 0.5 -0.057863 -0.181245 255 0 0
-0.175 0.5 -0.0508756 -0.158568 255 0 0
-0.15 0.5 -0.0436438 -0.137123 255 0 0
-0.125 0.5 -0.0364115 -0.11569 255 0 0
-0.1 0.5 -0.0291791 -0.0942654 255 0 0
-0.075 0.5 -0.0219464 -0.0728494 255 0 0
-0.05 0.5 -0.0147133 -0.0514412 255 0 0
-0.025 0.5 -0.0074796 -0.0300401 255 0 0
0 0.5 -0.000244892 -0.00864548 255 0 0
0.025 0.5 0.00699113 0.0127436 255 0 0
0.05 0.5 0.0142287 0.0341282 255 0 0
0.075 0.5 0.021468 0.055509 255 0 0
0.1 0.5 0.028709 0.0768867 255 0 0
0.125 0.5 0.0359513 0.0982617 255 0 0
0.15 0.5 0.0431941 0.119633 255 0 0
0.175 0.5 0.0504355 0.141001 255 0 0
0.2 0.5 0.0574926 0.162166 255 0 0
0.225 0.5 0.0574926 0.162166 0 0 255
0.25 0.5 0.0574926 0.162166 0 0 255
0.275 0.5 0.0574926 0.162166 0 0 255
0.3 0.5 0.0574926 0.162166 0 0 255
0.325 0.5 0.0574926 0.162166 0 0 255
0.35 0.5 0.0574926 0.162166 0 0 255
0.375 0.5 0.0574926 0.162166 0 0 255
0.4 0.5 0.0574926 0.162166 0 0 255
0.425 0.5 0.0574926 0.162166 0 0 255
0.45 0.5 0.0574926 0.162166 0 0 255
0.475 0.5 0.0574926 0.162166 0 0 255
0.5 0.5 0.0574926 0.162166 0 0 255
-0.5 0.475 -0.0370526 -0.182424 0 0 255
-0.475 0.475 -0.0370526 -0.182424 0 0 255
-0.45 0.475 -0.0370526 -0.182424 0 0 255
-0.425 0.475 -0.0370526 -0.182424 0 0 255
-0.4 0.475 -0.0370526 -0.182424 0 0 255
-0.375 0.475 -0.0370526 -0.182424 0 0 255
-0.35 0.475 -0.0370526 -0.182424 0 0 255
-0.325 0.475 -0.0370526 -0.182424 0 0 255
-0.3 0.475 -0.0370526 -0.182424 0 0 255
-0.275 0.475 -0.0370526 -0.182424 0 0 255
-0.25 0.475 -0.0370526 -0.182424 0 0 255
-0.225 0.475 -0.0370526 -0.182424 0 0 255
-0.2 0.475 -0.0370526 -0.182424 255 0 0
-0.175 0.475 -0.0295303 -0.159186 255 0 0
-0.15 0.475 -0.0222975 -0.137747 255 0 0
-0.125 0.475 -0.0150649 -0.116316 255 0 0
-0.1 0.475 -0.00783212 -0.094892 255 0 0
-0.075 0.475 -0.000599075 -0.0734758 255 0 0
-0.05 0.475 0.00663456 -0.0520669 255 0 0
-0.025 0.475 0.0138692 -0.0306646 255 0 0
0 0.475 0.0211051 -0.00926822 255 0 0
0.025 0.475 0.0283427 0.0121232 255 0 0
0.05 0.475 0.0355823 0.0335107 255 0 0
0.075 0.475 0.0428241 0.0548952 255 0 0
0.1 0.475 0.0500681 0.0762772 255 0 0
0.125 0.475 0.057314 0.0976573 255 0 0
0.15 0.475 0.0645612 0.119034 255 0 0
0.175 0.475 0.0718093 0.140404 255 0 0
0.2 0.475 0.0797131 0.160389 255 0 0
0.225 0.475 0.0797131 0.160389 0 0 255
0.25 0.475 0.0797131 0.160389 0 0 255
0.275 0.475 0.0797131 0.160389 0 0 255
0.3 0.475 0.0797131 0.160389 0 0 255
0.325 0.475 0.0797131 0.160389 0 0 255
0.35 0.475 0.0797131 0.160389 0 0 255
0.375 0.475 0.0797131 0.160389 0 0 255
0.4 0.475 0.0797131 0.160389 0 0 255
0.425 0.475 0.0797131 0.160389 0 0 255
0.45 0.475 0.0797131 0.160389 0 0 255
0.475 0.475 0.0797131 0.160389 0 0 255
0.5 0.475 0.0797131 0.160389 0 0 255
-0.5 0.45 -0.0363499 -0.181873 0 0 255
-0.475 0.45 -0.0362456 -0.181792 0 0 255
-0.45 0.45 -0.0361167 -0.181691 0 0 255
-0.425 0.45 -0.035955 -0.181564 0 0 255
-0.4 0.45 -0.0357485 -0.181402 0 0 255
-0.375 0.45 -0.0354794 -0.181191 0 0 255
-0.35 0.45 -0.03512 -0.18091 0 0 255
-0.325 0.45 -0.0346257 -0.180522 0 0 255
-0.3 0.45 -0.0339205 -0.179969 0 0 255
-0.275 0.45 -0.0328672 -0.179144 0 0 255
-0.25 0.45 -0.0311956 -0.177834 0 0 255
-0.225 0.45 -0.0283077 -0.175571 0 0 255
-0.2 0.45 -0.0226184 -0.171112 0 0 255
-0.175 0.45 -0.00818418 -0.159801 255 0 0
-0.15 0.45 -0.000951281 -0.138368 255 0 0
-0.125 0.45 0.00628164 -0.11694 255 0 0
-0.1 0.45 0.0135147 -0.0955171 255 0 0
-0.075 0.45 0.0207483 -0.0741012 255 0 0
-0.05 0.45 0.0279826 -0.0526918 255 0 0
-0.025 0.45 0.0352182 -0.0312884 255 0 0
0 0.45 0.0424556 -0.00989021 255 0 0
0.025 0.45 0.049695 0.0115037 255 0 0
0.05 0.45 0.0569369 0.0328944 255 0 0
0.075 0.45 0.0641814 0.0542827 255 0 0
0.1 0.45 0.0714287 0.0756697 255 0 0
0.125 0.45 0.0786787 0.0970561 255 0 0
0.15 0.45 0.0859311 0.118442 255 0 0
0.175 0.45 0.0931809 0.139822 255 0 0
0.2 0.45 0.110048 0.145141 255 0 0
0.225 0.45 0.110048 0.145141 0 0 255
0.25 0.45 0.110048 0.145141 0 0 255
0.275 0.45 0.110048 0.145141 0 0 255
0.3 0.45 0.110048 0.145141 0 0 255
0.325 0.45 0.110048 0.145141 0 0 255
0.35 0.45 0.110048 0.145141 0 0 255
0.375 0.45 0.110048 0.145141 0 0 255
0.4 0.45 0.110048 0.145141 0 0 255
0.425 0.45 0.110048 0.145141 0 0 255
0.45 0.45 0.110048 0.145141 0 0 255
0.475 0.45 0.110048 0.145141 0 0 255
0.5 0.45 0.110048 0.145141 0 0 255
-0.5 0.425 -0.0341139 -0.180599 0 0 255
-0.475 0.425 -0.0336136 -0.180313 0 0 255
-0.45 0.425 -0.0329869 -0.179961 0 0 255
-0.425 0.425 -0.0321916 -0.179522 0 0 255
-0.4 0.425 -0.0311677 -0.178967 0 0 255
-0.375 0.425 -0.0298299 -0.178255 0 0 255
-0.35 0.425 -0.0280543 -0.177332 0 0 255
-0.325 0.425 -0.0256619 -0.176121 0 0 255
-0.3 0.425 -0.022396 -0.174518 0 0 255
-0.275 0.425 -0.0179059 -0.172394 0 0 255
-0.25 0.425 -0.0117765 -0.169628 0 0 255
-0.225 0.425 -0.00373924 -0.166232 0 0 255
-0.2 0.425 0.00560031 -0.162682 0 0 255
-0.175 0.425 0.0131615 -0.160423 255 0 0
-0.15 0.425 0.0203952 -0.138989 255 0 0
-0.125 0.425 0.0276284 -0.117562 255 0 0
-0.1 0.425 0.0348619 -0.0961411 255 0 0
-0.075 0.425 0.042096 -0.0747256 255 0 0
-0.05 0.425 0.0493311 -0.0533159 255 0 0
-0.025 0.425 0.0565678 -0.0319114 255 0 0
0 0.425 0.0638066 -0.0105115 255 0 0
0.025 0.425 0.0710479 0.0108848 255 0 0
0.05 0.425 0.078292 0.0322784 255 0 0
0.075 0.425 0.0855393 0.0536706 255 0 0
0.1 0.425 0.0927899 0.0750625 255 0 0
0.125 0.425 0.100044 0.0964554 255 0 0
0.15 0.425 0.107303 0.117852 255 0 0
0.175 0.425 0.114597 0.139321 255 0 0
0.2 0.425 0.112323 0.142231 0 0 255
0.225 0.425 0.111426 0.143378 0 0 255
0.25 0.425 0.110971 0.14396 0 0 255
0.275 0.425 0.110708 0.144297 0 0 255
0.3 0.425 0.110542 0.144509 0 0 255
0.325 0.425 0.110431 0.144651 0 0 255
0.35 0.425 0.110353 0.144751 0 0 255
0.375 0.425 0.110296 0.144824 0 0 255
0.4 0.425 0.110254 0.144878 0 0 255
0.425 0.425 0.110221 0.144919 0 0 255
0.45 0.425 0.110196 0.144952 0 0 255
0.475 0.425 0.110176 0.144978 0 0 255
0.5 0.425 0.110159 0.144999 0 0 255
-0.5 0.4 -0.0267282 -0.177831 0 0 255
-0.475 0.4 -0.0247764 -0.1771 0 0 255
-0.45 0.4 -0.0223519 -0.176218 0 0 255
-0.425 0.4 -0.0193339 -0.175156 0 0 255
-0.4 0.4 -0.0155811 -0.173882 0 0 255
-0.375 0.4 -0.0109438 -0.172369 0 0 255
-0.35 0.4 -0.00529432 -0.170609 0 0 255
-0.325 0.4 0.00140909 -0.168628 0 0 255
-0.3 0.4 0.0090137 -0.166523 0 0 255
-0.275 0.4 0.0170299 -0.164483 0 0 255
-0.25 0.4 0.0245383 -0.162783 0 0 255
-0.225 0.4 0.0303414 -0.161689 0 0 255
-0.2 0.4 0.0335702 -0.161259 0 0 255
-0.175 0.4 0.034508 -0.161211 255 0 0
-0.15 0.4 0.0417421 -0.139609 255 0 0
-0.125 0.4 0.0489755 -0.118184 255 0 0
-0.1 0.4 0.0562095 -0.0967639 255 0 0
-0.075 0.4 0.0634442 -0.075349 255 0 0
-0.05 0.4 0.0706802 -0.0539391 255 0 0
-0.025 0.4 0.077918 -0.0325337 255 0 0
0 0.4 0.0851582 -0.0111323 255 0 0
0.025 0.4 0.0924012 0.010266 255 0 0
0.05 0.4 0.0996474 0.0316624 255 0 0
0.075 0.4 0.106897 0.0530577 255 0 0
0.1 0.4 0.11415 0.0744532 255 0 0
0.125 0.4 0.121407 0.0958498 255 0 0
0.15 0.4 0.128667 0.117249 255 0 0
0.175 0.4 0.137061 0.139782 255 0 0
0.2 0.4 0.131833 0.1403 0 0 255
0.225 0.4 0.126212 0.141147 0 0 255
0.25 0.4 0.121751 0.141971 0 0 255
0.275 0.4 0.118541 0.142647 0 0 255
0.3 0.4 0.116299 0.143169 0 0 255
0.325 0.4 0.114732 0.143565 0 0 255
0.35 0.4 0.113624 0.143865 0 0 255
0.375 0.4 0.112828 0.144094 0 0 255
0.4 0.4 0.112246 0.144271 0 0 255
0.425 0.4 0.111813 0.14441 0 0 255
0.45 0.4 0.111485 0.14452 0 0 255
0.475 0.4 0.111234 0.144608 0 0 255
0.5 0.4 0.111037 0.144679 0 0 255
-0.5 0.375 -0.0148754 -0.173928 0 0 255
-0.475 0.375 -0.0114596 -0.172803 0 0 255
-0.45 0.375 -0.00753309 -0.171536 0 0 255
-0.425 0.375 -0.00307617 -0.170128 0 0 255
-0.4 0.375 0.0018949 -0.16859 0 0 255
-0.375 0.375 0.00731157 -0.16695 0 0 255
-0.35 0.375 0.0130392 -0.16525 0 0 255
-0.325 0.375 0.0188741 -0.163545 0 0 255
-0.3 0.375 0.0245614 -0.161889 0 0 255
-0.275 0.375 0.0298405 -0.160316 0 0 255
-0.25 0.375 0.0345268 -0.158791 0 0 255
-0.225 0.375 0.0386567 -0.15714 0 0 255
-0.2 0.375 0.0427938 -0.154878 0 0 255
-0.175 0.375 0.0487998 -0.150723 0 0 255
-0.15 0.375 0.0630916 -0.140234 255 0 0
-0.125 0.375 0.0703233 -0.118804 255 0 0
-0.1 0.375 0.0775579 -0.0973856 255 0 0
-0.075 0.375 0.0847932 -0.0759713 255 0 0
-0.05 0.375 0.0920299 -0.0545614 255 0 0
-0.025 0.375 0.0992687 -0.0331554 255 0 0
0 0.375 0.10651 -0.0117528 255 0 0
0.025 0.375 0.113755 0.00964729 255 0 0
0.05 0.375 0.121003 0.0310456 255 0 0
0.075 0.375 0.128255 0.0524432 255 0 0
0.1 0.375 0.135509 0.0738409 255 0 0
0.125 0.375 0.142766 0.0952392 255 0 0
0.15 0.375 0.150066 0.116677 255 0 0
0.175 0.375 0.143563 0.12823 0 0 255
0.2 0.375 0.13879 0.133141 0 0 255
0.225 0.375 0.134201 0.136062 0 0 255
0.25 0.375 0.129942 0.138084 0 0 255
0.275 0.375 0.126221 0.139573 0 0 255
0.3 0.375 0.123117 0.140698 0 0 255
0.325 0.375 0.120602 0.141558 0 0 255
0.35 0.375 0.118596 0.142221 0 0 255
0.375 0.375 0.117009 0.142737 0 0 255
0.4 0.375 0.115754 0.143141 0 0 255
0.425 0.375 0.114761 0.143461 0 0 255
0.45 0.375 0.11397 0.143716 0 0 255
0.475 0.375 0.113338 0.143922 0 0 255
0.5 0.375 0.112828 0.14409 0 0 255
-0.5 0.35 -0.00221132 -0.169868 0 0 255
-0.475 0.35 0.00178678 -0.168586 0 0 255
-0.45 0.35 0.00608051 -0.16722 0 0 255
-0.425 0.35 0.0106187 -0.165781 0 0 255
-0.4 0.35 0.0153282 -0.164286 0 0 255
-0.375 0.35 0.0201179 -0.162751 0 0 255
-0.35 0.35 0.0248887 -0.161186 0 0 255
-0.325 0.35 0.0295512 -0.159587 0 0 255
-0.3 0.35 0.0340528 -0.157918 0 0 255
-0.275 0.35 0.0384188 -0.156092 0 0 255
-0.25 0.35 0.042818 -0.153926 0 0 255
-0.225 0.35 0.0476773 -0.151075 0 0 255
-0.2 0.35 0.0538868 -0.146899 0 0 255
-0.175 0.35 0.0630929 -0.140278 0 0 255
-0.15 0.35 0.077386 -0.129833 0 0 255
-0.125 0.35 0.0916805 -0.119432 255 0 0
-0.1 0.35 0.0989071 -0.0980067 255 0 0
-0.075 0.35 0.106143 -0.076593 255 0 0
-0.05 0.35 0.11338 -0.0551831 255 0 0
-0.025 0.35 0.12062 -0.0337766 255 0 0
0 0.35 0.127862 -0.012373 255 0 0
0.025 0.35 0.135108 0.00902832 255 0 0
0.05 0.35 0.142358 0.0304281 255 0 0
0.075 0.35 0.149612 0.0518271 255 0 0
0.1 0.35 0.156869 0.0732264 255 0 0
0.125 0.35 0.164172 0.0946452 255 0 0
0.15 0.35 0.157119 0.105661 0 0 255
0.175 0.35 0.150341 0.116945 0 0 255
0.2 0.35 0.145047 0.124368 0 0 255
0.225 0.35 0.140483 0.12929 0 0 255
0.25 0.35 0.136354 0.132734 0 0 255
0.275 0.35 0.132616 0.135257 0 0 255
0.3 0.35 0.129288 0.137163 0 0 255
0.325 0.35 0.126382 0.138633 0 0 255
0.35 0.35 0.123888 0.139782 0 0 255
0.375 0.35 0.121774 0.14069 0 0 255
0.4 0.35 0.119997 0.141414 0 0 255
0.425 0.35 0.118511 0.141994 0 0 255
0.45 0.35 0.117272 0.142465 0 0 255
0.475 0.35 0.116238 0.142848 0 0 255
0.5 0.35 0.115374 0.143162 0 0 255
-0.5 0.325 0.00892684 -0.166179 0 0 255
-0.475 0.325 0.0128653 -0.164874 0 0 255
-0.45 0.325 0.0169265 -0.163513 0 0 255
-0.425 0.325 0.0210658 -0.162099 0 0 255
-0.4 0.325 0.0252391 -0.160628 0 0 255
-0.375 0.325 0.0294109 -0.159088 0 0 255
-0.35 0.325 0.0335664 -0.157451 0 0 255
-0.325 0.325 0.0377277 -0.15566 0 0 255
-0.3 0.325 0.0419785 -0.153618 0 0 255
-0.275 0.325 0.0464992 -0.151165 0 0 255
-0.25 0.325 0.0516204 -0.148042 0 0 255
-0.225 0.325 0.0578954 -0.143848 0 0 255
-0.2 0.325 0.0661619 -0.138001 0 0 255
-0.175 0.325 0.0773983 -0.129856 0 0 255
-0.15 0.325 0.0917037 -0.119433 0 0 255
-0.125 0.325 0.106021 -0.109033 0 0 255
-0.1 0.325 0.120362 -0.098634 255 0 0
-0.075 0.325 0.127495 -0.0772137 255 0 0
-0.05 0.325 0.134731 -0.0558042 255 0 0
-0.025 0.325 0.141971 -0.0343975 255 0 0
0 0.325 0.149214 -0.0129933 255 0 0
0.025 0.325 0.156461 0.00840905 255 0 0
0.05 0.325 0.163711 0.0298102 255 0 0
0.075 0.325 0.170972 0.0512042 255 0 0
0.1 0.325 0.178976 0.0725964 255 0 0
0.125 0.325 0.171574 0.0836208 0 0 255
0.15 0.325 0.164347 0.094641 0 0 255
0.175 0.325 0.157344 0.105793 0 0 255
0.2 0.325 0.15144 0.114711 0 0 255
0.225 0.325 0.14647 0.121324 0 0 255
0.25 0.325 0.142142 0.126206 0 0 255
0.275 0.325 0.138285 0.12987 0 0 255
0.3 0.325 0.134824 0.132676 0 0 255
0.325 0.325 0.131725 0.134863 0 0 255
0.35 0.325 0.128971 0.136592 0 0 255
0.375 0.325 0.126544 0.137974 0 0 255
0.4 0.325 0.124421 0.139089 0 0 255
0.425 0.325 0.122575 0.139997 0 0 255
0.45 0.325 0.120978 0.14074 0 0 255
0.475 0.325 0.119601 0.141352 0 0 255
0.5 0.325 0.118414 0.141861 0 0 255
-0.5 0.3 0.0181301 -0.162885 0 0 255
-0.475 0.3 0.0218064 -0.16157 0 0 255
-0.45 0.3 0.0255372 -0.160191 0 0 255
-0.425 0.3 0.0293077 -0.158736 0 0 255
-0.4 0.3 0.033115 -0.157183 0 0 255
-0.375 0.3 0.0369761 -0.155494 0 0 255
-0.35 0.3 0.0409383 -0.153612 0 0 255
-0.325 0.3 0.0450931 -0.151449 0 0 255
-0.3 0.3 0.049595 -0.148875 0 0 255
-0.275 0.3 0.0546837 -0.145706 0 0 255
-0.25 0.3 0.060706 -0.141689 0 0 255
-0.225 0.3 0.068113 -0.13651 0 0 255
-0.2 0.3 0.0773615 -0.129867 0 0 255
-0.175 0.3 0.0885618 -0.121733 0 0 255
-0.15 0.3 0.100759 -0.112859 0 0 255
-0.125 0.3 0.111674 -0.104934 0 0 255
-0.1 0.3 0.120362 -0.098634 0 0 255
-0.075 0.3 0.127495 -0.0772137 0 0 255
-0.05 0.3 0.134731 -0.0558042 0 0 255
-0.025 0.3 0.141971 -0.0343975 0 0 255
0 0.3 0.149214 -0.0129933 0 0 255
0.025 0.3 0.156461 0.00840905 0 0 255
0.05 0.3 0.163711 0.0298102 0 0 255
0.075 0.3 0.170972 0.0512042 0 0 255
0.1 0.3 0.178976 0.0725964 0 0 255
0.125 0.3 0.174492 0.0792755 0 0 255
0.15 0.3 0.168947 0.0876736 0 0 255
0.175 0.3 0.162889 0.0971343 0 0 255
0.2 0.3 0.157152 0.105941 0 0 255
0.225 0.3 0.152041 0.113302 0 0 255
0.25 0.3 0.14753 0.119182 0 0 255
0.275 0.3 0.143517 0.123821 0 0 255
0.3 0.3 0.139916 0.127489 0 0 255
0.325 0.3 0.136672 0.130409 0 0 255
0.35 0.3 0.133748 0.132757 0 0 255
0.375 0.3 0.13112 0.13466 0 0 255
0.4 0.3 0.128768 0.136215 0 0 255
0.425 0.3 0.126671 0.137495 0 0 255
0.45 0.3 0.124811 0.138556 0 0 255
0.475 0.3 0.123165 0.139439 0 0 255
0.5 0.3 0.121712 0.14018 0 0 255
-0.5 0.275 0.0257749 -0.159848 0 0 255
-0.475 0.275 0.0292112 -0.158482 0 0 255
-0.45 0.275 0.0327033 -0.157026 0 0 255
-0.425 0.275 0.0362637 -0.155454 0 0 255
-0.4 0.275 0.0399215 -0.153728 0 0 255
-0.375 0.275 0.0437285 -0.151796 0 0 255
-0.35 0.275 0.0477672 -0.149583 0 0 255
-0.325 0.275 0.0521594 -0.146992 0 0 255
-0.3 0.275 0.0570748 -0.143892 0 0 255
-0.275 0.275 0.0627344 -0.140122 0 0 255
-0.25 0.275 0.0693944 -0.135502 0 0 255
-0.225 0.275 0.0772862 -0.129883 0 0 255
-0.2 0.275 0.0864618 -0.123255 0 0 255
-0.175 0.275 0.0965211 -0.115947 0 0 255
-0.15 0.275 0.10637 -0.108786 0 0 255
-0.125 0.275 0.114543 -0.102854 0 0 255
-0.1 0.275 0.120362 -0.098634 0 0 255
-0.075 0.275 0.127495 -0.0772137 0 0 255
-0.05 0.275 0.134731 -0.0558042 0 0 255
-0.025 0.275 0.141971 -0.0343975 0 0 255
0 0.275 0.149214 -0.0129933 0 0 255
0.025 0.275 0.156461 0.00840905 0 0 255
0.05 0.275 0.163711 0.0298102 0 0 255
0.075 0.275 0.170972 0.0512042 0 0 255
0.1 0.275 0.178976 0.0725964 0 0 255
0.125 0.275 0.175973 0.0770698 0 0 255
0.15 0.275 0.171807 0.083357 0 0 255
0.175 0.275 0.166875 0.0909767 0 0 255
0.2 0.275 0.161765 0.0988412 0 0 255
0.225 0.275 0.156884 0.106099 0 0 255
0.25 0.275 0.152395 0.112377 0 0 255
0.275 0.275 0.14832 0.117631 0 0 255
0.3 0.275 0.144625 0.121965 0 0 255
0.325 0.275 0.141272 0.125525 0 0 255
0.35 0.275 0.138224 0.128455 0 0 255
0.375 0.275 0.135455 0.130873 0 0 255
0.4 0.275 0.132942 0.13288 0 0 255
0.425 0.275 0.130668 0.134554 0 0 255
0.45 0.275 0.128615 0.135957 0 0 255
0.475 0.275 0.126766 0.137138 0 0 255
0.5 0.275 0.125105 0.138138 0 0 255
-0.5 0.25 0.03233 -0.156935 0 0 255
-0.475 0.25 0.0356155 -0.155475 0 0 255
-0.45 0.25 0.0389901 -0.15389 0 0 255
-0.425 0.25 0.0424856 -0.152147 0 0 255
-0.4 0.25 0.0461504 -0.150198 0 0 255
-0.375 0.25 0.0500534 -0.147987 0 0 255
-0.35 0.25 0.0542879 -0.145437 0 0 255
-0.325 0.25 0.058974 -0.142457 0 0 255
-0.3 0.25 0.0642557 -0.138942 0 0 255
-0.275 0.25 0.0702862 -0.134784 0 0 255
-0.25 0.25 0.077191 -0.129904 0 0 255
-0.225 0.25 0.0849914 -0.124303 0 0 255
-0.2 0.25 0.0934833 -0.118153 0 0 255
-0.175 0.25 0.102111 -0.111884 0 0 255
-0.15 0.25 0.109982 -0.106164 0 0 255
-0.125 0.25 0.116204 -0.101649 0 0 255
-0.1 0.25 0.120362 -0.098634 0 0 255
-0.075 0.25 0.127495 -0.0772137 0 0 255
-0.05 0.25 0.134731 -0.0558042 0 0 255
-0.025 0.25 0.141971 -0.0343975 0 0 255
0 0.25 0.149214 -0.0129933 0 0 255
0.025 0.25 0.156461 0.00840905 0 0 255
0.05 0.25 0.163711 0.0298102 0 0 255
0.075 0.25 0.170972 0.0512042 0 0 255
0.1 0.25 0.178976 0.0725964 0 0 255
0.125 0.25 0.17683 0.0757931 0 0 255
0.15 0.25 0.173652 0.0805785 0 0 255
0.175 0.25 0.169689 0.0866585 0 0 255
0.2 0.25 0.165318 0.0933786 0 0 255
0.225 0.25 0.160888 0.100061 0 0 255
0.25 0.25 0.15662 0.10625 0 0 255
0.275 0.25 0.152622 0.111731 0 0 255
0.3 0.25 0.148925 0.116463 0 0 255
0.325 0.25 0.145523 0.120491 0 0 255
0.35 0.25 0.1424 0.123899 0 0 255
0.375 0.25 0.139535 0.126776 0 0 255
0.4 0.25 0.13691 0.129207 0 0 255
0.425 0.25 0.134507 0.131265 0 0 255
0.45 0.25 0.132313 0.133013 0 0 255
0.475 0.25 0.130311 0.134501 0 0 255
0.5 0.25 0.128489 0.135774 0 0 255
-0.5 0.225 0.0381545 -0.154066 0 0 255
-0.475 0.225 0.0413768 -0.152479 0 0 255
-0.45 0.225 0.0447303 -0.150735 0 0 255
-0.425 0.225 0.0482572 -0.148797 0 0 255
-0.4 0.225 0.0520133 -0.146617 0 0 255
-0.375 0.225 0.0560695 -0.144139 0 0 255
-0.35 0.225 0.0605116 -0.141298 0 0 255
-0.325 0.225 0.0654357 -0.138023 0 0 255
-0.3 0.225 0.0709375 -0.134249 0 0 255
-0.275 0.225 0.0770887 -0.129928 0 0 255
-0.25 0.225 0.0838961 -0.125069 0 0 255
-0.225 0.225 0.0912406 -0.119772 0 0 255
-0.2 0.225 0.0988119 -0.114282 0 0 255
-0.175 0.225 0.106084 -0.108998 0 0 255
-0.15 0.225 0.11241 -0.104403 0 0 255
-0.125 0.225 0.11725 -0.100891 0 0 255
-0.1 0.225 0.120362 -0.098634 0 0 255
-0.075 0.225 0.127495 -0.0772137 0 0 255
-0.05 0.225 0.134731 -0.0558042 0 0 255
-0.025 0.225 0.141971 -0.0343975 0 0 255
0 0.225 0.149214 -0.0129933 0 0 255
0.025 0.225 0.156461 0.00840905 0 0 255
0.05 0.225 0.163711 0.0298102 0 0 255
0.075 0.225 0.170972 0.0512042 0 0 255
0.1 0.225 0.178976 0.0725964 0 0 255
0.125 0.225 0.17737 0.0749886 0 0 255
0.15 0.225 0.174894 0.0787117 0 0 255
0.175 0.225 0.171697 0.0835926 0 0 255
0.2 0.225 0.168015 0.0892419 0 0 255
0.225 0.225 0.164106 0.0951758 0 0 255
0.25 0.225 0.160182 0.100981 0 0 255
0.275 0.225 0.156381 0.106386 0 0 255
0.3 0.225 0.152777 0.111257 0 0 255
0.325 0.225 0.149401 0.115555 0 0 255
0.35 0.225 0.146259 0.119299 0 0 255
0.375 0.225 0.143346 0.122539 0 0 255
0.4 0.225 0.14065 0.125332 0 0 255
0.425 0.225 0.13816 0.127737 0 0 255
0.45 0.225 0.135864 0.129809 0 0 255
0.475 0.225 0.133749 0.131596 0 0 255
0.5 0.225 0.131804 0.133141 0 0 255
-0.5 0.2 0.0434826 -0.151206 0 0 255
-0.475 0.2 0.0467056 -0.149476 0 0 255
-0.45 0.2 0.0500976 -0.147565 0 0 255
-0.425 0.2 0.0537032 -0.145435 0 0 255
-0.4 0.2 0.0575763 -0.143044 0 0 255
-0.375 0.2 0.0617788 -0.140345 0 0 255
-0.35 0.2 0.0663766 -0.137289 0 0 255
-0.325 0.2 0.0714316 -0.133834 0 0 255
-0.3 0.2 0.0769865 -0.129954 0 0 255
-0.275 0.2 0.083041 -0.125655 0 0 255
-0.25 0.2 0.089519 -0.121003 0 0 255
-0.225 0.2 0.0962322 -0.11615 0 0 255
-0.2 0.2 0.102859 -0.111342 0 0 255
-0.175 0.2 0.108965 -0.106906 0 0 255
-0.15 0.2 0.114104 -0.103174 0 0 255
-0.125 0.2 0.117951 -0.100382 0 0 255
-0.1 0.2 0.120362 -0.098634 0 0 255
-0.075 0.2 0.127495 -0.0772137 0 0 255
-0.05 0.2 0.134731 -0.0558042 0 0 255
-0.025 0.2 0.141971 -0.0343975 0 0 255
0 0.2 0.149214 -0.0129933 0 0 255
0.025 0.2 0.156461 0.00840905 0 0 255
0.05 0.2 0.163711 0.0298102 0 0 255
0.075 0.2 0.170972 0.0512042 0 0 255
0.1 0.2 0.178976 0.0725964 0 0 255
0.125 0.2 0.177732 0.07445 0 0 255
0.15 0.2 0.175762 0.0774086 0 0 255
0.175 0.2 0.173157 0.0813711 0 0 255
0.2 0.2 0.170064 0.0861058 0 0 255
0.225 0.2 0.166663 0.0912823 0 0 255
0.25 0.2 0.16313 0.0965692 0 0 255
0.275 0.2 0.159601 0.101702 0 0 255
0.3 0.2 0.156169 0.106508 0 0 255
0.325 0.2 0.152888 0.110894 0 0 255
0.35 0.2 0.149785 0.114828 0 0 255
0.375 0.2 0.146871 0.118317 0 0 255
0.4 0.2 0.144147 0.121389 0 0 255
0.425 0.2 0.141607 0.124082 0 0 255
0.45 0.2 0.139243 0.126439 0 0 255
0.475 0.2 0.137048 0.128499 0 0 255
0.5 0.2 0.135013 0.130301 0 0 255
-0.5 0.175 0.0484531 -0.148351 0 0 255
-0.475 0.175 0.0517138 -0.146478 0 0 255
-0.45 0.175 0.0551704 -0.144408 0 0 255
-0.425 0.175 0.058864 -0.14211 0 0 255
-0.4 0.175 0.0628399 -0.139548 0 0 255
-0.375 0.175 0.0671442 -0.136689 0 0 255
-0.35 0.175 0.0718182 -0.133505 0 0 255
-0.325 0.175 0.0768879 -0.129979 0 0 255
-0.3 0.175 0.08235 -0.12612 0 0 255
-0.275 0.175 0.0881524 -0.121972 0 0 255
-0.25 0.175 0.0941729 -0.117634 0 0 255
-0.225 0.175 0.100204 -0.113267 0 0 255
-0.2 0.175 0.105958 -0.109091 0 0 255
-0.175 0.175 0.1111 -0.105356 0 0 255
-0.15 0.175 0.115326 -0.102287 0 0 255
-0.125 0.175 0.118442 -0.100026 0 0 255
-0.1 0.175 0.120362 -0.098634 0 0 255
-0.075 0.175 0.127495 -0.0772137 0 0 255
-0.05 0.175 0.134731 -0.0558042 0 0 255
-0.025 0.175 0.141971 -0.0343975 0 0 255
0 0.175 0.149214 -0.0129933 0 0 255
0.025 0.175 0.156461 0.00840905 0 0 255
0.05 0.175 0.163711 0.0298102 0 0 255
0.075 0.175 0.170972 0.0512042 0 0 255
0.1 0.175 0.178976 0.0725964 0 0 255
0.125 0.175 0.177985 0.0740724 0 0 255
0.15 0.175 0.176388 0.0764686 0 0 255
0.175 0.175 0.174241 0.0797262 0 0 255
0.2 0.175 0.171634 0.0837071 0 0 255
0.225 0.175 0.168692 0.0881903 0 0 255
0.25 0.175 0.165549 0.092925 0 0 255
0.275 0.175 0.162325 0.0976824 0 0 255
0.3 0.175 0.159114 0.102286 0 0 255
0.325 0.175 0.155982 0.106616 0 0 255
0.35 0.175 0.15297 0.110608 0 0 255
0.375 0.175 0.150101 0.114234 0 0 255
0.4 0.175 0.147388 0.117494 0 0 255
0.425 0.175 0.144833 0.120406 0 0 255
0.45 0.175 0.142435 0.122994 0 0 255
0.475 0.175 0.140189 0.125289 0 0 255
0.5 0.175 0.13809 0.127321 0 0 255
-0.5 0.15 0.0531411 -0.145514 0 0 255
-0.475 0.15 0.0564534 -0.14351 0 0 255
-0.45 0.15 0.0599753 -0.141305 0 0 255
-0.425 0.15 0.0637406 -0.138873 0 0 255
-0.4 0.15 0.0677823 -0.13619 0 0 255
-0.375 0.15 0.0721282 -0.133237 0 0 255
-0.35 0.15 0.0767947 -0.130004 0 0 255
-0.325 0.15 0.0817771 -0.126499 0 0 255
-0.3 0.15 0.0870378 -0.122754 0 0 255
-0.275 0.15 0.0924935 -0.118837 0 0 255
-0.25 0.15 0.0980045 -0.114857 0 0 255
-0.225 0.15 0.103373 -0.110966 0 0 255
-0.2 0.15 0.108359 -0.107347 0 0 255
-0.175 0.15 0.112714 -0.104184 0 0 255
-0.15 0.15 0.116233 -0.101629 0 0 255
-0.125 0.15 0.118799 -0.0997674 0 0 255
-0.1 0.15 0.120362 -0.098634 0 0 255
-0.075 0.15 0.127495 -0.0772137 0 0 255
-0.05 0.15 0.134731 -0.0558042 0 0 255
-0.025 0.15 0.141971 -0.0343975 0 0 255
0 0.15 0.149214 -0.0129933 0 0 255
0.025 0.15 0.156461 0.00840905 0 0 255
0.05 0.15 0.163711 0.0298102 0 0 255
0.075 0.15 0.170972 0.0512042 0 0 255
0.1 0.15 0.178976 0.0725964 0 0 255
0.125 0.15 0.17817 0.0737979 0 0 255
0.15 0.15 0.176853 0.0757712 0 0 255
0.175 0.15 0.175063 0.0784827 0 0 255
0.2 0.15 0.172853 0.0818503 0 0 255
0.225 0.15 0.170309 0.0857275 0 0 255
0.25 0.15 0.167529 0.0899305 0 0 255
0.275 0.15 0.164614 0.094273 0 0 255
0.3 0.15 0.161649 0.0985935 0 0 255
0.325 0.15 0.1587 0.102768 0 0 255
0.35 0.15 0.155817 0.106712 0 0 255
0.375 0.15 0.153032 0.110377 0 0 255
0.4 0.15 0.150366 0.113739 0 0 255
0.425 0.15 0.147829 0.116796 0 0 255
0.45 0.15 0.145426 0.119558 0 0 255
0.475 0.15 0.143157 0.122041 0 0 255
0.5 0.15 0.14102 0.124268 0 0 255
-0.5 0.125 0.0575831 -0.142719 0 0 255
-0.475 0.125 0.0609433 -0.140604 0 0 255
-0.45 0.125 0.0645146 -0.138293 0 0 255
-0.425 0.125 0.068321 -0.135767 0 0 255
-0.4 0.125 0.0723818 -0.133014 0 0 255
-0.375 0.125 0.0767073 -0.130028 0 0 255
-0.35 0.125 0.0812924 -0.126815 0 0 255
-0.325 0.125 0.0861088 -0.1234 0 0 255
-0.3 0.125 0.0910973 -0.119831 0 0 255
-0.275 0.125 0.09616 -0.116185 0 0 255
-0.25 0.125 0.101158 -0.11257 0 0 255
-0.225 0.125 0.105917 -0.10912 0 0 255
-0.2 0.125 0.110244 -0.105978 0 0 255
-0.175 0.125 0.113958 -0.103281 0 0 255
-0.15 0.125 0.116922 -0.101129 0 0 255
-0.125 0.125 0.119067 -0.0995735 0 0 255
-0.1 0.125 0.120362 -0.098634 0 0 255
-0.075 0.125 0.127495 -0.0772137 0 0 255
-0.05 0.125 0.134731 -0.0558042 0 0 255
-0.025 0.125 0.141971 -0.0343975 0 0 255
0 0.125 0.149214 -0.0129933 0 0 255
0.025 0.125 0.156461 0.00840905 0 0 255
0.05 0.125 0.163711 0.0298102 0 0 255
0.075 0.125 0.170972 0.0512042 0 0 255
0.1 0.125 0.178976 0.0725964 0 0 255
0.125 0.125 0.178308 0.0735924 0 0 255
0.15 0.125 0.177207 0.0752414 0 0 255
0.175 0.125 0.175696 0.0775247 0 0 255
0.2 0.125 0.17381 0.0803942 0 0 255
0.225 0.125 0.171604 0.0837537 0 0 255
0.25 0.125 0.169152 0.0874704 0 0 255
0.275 0.125 0.166532 0.0913982 0 0 255
0.3 0.125 0.163817 0.0953985 0 0 255
0.325 0.125 0.161071 0.0993539 0 0 255
0.35 0.125 0.158343 0.103174 0 0 255
0.375 0.125 0.155671 0.106798 0 0 255
0.4 0.125 0.153082 0.110186 0 0 255
0.425 0.125 0.150591 0.11332 0 0 255
0.45 0.125 0.14821 0.116196 0 0 255
0.475 0.125 0.145942 0.118818 0 0 255
0.5 0.125 0.143791 0.1212 0 0 255
-0.5 0.1 0.0617934 -0.139989 0 0 255
-0.475 0.1 0.0651868 -0.13779 0 0 255
-0.45 0.1 0.0687821 -0.135405 0 0 255
-0.425 0.1 0.072593 -0.132827 0 0 255
-0.4 0.1 0.076626 -0.13005 0 0 255
-0.375 0.1 0.0808758 -0.127083 0 0 255
-0.35 0.1 0.0853209 -0.123943 0 0 255
-0.325 0.1 0.0899174 -0.120665 0 0 255
-0.3 0.1 0.0945944 -0.117307 0 0 255
-0.275 0.1 0.0992515 -0.113947 0 0 255
-0.25 0.1 0.103761 -0.110683 0 0 255
-0.225 0.1 0.107974 -0.107626 0 0 255
-0.2 0.1 0.111742 -0.104891 0 0 255
-0.175 0.1 0.114933 -0.102573 0 0 255
-0.15 0.1 0.117456 -0.100742 0 0 255
-0.125 0.1 0.119272 -0.0994248 0 0 255
-0.1 0.1 0.120362 -0.098634 0 0 255
-0.075 0.1 0.127495 -0.0772137 0 0 255
-0.05 0.1 0.134731 -0.0558042 0 0 255
-0.025 0.1 0.141971 -0.0343975 0 0 255
0 0.1 0.149214 -0.0129933 0 0 255
0.025 0.1 0.156461 0.00840905 0 0 255
0.05 0.1 0.163711 0.0298102 0 0 255
0.075 0.1 0.170972 0.0512042 0 0 255
0.1 0.1 0.178976 0.0725964 0 0 255
0.125 0.1 0.178414 0.0734347 0 0 255
0.15 0.1 0.177481 0.0748305 0 0 255
0.175 0.1 0.176194 0.0767738 0 0 255
0.2 0.1 0.174572 0.0792377 0 0 255
0.225 0.1 0.172652 0.0821591 0 0 255
0.25 0.1 0.170488 0.0854435 0 0 255
0.275 0.1 0.168139 0.0889786 0 0 255
0.3 0.1 0.165668 0.0926498 0 0 255
0.325 0.1 0.163129 0.0963524 0 0 255
0.35 0.1 0.160571 0.0999989 0 0 255
0.375 0.1 0.158032 0.103522 0 0 255
0.4 0.1 0.155542 0.106874 0 0 255
0.425 0.1 0.153121 0.110026 0 0 255
0.45 0.1 0.150784 0.112961 0 0 255
0.475 0.1 0.148541 0.115675 0 0 255
0.5 0.1 0.146397 0.118169 0 0 255
-0.5 0.075 0.0657758 -0.137349 0 0 255
-0.475 0.075 0.0691811 -0.135092 0 0 255
-0.45 0.075 0.0727713 -0.132666 0 0 255
-0.425 0.075 0.0765503 -0.130072 0 0 255
-0.4 0.075 0.0805132 -0.127313 0 0 255
-0.375 0.075 0.0846428 -0.124406 0 0 255
-0.35 0.075 0.0889059 -0.121376 0 0 255
-0.325 0.075 0.0932498 -0.118267 0 0 255
-0.3 0.075 0.0975998 -0.115136 0 0 255
-0.275 0.075 0.10186 -0.112057 0 0 255
-0.25 0.075 0.105918 -0.109117 0 0 255
-0.225 0.075 0.109652 -0.106408 0 0 255
-0.2 0.075 0.112947 -0.104015 0 0 255
-0.175 0.075 0.115709 -0.10201 0 0 255
-0.15 0.075 0.117878 -0.100435 0 0 255
-0.125 0.075 0.119432 -0.0993083 0 0 255
-0.1 0.075 0.120362 -0.098634 0 0 255
-0.075 0.075 0.127495 -0.0772137 0 0 255
-0.05 0.075 0.134731 -0.0558042 0 0 255
-0.025 0.075 0.141971 -0.0343975 0 0 255
0 0.075 0.149214 -0.0129933 0 0 255
0.025 0.075 0.156461 0.00840905 0 0 255
0.05 0.075 0.163711 0.0298102 0 0 255
0.075 0.075 0.170972 0.0512042 0 0 255
0.1 0.075 0.178976 0.0725964 0 0 255
0.125 0.075 0.178496 0.0733112 0 0 255
0.15 0.075 0.177698 0.074506 0 0 255
0.175 0.075 0.17659 0.0761762 0 0 255
0.2 0.075 0.175185 0.0783076 0 0 255
0.225 0.075 0.173507 0.0808597 0 0 255
0.25 0.075 0.171593 0.0837656 0 0 255
0.275 0.075 0.16949 0.0869402 0 0 255
0.3 0.075 0.167247 0.0902911 0 0 255
0.325 0.075 0.164912 0.0937282 0 0 255
0.35 0.075 0.162528 0.0971711 0 0 255
0.375 0.075 0.160134 0.100553 0 0 255
0.4 0.075 0.157758 0.103823 0 0 255
0.425 0.075 0.155426 0.106943 0 0 255
0.45 0.075 0.153153 0.10989 0 0 255
0.475 0.075 0.150953 0.11265 0 0 255
0.5 0.075 0.148833 0.115218 0 0 255
-0.5 0.05 0.06953 -0.134817 0 0 255
-0.475 0.05 0.0729238 -0.132528 0 0 255
-0.45 0.05 0.0764801 -0.130092 0 0 255
-0.425 0.05 0.0801942 -0.127514 0 0 255
-0.4 0.05 0.0840523 -0.124806 0 0 255
-0.375 0.05 0.0880285 -0.121989 0 0 255
-0.35 0.05 0.0920826 -0.119095 0 0 255
-0.325 0.05 0.0961581 -0.116169 0 0 255
-0.3 0.05 0.100182 -0.113268 0 0 255
-0.275 0.05 0.104067 -0.110457 0 0 255
-0.25 0.05 0.107716 -0.107812 0 0 255
-0.225 0.05 0.111032 -0.105406 0 0 255
-0.2 0.05 0.113928 -0.103303 0 0 255
-0.175 0.05 0.116336 -0.101555 0 0 255
-0.15 0.05 0.118217 -0.10019 0 0 255
-0.125 0.05 0.11956 -0.0992154 0 0 255
-0.1 0.05 0.120362 -0.098634 0 0 255
-0.075 0.05 0.127495 -0.0772137 0 0 255
-0.05 0.05 0.134731 -0.0558042 0 0 255
-0.025 0.05 0.141971 -0.0343975 0 0 255
0 0.05 0.149214 -0.0129933 0 0 255
0.025 0.05 0.156461 0.00840905 0 0 255
0.05 0.05 0.163711 0.0298102 0 0 255
0.075 0.05 0.170972 0.0512042 0 0 255
0.1 0.05 0.178976 0.0725964 0 0 255
0.125 0.05 0.178563 0.0732127 0 0 255
0.15 0.05 0.177872 0.0742458 0 0 255
0.175 0.05 0.176911 0.0756939 0 0 255
0.2 0.05 0.175684 0.0775511 0 0 255
0.225 0.05 0.17421 0.0797917 0 0 255
0.25 0.05 0.172513 0.0823688 0 0 255
0.275 0.05 0.170628 0.0852186 0 0 255
0.3 0.05 0.168596 0.0882678 0 0 255
0.325 0.05 0.166455 0.0914408 0 0 255
0.35 0.05 0.164244 0.0946664 0 0 255
0.375 0.05 0.161999 0.0978818 0 0 255
0.4 0.05 0.159748 0.101035 0 0 255
0.425 0.05 0.157516 0.104086 0 0 255
0.45 0.05 0.155322 0.107005 0 0 255
0.475 0.05 0.15318 0.109773 0 0 255
0.5 0.05 0.1511 0.112377 0 0 255
-0.5 0.025 0.0730557 -0.132407 0 0 255
-0.475 0.025 0.0764149 -0.130111 0 0 255
-0.45 0.025 0.079911 -0.127691 0 0 255
-0.425 0.025 0.0835327 -0.125156 0 0 255
-0.4 0.025 0.0872594 -0.122523 0 0 255
-0.375 0.025 0.0910598 -0.119818 0 0 255
-0.35 0.025 0.0948901 -0.117075 0 0 255
-0.325 0.025 0.0986939 -0.114338 0 0 255
-0.3 0.025 0.102403 -0.11166 0 0 255
-0.275 0.025 0.10594 -0.109099 0 0 255
-0.25 0.025 0.109224 -0.106718 0 0 255
-0.225 0.025 0.112178 -0.104574 0 0 255
-0.2 0.025 0.114735 -0.102718 0 0 255
-0.175 0.025 0.116848 -0.101184 0 0 255
-0.15 0.025 0.118492 -0.0999903 0 0 255
-0.125 0.025 0.119664 -0.0991402 0 0 255
-0.1 0.025 0.120362 -0.098634 0 0 255
-0.075 0.025 0.127495 -0.0772137 0 0 255
-0.05 0.025 0.134731 -0.0558042 0 0 255
-0.025 0.025 0.141971 -0.0343975 0 0 255
0 0.025 0.149214 -0.0129933 0 0 255
0.025 0.025 0.156461 0.00840905 0 0 255
0.05 0.025 0.163711 0.0298102 0 0 255
0.075 0.025 0.170972 0.0512042 0 0 255
0.1 0.025 0.178976 0.0725964 0 0 255
0.125 0.025 0.178616 0.0731331 0 0 255
0.15 0.025 0.178014 0.0740342 0 0 255
0.175 0.025 0.177172 0.0752999 0 0 255
0.2 0.025 0.176096 0.0769291 0 0 255
0.225 0.025 0.174793 0.0789062 0 0 255
0.25 0.025 0.173283 0.0811988 0 0 255
0.275 0.025 0.171592 0.0837593 0 0 255
0.3 0.025 0.16975 0.0865301 0 0 255
0.325 0.025 0.167791 0.0894491 0 0 255
0.35 0.025 0.165748 0.0924546 0 0 255
0.375 0.025 0.163652 0.0954897 0 0 255
0.4 0.025 0.161529 0.0985045 0 0 255
0.425 0.025 0.159406 0.101458 0 0 255
0.45 0.025 0.1573 0.104318 0 0 255
0.475 0.025 0.155228 0.107061 0 0 255
0.5 0.025 0.153202 0.109671 0 0 255
-0.5 0 0.0763542 -0.130129 0 0 255
-0.475 0 0.0796576 -0.127848 0 0 255
-0.45 0 0.0830715 -0.125464 0 0 255
-0.425 0 0.0865792 -0.122993 0 0 255
-0.4 0 0.0901558 -0.120454 0 0 255
-0.375 0 0.093767 -0.117875 0 0 255
-0.35 0 0.0973683 -0.115289 0 0 255
-0.325 0 0.100906 -0.112739 0 0 255
-0.3 0 0.104317 -0.110273 0 0 255
-0.275 0 0.107536 -0.107941 0 0 255
-0.25 0 0.110496 -0.105794 0 0 255
-0.225 0 0.113136 -0.103879 0 0 255
-0.2 0 0.115405 -0.102231 0 0 255
-0.175 0 0.117271 -0.100877 0 0 255
-0.15 0 0.118719 -0.0998259 0 0 255
-0.125 0 0.119749 -0.0990785 0 0 255
-0.1 0 0.120362 -0.098634 0 0 255
-0.075 0 0.127495 -0.0772137 0 0 255
-0.05 0 0.134731 -0.0558042 0 0 255
-0.025 0 0.141971 -0.0343975 0 0 255
0 0 0.149214 -0.0129933 0 0 255
0.025 0 0.156461 0.00840905 0 0 255
0.05 0 0.163711 0.0298102 0 0 255
0.075 0 0.170972 0.0512042 0 0 255
0.1 0 0.178976 0.0725964 0 0 255
0.125 0 0.17866 0.0730677 0 0 255
0.15 0 0.17813 0.0738599 0 0 255
0.175 0 0.177389 0.0749743 0 0 255
0.2 0 0.176437 0.0764126 0 0 255
0.225 0 0.175281 0.0781661 0 0 255
0.25 0 0.173933 0.0802126 0 0 255
0.275 0 0.172412 0.082517 0 0 255
0.3 0 0.170742 0.0850344 0 0 255
0.325 0 0.168951 0.0877144 0 0 255
0.35 0 0.167066 0.0905045 0 0 255
0.375 0 0.165114 0.0933543 0 0 255
0.4 0 0.163121 0.0962178 0 0 255
0.425 0 0.16111 0.0990549 0 0 255
0.45 0 0.159099 0.101833 0 0 255
0.475 0 0.157106 0.104525 0 0 255
0.5 0 0.155143 0.107112 0 0 255
