-0.5 1 -0.160228 -0.1342 0 0 255
-0.475 1 -0.162239 -0.131015 0 0 255
-0.45 1 -0.164267 -0.127802 0 0 255
-0.425 1 -0.166298 -0.124583 0 0 255
-0.4 1 -0.168317 -0.12138 0 0 255
-0.375 1 -0.170305 -0.118224 0 0 255
-0.35 1 -0.172239 -0.115149 0 0 255
-0.325 1 -0.174095 -0.112193 0 0 255
-0.3 1 -0.175849 -0.109396 0 0 255
-0.275 1 -0.177475 -0.106802 0 0 255
-0.25 1 -0.178947 -0.104449 0 0 255
-0.225 1 -0.180246 -0.102374 0 0 255
-0.2 1 -0.181354 -0.100604 0 0 255
-0.175 1 -0.182262 -0.0991558 0 0 255
-0.15 1 -0.182966 -0.0980351 0 0 255
-0.125 1 -0.183468 -0.0972388 0 0 255
-0.1 1 -0.183766 -0.0967657 0 0 255
-0.075 1 -0.175688 -0.0744419 0 0 255
-0.05 1 -0.167797 -0.052351 0 0 255
-0.025 1 -0.159911 -0.0302744 0 0 255
0 1 -0.152026 -0.00820562 0 0 255
0.025 1 -0.14414 0.0138563 0 0 255
0.05 1 -0.136255 0.0359117 0 0 255
0.075 1 -0.128383 0.0579644 0 0 255
0.1 1 -0.120742 0.0801562 0 0 255
0.125 1 -0.120103 0.0806181 0 0 255
0.15 1 -0.119031 0.0813949 0 0 255
0.175 1 -0.117524 0.0824878 0 0 255
0.2 1 -0.115584 0.0838974 0 0 255
0.225 1 -0.113226 0.0856126 0 0 255
0.25 1 -0.110485 0.087608 0 0 255
0.275 1 -0.107412 0.0898453 0 0 255
0.3 1 -0.104072 0.0922762 0 0 255
0.325 1 -0.100534 0.0948482 0 0 255
0.35 1 -0.0968667 0.097508 0 0 255
0.375 1 -0.0931349 0.100206 0 0 255
0.4 1 -0.0893945 0.102899 0 0 255
0.425 1 -0.0856915 0.10555 0 0 255
0.45 1 -0.0820615 0.108131 0 0 255
0.475 1 -0.0785304 0.110621 0 0 255
0.5 1 -0.0751151 0.113005 0 0 255
-0.5 0.975 -0.15824 -0.13735 0 0 255
-0.475 0.975 -0.160329 -0.134041 0 0 255
-0.45 0.975 -0.162449 -0.130683 0 0 255
-0.425 0.975 -0.164588 -0.127295 0 0 255
-0.4 0.975 -0.16673 -0.1239 0 0 255
-0.375 0.975 -0.168856 -0.120529 0 0 255
-0.35 0.975 -0.170941 -0.117215 0 0 255
-0.325 0.975 -0.17296 -0.114003 0 0 255
-0.3 0.975 -0.174884 -0.110938 0 0 255
-0.275 0.975 -0.176681 -0.10807 0 0 255
-0.25 0.975 -0.178322 -0.105449 0 0 255
-0.225 0.975 -0.179778 -0.103121 0 0 255
-0.2 0.975 -0.181028 -0.101124 0 0 255
-0.175 0.975 -0.182057 -0.0994832 0 0 255
-0.15 0.975 -0.182856 -0.0982102 0 0 255
-0.125 0.975 -0.183426 -0.0973045 0 0 255
-0.1 0.975 -0.183766 -0.0967657 0 0 255
-0.075 0.975 -0.175688 -0.0744419 0 0 255
-0.05 0.975 -0.167797 -0.052351 0 0 255
-0.025 0.975 -0.159911 -0.0302744 0 0 255
0 0.975 -0.152026 -0.00820562 0 0 255
0.025 0.975 -0.14414 0.0138563 0 0 255
0.05 0.975 -0.136255 0.0359117 0 0 255
0.075 0.975 -0.128383 0.0579644 0 0 255
0.1 0.975 -0.120742 0.0801562 0 0 255
0.125 0.975 -0.120015 0.0806821 0 0 255
0.15 0.975 -0.118795 0.0815658 0 0 255
0.175 0.975 -0.117084 0.0828072 0 0 255
0.2 0.975 -0.114887 0.0844036 0 0 255
0.225 0.975 -0.112231 0.0863366 0 0 255
0.25 0.975 -0.109164 0.0885699 0 0 255
0.275 0.975 -0.105755 0.091052 0 0 255
0.3 0.975 -0.102086 0.0937219 0 0 255
0.325 0.975 -0.09824 0.0965156 0 0 255
0.35 0.975 -0.0942977 0.0993714 0 0 255
0.375 0.975 -0.0903297 0.102234 0 0 255
0.4 0.975 -0.0863945 0.105059 0 0 255
0.425 0.975 -0.0825374 0.107808 0 0 255
0.45 0.975 -0.0787909 0.110456 0 0 255
0.475 0.975 -0.0751762 0.112986 0 0 255
0.5 0.975 -0.071705 0.115386 0 0 255
-0.5 0.95 -0.156074 -0.140782 0 0 255
-0.475 0.95 -0.158233 -0.137361 0 0 255
-0.45 0.95 -0.160439 -0.133866 0 0 255
-0.425 0.95 -0.162682 -0.130316 0 0 255
-0.4 0.95 -0.164946 -0.126731 0 0 255
-0.375 0.95 -0.167212 -0.12314 0 0 255
-0.35 0.95 -0.169455 -0.11958 0 0 255
-0.325 0.95 -0.171648 -0.116094 0 0 255
-0.3 0.95 -0.173757 -0.112736 0 0 255
-0.275 0.95 -0.175746 -0.109564 0 0 255
-0.25 0.95 -0.177578 -0.106637 0 0 255
-0.225 0.95 -0.179218 -0.104015 0 0 255
-0.2 0.95 -0.180636 -0.10175 0 0 255
-0.175 0.95 -0.181808 -0.0998796 0 0 255
-0.15 0.95 -0.182722 -0.0984229 0 0 255
-0.125 0.95 -0.183376 -0.0973845 0 0 255
-0.1 0.95 -0.183766 -0.0967657 0 0 255
-0.075 0.95 -0.175688 -0.0744419 0 0 255
-0.05 0.95 -0.167797 -0.052351 0 0 255
-0.025 0.95 -0.159911 -0.0302744 0 0 255
0 0.95 -0.152026 -0.00820562 0 0 255
0.025 0.95 -0.14414 0.0138563 0 0 255
0.05 0.95 -0.136255 0.0359117 0 0 255
0.075 0.95 -0.128383 0.0579644 0 0 255
0.1 0.95 -0.120742 0.0801562 0 0 255
0.125 0.95 -0.119907 0.0807602 0 0 255
0.15 0.95 -0.118508 0.0817733 0 0 255
0.175 0.95 -0.116551 0.0831936 0 0 255
0.2 0.95 -0.114049 0.0850131 0 0 255
0.225 0.95 -0.111041 0.0872024 0 0 255
0.25 0.95 -0.107598 0.0897101 0 0 255
0.275 0.95 -0.103811 0.0924677 0 0 255
0.3 0.95 -0.0997818 0.0953984 0 0 255
0.325 0.95 -0.0956106 0.0984256 0 0 255
0.35 0.95 -0.0913879 0.101479 0 0 255
0.375 0.95 -0.0871894 0.1045 0 0 255
0.4 0.95 -0.0830736 0.107442 0 0 255
0.425 0.95 -0.0790821 0.110271 0 0 255
0.45 0.95 -0.0752418 0.112965 0 0 255
0.475 0.95 -0.0715667 0.115511 0 0 255
0.5 0.95 -0.0680617 0.117905 0 0 255
-0.5 0.925 -0.153721 -0.144513 0 0 255
-0.475 0.925 -0.155939 -0.140993 0 0 255
-0.45 0.925 -0.158223 -0.137375 0 0 255
-0.425 0.925 -0.160562 -0.133673 0 0 255
-0.4 0.925 -0.162943 -0.129905 0 0 255
-0.375 0.925 -0.165348 -0.126098 0 0 255
-0.35 0.925 -0.167753 -0.122286 0 0 255
-0.325 0.925 -0.170127 -0.118515 0 0 255
-0.3 0.925 -0.172437 -0.114842 0 0 255
-0.275 0.925 -0.174639 -0.111332 0 0 255
-0.25 0.925 -0.176689 -0.108058 0 0 255
-0.225 0.925 -0.178543 -0.105095 0 0 255
-0.2 0.925 -0.180158 -0.102513 0 0 255
-0.175 0.925 -0.181503 -0.100365 0 0 255
-0.15 0.925 -0.182558 -0.0986845 0 0 255
-0.125 0.925 -0.183313 -0.0974833 0 0 255
-0.1 0.925 -0.183766 -0.0967657 0 0 255
-0.075 0.925 -0.175688 -0.0744419 0 0 255
-0.05 0.925 -0.167797 -0.052351 0 0 255
-0.025 0.925 -0.159911 -0.0302744 0 0 255
0 0.925 -0.152026 -0.00820562 0 0 255
0.025 0.925 -0.14414 0.0138563 0 0 255
0.05 0.925 -0.136255 0.0359117 0 0 255
0.075 0.925 -0.128383 0.0579644 0 0 255
0.1 0.925 -0.120742 0.0801562 0 0 255
0.125 0.925 -0.119773 0.0808567 0 0 255
0.15 0.925 -0.118156 0.0820286 0 0 255
0.175 0.925 -0.1159 0.0836666 0 0 255
0.2 0.925 -0.113029 0.0857543 0 0 255
0.225 0.925 -0.109607 0.0882462 0 0 255
0.25 0.925 -0.105731 0.0910699 0 0 255
0.275 0.925 -0.101521 0.0941351 0 0 255
0.3 0.925 -0.0971038 0.0973463 0 0 255
0.325 0.925 -0.0925958 0.100614 0 0 255
0.35 0.925 -0.0880965 0.103859 0 0 255
0.375 0.925 -0.0836832 0.107023 0 0 255
0.4 0.925 -0.0794103 0.11006 0 0 255
0.425 0.925 -0.0753123 0.112943 0 0 255
0.45 0.925 -0.0714069 0.115655 0 0 255
0.475 0.925 -0.067699 0.118191 0 0 255
0.5 0.925 -0.0641845 0.120553 0 0 255
-0.5 0.9 -0.151171 -0.148559 0 0 255
-0.475 0.9 -0.153436 -0.144958 0 0 255
-0.45 0.9 -0.155785 -0.141234 0 0 255
-0.425 0.9 -0.158209 -0.137396 0 0 255
-0.4 0.9 -0.160699 -0.133459 0 0 255
-0.375 0.9 -0.163237 -0.129444 0 0 255
-0.35 0.9 -0.165802 -0.125383 0 0 255
-0.325 0.9 -0.168364 -0.12132 0 0 255
-0.3 0.9 -0.170886 -0.117313 0 0 255
-0.275 0.9 -0.173322 -0.113434 0 0 255
-0.25 0.9 -0.175619 -0.109768 0 0 255
-0.225 0.9 -0.17772 -0.10641 0 0 255
-0.2 0.9 -0.179571 -0.10345 0 0 255
-0.175 0.9 -0.181126 -0.100966 0 0 255
-0.15 0.9 -0.182352 -0.0990107 0 0 255
-0.125 0.9 -0.183235 -0.0976073 0 0 255
-0.1 0.9 -0.183766 -0.0967657 0 0 255
-0.075 0.9 -0.175688 -0.0744419 0 0 255
-0.05 0.9 -0.167797 -0.052351 0 0 255
-0.025 0.9 -0.159911 -0.0302744 0 0 255
0 0.9 -0.152026 -0.00820562 0 0 255
0.025 0.9 -0.14414 0.0138563 0 0 255
0.05 0.9 -0.136255 0.0359117 0 0 255
0.075 0.9 -0.128383 0.0579644 0 0 255
0.1 0.9 -0.120742 0.0801562 0 0 255
0.125 0.9 -0.119606 0.0809778 0 0 255
0.15 0.9 -0.117717 0.0823468 0 0 255
0.175 0.9 -0.115092 0.0842528 0 0 255
0.2 0.9 -0.111776 0.0866653 0 0 255
0.225 0.9 -0.107864 0.0895153 0 0 255
0.25 0.9 -0.103491 0.0927013 0 0 255
0.275 0.9 -0.098815 0.0961057 0 0 255
0.3 0.9 -0.0939877 0.0996116 0 0 255
0.325 0.9 -0.0891424 0.103116 0 0 255
0.35 0.9 -0.0843832 0.106538 0 0 255
0.375 0.9 -0.0797834 0.109818 0 0 255
0.4 0.9 -0.0753882 0.112919 0 0 255
0.425 0.9 -0.0712201 0.115821 0 0 255
0.45 0.9 -0.0672842 0.118518 0 0 255
0.475 0.9 -0.0635737 0.121012 0 0 255
0.5 0.9 -0.0600745 0.123314 0 0 255
-0.5 0.875 -0.148419 -0.152934 0 0 255
-0.475 0.875 -0.150715 -0.149273 0 0 255
-0.45 0.875 -0.153113 -0.145464 0 0 255
-0.425 0.875 -0.155607 -0.141511 0 0 255
-0.4 0.875 -0.158191 -0.137425 0 0 255
-0.375 0.875 -0.160852 -0.133219 0 0 255
-0.35 0.875 -0.163571 -0.128921 0 0 255
-0.325 0.875 -0.16632 -0.124568 0 0 255
-0.3 0.875 -0.169063 -0.120217 0 0 255
-0.275 0.875 -0.17175 -0.115942 0 0 255
-0.25 0.875 -0.174322 -0.111841 0 0 255
-0.225 0.875 -0.17671 -0.108026 0 0 255
-0.2 0.875 -0.178842 -0.104616 0 0 255
-0.175 0.875 -0.180652 -0.101721 0 0 255
-0.15 0.875 -0.182092 -0.0994239 0 0 255
-0.125 0.875 -0.183135 -0.0977656 0 0 255
-0.1 0.875 -0.183766 -0.0967657 0 0 255
-0.075 0.875 -0.175688 -0.0744419 0 0 255
-0.05 0.875 -0.167797 -0.052351 0 0 255
-0.025 0.875 -0.159911 -0.0302744 0 0 255
0 0.875 -0.152026 -0.00820562 0 0 255
0.025 0.875 -0.14414 0.0138563 0 0 255
0.05 0.875 -0.136255 0.0359117 0 0 255
0.075 0.875 -0.128383 0.0579644 0 0 255
0.1 0.875 -0.120742 0.0801562 0 0 255
0.125 0.875 -0.119392 0.0811323 0 0 255
0.15 0.875 -0.117161 0.0827498 0 0 255
0.175 0.875 -0.114078 0.0849892 0 0 255
0.2 0.875 -0.11022 0.0877978 0 0 255
0.225 0.875 -0.105728 0.0910714 0 0 255
0.25 0.875 -0.100791 0.0946692 0 0 255
0.275 0.875 -0.0956087 0.0984398 0 0 255
0.3 0.875 -0.0903628 0.102244 0 0 255
0.325 0.875 -0.0851968 0.10597 0 0 255
0.35 0.875 -0.080212 0.109537 0 0 255
0.375 0.875 -0.0754698 0.112895 0 0 255
0.4 0.875 -0.070999 0.116016 0 0 255
0.425 0.875 -0.0668049 0.118895 0 0 255
0.45 0.875 -0.0628768 0.121537 0 0 255
0.475 0.875 -0.0591944 0.123956 0 0 255
0.5 0.875 -0.0557329 0.126171 0 0 255
-0.5 0.85 -0.145461 -0.157651 0 0 255
-0.475 0.85 -0.147769 -0.153953 0 0 255
-0.45 0.85 -0.150196 -0.150084 0 0 255
-0.425 0.85 -0.152742 -0.146044 0 0 255
-0.4 0.85 -0.155401 -0.141835 0 0 255
-0.375 0.85 -0.158167 -0.137465 0 0 255
-0.35 0.85 -0.161025 -0.132952 0 0 255
-0.325 0.85 -0.163953 -0.128324 0 0 255
-0.3 0.85 -0.166916 -0.123631 0 0 255
-0.275 0.85 -0.169868 -0.118944 0 0 255
-0.25 0.85 -0.172742 -0.114366 0 0 255
-0.225 0.85 -0.175457 -0.110029 0 0 255
-0.2 0.85 -0.177923 -0.106085 0 0 255
-0.175 0.85 -0.180048 -0.102685 0 0 255
-0.15 0.85 -0.181757 -0.0999566 0 0 255
-0.125 0.85 -0.183005 -0.0979719 0 0 255
-0.1 0.85 -0.183766 -0.0967657 0 0 255
-0.075 0.85 -0.175688 -0.0744419 0 0 255
-0.05 0.85 -0.167797 -0.052351 0 0 255
-0.025 0.85 -0.159911 -0.0302744 0 0 255
0 0.85 -0.152026 -0.00820562 0 0 255
0.025 0.85 -0.14414 0.0138563 0 0 255
0.05 0.85 -0.136255 0.0359117 0 0 255
0.075 0.85 -0.128383 0.0579644 0 0 255
0.1 0.85 -0.120742 0.0801562 0 0 255
0.125 0.85 -0.119114 0.0813337 0 0 255
0.15 0.85 -0.116444 0.0832695 0 0 255
0.175 0.85 -0.112785 0.0859288 0 0 255
0.2 0.85 -0.108262 0.0892231 0 0 255
0.225 0.85 -0.103087 0.0929957 0 0 255
0.25 0.85 -0.097519 0.0970534 0 0 255
0.275 0.85 -0.0918072 0.101206 0 0 255
0.3 0.85 -0.0861563 0.105295 0 0 255
0.325 0.85 -0.0807109 0.109206 0 0 255
0.35 0.85 -0.0755571 0.112868 0 0 255
0.375 0.85 -0.0707336 0.116247 0 0 255
0.4 0.85 -0.066245 0.119336 0 0 255
0.425 0.85 -0.0620742 0.122143 0 0 255
0.45 0.85 -0.0581923 0.124688 0 0 255
0.475 0.85 -0.0545649 0.126998 0 0 255
0.5 0.85 -0.051157 0.129098 0 0 255
-0.5 0.825 -0.142296 -0.162722 0 0 255
-0.475 0.825 -0.144594 -0.159014 0 0 255
-0.45 0.825 -0.147028 -0.155113 0 0 255
-0.425 0.825 -0.149601 -0.151014 0 0 255
-0.4 0.825 -0.152312 -0.146715 0 0 255
-0.375 0.825 -0.155159 -0.142216 0 0 255
-0.35 0.825 -0.158133 -0.137522 0 0 255
-0.325 0.825 -0.161221 -0.132651 0 0 255
-0.3 0.825 -0.164394 -0.127636 0 0 255
-0.275 0.825 -0.167611 -0.122538 0 0 255
-0.25 0.825 -0.170807 -0.117457 0 0 255
-0.225 0.825 -0.173891 -0.112535 0 0 255
-0.2 0.825 -0.176751 -0.107959 0 0 255
-0.175 0.825 -0.179264 -0.103937 0 0 255
-0.15 0.825 -0.181316 -0.100658 0 0 255
-0.125 0.825 -0.182831 -0.0982475 0 0 255
-0.1 0.825 -0.183766 -0.0967657 0 0 255
-0.075 0.825 -0.175688 -0.0744419 0 0 255
-0.05 0.825 -0.167797 -0.052351 0 0 255
-0.025 0.825 -0.159911 -0.0302744 0 0 255
0 0.825 -0.152026 -0.00820562 0 0 255
0.025 0.825 -0.14414 0.0138563 0 0 255
0.05 0.825 -0.136255 0.0359117 0 0 255
0.075 0.825 -0.128383 0.0579644 0 0 255
0.1 0.825 -0.120742 0.0801562 0 0 255
0.125 0.825 -0.118742 0.0816027 0 0 255
0.15 0.825 -0.1155 0.0839536 0 0 255
0.175 0.825 -0.111107 0.0871484 0 0 255
0.2 0.825 -0.105767 0.0910398 0 0 255
0.225 0.825 -0.0997981 0.0953936 0 0 255
0.25 0.825 -0.0935452 0.0999492 0 0 255
0.275 0.825 -0.087308 0.104477 0 0 255
0.3 0.825 -0.0813009 0.108808 0 0 255
0.325 0.825 -0.0756502 0.112841 0 0 255
0.35 0.825 -0.0704094 0.116526 0 0 255
0.375 0.825 -0.0655819 0.119857 0 0 255
0.4 0.825 -0.0611402 0.122848 0 0 255
0.425 0.825 -0.0570418 0.125529 0 0 255
0.45 0.825 -0.0532385 0.127937 0 0 255
0.475 0.825 -0.0496834 0.130106 0 0 255
0.5 0.825 -0.0463336 0.13207 0 0 255
-0.5 0.8 -0.138926 -0.168159 0 0 255
-0.475 0.8 -0.141189 -0.16447 0 0 255
-0.45 0.8 -0.143604 -0.160567 0 0 255
-0.425 0.8 -0.146178 -0.156442 0 0 255
-0.4 0.8 -0.148912 -0.152089 0 0 255
-0.375 0.8 -0.151809 -0.147501 0 0 255
-0.35 0.8 -0.154869 -0.142672 0 0 255
-0.325 0.8 -0.158086 -0.137605 0 0 255
-0.3 0.8 -0.161443 -0.132312 0 0 255
-0.275 0.8 -0.164911 -0.126832 0 0 255
-0.25 0.8 -0.168433 -0.121245 0 0 255
-0.225 0.8 -0.171918 -0.115691 0 0 255
-0.2 0.8 -0.175238 -0.110382 0 0 255
-0.175 0.8 -0.178228 -0.105592 0 0 255
-0.15 0.8 -0.180722 -0.101604 0 0 255
-0.125 0.8 -0.182592 -0.0986266 0 0 255
-0.1 0.8 -0.183766 -0.0967657 0 0 255
-0.075 0.8 -0.175688 -0.0744419 0 0 255
-0.05 0.8 -0.167797 -0.052351 0 0 255
-0.025 0.8 -0.159911 -0.0302744 0 0 255
0 0.8 -0.152026 -0.00820562 0 0 255
0.025 0.8 -0.14414 0.0138563 0 0 255
0.05 0.8 -0.136255 0.0359117 0 0 255
0.075 0.8 -0.128383 0.0579644 0 0 255
0.1 0.8 -0.120742 0.0801562 0 0 255
0.125 0.8 -0.11823 0.0819727 0 0 255
0.15 0.8 -0.114228 0.0848758 0 0 255
0.175 0.8 -0.108888 0.0887616 0 0 255
0.2 0.8 -0.102549 0.0933851 0 0 255
0.225 0.8 -0.095677 0.0983995 0 0 255
0.25 0.8 -0.0887204 0.103464 0 0 255
0.275 0.8 -0.0820126 0.108321 0 0 255
0.3 0.8 -0.0757481 0.112812 0 0 255
0.325 0.8 -0.0700054 0.116869 0 0 255
0.35 0.8 -0.0647843 0.120482 0 0 255
0.375 0.8 -0.0600402 0.123679 0 0 255
0.4 0.8 -0.0557088 0.126505 0 0 255
0.425 0.8 -0.0517219 0.12901 0 0 255
0.45 0.8 -0.0480151 0.131243 0 0 255
0.475 0.8 -0.0445324 0.133248 0 0 255
0.5 0.8 -0.0412275 0.135064 0 0 255
-0.5 0.775 -0.13536 -0.173972 0 0 255
-0.475 0.775 -0.137558 -0.170337 0 0 255
-0.45 0.775 -0.139925 -0.166465 0 0 255
-0.425 0.775 -0.142468 -0.162349 0 0 255
-0.4 0.775 -0.145193 -0.157978 0 0 255
-0.375 0.775 -0.148107 -0.153343 0 0 255
-0.35 0.775 -0.151214 -0.148431 0 0 255
-0.325 0.775 -0.154518 -0.143229 0 0 255
-0.3 0.775 -0.158017 -0.137727 0 0 255
-0.275 0.775 -0.161697 -0.13193 0 0 255
-0.25 0.775 -0.165524 -0.12588 0 0 255
-0.225 0.775 -0.169422 -0.119684 0 0 255
-0.2 0.775 -0.173257 -0.113555 0 0 255
-0.175 0.775 -0.176829 -0.107829 0 0 255
-0.15 0.775 -0.179898 -0.102915 0 0 255
-0.125 0.775 -0.182251 -0.0991673 0 0 255
-0.1 0.775 -0.183766 -0.0967657 0 0 255
-0.075 0.775 -0.175688 -0.0744419 0 0 255
-0.05 0.775 -0.167797 -0.052351 0 0 255
-0.025 0.775 -0.159911 -0.0302744 0 0 255
0 0.775 -0.152026 -0.00820562 0 0 255
0.025 0.775 -0.14414 0.0138563 0 0 255
0.05 0.775 -0.136255 0.0359117 0 0 255
0.075 0.775 -0.128383 0.0579644 0 0 255
0.1 0.775 -0.120742 0.0801562 0 0 255
0.125 0.775 -0.117501 0.0825006 0 0 255
0.15 0.775 -0.112465 0.0861545 0 0 255
0.175 0.775 -0.105895 0.0909401 0 0 255
0.2 0.775 -0.0983486 0.0964488 0 0 255
0.225 0.775 -0.0905003 0.102177 0 0 255
0.25 0.775 -0.0828936 0.107707 0 0 255
0.275 0.775 -0.0758492 0.112783 0 0 255
0.3 0.775 -0.0694894 0.117299 0 0 255
0.325 0.775 -0.0638067 0.121247 0 0 255
0.35 0.775 -0.0587265 0.124674 0 0 255
0.375 0.775 -0.0541493 0.12765 0 0 255
0.4 0.775 -0.0499753 0.130246 0 0 255
0.425 0.775 -0.0461157 0.132533 0 0 255
0.45 0.775 -0.042497 0.134567 0 0 255
0.475 0.775 -0.0390611 0.136398 0 0 255
0.5 0.775 -0.035764 0.138065 0 0 255
-0.5 0.75 -0.131613 -0.180168 0 0 255
-0.475 0.75 -0.13371 -0.176631 0 0 255
-0.45 0.75 -0.135992 -0.172831 0 0 255
-0.425 0.75 -0.138469 -0.168761 0 0 255
-0.4 0.75 -0.14115 -0.16441 0 0 255
-0.375 0.75 -0.144042 -0.159768 0 0 255
-0.35 0.75 -0.147156 -0.154822 0 0 255
-0.325 0.75 -0.150499 -0.149549 0 0 255
-0.3 0.75 -0.154082 -0.143923 0 0 255
-0.275 0.75 -0.157913 -0.137913 0 0 255
-0.25 0.75 -0.161987 -0.131503 0 0 255
-0.225 0.75 -0.166265 -0.124729 0 0 255
-0.2 0.75 -0.170641 -0.117748 0 0 255
-0.175 0.75 -0.174902 -0.110915 0 0 255
-0.15 0.75 -0.178718 -0.104794 0 0 255
-0.125 0.75 -0.181742 -0.0999749 0 0 255
-0.1 0.75 -0.183766 -0.0967657 0 0 255
-0.075 0.75 -0.175688 -0.0744419 0 0 255
-0.05 0.75 -0.167797 -0.052351 0 0 255
-0.025 0.75 -0.159911 -0.0302744 0 0 255
0 0.75 -0.152026 -0.00820562 0 0 255
0.025 0.75 -0.14414 0.0138563 0 0 255
0.05 0.75 -0.136255 0.0359117 0 0 255
0.075 0.75 -0.128383 0.0579644 0 0 255
0.1 0.75 -0.120742 0.0801562 0 0 255
0.125 0.75 -0.116411 0.083289 0 0 255
0.15 0.75 -0.109941 0.0879866 0 0 255
0.175 0.75 -0.101767 0.0939462 0 0 255
0.2 0.75 -0.0928195 0.100485 0 0 255
0.225 0.75 -0.0840224 0.106905 0 0 255
0.25 0.75 -0.0759492 0.112755 0 0 255
0.275 0.75 -0.0688098 0.117856 0 0 255
0.3 0.75 -0.0625811 0.122205 0 0 255
0.325 0.75 -0.0571326 0.125884 0 0 255
0.35 0.75 -0.0523053 0.129006 0 0 255
0.375 0.75 -0.04795 0.131679 0 0 255
0.4 0.75 -0.0439423 0.134 0 0 255
0.425 0.75 -0.0401853 0.136045 0 0 255
0.45 0.75 -0.0366073 0.137878 0 0 255
0.475 0.75 -0.0331581 0.139544 0 0 255
0.5 0.75 -0.0298044 0.141079 0 0 255
-0.5 0.725 -0.127718 -0.186738 0 0 255
-0.475 0.725 -0.129667 -0.183361 0 0 255
-0.45 0.725 -0.131819 -0.17969 0 0 255
-0.425 0.725 -0.134185 -0.175714 0 0 255
-0.4 0.725 -0.136779 -0.171424 0 0 255
-0.375 0.725 -0.139609 -0.166813 0 0 255
-0.35 0.725 -0.142686 -0.16187 0 0 255
-0.325 0.725 -0.146021 -0.15658 0 0 255
-0.3 0.725 -0.149628 -0.150911 0 0 255
-0.275 0.725 -0.15353 -0.144812 0 0 255
-0.25 0.725 -0.157751 -0.13821 0 0 255
-0.225 0.725 -0.16231 -0.131037 0 0 255
-0.2 0.725 -0.167178 -0.123303 0 0 255
-0.175 0.725 -0.172192 -0.115262 0 0 255
-0.15 0.725 -0.176962 -0.107592 0 0 255
-0.125 0.725 -0.180933 -0.101257 0 0 255
-0.1 0.725 -0.183766 -0.0967657 0 0 255
-0.075 0.725 -0.175688 -0.0744419 0 0 255
-0.05 0.725 -0.167797 -0.052351 0 0 255
-0.025 0.725 -0.159911 -0.0302744 0 0 255
0 0.725 -0.152026 -0.00820562 0 0 255
0.025 0.725 -0.14414 0.0138563 0 0 255
0.05 0.725 -0.136255 0.0359117 0 0 255
0.075 0.725 -0.128383 0.0579644 0 0 255
0.1 0.725 -0.120742 0.0801562 0 0 255
0.125 0.725 -0.114681 0.0845402 0 0 255
0.15 0.725 -0.106184 0.0907142 0 0 255
0.175 0.725 -0.0959624 0.0981788 0 0 255
0.2 0.725 -0.085538 0.105806 0 0 255
0.225 0.725 -0.0760402 0.112729 0 0 255
0.25 0.725 -0.0678799 0.118603 0 0 255
0.275 0.725 -0.0610014 0.123436 0 0 255
0.3 0.725 -0.0551643 0.127383 0 0 255
0.325 0.725 -0.0501028 0.130632 0 0 255
0.35 0.725 -0.0455882 0.13335 0 0 255
0.375 0.725 -0.0414448 0.135672 0 0 255
0.4 0.725 -0.0375462 0.137703 0 0 255
0.425 0.725 -0.0338067 0.139518 0 0 255
0.45 0.725 -0.0301723 0.141173 0 0 255
0.475 0.725 -0.0266123 0.142706 0 0 255
0.5 0.725 -0.023113 0.144143 0 0 255
-0.5 0.7 -0.123736 -0.193637 0 0 255
-0.475 0.7 -0.125477 -0.190511 0 0 255
-0.45 0.7 -0.127435 -0.187056 0 0 255
-0.425 0.7 -0.129629 -0.183252 0 0 255
-0.4 0.7 -0.132076 -0.179086 0 0 255
-0.375 0.7 -0.134792 -0.17455 0 0 255
-0.35 0.7 -0.137788 -0.169641 0 0 255
-0.325 0.7 -0.141072 -0.164356 0 0 255
-0.3 0.7 -0.144656 -0.158685 0 0 255
-0.275 0.7 -0.148556 -0.152591 0 0 255
-0.25 0.7 -0.152808 -0.145986 0 0 255
-0.225 0.7 -0.157479 -0.138712 0 0 255
-0.2 0.7 -0.162652 -0.130561 0 0 255
-0.175 0.7 -0.168337 -0.121461 0 0 255
-0.15 0.7 -0.174235 -0.111941 0 0 255
-0.125 0.7 -0.179537 -0.103471 0 0 255
-0.1 0.7 -0.183766 -0.0967657 0 0 255
-0.075 0.7 -0.175688 -0.0744419 0 0 255
-0.05 0.7 -0.167797 -0.052351 0 0 255
-0.025 0.7 -0.159911 -0.0302744 0 0 255
0 0.7 -0.152026 -0.00820562 0 0 255
0.025 0.7 -0.14414 0.0138563 0 0 255
0.05 0.7 -0.136255 0.0359117 0 0 255
0.075 0.7 -0.128383 0.0579644 0 0 255
0.1 0.7 -0.120742 0.0801562 0 0 255
0.125 0.7 -0.111693 0.0867017 0 0 255
0.15 0.7 -0.100349 0.0949531 0 0 255
0.175 0.7 -0.0877024 0.104211 0 0 255
0.2 0.7 -0.0761074 0.112707 0 0 255
0.225 0.7 -0.0665448 0.119651 0 0 255
0.25 0.7 -0.058896 0.12507 0 0 255
0.275 0.7 -0.0526866 0.129277 0 0 255
0.3 0.7 -0.0474497 0.1326 0 0 255
0.325 0.7 -0.0428266 0.135302 0 0 255
0.35 0.7 -0.0385691 0.137576 0 0 255
0.375 0.7 -0.0345173 0.139556 0 0 255
0.4 0.7 -0.0305759 0.141334 0 0 255
0.425 0.7 -0.0266954 0.14297 0 0 255
0.45 0.7 -0.0228572 0.144503 0 0 255
0.475 0.7 -0.0190633 0.145956 0 0 255
0.5 0.7 -0.0153281 0.147341 0 0 255
-0.5 0.675 -0.119781 -0.200736 0 0 255
-0.475 0.675 -0.121238 -0.197992 0 0 255
-0.45 0.675 -0.122917 -0.194889 0 0 255
-0.425 0.675 -0.124847 -0.191391 0 0 255
-0.4 0.675 -0.127058 -0.187468 0 0 255
-0.375 0.675 -0.129575 -0.183099 0 0 255
-0.35 0.675 -0.132421 -0.178275 0 0 255
-0.325 0.675 -0.135608 -0.173003 0 0 255
-0.3 0.675 -0.139139 -0.167305 0 0 255
-0.275 0.675 -0.143011 -0.161202 0 0 255
-0.25 0.675 -0.14723 -0.154674 0 0 255
-0.225 0.675 -0.151842 -0.147595 0 0 255
-0.2 0.675 -0.15699 -0.139623 0 0 255
-0.175 0.675 -0.162939 -0.130174 0 0 255
-0.15 0.675 -0.169837 -0.118969 0 0 255
-0.125 0.675 -0.176785 -0.107833 0 0 255
-0.1 0.675 -0.183766 -0.0967657 255 0 0
-0.075 0.675 -0.175688 -0.0744419 255 0 0
-0.05 0.675 -0.167797 -0.052351 255 0 0
-0.025 0.675 -0.159911 -0.0302744 255 0 0
0 0.675 -0.152026 -0.00820562 255 0 0
0.025 0.675 -0.14414 0.0138563 255 0 0
0.05 0.675 -0.136255 0.0359117 255 0 0
0.075 0.675 -0.128383 0.0579644 255 0 0
0.1 0.675 -0.120742 0.0801562 255 0 0
0.125 0.675 -0.105807 0.0909601 0 0 255
0.15 0.675 -0.0909379 0.101799 0 0 255
0.175 0.675 -0.0761273 0.112685 0 0 255
0.2 0.675 -0.0645131 0.121202 0 0 255
0.225 0.675 -0.0559802 0.127322 0 0 255
0.25 0.675 -0.0495137 0.131717 0 0 255
0.275 0.675 -0.044248 0.134995 0 0 255
0.3 0.675 -0.0396114 0.137573 0 0 255
0.325 0.675 -0.0352627 0.139722 0 0 255
0.35 0.675 -0.031015 0.14161 0 0 255
0.375 0.675 -0.026781 0.143337 0 0 255
0.4 0.675 -0.0225364 0.144961 0 0 255
0.425 0.675 -0.018295 0.146512 0 0 255
0.45 0.675 -0.014092 0.148003 0 0 255
0.475 0.675 -0.00997115 0.149437 0 0 255
0.5 0.675 -0.00597722 0.15081 0 0 255
-0.5 0.65 -0.11605 -0.207764 0 0 255
-0.475 0.65 -0.11714 -0.205566 0 0 255
-0.45 0.65 -0.118437 -0.203007 0 0 255
-0.425 0.65 -0.119979 -0.200029 0 0 255
-0.4 0.65 -0.121811 -0.196573 0 0 255
-0.375 0.65 -0.123982 -0.19258 0 0 255
-0.35 0.65 -0.126539 -0.188005 0 0 255
-0.325 0.65 -0.12952 -0.182827 0 0 255
-0.3 0.65 -0.132947 -0.177067 0 0 255
-0.275 0.65 -0.136809 -0.170798 0 0 255
-0.25 0.65 -0.141062 -0.164141 0 0 255
-0.225 0.65 -0.145641 -0.157197 0 0 255
-0.2 0.65 -0.150547 -0.149856 0 0 255
-0.175 0.65 -0.156042 -0.14138 0 0 255
-0.15 0.65 -0.162888 -0.130104 0 0 255
-0.125 0.65 -0.169804 -0.118901 255 0 0
-0.1 0.65 -0.161865 -0.0967991 255 0 0
-0.075 0.65 -0.153977 -0.0747071 255 0 0
-0.05 0.65 -0.14609 -0.0526217 255 0 0
-0.025 0.65 -0.138204 -0.0305446 255 0 0
0 0.65 -0.130318 -0.00847538 255 0 0
0.025 0.65 -0.122433 0.0135866 255 0 0
0.05 0.65 -0.114547 0.035642 255 0 0
0.075 0.65 -0.10666 0.0576916 255 0 0
0.1 0.65 -0.0987705 0.0797352 255 0 0
0.125 0.65 -0.0908714 0.101764 255 0 0
0.15 0.65 -0.0760692 0.112637 0 0 255
0.175 0.65 -0.0613168 0.123571 0 0 255
0.2 0.65 -0.0518254 0.130507 0 0 255
0.225 0.65 -0.0454328 0.134886 0 0 255
0.25 0.65 -0.0404428 0.137883 0 0 255
0.275 0.65 -0.0359393 0.140165 0 0 255
0.3 0.65 -0.0314827 0.142094 0 0 255
0.325 0.65 -0.0268979 0.143857 0 0 255
0.35 0.65 -0.0221572 0.145547 0 0 255
0.375 0.65 -0.0173122 0.147199 0 0 255
0.4 0.65 -0.0124524 0.148819 0 0 255
0.425 0.65 -0.0076775 0.150395 0 0 255
0.45 0.65 -0.00307888 0.15191 0 0 255
0.475 0.65 0.00126996 0.153348 0 0 255
0.5 0.65 0.00531774 0.154695 0 0 255
-0.5 0.625 -0.112833 -0.214246 0 0 255
-0.475 0.625 -0.113504 -0.212744 0 0 255
-0.45 0.625 -0.11433 -0.210937 0 0 255
-0.425 0.625 -0.115353 -0.208754 0 0 255
-0.4 0.625 -0.116627 -0.206108 0 0 255
-0.375 0.625 -0.118219 -0.202893 0 0 255
-0.35 0.625 -0.120213 -0.198993 0 0 255
-0.325 0.625 -0.122703 -0.194289 0 0 255
-0.3 0.625 -0.125786 -0.188689 0 0 255
-0.275 0.625 -0.129535 -0.182184 0 0 255
-0.25 0.625 -0.133949 -0.174925 0 0 255
-0.225 0.625 -0.13889 -0.167302 0 0 255
-0.2 0.625 -0.144052 -0.159872 0 0 255
-0.175 0.625 -0.149196 -0.152656 0 0 255
-0.15 0.625 -0.155972 -0.141307 255 0 0
-0.125 0.625 -0.148046 -0.119177 255 0 0
-0.1 0.625 -0.140157 -0.0970744 255 0 0
-0.075 0.625 -0.13227 -0.0749798 255 0 0
-0.05 0.625 -0.124383 -0.0528933 255 0 0
-0.025 0.625 -0.116497 -0.0308153 255 0 0
0 0.625 -0.108612 -0.00874553 255 0 0
0.025 0.625 -0.100726 0.0133166 255 0 0
0.05 0.625 -0.0928401 0.035372 255 0 0
0.075 0.625 -0.084953 0.0574214 255 0 0
0.1 0.625 -0.0770644 0.0794657 255 0 0
0.125 0.625 -0.0691745 0.101505 255 0 0
0.15 0.625 -0.061267 0.12351 255 0 0
0.175 0.625 -0.0465643 0.134504 0 0 255
0.2 0.625 -0.0403886 0.138864 0 0 255
0.225 0.625 -0.0361462 0.141249 0 0 255
0.25 0.625 -0.0319286 0.142997 0 0 255
0.275 0.625 -0.0271578 0.144616 0 0 255
0.3 0.625 -0.0217943 0.146285 0 0 255
0.325 0.625 -0.0160237 0.148039 0 0 255
0.35 0.625 -0.0101088 0.149841 0 0 255
0.375 0.625 -0.00430673 0.151635 0 0 255
0.4 0.625 0.00117723 0.153362 0 0 255
0.425 0.625 0.00620769 0.154978 0 0 255
0.45 0.625 0.010716 0.156456 0 0 255
0.475 0.625 0.0146864 0.157784 0 0 255
0.5 0.625 0.0181392 0.158962 0 0 255
-0.5 0.6 -0.110476 -0.219524 0 0 255
-0.475 0.6 -0.110758 -0.218752 0 0 255
-0.45 0.6 -0.111115 -0.217798 0 0 255
-0.425 0.6 -0.111575 -0.216606 0 0 255
-0.4 0.6 -0.112174 -0.215098 0 0 255
-0.375 0.6 -0.112968 -0.213165 0 0 255
-0.35 0.6 -0.114039 -0.210654 0 0 255
-0.325 0.6 -0.115508 -0.207354 0 0 255
-0.3 0.6 -0.117551 -0.202979 0 0 255
-0.275 0.6 -0.120423 -0.19717 0 0 255
-0.25 0.6 -0.124448 -0.189586 0 0 255
-0.225 0.6 -0.129905 -0.180234 0 0 255
-0.2 0.6 -0.136556 -0.17039 0 0 255
-0.175 0.6 -0.14242 -0.164006 255 0 0
-0.15 0.6 -0.134226 -0.141569 255 0 0
-0.125 0.6 -0.126338 -0.119455 255 0 0
-0.1 0.6 -0.11845 -0.09735 255 0 0
-0.075 0.6 -0.110563 -0.0752532 255 0 0
-0.05 0.6 -0.102677 -0.0531654 255 0 0
-0.025 0.6 -0.0947912 -0.0310865 255 0 0
0 0.6 -0.0869057 -0.00901611 255 0 0
0.025 0.6 -0.07902 0.0130465 255 0 0
0.05 0.6 -0.0711336 0.0351022 255 0 0
0.075 0.6 -0.0632462 0.0571521 255 0 0
0.1 0.6 -0.0553576 0.079197 255 0 0
0.125 0.6 -0.047468 0.101238 255 0 0
0.15 0.6 -0.0395783 0.123276 255 0 0
0.175 0.6 -0.0318617 0.145498 255 0 0
0.2 0.6 -0.0309042 0.145561 0 0 255
0.225 0.6 -0.0276193 0.146041 0 0 255
0.25 0.6 -0.0217279 0.147225 0 0 255
0.275 0.6 -0.0141162 0.14904 0 0 255
0.3 0.6 -0.005998 0.151203 0 0 255
0.325 0.6 0.00169719 0.153423 0 0 255
0.35 0.6 0.008476 0.155505 0 0 255
0.375 0.6 0.0141858 0.157351 0 0 255
0.4 0.6 0.0188703 0.158933 0 0 255
0.425 0.6 0.0226597 0.160263 0 0 255
0.45 0.6 0.0257058 0.161371 0 0 255
0.475 0.6 0.0281519 0.162288 0 0 255
0.5 0.6 0.0301204 0.163049 0 0 255
-0.5 0.575 -0.109215 -0.222976 0 0 255
-0.475 0.575 -0.109256 -0.222758 0 0 255
-0.45 0.575 -0.109308 -0.222488 0 0 255
-0.425 0.575 -0.109372 -0.222149 0 0 255
-0.4 0.575 -0.109454 -0.221717 0 0 255
-0.375 0.575 -0.109561 -0.221153 0 0 255
-0.35 0.575 -0.109703 -0.2204 0 0 255
-0.325 0.575 -0.1099 -0.219365 0 0 255
-0.3 0.575 -0.11018 -0.217888 0 0 255
-0.275 0.575 -0.110598 -0.215681 0 0 255
-0.25 0.575 -0.111262 -0.21218 0 0 255
-0.225 0.575 -0.112409 -0.206131 0 0 255
-0.2 0.575 -0.114669 -0.194214 0 0 255
-0.175 0.575 -0.120403 -0.16398 255 0 0
-0.15 0.575 -0.112517 -0.141849 255 0 0
-0.125 0.575 -0.10463 -0.119733 255 0 0
-0.1 0.575 -0.0967434 -0.097625 255 0 0
-0.075 0.575 -0.0888571 -0.0755267 255 0 0
-0.05 0.575 -0.0809713 -0.0534379 255 0 0
-0.025 0.575 -0.0730858 -0.0313582 255 0 0
0 0.575 -0.0652001 -0.00928707 255 0 0
0.025 0.575 -0.0573141 0.0127763 255 0 0
0.05 0.575 -0.0494272 0.0348328 255 0 0
0.075 0.575 -0.0415392 0.0568836 255 0 0
0.1 0.575 -0.03365 0.0789295 255 0 0
0.125 0.575 -0.0257598 0.100972 255 0 0
0.15 0.575 -0.0178692 0.123013 255 0 0
0.175 0.575 -0.00997989 0.145055 255 0 0
0.2 0.575 -0.00235014 0.147428 0 0 255
0.225 0.575 0.00705465 0.151117 0 0 255
0.25 0.575 0.0151393 0.154632 0 0 255
0.275 0.575 0.0213004 0.157487 0 0 255
0.3 0.575 0.0258112 0.159676 0 0 255
0.325 0.575 0.0290907 0.161327 0 0 255
0.35 0.575 0.0314921 0.162573 0 0 255
0.375 0.575 0.0332737 0.163521 0 0 255
0.4 0.575 0.0346157 0.164252 0 0 255
0.425 0.575 0.0356424 0.164822 0 0 255
0.45 0.575 0.0364398 0.165273 0 0 255
0.475 0.575 0.037068 0.165633 0 0 255
0.5 0.575 0.0375693 0.165926 0 0 255
-0.5 0.55 -0.108936 -0.224448 0 0 255
-0.475 0.55 -0.108936 -0.224448 0 0 255
-0.45 0.55 -0.108936 -0.224448 0 0 255
-0.425 0.55 -0.108936 -0.224448 0 0 255
-0.4 0.55 -0.108936 -0.224448 0 0 255
-0.375 0.55 -0.108936 -0.224448 0 0 255
-0.35 0.55 -0.108936 -0.224448 0 0 255
-0.325 0.55 -0.108936 -0.224448 0 0 255
-0.3 0.55 -0.108936 -0.224448 0 0 255
-0.275 0.55 -0.108936 -0.224448 0 0 255
-0.25 0.55 -0.108936 -0.224448 0 0 255
-0.225 0.55 -0.108936 -0.224448 0 0 255
-0.2 0.55 -0.108936 -0.224448 255 0 0
-0.175 0.55 -0.0986982 -0.164261 255 0 0
-0.15 0.55 -0.0908101 -0.142128 255 0 0
-0.125 0.55 -0.0829239 -0.120008 255 0 0
-0.1 0.55 -0.0750378 -0.097899 255 0 0
-0.075 0.55 -0.0671521 -0.0757999 255 0 0
-0.05 0.55 -0.0592665 -0.0537104 255 0 0
-0.025 0.55 -0.051381 -0.0316301 255 0 0
0 0.55 -0.043495 -0.00955816 255 0 0
0.025 0.55 -0.0356083 0.0125062 255 0 0
0.05 0.55 -0.0277206 0.034564 255 0 0
0.075 0.55 -0.0198316 0.0566162 255 0 0
0.1 0.55 -0.0119412 0.0786636 255 0 0
0.125 0.55 -0.00404962 0.100707 255 0 0
0.15 0.55 0.00384289 0.122748 255 0 0
0.175 0.55 0.0117385 0.14478 255 0 0
0.2 0.55 0.0261245 0.156286 0 0 255
0.225 0.55 0.0317947 0.160821 0 0 255
0.25 0.55 0.034673 0.163124 0 0 255
0.275 0.55 0.036339 0.164456 0 0 255
0.3 0.55 0.0373888 0.165296 0 0 255
0.325 0.55 0.0380916 0.165858 0 0 255
0.35 0.55 0.0385843 0.166252 0 0 255
0.375 0.55 0.0389425 0.166538 0 0 255
0.4 0.55 0.0392107 0.166753 0 0 255
0.425 0.55 0.0394164 0.166917 0 0 255
0.45 0.55 0.0395776 0.167046 0 0 255
0.475 0.55 0.0397061 0.167149 0 0 255
0.5 0.55 0.0398101 0.167232 0 0 255
-0.5 0.525 -0.0837898 -0.18785 0 0 255
-0.475 0.525 -0.0837898 -0.18785 0 0 255
-0.45 0.525 -0.0837898 -0.18785 0 0 255
-0.425 0.525 -0.0837898 -0.18785 0 0 255
-0.4 0.525 -0.0837898 -0.18785 0 0 255
-0.375 0.525 -0.0837898 -0.18785 0 0 255
-0.35 0.525 -0.0837898 -0.18785 0 0 255
-0.325 0.525 -0.0837898 -0.18785 0 0 255
-0.3 0.525 -0.0837898 -0.18785 0 0 255
-0.275 0.525 -0.0837898 -0.18785 0 0 255
-0.25 0.525 -0.0837898 -0.18785 0 0 255
-0.225 0.525 -0.0837898 -0.18785 0 0 255
-0.2 0.525 -0.0837898 -0.18785 255 0 0
-0.175 0.525 -0.0769878 -0.164531 255 0 0
-0.15 0.525 -0.0691042 -0.1424 255 0 0
-0.125 0.525 -0.061219 -0.12028 255 0 0
-0.1 0.525 -0.0533335 -0.0981714 255 0 0
-0.075 0.525 -0.0454481 -0.0760724 255 0 0
-0.05 0.525 -0.0375625 -0.0539828 255 0 0
-0.025 0.525 -0.0296767 -0.0319019 255 0 0
0 0.525 -0.0217901 -0.00982909 255 0 0
0.025 0.525 -0.0139025 0.0122366 255 0 0
0.05 0.525 -0.00601355 0.0342961 255 0 0
0.075 0.525 0.001877 0.0563504 255 0 0
0.1 0.525 0.00976913 0.0784001 255 0 0
0.125 0.525 0.0176626 0.100446 255 0 0
0.15 0.525 0.0255568 0.122487 255 0 0
0.175 0.525 0.0334501 0.144523 255 0 0
0.2 0.525 0.0405104 0.167792 255 0 0
0.225 0.525 0.0405104 0.167792 0 0 255
0.25 0.525 0.0405104 0.167792 0 0 255
0.275 0.525 0.0405104 0.167792 0 0 255
0.3 0.525 0.0405104 0.167792 0 0 255
0.325 0.525 0.0405104 0.167792 0 0 255
0.35 0.525 0.0405104 0.167792 0 0 255
0.375 0.525 0.0405104 0.167792 0 0 255
0.4 0.525 0.0405104 0.167792 0 0 255
0.425 0.525 0.0405104 0.167792 0 0 255
0.45 0.525 0.0405104 0.167792 0 0 255
0.475 0.525 0.0405104 0.167792 0 0 255
0.5 0.525 0.0405104 0.167792 0 0 255
-0.5 0.5 -0.0631439 -0.18708 0 0 255
-0.475 0.5 -0.0631439 -0.18708 0 0 255
-0.45 0.5 -0.0631439 -0.18708 0 0 255
-0.425 0.5 -0.0631439 -0.18708 0 0 255
-0.4 0.5 -0.0631439 -0.18708 0 0 255
-0.375 0.5 -0.0631439 -0.18708 0 0 255
-0.35 0.5 -0.0631439 -0.18708 0 0 255
-0.325 0.5 -0.0631439 -0.18708 0 0 255
-0.3 0.5 -0.0631439 -0.18708 0 0 255
-0.275 0.5 -0.0631439 -0.18708 0 0 255
-0.25 0.5 -0.0631439 -0.18708 0 0 255
-0.225 0.5 -0.0631439 -0.18708 0 0 255
-0.2 0.5 -0.0631439 -0.18708 255 0 0
-0.175 0.5 -0.055285 -0.16479 255 0 0
-0.15 0.5 -0.0474008 -0.142666 255 0 0
-0.125 0.5 -0.0395158 -0.120549 255 0 0
-0.1 0.5 -0.0316305 -0.0984424 255 0 0
-0.075 0.5 -0.023745 -0.0763443 255 0 0
-0.05 0.5 -0.0158592 -0.0542548 255 0 0
-0.025 0.5 -0.00797271 -0.0321735 255 0 0
0 0.5 -8.52477e-05 -0.0100996 255 0 0
0.025 0.5 0.00780364 0.0119677 255 0 0
0.05 0.5 0.0156943 0.0340294 255 0 0
0.075 0.5 0.0235868 0.0560865 255 0 0
0.1 0.5 0.0314814 0.0781396 255 0 0
0.125 0.5 0.0393776 0.100189 255 0 0
0.15 0.5 0.0472747 0.122234 255 0 0
0.175 0.5 0.0551709 0.144275 255 0 0
0.2 0.5 0.0629607 0.166177 255 0 0
0.225 0.5 0.0629607 0.166177 0 0 255
0.25 0.5 0.0629607 0.166177 0 0 255
0.275 0.5 0.0629607 0.166177 0 0 255
0.3 0.5 0.0629607 0.166177 0 0 255
0.325 0.5 0.0629607 0.166177 0 0 255
0.35 0.5 0.0629607 0.166177 0 0 255
0.375 0.5 0.0629607 0.166177 0 0 255
0.4 0.5 0.0629607 0.166177 0 0 255
0.425 0.5 0.0629607 0.166177 0 0 255
0.45 0.5 0.0629607 0.166177 0 0 255
0.475 0.5 0.0629607 0.166177 0 0 255
0.5 0.5 0.0629607 0.166177 0 0 255
-0.5 0.475 -0.0416306 -0.18817 0 0 255
-0.475 0.475 -0.0416306 -0.18817 0 0 255
-0.45 0.475 -0.0416306 -0.18817 0 0 255
-0.425 0.475 -0.0416306 -0.18817 0 0 255
-0.4 0.475 -0.0416306 -0.18817 0 0 255
-0.375 0.475 -0.0416306 -0.18817 0 0 255
-0.35 0.475 -0.0416306 -0.18817 0 0 255
-0.325 0.475 -0.0416306 -0.18817 0 0 255
-0.3 0.475 -0.0416306 -0.18817 0 0 255
-0.275 0.475 -0.0416306 -0.18817 0 0 255
-0.25 0.475 -0.0416306 -0.18817 0 0 255
-0.225 0.475 -0.0416306 -0.18817 0 0 255
-0.2 0.475 -0.0416306 -0.18817 255 0 0
-0.175 0.475 -0.0335856 -0.165047 255 0 0
-0.15 0.475 -0.0256995 -0.142929 255 0 0
-0.125 0.475 -0.0178138 -0.120817 255 0 0
-0.1 0.475 -0.00992823 -0.0987126 255 0 0
-0.075 0.475 -0.00204241 -0.0766156 255 0 0
-0.05 0.475 0.00584392 -0.0545264 255 0 0
-0.025 0.475 0.0137312 -0.0324447 255 0 0
0 0.475 0.0216198 -0.0103696 255 0 0
0.025 0.475 0.0295103 0.0116996 255 0 0
0.05 0.475 0.037403 0.0337639 255 0 0
0.075 0.475 0.045298 0.0558244 255 0 0
0.1 0.475 0.0531955 0.0778817 255 0 0
0.125 0.475 0.0610953 0.0999363 255 0 0
0.15 0.475 0.0689968 0.121987 255 0 0
0.175 0.475 0.0768993 0.14403 255 0 0
0.2 0.475 0.0852306 0.165179 255 0 0
0.225 0.475 0.0852306 0.165179 0 0 255
0.25 0.475 0.0852306 0.165179 0 0 255
0.275 0.475 0.0852306 0.165179 0 0 255
0.3 0.475 0.0852306 0.165179 0 0 255
0.325 0.475 0.0852306 0.165179 0 0 255
0.35 0.475 0.0852306 0.165179 0 0 255
0.375 0.475 0.0852306 0.165179 0 0 255
0.4 0.475 0.0852306 0.165179 0 0 255
0.425 0.475 0.0852306 0.165179 0 0 255
0.45 0.475 0.0852306 0.165179 0 0 255
0.475 0.475 0.0852306 0.165179 0 0 255
0.5 0.475 0.0852306 0.165179 0 0 255
-0.5 0.45 -0.0409065 -0.187613 0 0 255
-0.475 0.45 -0.040799 -0.187531 0 0 255
-0.45 0.45 -0.0406662 -0.187429 0 0 255
-0.425 0.45 -0.0404996 -0.187301 0 0 255
-0.4 0.45 -0.0402868 -0.187137 0 0 255
-0.375 0.45 -0.0400096 -0.186924 0 0 255
-0.35 0.45 -0.0396392 -0.186639 0 0 255
-0.325 0.45 -0.0391298 -0.186248 0 0 255
-0.3 0.45 -0.0384032 -0.185689 0 0 255
-0.275 0.45 -0.0373179 -0.184855 0 0 255
-0.25 0.45 -0.0355955 -0.183531 0 0 255
-0.225 0.45 -0.0326198 -0.181244 0 0 255
-0.2 0.45 -0.0267576 -0.176738 0 0 255
-0.175 0.45 -0.0118846 -0.165306 255 0 0
-0.15 0.45 -0.00399837 -0.143193 255 0 0
-0.125 0.45 0.00388764 -0.121085 255 0 0
-0.1 0.45 0.0117736 -0.0989822 255 0 0
-0.075 0.45 0.0196599 -0.0768864 255 0 0
-0.05 0.45 0.027547 -0.0547976 255 0 0
-0.025 0.45 0.0354353 -0.0327154 255 0 0
0 0.45 0.0433253 -0.0106391 255 0 0
0.025 0.45 0.0512175 0.0114322 255 0 0
0.05 0.45 0.0591124 0.0334994 255 0 0
0.075 0.45 0.0670103 0.0555636 255 0 0
0.1 0.45 0.0749111 0.0776258 255 0 0
0.125 0.45 0.0828151 0.0996867 255 0 0
0.15 0.45 0.0907217 0.121747 255 0 0
0.175 0.45 0.0986262 0.143799 255 0 0
0.2 0.45 0.111599 0.15696 255 0 0
0.225 0.45 0.111599 0.15696 0 0 255
0.25 0.45 0.111599 0.15696 0 0 255
0.275 0.45 0.111599 0.15696 0 0 255
0.3 0.45 0.111599 0.15696 0 0 255
0.325 0.45 0.111599 0.15696 0 0 255
0.35 0.45 0.111599 0.15696 0 0 255
0.375 0.45 0.111599 0.15696 0 0 255
0.4 0.45 0.111599 0.15696 0 0 255
0.425 0.45 0.111599 0.15696 0 0 255
0.45 0.45 0.111599 0.15696 0 0 255
0.475 0.45 0.111599 0.15696 0 0 255
0.5 0.45 0.111599 0.15696 0 0 255
-0.5 0.425 -0.0386106 -0.186315 0 0 255
-0.475 0.425 -0.0380969 -0.186025 0 0 255
-0.45 0.425 -0.0374536 -0.185666 0 0 255
-0.425 0.425 -0.0366371 -0.185218 0 0 255
-0.4 0.425 -0.0355864 -0.184652 0 0 255
-0.375 0.425 -0.0342135 -0.183926 0 0 255
-0.35 0.425 -0.032392 -0.182983 0 0 255
-0.325 0.425 -0.0299381 -0.181745 0 0 255
-0.3 0.425 -0.0265891 -0.180105 0 0 255
-0.275 0.425 -0.0219861 -0.177929 0 0 255
-0.25 0.425 -0.0157048 -0.175092 0 0 255
-0.225 0.425 -0.00747245 -0.171599 0 0 255
-0.2 0.425 0.00208717 -0.167932 0 0 255
-0.175 0.425 0.0098161 -0.165573 255 0 0
-0.15 0.425 0.017703 -0.143458 255 0 0
-0.125 0.425 0.0255892 -0.121352 255 0 0
-0.1 0.425 0.0334756 -0.0992515 255 0 0
-0.075 0.425 0.0413625 -0.0771569 255 0 0
-0.05 0.425 0.0492503 -0.0550683 255 0 0
-0.025 0.425 0.0571397 -0.0329856 255 0 0
0 0.425 0.0650311 -0.0109081 255 0 0
0.025 0.425 0.0729252 0.0111652 255 0 0
0.05 0.425 0.0808224 0.0332353 255 0 0
0.075 0.425 0.088723 0.0553032 255 0 0
0.1 0.425 0.0966272 0.0773701 255 0 0
0.125 0.425 0.104535 0.0994376 255 0 0
0.15 0.425 0.112448 0.121508 255 0 0
0.175 0.425 0.120395 0.143643 255 0 0
0.2 0.425 0.115997 0.150301 0 0 255
0.225 0.425 0.114263 0.152926 0 0 255
0.25 0.425 0.113383 0.154258 0 0 255
0.275 0.425 0.112874 0.155029 0 0 255
0.3 0.425 0.112553 0.155515 0 0 255
0.325 0.425 0.112338 0.155841 0 0 255
0.35 0.425 0.112187 0.156069 0 0 255
0.375 0.425 0.112078 0.156234 0 0 255
0.4 0.425 0.111996 0.156359 0 0 255
0.425 0.425 0.111933 0.156454 0 0 255
0.45 0.425 0.111884 0.156528 0 0 255
0.475 0.425 0.111845 0.156588 0 0 255
0.5 0.425 0.111813 0.156636 0 0 255
-0.5 0.4 -0.0310517 -0.183454 0 0 255
-0.475 0.4 -0.0290541 -0.182698 0 0 255
-0.45 0.4 -0.0265732 -0.181786 0 0 255
-0.425 0.4 -0.0234856 -0.180685 0 0 255
-0.4 0.4 -0.019647 -0.179362 0 0 255
-0.375 0.4 -0.0149047 -0.177788 0 0 255
-0.35 0.4 -0.00912882 -0.175952 0 0 255
-0.325 0.4 -0.00227724 -0.173881 0 0 255
-0.3 0.4 0.00549305 -0.171671 0 0 255
-0.275 0.4 0.0136809 -0.169519 0 0 255
-0.25 0.4 0.0213464 -0.167711 0 0 255
-0.225 0.4 0.0272672 -0.166532 0 0 255
-0.2 0.4 0.0305584 -0.166052 0 0 255
-0.175 0.4 0.0315131 -0.165989 255 0 0
-0.15 0.4 0.0394046 -0.143724 255 0 0
-0.125 0.4 0.0472911 -0.121619 255 0 0
-0.1 0.4 0.0551779 -0.0995204 255 0 0
-0.075 0.4 0.0630654 -0.0774268 255 0 0
-0.05 0.4 0.070954 -0.0553385 255 0 0
-0.025 0.4 0.0788445 -0.0332554 255 0 0
0 0.4 0.0867374 -0.0111767 255 0 0
0.025 0.4 0.0946332 0.0108984 255 0 0
0.05 0.4 0.102533 0.032971 255 0 0
0.075 0.4 0.110436 0.0550419 255 0 0
0.1 0.4 0.118342 0.0771125 255 0 0
0.125 0.4 0.126252 0.0991837 255 0 0
0.15 0.4 0.134167 0.121258 255 0 0
0.175 0.4 0.143064 0.144271 255 0 0
0.2 0.4 0.137344 0.145545 0 0 255
0.225 0.4 0.130987 0.147578 0 0 255
0.25 0.4 0.125834 0.149534 0 0 255
0.275 0.4 0.122067 0.151131 0 0 255
0.3 0.4 0.1194 0.15236 0 0 255
0.325 0.4 0.117514 0.15329 0 0 255
0.35 0.4 0.116167 0.153993 0 0 255
0.375 0.4 0.115189 0.154529 0 0 255
0.4 0.4 0.114467 0.154942 0 0 255
0.425 0.4 0.113925 0.155266 0 0 255
0.45 0.4 0.113512 0.155521 0 0 255
0.475 0.4 0.113191 0.155727 0 0 255
0.5 0.4 0.112939 0.155893 0 0 255
-0.5 0.375 -0.0189285 -0.179388 0 0 255
-0.475 0.375 -0.0154348 -0.178216 0 0 255
-0.45 0.375 -0.0114191 -0.176895 0 0 255
-0.425 0.375 -0.00686131 -0.175424 0 0 255
-0.4 0.375 -0.00177817 -0.173815 0 0 255
-0.375 0.375 0.00376026 -0.172096 0 0 255
-0.35 0.375 0.00961641 -0.17031 0 0 255
-0.325 0.375 0.0155824 -0.168514 0 0 255
-0.3 0.375 0.0213982 -0.166767 0 0 255
-0.275 0.375 0.0267986 -0.165102 0 0 255
-0.25 0.375 0.0315973 -0.163486 0 0 255
-0.225 0.375 0.0358356 -0.161739 0 0 255
-0.2 0.375 0.0400986 -0.159354 0 0 255
-0.175 0.375 0.0463108 -0.154992 0 0 255
-0.15 0.375 0.0611086 -0.143995 255 0 0
-0.125 0.375 0.0689934 -0.121886 255 0 0
-0.1 0.375 0.0768809 -0.0997887 255 0 0
-0.075 0.375 0.0847689 -0.0776961 255 0 0
-0.05 0.375 0.0926583 -0.0556082 255 0 0
-0.025 0.375 0.10055 -0.0335247 255 0 0
0 0.375 0.108444 -0.011445 255 0 0
0.025 0.375 0.116341 0.0106316 255 0 0
0.05 0.375 0.124242 0.0327061 255 0 0
0.075 0.375 0.132148 0.0547792 255 0 0
0.1 0.375 0.140056 0.0768519 255 0 0
0.125 0.375 0.147967 0.0989248 255 0 0
0.15 0.375 0.155918 0.121035 255 0 0
0.175 0.375 0.149491 0.132653 0 0 255
0.2 0.375 0.144548 0.137899 0 0 255
0.225 0.375 0.1396 0.141431 0 0 255
0.25 0.375 0.13489 0.144203 0 0 255
0.275 0.375 0.130706 0.146464 0 0 255
0.3 0.375 0.127169 0.148308 0 0 255
0.325 0.375 0.124273 0.149803 0 0 255
0.35 0.375 0.121943 0.151007 0 0 255
0.375 0.375 0.120084 0.151976 0 0 255
0.4 0.375 0.118604 0.152757 0 0 255
0.425 0.375 0.117425 0.15339 0 0 255
0.45 0.375 0.11648 0.153904 0 0 255
0.475 0.375 0.11572 0.154325 0 0 255
0.5 0.375 0.115104 0.154673 0 0 255
-0.5 0.35 -0.00597461 -0.17514 0 0 255
-0.475 0.35 -0.00188502 -0.173799 0 0 255
-0.45 0.35 0.00250705 -0.172367 0 0 255
-0.425 0.35 0.00714942 -0.170857 0 0 255
-0.4 0.35 0.0119675 -0.169287 0 0 255
-0.375 0.35 0.0168686 -0.167672 0 0 255
-0.35 0.35 0.021752 -0.166024 0 0 255
-0.325 0.35 0.026527 -0.164338 0 0 255
-0.3 0.35 0.0311415 -0.162577 0 0 255
-0.275 0.35 0.0356234 -0.16065 0 0 255
-0.25 0.35 0.0401489 -0.158368 0 0 255
-0.225 0.35 0.0451609 -0.155368 0 0 255
-0.2 0.35 0.0515802 -0.150982 0 0 255
-0.175 0.35 0.0611088 -0.144035 0 0 255
-0.15 0.35 0.0759067 -0.133078 0 0 255
-0.125 0.35 0.0907048 -0.122161 255 0 0
-0.1 0.35 0.0985848 -0.100057 255 0 0
-0.075 0.35 0.106473 -0.0779649 255 0 0
-0.05 0.35 0.114363 -0.0558773 255 0 0
-0.025 0.35 0.122255 -0.0337936 255 0 0
0 0.35 0.13015 -0.0117131 255 0 0
0.025 0.35 0.138049 0.0103647 255 0 0
0.05 0.35 0.145952 0.0324404 255 0 0
0.075 0.35 0.153859 0.0545149 255 0 0
0.1 0.35 0.16177 0.0765894 255 0 0
0.125 0.35 0.169726 0.098682 255 0 0
0.15 0.35 0.162822 0.109858 0 0 255
0.175 0.35 0.156157 0.121256 0 0 255
0.2 0.35 0.150836 0.128884 0 0 255
0.225 0.35 0.146108 0.134164 0 0 255
0.25 0.35 0.141714 0.138096 0 0 255
0.275 0.35 0.137653 0.141183 0 0 255
0.3 0.35 0.133979 0.14368 0 0 255
0.325 0.35 0.130733 0.145728 0 0 255
0.35 0.35 0.127917 0.147419 0 0 255
0.375 0.35 0.12551 0.148819 0 0 255
0.4 0.35 0.123472 0.149981 0 0 255
0.425 0.35 0.121756 0.150949 0 0 255
0.45 0.35 0.120316 0.151755 0 0 255
0.475 0.35 0.119108 0.152431 0 0 255
0.5 0.35 0.118094 0.152999 0 0 255
-0.5 0.325 0.00542424 -0.171268 0 0 255
-0.475 0.325 0.00945491 -0.1699 0 0 255
-0.45 0.325 0.0136119 -0.16847 0 0 255
-0.425 0.325 0.01785 -0.166983 0 0 255
-0.4 0.325 0.0221246 -0.165436 0 0 255
-0.375 0.325 0.0264 -0.163814 0 0 255
-0.35 0.325 0.0306619 -0.162089 0 0 255
-0.325 0.325 0.0349347 -0.160202 0 0 255
-0.3 0.325 0.0393056 -0.158052 0 0 255
-0.275 0.325 0.0439624 -0.155471 0 0 255
-0.25 0.325 0.0492474 -0.152188 0 0 255
-0.225 0.325 0.0557336 -0.147783 0 0 255
-0.2 0.325 0.0642869 -0.141646 0 0 255
-0.175 0.325 0.0759184 -0.133099 0 0 255
-0.15 0.325 0.090728 -0.122164 0 0 255
-0.125 0.325 0.105549 -0.111249 0 0 255
-0.1 0.325 0.120394 -0.100338 255 0 0
-0.075 0.325 0.12818 -0.0782333 255 0 0
-0.05 0.325 0.136068 -0.0561461 255 0 0
-0.025 0.325 0.14396 -0.0340622 255 0 0
0 0.325 0.151856 -0.0119812 255 0 0
0.025 0.325 0.159756 0.0100974 255 0 0
0.05 0.325 0.167659 0.0321745 255 0 0
0.075 0.325 0.175574 0.0542439 255 0 0
0.1 0.325 0.184188 0.0762988 255 0 0
0.125 0.325 0.176957 0.0874904 0 0 255
0.15 0.325 0.16989 0.0986744 0 0 255
0.175 0.325 0.163023 0.109965 0 0 255
0.2 0.325 0.157172 0.119047 0 0 255
0.225 0.325 0.152153 0.125905 0 0 255
0.25 0.325 0.147687 0.131121 0 0 255
0.275 0.325 0.143625 0.135194 0 0 255
0.3 0.325 0.139914 0.138459 0 0 255
0.325 0.325 0.136544 0.141127 0 0 255
0.35 0.325 0.133512 0.143338 0 0 255
0.375 0.325 0.130814 0.145186 0 0 255
0.4 0.325 0.128433 0.146741 0 0 255
0.425 0.325 0.126348 0.148055 0 0 255
0.45 0.325 0.124531 0.14917 0 0 255
0.475 0.325 0.122955 0.150117 0 0 255
0.5 0.325 0.12159 0.150926 0 0 255
-0.5 0.3 0.0148514 -0.167807 0 0 255
-0.475 0.3 0.0186171 -0.166425 0 0 255
-0.45 0.3 0.0224403 -0.164975 0 0 255
-0.425 0.3 0.0263061 -0.163444 0 0 255
-0.4 0.3 0.0302123 -0.161809 0 0 255
-0.375 0.3 0.0341773 -0.160032 0 0 255
-0.35 0.3 0.0382506 -0.15805 0 0 255
-0.325 0.3 0.0425276 -0.155774 0 0 255
-0.3 0.3 0.0471685 -0.153068 0 0 255
-0.275 0.3 0.0524217 -0.149737 0 0 255
-0.25 0.3 0.0586462 -0.145519 0 0 255
-0.225 0.3 0.0663086 -0.140082 0 0 255
-0.2 0.3 0.0758806 -0.133112 0 0 255
-0.175 0.3 0.0874751 -0.124577 0 0 255
-0.15 0.3 0.100102 -0.115265 0 0 255
-0.125 0.3 0.1114 -0.106948 0 0 255
-0.1 0.3 0.120394 -0.100338 0 0 255
-0.075 0.3 0.12818 -0.0782333 0 0 255
-0.05 0.3 0.136068 -0.0561461 0 0 255
-0.025 0.3 0.14396 -0.0340622 0 0 255
0 0.3 0.151856 -0.0119812 0 0 255
0.025 0.3 0.159756 0.0100974 0 0 255
0.05 0.3 0.167659 0.0321745 0 0 255
0.075 0.3 0.175574 0.0542439 0 0 255
0.1 0.3 0.184188 0.0762988 0 0 255
0.125 0.3 0.179807 0.0830792 0 0 255
0.15 0.3 0.174387 0.0916029 0 0 255
0.175 0.3 0.168453 0.10119 0 0 255
0.2 0.3 0.162801 0.110138 0 0 255
0.225 0.3 0.157706 0.117682 0 0 255
0.25 0.3 0.15314 0.123806 0 0 255
0.275 0.3 0.14901 0.128749 0 0 255
0.3 0.3 0.145243 0.132771 0 0 255
0.325 0.3 0.141797 0.13608 0 0 255
0.35 0.3 0.138651 0.138836 0 0 255
0.375 0.3 0.135792 0.141153 0 0 255
0.4 0.3 0.133208 0.143115 0 0 255
0.425 0.3 0.130885 0.144787 0 0 255
0.45 0.3 0.128809 0.14622 0 0 255
0.475 0.3 0.126959 0.147451 0 0 255
0.5 0.3 0.125318 0.148514 0 0 255
-0.5 0.275 0.0226919 -0.164613 0 0 255
-0.475 0.275 0.0262161 -0.163177 0 0 255
-0.45 0.275 0.0297997 -0.161645 0 0 255
-0.425 0.275 0.0334562 -0.159991 0 0 255
-0.4 0.275 0.037216 -0.158175 0 0 255
-0.375 0.275 0.0411333 -0.156142 0 0 255
-0.35 0.275 0.0452938 -0.153816 0 0 255
-0.325 0.275 0.0498238 -0.151092 0 0 255
-0.3 0.275 0.0548992 -0.147835 0 0 255
-0.275 0.275 0.0607486 -0.143875 0 0 255
-0.25 0.275 0.0676371 -0.139026 0 0 255
-0.225 0.275 0.0758036 -0.133129 0 0 255
-0.2 0.275 0.0853011 -0.126174 0 0 255
-0.175 0.275 0.0957144 -0.118504 0 0 255
-0.15 0.275 0.10591 -0.110991 0 0 255
-0.125 0.275 0.11437 -0.104765 0 0 255
-0.1 0.275 0.120394 -0.100338 0 0 255
-0.075 0.275 0.12818 -0.0782333 0 0 255
-0.05 0.275 0.136068 -0.0561461 0 0 255
-0.025 0.275 0.14396 -0.0340622 0 0 255
0 0.275 0.151856 -0.0119812 0 0 255
0.025 0.275 0.159756 0.0100974 0 0 255
0.05 0.275 0.167659 0.0321745 0 0 255
0.075 0.275 0.175574 0.0542439 0 0 255
0.1 0.275 0.184188 0.0762988 0 0 255
0.125 0.275 0.181254 0.0808401 0 0 255
0.15 0.275 0.177182 0.0872216 0 0 255
0.175 0.275 0.172355 0.094947 0 0 255
0.2 0.275 0.167334 0.10293 0 0 255
0.225 0.275 0.162501 0.110334 0 0 255
0.25 0.275 0.158009 0.116799 0 0 255
0.275 0.275 0.153878 0.122285 0 0 255
0.3 0.275 0.150082 0.126895 0 0 255
0.325 0.275 0.146589 0.130768 0 0 255
0.35 0.275 0.143373 0.134036 0 0 255
0.375 0.275 0.140418 0.13681 0 0 255
0.4 0.275 0.137709 0.139179 0 0 255
0.425 0.275 0.135234 0.141213 0 0 255
0.45 0.275 0.132982 0.142968 0 0 255
0.475 0.275 0.130939 0.144489 0 0 255
0.5 0.275 0.129091 0.145812 0 0 255
-0.5 0.25 0.0294241 -0.161549 0 0 255
-0.475 0.25 0.0327984 -0.160014 0 0 255
-0.45 0.25 0.0362668 -0.158347 0 0 255
-0.425 0.25 0.0398626 -0.156513 0 0 255
-0.4 0.25 0.043636 -0.154464 0 0 255
-0.375 0.25 0.0476587 -0.152139 0 0 255
-0.35 0.25 0.0520276 -0.14946 0 0 255
-0.325 0.25 0.0568668 -0.146329 0 0 255
-0.3 0.25 0.0623255 -0.142638 0 0 255
-0.275 0.25 0.0685622 -0.138273 0 0 255
-0.25 0.25 0.0757063 -0.133151 0 0 255
-0.225 0.25 0.0837795 -0.127273 0 0 255
-0.2 0.25 0.0925697 -0.12082 0 0 255
-0.175 0.25 0.101501 -0.114242 0 0 255
-0.15 0.25 0.109649 -0.10824 0 0 255
-0.125 0.25 0.11609 -0.103502 0 0 255
-0.1 0.25 0.120394 -0.100338 0 0 255
-0.075 0.25 0.12818 -0.0782333 0 0 255
-0.05 0.25 0.136068 -0.0561461 0 0 255
-0.025 0.25 0.14396 -0.0340622 0 0 255
0 0.25 0.151856 -0.0119812 0 0 255
0.025 0.25 0.159756 0.0100974 0 0 255
0.05 0.25 0.167659 0.0321745 0 0 255
0.075 0.25 0.175574 0.0542439 0 0 255
0.1 0.25 0.184188 0.0762988 0 0 255
0.125 0.25 0.182091 0.079544 0 0 255
0.15 0.25 0.178985 0.0844013 0 0 255
0.175 0.25 0.175108 0.0905676 0 0 255
0.2 0.25 0.17082 0.097387 0 0 255
0.225 0.25 0.16645 0.104189 0 0 255
0.25 0.25 0.162209 0.110525 0 0 255
0.275 0.25 0.158196 0.116189 0 0 255
0.3 0.25 0.154444 0.121139 0 0 255
0.325 0.25 0.150952 0.125419 0 0 255
0.35 0.25 0.147709 0.129107 0 0 255
0.375 0.25 0.144702 0.132284 0 0 255
0.4 0.25 0.141917 0.13503 0 0 255
0.425 0.25 0.139345 0.13741 0 0 255
0.45 0.25 0.136975 0.13948 0 0 255
0.475 0.25 0.134797 0.141287 0 0 255
0.5 0.25 0.1328 0.142871 0 0 255
-0.5 0.225 0.0354144 -0.158532 0 0 255
-0.475 0.225 0.0387284 -0.156864 0 0 255
-0.45 0.225 0.0421801 -0.15503 0 0 255
-0.425 0.225 0.0458134 -0.152992 0 0 255
-0.4 0.225 0.0496862 -0.150701 0 0 255
-0.375 0.225 0.0538721 -0.148098 0 0 255
-0.35 0.225 0.0584597 -0.145113 0 0 255
-0.325 0.225 0.0635488 -0.141675 0 0 255
-0.3 0.225 0.0692381 -0.137712 0 0 255
-0.275 0.225 0.0756018 -0.133177 0 0 255
-0.25 0.225 0.0826465 -0.128077 0 0 255
-0.225 0.225 0.0902484 -0.122518 0 0 255
-0.2 0.225 0.0980859 -0.116757 0 0 255
-0.175 0.225 0.105614 -0.111213 0 0 255
-0.15 0.225 0.112162 -0.106391 0 0 255
-0.125 0.225 0.117173 -0.102705 0 0 255
-0.1 0.225 0.120394 -0.100338 0 0 255
-0.075 0.225 0.12818 -0.0782333 0 0 255
-0.05 0.225 0.136068 -0.0561461 0 0 255
-0.025 0.225 0.14396 -0.0340622 0 0 255
0 0.225 0.151856 -0.0119812 0 0 255
0.025 0.225 0.159756 0.0100974 0 0 255
0.05 0.225 0.167659 0.0321745 0 0 255
0.075 0.225 0.175574 0.0542439 0 0 255
0.1 0.225 0.184188 0.0762988 0 0 255
0.125 0.225 0.182619 0.0787274 0 0 255
0.15 0.225 0.180199 0.0825065 0 0 255
0.175 0.225 0.177072 0.0874576 0 0 255
0.2 0.225 0.173463 0.0931897 0 0 255
0.225 0.225 0.169616 0.0992222 0 0 255
0.25 0.225 0.165733 0.105147 0 0 255
0.275 0.225 0.161944 0.110699 0 0 255
0.3 0.225 0.158319 0.115745 0 0 255
0.325 0.225 0.15489 0.120248 0 0 255
0.35 0.225 0.151668 0.124223 0 0 255
0.375 0.225 0.148649 0.127716 0 0 255
0.4 0.225 0.14583 0.130779 0 0 255
0.425 0.225 0.143201 0.133467 0 0 255
0.45 0.225 0.140756 0.135828 0 0 255
0.475 0.225 0.138486 0.137907 0 0 255
0.5 0.225 0.136384 0.139742 0 0 255
-0.5 0.2 0.0409012 -0.155526 0 0 255
-0.475 0.2 0.0442201 -0.153707 0 0 255
-0.45 0.2 0.0477158 -0.151698 0 0 255
-0.425 0.2 0.0514344 -0.14946 0 0 255
-0.4 0.2 0.055432 -0.146948 0 0 255
-0.375 0.2 0.0597725 -0.144113 0 0 255
-0.35 0.2 0.0645243 -0.140905 0 0 255
-0.325 0.2 0.0697512 -0.137278 0 0 255
-0.3 0.2 0.0754973 -0.133204 0 0 255
-0.275 0.2 0.0817622 -0.128692 0 0 255
-0.25 0.2 0.0884667 -0.123811 0 0 255
-0.225 0.2 0.0954155 -0.118718 0 0 255
-0.2 0.2 0.102275 -0.113673 0 0 255
-0.175 0.2 0.108596 -0.109017 0 0 255
-0.15 0.2 0.113916 -0.105101 0 0 255
-0.125 0.2 0.117898 -0.102172 0 0 255
-0.1 0.2 0.120394 -0.100338 0 0 255
-0.075 0.2 0.12818 -0.0782333 0 0 255
-0.05 0.2 0.136068 -0.0561461 0 0 255
-0.025 0.2 0.14396 -0.0340622 0 0 255
0 0.2 0.151856 -0.0119812 0 0 255
0.025 0.2 0.159756 0.0100974 0 0 255
0.05 0.2 0.167659 0.0321745 0 0 255
0.075 0.2 0.175574 0.0542439 0 0 255
0.1 0.2 0.184188 0.0762988 0 0 255
0.125 0.2 0.182972 0.0781806 0 0 255
0.15 0.2 0.181047 0.0811837 0 0 255
0.175 0.2 0.1785 0.0852038 0 0 255
0.2 0.2 0.17547 0.0900077 0 0 255
0.225 0.2 0.172129 0.0952667 0 0 255
0.25 0.2 0.168643 0.100653 0 0 255
0.275 0.2 0.16514 0.105906 0 0 255
0.3 0.2 0.161709 0.110855 0 0 255
0.325 0.2 0.158403 0.115409 0 0 255
0.35 0.2 0.155251 0.119534 0 0 255
0.375 0.2 0.152264 0.123236 0 0 255
0.4 0.2 0.149446 0.126539 0 0 255
0.425 0.2 0.146796 0.129479 0 0 255
0.45 0.2 0.144311 0.132092 0 0 255
0.475 0.2 0.141984 0.134415 0 0 255
0.5 0.2 0.13981 0.136483 0 0 255
-0.5 0.175 0.0460251 -0.152525 0 0 255
-0.475 0.175 0.0493865 -0.150557 0 0 255
-0.45 0.175 0.0529522 -0.148382 0 0 255
-0.425 0.175 0.056765 -0.145968 0 0 255
-0.4 0.175 0.0608716 -0.143277 0 0 255
-0.375 0.175 0.0653201 -0.140275 0 0 255
-0.35 0.175 0.0701527 -0.136932 0 0 255
-0.325 0.175 0.0753965 -0.133231 0 0 255
-0.3 0.175 0.0810479 -0.12918 0 0 255
-0.275 0.175 0.0870526 -0.124827 0 0 255
-0.25 0.175 0.0932841 -0.120275 0 0 255
-0.225 0.175 0.0995273 -0.115693 0 0 255
-0.2 0.175 0.105483 -0.111311 0 0 255
-0.175 0.175 0.110806 -0.107391 0 0 255
-0.15 0.175 0.115181 -0.104171 0 0 255
-0.125 0.175 0.118406 -0.101799 0 0 255
-0.1 0.175 0.120394 -0.100338 0 0 255
-0.075 0.175 0.12818 -0.0782333 0 0 255
-0.05 0.175 0.136068 -0.0561461 0 0 255
-0.025 0.175 0.14396 -0.0340622 0 0 255
0 0.175 0.151856 -0.0119812 0 0 255
0.025 0.175 0.159756 0.0100974 0 0 255
0.05 0.175 0.167659 0.0321745 0 0 255
0.075 0.175 0.175574 0.0542439 0 0 255
0.1 0.175 0.184188 0.0762988 0 0 255
0.125 0.175 0.18322 0.0777973 0 0 255
0.15 0.175 0.181659 0.0802295 0 0 255
0.175 0.175 0.17956 0.0835348 0 0 255
0.2 0.175 0.177008 0.0875739 0 0 255
0.225 0.175 0.17412 0.0921267 0 0 255
0.25 0.175 0.171025 0.0969446 0 0 255
0.275 0.175 0.167835 0.101802 0 0 255
0.3 0.175 0.16464 0.106524 0 0 255
0.325 0.175 0.161502 0.110993 0 0 255
0.35 0.175 0.158463 0.115145 0 0 255
0.375 0.175 0.155547 0.118951 0 0 255
0.4 0.175 0.152767 0.122409 0 0 255
0.425 0.175 0.150128 0.125534 0 0 255
0.45 0.175 0.147632 0.128347 0 0 255
0.475 0.175 0.145277 0.130877 0 0 255
0.5 0.175 0.143061 0.13315 0 0 255
-0.5 0.15 0.050862 -0.149545 0 0 255
-0.475 0.15 0.0542795 -0.147439 0 0 255
-0.45 0.15 0.0579154 -0.145123 0 0 255
-0.425 0.15 0.0618048 -0.142569 0 0 255
-0.4 0.15 0.0659816 -0.139751 0 0 255
-0.375 0.15 0.0704748 -0.136651 0 0 255
-0.35 0.15 0.0753012 -0.133257 0 0 255
-0.325 0.15 0.0804558 -0.129578 0 0 255
-0.3 0.15 0.0858995 -0.125648 0 0 255
-0.275 0.15 0.091546 -0.121537 0 0 255
-0.25 0.15 0.0972503 -0.117361 0 0 255
-0.225 0.15 0.102808 -0.113278 0 0 255
-0.2 0.15 0.107969 -0.10948 0 0 255
-0.175 0.15 0.112477 -0.106162 0 0 255
-0.15 0.15 0.11612 -0.10348 0 0 255
-0.125 0.15 0.118776 -0.101527 0 0 255
-0.1 0.15 0.120394 -0.100338 0 0 255
-0.075 0.15 0.12818 -0.0782333 0 0 255
-0.05 0.15 0.136068 -0.0561461 0 0 255
-0.025 0.15 0.14396 -0.0340622 0 0 255
0 0.15 0.151856 -0.0119812 0 0 255
0.025 0.15 0.159756 0.0100974 0 0 255
0.05 0.15 0.167659 0.0321745 0 0 255
0.075 0.15 0.175574 0.0542439 0 0 255
0.1 0.15 0.184188 0.0762988 0 0 255
0.125 0.15 0.1834 0.0775186 0 0 255
0.15 0.15 0.182114 0.0795217 0 0 255
0.175 0.15 0.180363 0.082273 0 0 255
0.2 0.15 0.1782 0.0856899 0 0 255
0.225 0.15 0.175705 0.0896264 0 0 255
0.25 0.15 0.172972 0.0938998 0 0 255
0.275 0.15 0.170095 0.0983264 0 0 255
0.3 0.15 0.167153 0.102746 0 0 255
0.325 0.15 0.164213 0.107038 0 0 255
0.35 0.15 0.16132 0.111117 0 0 255
0.375 0.15 0.158508 0.114933 0 0 255
0.4 0.15 0.155796 0.118465 0 0 255
0.425 0.15 0.153197 0.121706 0 0 255
0.45 0.15 0.150718 0.124665 0 0 255
0.475 0.15 0.148361 0.127356 0 0 255
0.5 0.15 0.146126 0.1298 0 0 255
-0.5 0.125 0.0554482 -0.146609 0 0 255
-0.475 0.125 0.0589174 -0.144388 0 0 255
-0.45 0.125 0.0626065 -0.14196 0 0 255
-0.425 0.125 0.0665402 -0.139308 0 0 255
-0.4 0.125 0.0707385 -0.136418 0 0 255
-0.375 0.125 0.0752119 -0.133283 0 0 255
-0.35 0.125 0.079955 -0.12991 0 0 255
-0.325 0.125 0.0849387 -0.126326 0 0 255
-0.3 0.125 0.0901012 -0.12258 0 0 255
-0.275 0.125 0.0953412 -0.118755 0 0 255
-0.25 0.125 0.100515 -0.114962 0 0 255
-0.225 0.125 0.105441 -0.111341 0 0 255
-0.2 0.125 0.10992 -0.108044 0 0 255
-0.175 0.125 0.113764 -0.105214 0 0 255
-0.15 0.125 0.116833 -0.102956 0 0 255
-0.125 0.125 0.119053 -0.101323 0 0 255
-0.1 0.125 0.120394 -0.100338 0 0 255
-0.075 0.125 0.12818 -0.0782333 0 0 255
-0.05 0.125 0.136068 -0.0561461 0 0 255
-0.025 0.125 0.14396 -0.0340622 0 0 255
0 0.125 0.151856 -0.0119812 0 0 255
0.025 0.125 0.159756 0.0100974 0 0 255
0.05 0.125 0.167659 0.0321745 0 0 255
0.075 0.125 0.175574 0.0542439 0 0 255
0.1 0.125 0.184188 0.0762988 0 0 255
0.125 0.125 0.183535 0.07731 0 0 255
0.15 0.125 0.182459 0.0789839 0 0 255
0.175 0.125 0.180982 0.0813008 0 0 255
0.2 0.125 0.179137 0.0842125 0 0 255
0.225 0.125 0.176975 0.0876227 0 0 255
0.25 0.125 0.174567 0.0913998 0 0 255
0.275 0.125 0.171984 0.0953992 0 0 255
0.3 0.125 0.169299 0.099484 0 0 255
0.325 0.125 0.166569 0.103538 0 0 255
0.35 0.125 0.163844 0.107473 0 0 255
0.375 0.125 0.161159 0.111226 0 0 255
0.4 0.125 0.158541 0.11476 0 0 255
0.425 0.125 0.156007 0.118053 0 0 255
0.45 0.125 0.153569 0.121101 0 0 255
0.475 0.125 0.151232 0.123908 0 0 255
0.5 0.125 0.149 0.126483 0 0 255
-0.5 0.1 0.0597974 -0.143743 0 0 255
-0.475 0.1 0.0633027 -0.141432 0 0 255
-0.45 0.1 0.0670182 -0.138929 0 0 255
-0.425 0.1 0.070958 -0.136221 0 0 255
-0.4 0.1 0.0751286 -0.133307 0 0 255
-0.375 0.1 0.0795248 -0.130192 0 0 255
-0.35 0.1 0.0841238 -0.126896 0 0 255
-0.325 0.1 0.0888804 -0.123456 0 0 255
-0.3 0.1 0.0937209 -0.119932 0 0 255
-0.275 0.1 0.0985413 -0.116406 0 0 255
-0.25 0.1 0.103209 -0.112981 0 0 255
-0.225 0.1 0.10757 -0.109773 0 0 255
-0.2 0.1 0.11147 -0.106903 0 0 255
-0.175 0.1 0.114774 -0.104471 0 0 255
-0.15 0.1 0.117386 -0.102549 0 0 255
-0.125 0.1 0.119265 -0.101167 0 0 255
-0.1 0.1 0.120394 -0.100338 0 0 255
-0.075 0.1 0.12818 -0.0782333 0 0 255
-0.05 0.1 0.136068 -0.0561461 0 0 255
-0.025 0.1 0.14396 -0.0340622 0 0 255
0 0.1 0.151856 -0.0119812 0 0 255
0.025 0.1 0.159756 0.0100974 0 0 255
0.05 0.1 0.167659 0.0321745 0 0 255
0.075 0.1 0.175574 0.0542439 0 0 255
0.1 0.1 0.184188 0.0762988 0 0 255
0.125 0.1 0.183638 0.0771499 0 0 255
0.15 0.1 0.182727 0.0785668 0 0 255
0.175 0.1 0.181469 0.0805389 0 0 255
0.2 0.1 0.179882 0.0830389 0 0 255
0.225 0.1 0.178001 0.0860042 0 0 255
0.25 0.1 0.175877 0.0893407 0 0 255
0.275 0.1 0.173566 0.0929374 0 0 255
0.3 0.1 0.171126 0.096681 0 0 255
0.325 0.1 0.168609 0.100468 0 0 255
0.35 0.1 0.166062 0.104212 0 0 255
0.375 0.1 0.163522 0.107847 0 0 255
0.4 0.1 0.161016 0.111324 0 0 255
0.425 0.1 0.158567 0.114614 0 0 255
0.45 0.1 0.156189 0.1177 0 0 255
0.475 0.1 0.153893 0.120576 0 0 255
0.5 0.1 0.151684 0.123243 0 0 255
-0.5 0.075 0.0639129 -0.14097 0 0 255
-0.475 0.075 0.067432 -0.1386 0 0 255
-0.45 0.075 0.0711435 -0.136053 0 0 255
-0.425 0.075 0.0750513 -0.13333 0 0 255
-0.4 0.075 0.0791503 -0.130434 0 0 255
-0.375 0.075 0.0834227 -0.127382 0 0 255
-0.35 0.075 0.087834 -0.124203 0 0 255
-0.325 0.075 0.0923294 -0.120939 0 0 255
-0.3 0.075 0.0968318 -0.117654 0 0 255
-0.275 0.075 0.101242 -0.114423 0 0 255
-0.25 0.075 0.105442 -0.111338 0 0 255
-0.225 0.075 0.109307 -0.108495 0 0 255
-0.2 0.075 0.112718 -0.105984 0 0 255
-0.175 0.075 0.115577 -0.10388 0 0 255
-0.15 0.075 0.117823 -0.102228 0 0 255
-0.125 0.075 0.119431 -0.101045 0 0 255
-0.1 0.075 0.120394 -0.100338 0 0 255
-0.075 0.075 0.12818 -0.0782333 0 0 255
-0.05 0.075 0.136068 -0.0561461 0 0 255
-0.025 0.075 0.14396 -0.0340622 0 0 255
0 0.075 0.151856 -0.0119812 0 0 255
0.025 0.075 0.159756 0.0100974 0 0 255
0.05 0.075 0.167659 0.0321745 0 0 255
0.075 0.075 0.175574 0.0542439 0 0 255
0.1 0.075 0.184188 0.0762988 0 0 255
0.125 0.075 0.183719 0.0770245 0 0 255
0.15 0.075 0.182939 0.0782374 0 0 255
0.175 0.075 0.181856 0.0799324 0 0 255
0.2 0.075 0.180482 0.0820952 0 0 255
0.225 0.075 0.178838 0.0846854 0 0 255
0.25 0.075 0.176961 0.0876366 0 0 255
0.275 0.075 0.174894 0.0908647 0 0 255
0.3 0.075 0.172682 0.0942782 0 0 255
0.325 0.075 0.170373 0.0977883 0 0 255
0.35 0.075 0.168006 0.101315 0 0 255
0.375 0.075 0.165618 0.104794 0 0 255
0.4 0.075 0.163238 0.108172 0 0 255
0.425 0.075 0.160888 0.111412 0 0 255
0.45 0.075 0.158587 0.114491 0 0 255
0.475 0.075 0.156348 0.117394 0 0 255
0.5 0.075 0.154178 0.120115 0 0 255
-0.5 0.05 0.0677938 -0.138312 0 0 255
-0.475 0.05 0.0713021 -0.135908 0 0 255
-0.45 0.05 0.0749794 -0.133351 0 0 255
-0.425 0.05 0.0788209 -0.130645 0 0 255
-0.4 0.05 0.0828122 -0.127803 0 0 255
-0.375 0.05 0.0869264 -0.124846 0 0 255
-0.35 0.05 0.0911217 -0.121809 0 0 255
-0.325 0.05 0.0953396 -0.118738 0 0 255
-0.3 0.05 0.0995045 -0.115693 0 0 255
-0.275 0.05 0.103526 -0.112744 0 0 255
-0.25 0.05 0.107303 -0.109969 0 0 255
-0.225 0.05 0.110736 -0.107443 0 0 255
-0.2 0.05 0.113733 -0.105237 0 0 255
-0.175 0.05 0.116226 -0.103403 0 0 255
-0.15 0.05 0.118173 -0.10197 0 0 255
-0.125 0.05 0.119564 -0.100948 0 0 255
-0.1 0.05 0.120394 -0.100338 0 0 255
-0.075 0.05 0.12818 -0.0782333 0 0 255
-0.05 0.05 0.136068 -0.0561461 0 0 255
-0.025 0.05 0.14396 -0.0340622 0 0 255
0 0.05 0.151856 -0.0119812 0 0 255
0.025 0.05 0.159756 0.0100974 0 0 255
0.05 0.05 0.167659 0.0321745 0 0 255
0.075 0.05 0.175574 0.0542439 0 0 255
0.1 0.05 0.184188 0.0762988 0 0 255
0.125 0.05 0.183784 0.0769246 0 0 255
0.15 0.05 0.183109 0.0779732 0 0 255
0.175 0.05 0.182169 0.0794429 0 0 255
0.2 0.05 0.18097 0.0813275 0 0 255
0.225 0.05 0.179526 0.0836015 0 0 255
0.25 0.05 0.177863 0.0862183 0 0 255
0.275 0.05 0.176012 0.0891149 0 0 255
0.3 0.05 0.17401 0.0922187 0 0 255
0.325 0.05 0.171897 0.0954551 0 0 255
0.35 0.05 0.169706 0.0987539 0 0 255
0.375 0.05 0.167473 0.102053 0 0 255
0.4 0.05 0.165225 0.1053 0 0 255
0.425 0.05 0.162986 0.108457 0 0 255
0.45 0.05 0.160774 0.111492 0 0 255
0.475 0.05 0.158603 0.114386 0 0 255
0.5 0.05 0.156486 0.117127 0 0 255
-0.5 0.025 0.0714393 -0.135782 0 0 255
-0.475 0.025 0.0749127 -0.133371 0 0 255
-0.45 0.025 0.0785285 -0.130831 0 0 255
-0.425 0.025 0.082275 -0.12817 0 0 255
-0.4 0.025 0.0861309 -0.125407 0 0 255
-0.375 0.025 0.0900635 -0.122568 0 0 255
-0.35 0.025 0.0940275 -0.119689 0 0 255
-0.325 0.025 0.0979644 -0.116817 0 0 255
-0.3 0.025 0.101803 -0.114006 0 0 255
-0.275 0.025 0.105465 -0.111319 0 0 255
-0.25 0.025 0.108864 -0.10882 0 0 255
-0.225 0.025 0.111922 -0.106571 0 0 255
-0.2 0.025 0.114569 -0.104623 0 0 255
-0.175 0.025 0.116756 -0.103013 0 0 255
-0.15 0.025 0.118458 -0.101761 0 0 255
-0.125 0.025 0.119671 -0.100869 0 0 255
-0.1 0.025 0.120394 -0.100338 0 0 255
-0.075 0.025 0.12818 -0.0782333 0 0 255
-0.05 0.025 0.136068 -0.0561461 0 0 255
-0.025 0.025 0.14396 -0.0340622 0 0 255
0 0.025 0.151856 -0.0119812 0 0 255
0.025 0.025 0.159756 0.0100974 0 0 255
0.05 0.025 0.167659 0.0321745 0 0 255
0.075 0.025 0.175574 0.0542439 0 0 255
0.1 0.025 0.184188 0.0762988 0 0 255
0.125 0.025 0.183836 0.0768437 0 0 255
0.15 0.025 0.183247 0.0777584 0 0 255
0.175 0.025 0.182425 0.079043 0 0 255
0.2 0.025 0.181372 0.0806963 0 0 255
0.225 0.025 0.180097 0.0827028 0 0 255
0.25 0.025 0.178618 0.0850304 0 0 255
0.275 0.025 0.176958 0.0876321 0 0 255
0.3 0.025 0.175146 0.0904509 0 0 255
0.325 0.025 0.173215 0.0934255 0 0 255
0.35 0.025 0.171194 0.096495 0 0 255
0.375 0.025 0.169113 0.0996031 0 0 255
0.4 0.025 0.166999 0.102701 0 0 255
0.425 0.025 0.164875 0.105747 0 0 255
0.45 0.025 0.16276 0.108709 0 0 255
0.475 0.025 0.16067 0.111564 0 0 255
0.5 0.025 0.158616 0.114294 0 0 255
-0.5 0 0.0748506 -0.13339 0 0 255
-0.475 0 0.078267 -0.130995 0 0 255
-0.45 0 0.0817983 -0.128494 0 0 255
-0.425 0 0.0854274 -0.1259 0 0 255
-0.4 0 0.0891282 -0.123235 0 0 255
-0.375 0 0.0928653 -0.120528 0 0 255
-0.35 0 0.0965925 -0.117815 0 0 255
-0.325 0 0.100254 -0.115139 0 0 255
-0.3 0 0.103785 -0.112551 0 0 255
-0.275 0 0.107117 -0.110104 0 0 255
-0.25 0 0.110181 -0.107851 0 0 255
-0.225 0 0.112913 -0.105841 0 0 255
-0.2 0 0.115262 -0.104112 0 0 255
-0.175 0 0.117194 -0.102691 0 0 255
-0.15 0 0.118693 -0.101588 0 0 255
-0.125 0 0.119759 -0.100804 0 0 255
-0.1 0 0.120394 -0.100338 0 0 255
-0.075 0 0.12818 -0.0782333 0 0 255
-0.05 0 0.136068 -0.0561461 0 0 255
-0.025 0 0.14396 -0.0340622 0 0 255
0 0 0.151856 -0.0119812 0 0 255
0.025 0 0.159756 0.0100974 0 0 255
0.05 0 0.167659 0.0321745 0 0 255
0.075 0 0.175574 0.0542439 0 0 255
0.1 0 0.184188 0.0762988 0 0 255
0.125 0 0.183879 0.0767773 0 0 255
0.15 0 0.183361 0.0775815 0 0 255
0.175 0 0.182637 0.0787125 0 0 255
0.2 0 0.181706 0.0801721 0 0 255
0.225 0 0.180575 0.0819517 0 0 255
0.25 0 0.179254 0.0840292 0 0 255
0.275 0 0.177762 0.0863701 0 0 255
0.3 0 0.176121 0.08893 0 0 255
0.325 0 0.174357 0.091659 0 0 255
0.35 0 0.172495 0.0945055 0 0 255
0.375 0 0.170562 0.0974196 0 0 255
0.4 0 0.168581 0.100356 0 0 255
0.425 0 0.166575 0.103274 0 0 255
0.45 0 0.164562 0.106142 0 0 255
0.475 0 0.162558 0.108934 0 0 255
0.5 0 0.160576 0.111629 0 0 255
