-0.5 1 -0.110293 -0.103021 0 0 255
-0.475 1 -0.112168 -0.100959 0 0 255
-0.45 1 -0.11414 -0.0987918 0 0 255
-0.425 1 -0.116196 -0.0965343 0 0 255
-0.4 1 -0.118318 -0.0942062 0 0 255
-0.375 1 -0.120481 -0.0918344 0 0 255
-0.35 1 -0.122656 -0.0894528 0 0 255
-0.325 1 -0.124804 -0.0871016 0 0 255
-0.3 1 -0.126885 -0.0848263 0 0 255
-0.275 1 -0.128854 -0.0826752 0 0 255
-0.25 1 -0.130668 -0.0806959 0 0 255
-0.225 1 -0.132286 -0.0789314 0 0 255
-0.2 1 -0.133676 -0.0774158 0 0 255
-0.175 1 -0.134818 -0.0761713 0 0 255
-0.15 1 -0.135703 -0.0752071 0 0 255
-0.125 1 -0.136331 -0.0745221 0 0 255
-0.1 1 -0.136704 -0.0741149 0 0 255
-0.075 1 -0.135961 -0.0550363 0 0 255
-0.05 1 -0.134863 -0.0361181 0 0 255
-0.025 1 -0.133761 -0.0172032 0 0 255
0 1 -0.132659 0.00171133 0 0 255
0.025 1 -0.131558 0.0206255 0 0 255
0.05 1 -0.130457 0.0395392 0 0 255
0.075 1 -0.12937 0.0584571 0 0 255
0.1 1 -0.128998 0.0778514 0 0 255
0.125 1 -0.128552 0.0782392 0 0 255
0.15 1 -0.127805 0.0788925 0 0 255
0.175 1 -0.126759 0.0798135 0 0 255
0.2 1 -0.125416 0.0810042 0 0 255
0.225 1 -0.123787 0.0824562 0 0 255
0.25 1 -0.1219 0.0841486 0 0 255
0.275 1 -0.119791 0.0860489 0 0 255
0.3 1 -0.117508 0.0881159 0 0 255
0.325 1 -0.115101 0.090304 0 0 255
0.35 1 -0.112622 0.0925665 0 0 255
0.375 1 -0.110117 0.0948596 0 0 255
0.4 1 -0.10763 0.0971444 0 0 255
0.425 1 -0.105194 0.0993881 0 0 255
0.45 1 -0.102837 0.101565 0 0 255
0.475 1 -0.100579 0.103655 0 0 255
0.5 1 -0.0984347 0.105645 0 0 255
-0.5 0.975 -0.108418 -0.105084 0 0 255
-0.475 0.975 -0.110293 -0.103019 0 0 255
-0.45 0.975 -0.112286 -0.100828 0 0 255
-0.425 0.975 -0.114388 -0.0985184 0 0 255
-0.4 0.975 -0.116582 -0.0961093 0 0 255
-0.375 0.975 -0.118846 -0.0936253 0 0 255
-0.35 0.975 -0.12115 -0.0911002 0 0 255
-0.325 0.975 -0.123455 -0.0885768 0 0 255
-0.3 0.975 -0.125714 -0.0861057 0 0 255
-0.275 0.975 -0.127876 -0.0837429 0 0 255
-0.25 0.975 -0.129888 -0.0815465 0 0 255
-0.225 0.975 -0.131699 -0.0795712 0 0 255
-0.2 0.975 -0.133266 -0.0778627 0 0 255
-0.175 0.975 -0.13456 -0.076453 0 0 255
-0.15 0.975 -0.135565 -0.0753578 0 0 255
-0.125 0.975 -0.13628 -0.0745786 0 0 255
-0.1 0.975 -0.136704 -0.0741149 0 0 255
-0.075 0.975 -0.135961 -0.0550363 0 0 255
-0.05 0.975 -0.134863 -0.0361181 0 0 255
-0.025 0.975 -0.133761 -0.0172032 0 0 255
0 0.975 -0.132659 0.00171133 0 0 255
0.025 0.975 -0.131558 0.0206255 0 0 255
0.05 0.975 -0.130457 0.0395392 0 0 255
0.075 0.975 -0.12937 0.0584571 0 0 255
0.1 0.975 -0.128998 0.0778514 0 0 255
0.125 0.975 -0.12849 0.0782929 0 0 255
0.15 0.975 -0.127641 0.0790362 0 0 255
0.175 0.975 -0.126454 0.0800827 0 0 255
0.2 0.975 -0.124933 0.0814318 0 0 255
0.225 0.975 -0.1231 0.0830691 0 0 255
0.25 0.975 -0.12099 0.0849644 0 0 255
0.275 0.975 -0.118653 0.087074 0 0 255
0.3 0.975 -0.11615 0.0893453 0 0 255
0.325 0.975 -0.113541 0.0917226 0 0 255
0.35 0.975 -0.110884 0.0941518 0 0 255
0.375 0.975 -0.108234 0.0965839 0 0 255
0.4 0.975 -0.105634 0.0989777 0 0 255
0.425 0.975 -0.103118 0.1013 0 0 255
0.45 0.975 -0.100712 0.103527 0 0 255
0.475 0.975 -0.0984325 0.105642 0 0 255
0.5 0.975 -0.0962901 0.107635 0 0 255
-0.5 0.95 -0.106446 -0.107254 0 0 255
-0.475 0.95 -0.1083 -0.105211 0 0 255
-0.45 0.95 -0.110293 -0.103017 0 0 255
-0.425 0.95 -0.11242 -0.100678 0 0 255
-0.4 0.95 -0.11467 -0.0982067 0 0 255
-0.375 0.95 -0.117022 -0.0956243 0 0 255
-0.35 0.95 -0.119449 -0.0929631 0 0 255
-0.325 0.95 -0.12191 -0.0902666 0 0 255
-0.3 0.95 -0.124357 -0.0875894 0 0 255
-0.275 0.95 -0.126729 -0.0849957 0 0 255
-0.25 0.95 -0.128964 -0.082555 0 0 255
-0.225 0.95 -0.130997 -0.0803364 0 0 255
-0.2 0.95 -0.132772 -0.0784009 0 0 255
-0.175 0.95 -0.134247 -0.076794 0 0 255
-0.15 0.95 -0.135397 -0.0755408 0 0 255
-0.125 0.95 -0.136217 -0.0746474 0 0 255
-0.1 0.95 -0.136704 -0.0741149 0 0 255
-0.075 0.95 -0.135961 -0.0550363 0 0 255
-0.05 0.95 -0.134863 -0.0361181 0 0 255
-0.025 0.95 -0.133761 -0.0172032 0 0 255
0 0.95 -0.132659 0.00171133 0 0 255
0.025 0.95 -0.131558 0.0206255 0 0 255
0.05 0.95 -0.130457 0.0395392 0 0 255
0.075 0.95 -0.12937 0.0584571 0 0 255
0.1 0.95 -0.128998 0.0778514 0 0 255
0.125 0.95 -0.128415 0.0783585 0 0 255
0.15 0.95 -0.127442 0.0792107 0 0 255
0.175 0.95 -0.126084 0.0804085 0 0 255
0.2 0.95 -0.124353 0.0819469 0 0 255
0.225 0.95 -0.122278 0.0838024 0 0 255
0.25 0.95 -0.119912 0.085932 0 0 255
0.275 0.95 -0.117321 0.0882772 0 0 255
0.3 0.95 -0.114578 0.0907716 0 0 255
0.325 0.95 -0.111756 0.0933482 0 0 255
0.35 0.95 -0.108924 0.0959451 0 0 255
0.375 0.95 -0.106136 0.0985093 0 0 255
0.4 0.95 -0.103438 0.100999 0 0 255
0.425 0.95 -0.100862 0.103383 0 0 255
0.45 0.95 -0.0984299 0.10564 0 0 255
0.475 0.95 -0.0961532 0.107757 0 0 255
0.5 0.95 -0.0940372 0.10973 0 0 255
-0.5 0.925 -0.104389 -0.10952 0 0 255
-0.475 0.925 -0.106198 -0.107525 0 0 255
-0.45 0.925 -0.108166 -0.105357 0 0 255
-0.425 0.925 -0.110294 -0.103015 0 0 255
-0.4 0.925 -0.112574 -0.100507 0 0 255
-0.375 0.925 -0.114995 -0.0978478 0 0 255
-0.35 0.925 -0.11753 -0.0950656 0 0 255
-0.325 0.925 -0.120142 -0.0922019 0 0 255
-0.3 0.925 -0.12278 -0.0893135 0 0 255
-0.275 0.925 -0.125378 -0.0864715 0 0 255
-0.25 0.925 -0.127861 -0.083758 0 0 255
-0.225 0.925 -0.13015 -0.0812592 0 0 255
-0.2 0.925 -0.132171 -0.0790556 0 0 255
-0.175 0.925 -0.133864 -0.0772114 0 0 255
-0.15 0.925 -0.135191 -0.0757658 0 0 255
-0.125 0.925 -0.136139 -0.0747325 0 0 255
-0.1 0.925 -0.136704 -0.0741149 0 0 255
-0.075 0.925 -0.135961 -0.0550363 0 0 255
-0.05 0.925 -0.134863 -0.0361181 0 0 255
-0.025 0.925 -0.133761 -0.0172032 0 0 255
0 0.925 -0.132659 0.00171133 0 0 255
0.025 0.925 -0.131558 0.0206255 0 0 255
0.05 0.925 -0.130457 0.0395392 0 0 255
0.075 0.925 -0.12937 0.0584571 0 0 255
0.1 0.925 -0.128998 0.0778514 0 0 255
0.125 0.925 -0.128322 0.0784395 0 0 255
0.15 0.925 -0.127197 0.0794254 0 0 255
0.175 0.925 -0.125632 0.0808074 0 0 255
0.2 0.925 -0.123647 0.0825736 0 0 255
0.225 0.925 -0.121289 0.0846871 0 0 255
0.25 0.925 -0.118629 0.0870868 0 0 255
0.275 0.925 -0.115754 0.0896953 0 0 255
0.3 0.925 -0.112754 0.0924297 0 0 255
0.325 0.925 -0.109717 0.0952108 0 0 255
0.35 0.925 -0.106715 0.0979698 0 0 255
0.375 0.925 -0.103807 0.100652 0 0 255
0.4 0.925 -0.101035 0.103216 0 0 255
0.425 0.925 -0.0984269 0.105636 0 0 255
0.45 0.925 -0.0959975 0.107896 0 0 255
0.475 0.925 -0.0937526 0.10999 0 0 255
0.5 0.925 -0.0916906 0.111917 0 0 255
-0.5 0.9 -0.102266 -0.111861 0 0 255
-0.475 0.9 -0.104003 -0.109943 0 0 255
-0.45 0.9 -0.105917 -0.107833 0 0 255
-0.425 0.9 -0.108013 -0.105523 0 0 255
-0.4 0.9 -0.110294 -0.103012 0 0 255
-0.375 0.9 -0.112753 -0.100308 0 0 255
-0.35 0.9 -0.115373 -0.09743 0 0 255
-0.325 0.9 -0.118121 -0.0944151 0 0 255
-0.3 0.9 -0.120947 -0.0913186 0 0 255
-0.275 0.9 -0.123781 -0.0882161 0 0 255
-0.25 0.9 -0.126538 -0.0852018 0 0 255
-0.225 0.9 -0.129121 -0.0823814 0 0 255
-0.2 0.9 -0.131433 -0.0798604 0 0 255
-0.175 0.9 -0.133389 -0.0777286 0 0 255
-0.15 0.9 -0.134933 -0.0760464 0 0 255
-0.125 0.9 -0.136041 -0.0748392 0 0 255
-0.1 0.9 -0.136704 -0.0741149 0 0 255
-0.075 0.9 -0.135961 -0.0550363 0 0 255
-0.05 0.9 -0.134863 -0.0361181 0 0 255
-0.025 0.9 -0.133761 -0.0172032 0 0 255
0 0.9 -0.132659 0.00171133 0 0 255
0.025 0.9 -0.131558 0.0206255 0 0 255
0.05 0.9 -0.130457 0.0395392 0 0 255
0.075 0.9 -0.12937 0.0584571 0 0 255
0.1 0.9 -0.128998 0.0778514 0 0 255
0.125 0.9 -0.128205 0.0785411 0 0 255
0.15 0.9 -0.126891 0.0796931 0 0 255
0.175 0.9 -0.125072 0.0813019 0 0 255
0.2 0.9 -0.122781 0.0833443 0 0 255
0.225 0.9 -0.120089 0.0857634 0 0 255
0.25 0.9 -0.117092 0.0884733 0 0 255
0.275 0.9 -0.113905 0.0913724 0 0 255
0.3 0.9 -0.110638 0.0943588 0 0 255
0.325 0.9 -0.107389 0.0973418 0 0 255
0.35 0.9 -0.104236 0.100248 0 0 255
0.375 0.9 -0.101236 0.103023 0 0 255
0.4 0.9 -0.0984234 0.105633 0 0 255
0.425 0.9 -0.0958187 0.108056 0 0 255
0.45 0.9 -0.0934279 0.110287 0 0 255
0.475 0.9 -0.0912485 0.112325 0 0 255
0.5 0.9 -0.0892714 0.114178 0 0 255
-0.5 0.875 -0.100101 -0.114251 0 0 255
-0.475 0.875 -0.101737 -0.112442 0 0 255
-0.45 0.875 -0.103563 -0.110426 0 0 255
-0.425 0.875 -0.105592 -0.108188 0 0 255
-0.4 0.875 -0.107834 -0.105717 0 0 255
-0.375 0.875 -0.110294 -0.103009 0 0 255
-0.35 0.875 -0.112964 -0.100074 0 0 255
-0.325 0.875 -0.115819 -0.0969375 0 0 255
-0.3 0.875 -0.118818 -0.0936486 0 0 255
-0.275 0.875 -0.12189 -0.0902829 0 0 255
-0.25 0.875 -0.124943 -0.0869439 0 0 255
-0.225 0.875 -0.127859 -0.0837579 0 0 255
-0.2 0.875 -0.130514 -0.0808611 0 0 255
-0.175 0.875 -0.132792 -0.0783786 0 0 255
-0.15 0.875 -0.134607 -0.0764018 0 0 255
-0.125 0.875 -0.135916 -0.0749754 0 0 255
-0.1 0.875 -0.136704 -0.0741149 0 0 255
-0.075 0.875 -0.135961 -0.0550363 0 0 255
-0.05 0.875 -0.134863 -0.0361181 0 0 255
-0.025 0.875 -0.133761 -0.0172032 0 0 255
0 0.875 -0.132659 0.00171133 0 0 255
0.025 0.875 -0.131558 0.0206255 0 0 255
0.05 0.875 -0.130457 0.0395392 0 0 255
0.075 0.875 -0.12937 0.0584571 0 0 255
0.1 0.875 -0.128998 0.0778514 0 0 255
0.125 0.875 -0.128056 0.0786708 0 0 255
0.15 0.875 -0.126504 0.0800323 0 0 255
0.175 0.875 -0.124369 0.0819235 0 0 255
0.2 0.875 -0.121706 0.0843031 0 0 255
0.225 0.875 -0.118619 0.0870843 0 0 255
0.25 0.875 -0.115242 0.0901471 0 0 255
0.275 0.875 -0.11172 0.0933602 0 0 255
0.3 0.875 -0.108184 0.0966018 0 0 255
0.325 0.875 -0.104743 0.0997716 0 0 255
0.35 0.875 -0.101471 0.102796 0 0 255
0.375 0.875 -0.0984193 0.105628 0 0 255
0.4 0.875 -0.0956111 0.108242 0 0 255
0.425 0.875 -0.0930542 0.110629 0 0 255
0.45 0.875 -0.0907439 0.112791 0 0 255
0.475 0.875 -0.0886673 0.114739 0 0 255
0.5 0.875 -0.0868074 0.116488 0 0 255
-0.5 0.85 -0.097924 -0.116657 0 0 255
-0.475 0.85 -0.0994314 -0.114989 0 0 255
-0.45 0.85 -0.101135 -0.113105 0 0 255
-0.425 0.85 -0.103056 -0.110983 0 0 255
-0.4 0.85 -0.105214 -0.108602 0 0 255
-0.375 0.85 -0.107625 -0.105944 0 0 255
-0.35 0.85 -0.110295 -0.103005 0 0 255
-0.325 0.85 -0.113214 -0.0997948 0 0 255
-0.3 0.85 -0.116354 -0.0963481 0 0 255
-0.275 0.85 -0.119651 -0.0927328 0 0 255
-0.25 0.85 -0.12301 -0.0890553 0 0 255
-0.225 0.85 -0.126298 -0.0854608 0 0 255
-0.2 0.85 -0.129358 -0.0821209 0 0 255
-0.175 0.85 -0.132031 -0.079208 0 0 255
-0.15 0.85 -0.134187 -0.0768601 0 0 255
-0.125 0.85 -0.135754 -0.075153 0 0 255
-0.1 0.85 -0.136704 -0.0741149 0 0 255
-0.075 0.85 -0.135961 -0.0550363 0 0 255
-0.05 0.85 -0.134863 -0.0361181 0 0 255
-0.025 0.85 -0.133761 -0.0172032 0 0 255
0 0.85 -0.132659 0.00171133 0 0 255
0.025 0.85 -0.131558 0.0206255 0 0 255
0.05 0.85 -0.130457 0.0395392 0 0 255
0.075 0.85 -0.12937 0.0584571 0 0 255
0.1 0.85 -0.128998 0.0778514 0 0 255
0.125 0.85 -0.127862 0.0788399 0 0 255
0.15 0.85 -0.126006 0.0804697 0 0 255
0.175 0.85 -0.123473 0.082717 0 0 255
0.2 0.85 -0.120355 0.0855107 0 0 255
0.225 0.85 -0.116804 0.0887192 0 0 255
0.25 0.85 -0.113004 0.0921768 0 0 255
0.275 0.85 -0.109135 0.0957177 0 0 255
0.3 0.85 -0.105349 0.0992017 0 0 255
0.325 0.85 -0.101753 0.102526 0 0 255
0.35 0.85 -0.0984143 0.105623 0 0 255
0.375 0.85 -0.095367 0.10846 0 0 255
0.4 0.85 -0.0926192 0.111027 0 0 255
0.425 0.85 -0.0901626 0.113328 0 0 255
0.45 0.85 -0.0879787 0.115379 0 0 255
0.475 0.85 -0.0860442 0.1172 0 0 255
0.5 0.85 -0.0843338 0.118813 0 0 255
-0.5 0.825 -0.0957727 -0.119039 0 0 255
-0.475 0.825 -0.0971241 -0.11754 0 0 255
-0.45 0.825 -0.0986711 -0.115827 0 0 255
-0.425 0.825 -0.100442 -0.113868 0 0 255
-0.4 0.825 -0.102465 -0.111632 0 0 255
-0.375 0.825 -0.104768 -0.109089 0 0 255
-0.35 0.825 -0.107375 -0.106215 0 0 255
-0.325 0.825 -0.110295 -0.103 0 0 255
-0.3 0.825 -0.113519 -0.0994558 0 0 255
-0.275 0.825 -0.117004 -0.0956301 0 0 255
-0.25 0.825 -0.120663 -0.0916208 0 0 255
-0.225 0.825 -0.124353 -0.0875837 0 0 255
-0.2 0.825 -0.127885 -0.0837272 0 0 255
-0.175 0.825 -0.131042 -0.0802848 0 0 255
-0.15 0.825 -0.133633 -0.0774633 0 0 255
-0.125 0.825 -0.135536 -0.0753901 0 0 255
-0.1 0.825 -0.136704 -0.0741149 0 0 255
-0.075 0.825 -0.135961 -0.0550363 0 0 255
-0.05 0.825 -0.134863 -0.0361181 0 0 255
-0.025 0.825 -0.133761 -0.0172032 0 0 255
0 0.825 -0.132659 0.00171133 0 0 255
0.025 0.825 -0.131558 0.0206255 0 0 255
0.05 0.825 -0.130457 0.0395392 0 0 255
0.075 0.825 -0.12937 0.0584571 0 0 255
0.1 0.825 -0.128998 0.0778514 0 0 255
0.125 0.825 -0.127602 0.0790657 0 0 255
0.15 0.825 -0.12535 0.0810456 0 0 255
0.175 0.825 -0.122311 0.0837476 0 0 255
0.2 0.825 -0.118635 0.0870513 0 0 255
0.225 0.825 -0.114546 0.0907586 0 0 255
0.25 0.825 -0.110292 0.0946445 0 0 255
0.275 0.825 -0.106088 0.0985075 0 0 255
0.3 0.825 -0.102094 0.102197 0 0 255
0.325 0.825 -0.0984081 0.105617 0 0 255
0.35 0.825 -0.0950758 0.108721 0 0 255
0.375 0.825 -0.0921064 0.111496 0 0 255
0.4 0.825 -0.0894859 0.113953 0 0 255
0.425 0.825 -0.0871873 0.116115 0 0 255
0.45 0.825 -0.0851778 0.118009 0 0 255
0.475 0.825 -0.0834238 0.119666 0 0 255
0.5 0.825 -0.0818928 0.121116 0 0 255
-0.5 0.8 -0.0936884 -0.12135 0 0 255
-0.475 0.8 -0.0948618 -0.120046 0 0 255
-0.45 0.8 -0.0962219 -0.118537 0 0 255
-0.425 0.8 -0.0978013 -0.116786 0 0 255
-0.4 0.8 -0.0996368 -0.114753 0 0 255
-0.375 0.8 -0.101768 -0.112397 0 0 255
-0.35 0.8 -0.104235 -0.109672 0 0 255
-0.325 0.8 -0.107071 -0.106545 0 0 255
-0.3 0.8 -0.110296 -0.102994 0 0 255
-0.275 0.8 -0.113898 -0.0990348 0 0 255
-0.25 0.8 -0.117815 -0.0947363 0 0 255
-0.225 0.8 -0.121915 -0.0902462 0 0 255
-0.2 0.8 -0.125982 -0.0858019 0 0 255
-0.175 0.8 -0.129734 -0.0817095 0 0 255
-0.15 0.8 -0.132886 -0.0782766 0 0 255
-0.125 0.8 -0.135238 -0.0757164 0 0 255
-0.1 0.8 -0.136704 -0.0741149 0 0 255
-0.075 0.8 -0.135961 -0.0550363 0 0 255
-0.05 0.8 -0.134863 -0.0361181 0 0 255
-0.025 0.8 -0.133761 -0.0172032 0 0 255
0 0.8 -0.132659 0.00171133 0 0 255
0.025 0.8 -0.131558 0.0206255 0 0 255
0.05 0.8 -0.130457 0.0395392 0 0 255
0.075 0.8 -0.12937 0.0584571 0 0 255
0.1 0.8 -0.128998 0.0778514 0 0 255
0.125 0.8 -0.127245 0.0793763 0 0 255
0.15 0.8 -0.124466 0.0818224 0 0 255
0.175 0.8 -0.120777 0.085112 0 0 255
0.2 0.8 -0.11642 0.0890425 0 0 255
0.225 0.8 -0.111723 0.0933182 0 0 255
0.25 0.8 -0.107008 0.0976433 0 0 255
0.275 0.8 -0.102518 0.101788 0 0 255
0.3 0.8 -0.0984004 0.105609 0 0 255
0.325 0.8 -0.094722 0.109037 0 0 255
0.35 0.8 -0.0914928 0.112058 0 0 255
0.375 0.8 -0.0886886 0.114691 0 0 255
0.4 0.8 -0.0862689 0.11697 0 0 255
0.425 0.8 -0.0841874 0.118935 0 0 255
0.45 0.8 -0.082398 0.120629 0 0 255
0.475 0.8 -0.0808586 0.12209 0 0 255
0.5 0.8 -0.0795315 0.123352 0 0 255
-0.5 0.775 -0.0917155 -0.123541 0 0 255
-0.475 0.775 -0.0926959 -0.12245 0 0 255
-0.45 0.775 -0.0938457 -0.121171 0 0 255
-0.425 0.775 -0.0951997 -0.119666 0 0 255
-0.4 0.775 -0.0967991 -0.117891 0 0 255
-0.375 0.775 -0.0986926 -0.115793 0 0 255
-0.35 0.775 -0.100935 -0.113311 0 0 255
-0.325 0.775 -0.103584 -0.110384 0 0 255
-0.3 0.775 -0.106694 -0.106954 0 0 255
-0.275 0.775 -0.110296 -0.102986 0 0 255
-0.25 0.775 -0.114381 -0.0984977 0 0 255
-0.225 0.775 -0.118852 -0.0935943 0 0 255
-0.2 0.775 -0.123496 -0.0885137 0 0 255
-0.175 0.775 -0.127966 -0.0836341 0 0 255
-0.15 0.775 -0.13185 -0.0794043 0 0 255
-0.125 0.775 -0.134812 -0.0761817 0 0 255
-0.1 0.775 -0.136704 -0.0741149 0 0 255
-0.075 0.775 -0.135961 -0.0550363 0 0 255
-0.05 0.775 -0.134863 -0.0361181 0 0 255
-0.025 0.775 -0.133761 -0.0172032 0 0 255
0 0.775 -0.132659 0.00171133 0 0 255
0.025 0.775 -0.131558 0.0206255 0 0 255
0.05 0.775 -0.130457 0.0395392 0 0 255
0.075 0.775 -0.12937 0.0584571 0 0 255
0.1 0.775 -0.128998 0.0778514 0 0 255
0.125 0.775 -0.126736 0.0798194 0 0 255
0.15 0.775 -0.123242 0.0828998 0 0 255
0.175 0.775 -0.118709 0.0869562 0 0 255
0.2 0.775 -0.113532 0.091647 0 0 255
0.225 0.775 -0.108185 0.0965392 0 0 255
0.25 0.775 -0.103058 0.101267 0 0 255
0.275 0.775 -0.0983903 0.105598 0 0 255
0.3 0.775 -0.0942828 0.109429 0 0 255
0.325 0.775 -0.0907451 0.112743 0 0 255
0.35 0.775 -0.0877359 0.115573 0 0 255
0.375 0.775 -0.0851923 0.117974 0 0 255
0.4 0.775 -0.0830471 0.120004 0 0 255
0.425 0.775 -0.081237 0.121721 0 0 255
0.45 0.775 -0.0797062 0.123178 0 0 255
0.475 0.775 -0.0784071 0.124416 0 0 255
0.5 0.775 -0.0773002 0.125473 0 0 255
-0.5 0.75 -0.0898979 -0.125565 0 0 255
-0.475 0.75 -0.0906799 -0.124692 0 0 255
-0.45 0.75 -0.0916067 -0.123658 0 0 255
-0.425 0.75 -0.0927119 -0.122427 0 0 255
-0.4 0.75 -0.0940376 -0.120952 0 0 255
-0.375 0.75 -0.0956363 -0.119175 0 0 255
-0.35 0.75 -0.0975725 -0.117027 0 0 255
-0.325 0.75 -0.099923 -0.114423 0 0 255
-0.3 0.75 -0.102774 -0.111269 0 0 255
-0.275 0.75 -0.106212 -0.107475 0 0 255
-0.25 0.75 -0.110297 -0.102975 0 0 255
-0.225 0.75 -0.115019 -0.0977881 0 0 255
-0.2 0.75 -0.12022 -0.0920891 0 0 255
-0.175 0.75 -0.125527 -0.0862911 0 0 255
-0.15 0.75 -0.130365 -0.0810202 0 0 255
-0.125 0.75 -0.134175 -0.0768767 0 0 255
-0.1 0.75 -0.136704 -0.0741149 0 0 255
-0.075 0.75 -0.135961 -0.0550363 0 0 255
-0.05 0.75 -0.134863 -0.0361181 0 0 255
-0.025 0.75 -0.133761 -0.0172032 0 0 255
0 0.75 -0.132659 0.00171133 0 0 255
0.025 0.75 -0.131558 0.0206255 0 0 255
0.05 0.75 -0.130457 0.0395392 0 0 255
0.075 0.75 -0.12937 0.0584571 0 0 255
0.1 0.75 -0.128998 0.0778514 0 0 255
0.125 0.75 -0.125976 0.0804812 0 0 255
0.15 0.75 -0.12149 0.0844443 0 0 255
0.175 0.75 -0.115862 0.0895043 0 0 255
0.2 0.75 -0.109739 0.095084 0 0 255
0.225 0.75 -0.103772 0.100577 0 0 255
0.25 0.75 -0.0983766 0.105584 0 0 255
0.275 0.75 -0.0937222 0.109929 0 0 255
0.3 0.75 -0.0898144 0.113597 0 0 255
0.325 0.75 -0.0865793 0.116646 0 0 255
0.35 0.75 -0.0839163 0.119166 0 0 255
0.375 0.75 -0.0817256 0.121245 0 0 255
0.4 0.75 -0.0799186 0.122965 0 0 255
0.425 0.75 -0.0784216 0.124393 0 0 255
0.45 0.75 -0.0771745 0.125586 0 0 255
0.475 0.75 -0.0761294 0.126587 0 0 255
0.5 0.75 -0.0752482 0.127433 0 0 255
-0.5 0.725 -0.0882757 -0.127377 0 0 255
-0.475 0.725 -0.0888645 -0.126717 0 0 255
-0.45 0.725 -0.0895686 -0.125929 0 0 255
-0.425 0.725 -0.0904175 -0.12498 0 0 255
-0.4 0.725 -0.0914494 -0.123828 0 0 255
-0.375 0.725 -0.0927147 -0.122417 0 0 255
-0.35 0.725 -0.0942791 -0.120676 0 0 255
-0.325 0.725 -0.0962281 -0.118509 0 0 255
-0.3 0.725 -0.0986706 -0.115799 0 0 255
-0.275 0.725 -0.101739 -0.112402 0 0 255
-0.25 0.725 -0.105576 -0.108163 0 0 255
-0.225 0.725 -0.110299 -0.10296 0 0 255
-0.2 0.725 -0.115901 -0.0968076 0 0 255
-0.175 0.725 -0.12209 -0.0900346 0 0 255
-0.15 0.725 -0.128153 -0.083426 0 0 255
-0.125 0.725 -0.133165 -0.0779797 0 0 255
-0.1 0.725 -0.136704 -0.0741149 0 0 255
-0.075 0.725 -0.135961 -0.0550363 0 0 255
-0.05 0.725 -0.134863 -0.0361181 0 0 255
-0.025 0.725 -0.133761 -0.0172032 0 0 255
0 0.725 -0.132659 0.00171133 0 0 255
0.025 0.725 -0.131558 0.0206255 0 0 255
0.05 0.725 -0.130457 0.0395392 0 0 255
0.075 0.725 -0.12937 0.0584571 0 0 255
0.1 0.725 -0.128998 0.0778514 0 0 255
0.125 0.725 -0.124769 0.0815315 0 0 255
0.15 0.725 -0.118886 0.0867454 0 0 255
0.175 0.725 -0.111864 0.093098 0 0 255
0.2 0.725 -0.104756 0.0996248 0 0 255
0.225 0.725 -0.0983567 0.105563 0 0 255
0.25 0.725 -0.0929814 0.11059 0 0 255
0.275 0.725 -0.0886254 0.114688 0 0 255
0.3 0.725 -0.0851497 0.117975 0 0 255
0.325 0.725 -0.0823871 0.120598 0 0 255
0.35 0.725 -0.0801853 0.122695 0 0 255
0.375 0.725 -0.0784199 0.124382 0 0 255
0.4 0.725 -0.0769932 0.125749 0 0 255
0.425 0.725 -0.0758306 0.126865 0 0 255
0.45 0.725 -0.0748748 0.127785 0 0 255
0.475 0.725 -0.0740823 0.128548 0 0 255
0.5 0.725 -0.07342 0.129188 0 0 255
-0.5 0.7 -0.0868809 -0.128939 0 0 255
-0.475 0.7 -0.0872925 -0.128476 0 0 255
-0.45 0.7 -0.0877883 -0.127919 0 0 255
-0.425 0.7 -0.0883911 -0.127243 0 0 255
-0.4 0.7 -0.0891321 -0.126412 0 0 255
-0.375 0.7 -0.0900533 -0.125381 0 0 255
-0.35 0.7 -0.0912127 -0.124084 0 0 255
-0.325 0.7 -0.0926904 -0.122434 0 0 255
-0.3 0.7 -0.0945981 -0.120308 0 0 255
-0.275 0.7 -0.0970898 -0.117537 0 0 255
-0.25 0.7 -0.100372 -0.113896 0 0 255
-0.225 0.7 -0.104697 -0.109112 0 0 255
-0.2 0.7 -0.110301 -0.102935 0 0 255
-0.175 0.7 -0.11719 -0.095375 0 0 255
-0.15 0.7 -0.124713 -0.0871652 0 0 255
-0.125 0.7 -0.13142 -0.0798853 0 0 255
-0.1 0.7 -0.136704 -0.0741149 0 0 255
-0.075 0.7 -0.135961 -0.0550363 0 0 255
-0.05 0.7 -0.134863 -0.0361181 0 0 255
-0.025 0.7 -0.133761 -0.0172032 0 0 255
0 0.7 -0.132659 0.00171133 0 0 255
0.025 0.7 -0.131558 0.0206255 0 0 255
0.05 0.7 -0.130457 0.0395392 0 0 255
0.075 0.7 -0.12937 0.0584571 0 0 255
0.1 0.7 -0.128998 0.0778514 0 0 255
0.125 0.7 -0.122683 0.0833459 0 0 255
0.15 0.7 -0.114847 0.0903251 0 0 255
0.175 0.7 -0.10619 0.0982317 0 0 255
0.2 0.7 -0.0983252 0.10553 0 0 255
0.225 0.7 -0.0919574 0.111501 0 0 255
0.25 0.7 -0.0870581 0.116129 0 0 255
0.275 0.7 -0.0833482 0.119654 0 0 255
0.3 0.7 -0.0805361 0.122337 0 0 255
0.325 0.7 -0.0783856 0.124397 0 0 255
0.35 0.7 -0.0767213 0.125996 0 0 255
0.375 0.7 -0.0754166 0.127252 0 0 255
0.4 0.7 -0.0743804 0.128252 0 0 255
0.425 0.7 -0.0735475 0.129057 0 0 255
0.45 0.7 -0.07287 0.129713 0 0 255
0.475 0.7 -0.0723132 0.130253 0 0 255
0.5 0.7 -0.0718509 0.130702 0 0 255
-0.5 0.675 -0.0857346 -0.130228 0 0 255
-0.475 0.675 -0.0859942 -0.129935 0 0 255
-0.45 0.675 -0.0863084 -0.12958 0 0 255
-0.425 0.675 -0.0866931 -0.129146 0 0 255
-0.4 0.675 -0.0871697 -0.128609 0 0 255
-0.375 0.675 -0.0877687 -0.127935 0 0 255
-0.35 0.675 -0.088533 -0.127076 0 0 255
-0.325 0.675 -0.0895252 -0.125962 0 0 255
-0.3 0.675 -0.0908378 -0.12449 0 0 255
-0.275 0.675 -0.0926106 -0.122506 0 0 255
-0.25 0.675 -0.0950572 -0.119775 0 0 255
-0.225 0.675 -0.0985022 -0.11594 0 0 255
-0.2 0.675 -0.103412 -0.110495 0 0 255
-0.175 0.675 -0.110305 -0.102889 0 0 255
-0.15 0.675 -0.119149 -0.0932049 0 0 255
-0.125 0.675 -0.127981 -0.0836394 0 0 255
-0.1 0.675 -0.136704 -0.0741149 255 0 0
-0.075 0.675 -0.135961 -0.0550363 255 0 0
-0.05 0.675 -0.134863 -0.0361181 255 0 0
-0.025 0.675 -0.133761 -0.0172032 255 0 0
0 0.675 -0.132659 0.00171133 255 0 0
0.025 0.675 -0.131558 0.0206255 255 0 0
0.05 0.675 -0.130457 0.0395392 255 0 0
0.075 0.675 -0.12937 0.0584571 255 0 0
0.1 0.675 -0.128998 0.0778514 255 0 0
0.125 0.675 -0.118575 0.0869206 0 0 255
0.15 0.675 -0.108346 0.0961152 0 0 255
0.175 0.675 -0.0982668 0.105468 0 0 255
0.2 0.675 -0.0904604 0.112828 0 0 255
0.225 0.675 -0.0849188 0.118101 0 0 255
0.25 0.675 -0.0810378 0.121816 0 0 255
0.275 0.675 -0.0782851 0.124464 0 0 255
0.3 0.675 -0.0762922 0.126387 0 0 255
0.325 0.675 -0.0748175 0.127814 0 0 255
0.35 0.675 -0.0737034 0.128895 0 0 255
0.375 0.675 -0.0728455 0.129728 0 0 255
0.4 0.675 -0.0721733 0.130382 0 0 255
0.425 0.675 -0.0716386 0.130903 0 0 255
0.45 0.675 -0.0712072 0.131324 0 0 255
0.475 0.675 -0.0708548 0.131668 0 0 255
0.5 0.675 -0.0705637 0.131952 0 0 255
-0.5 0.65 -0.0848461 -0.131231 0 0 255
-0.475 0.65 -0.0849849 -0.131074 0 0 255
-0.45 0.65 -0.0851535 -0.130882 0 0 255
-0.425 0.65 -0.0853609 -0.130647 0 0 255
-0.4 0.65 -0.0856195 -0.130354 0 0 255
-0.375 0.65 -0.0859471 -0.129983 0 0 255
-0.35 0.65 -0.0863695 -0.129505 0 0 255
-0.325 0.65 -0.0869257 -0.128876 0 0 255
-0.3 0.65 -0.0876757 -0.128029 0 0 255
-0.275 0.65 -0.0887158 -0.126855 0 0 255
-0.25 0.65 -0.0902065 -0.125175 0 0 255
-0.225 0.65 -0.092427 -0.122678 0 0 255
-0.2 0.65 -0.0958799 -0.118805 0 0 255
-0.175 0.65 -0.101462 -0.112573 0 0 255
-0.15 0.65 -0.110316 -0.102771 0 0 255
-0.125 0.65 -0.119258 -0.0931638 255 0 0
-0.1 0.65 -0.118093 -0.0742254 255 0 0
-0.075 0.65 -0.116988 -0.0553103 255 0 0
-0.05 0.65 -0.115885 -0.0363955 255 0 0
-0.025 0.65 -0.114783 -0.017481 255 0 0
0 0.65 -0.11368 0.00143326 255 0 0
0.025 0.65 -0.112578 0.0203472 255 0 0
0.05 0.65 -0.111476 0.0392611 255 0 0
0.075 0.65 -0.110374 0.0581748 255 0 0
0.1 0.65 -0.109269 0.0770876 255 0 0
0.125 0.65 -0.108153 0.0959897 255 0 0
0.15 0.65 -0.098116 0.10531 0 0 255
0.175 0.65 -0.088188 0.114821 0 0 255
0.2 0.65 -0.0819312 0.120868 0 0 255
0.225 0.65 -0.0780615 0.124626 0 0 255
0.25 0.65 -0.0755732 0.127049 0 0 255
0.275 0.65 -0.0739028 0.128679 0 0 255
0.3 0.65 -0.0727374 0.129818 0 0 255
0.325 0.65 -0.0718971 0.13064 0 0 255
0.35 0.65 -0.071274 0.13125 0 0 255
0.375 0.65 -0.0708007 0.131714 0 0 255
0.4 0.65 -0.0704338 0.132075 0 0 255
0.425 0.65 -0.0701441 0.132359 0 0 255
0.45 0.65 -0.0699117 0.132587 0 0 255
0.475 0.65 -0.0697228 0.132773 0 0 255
0.5 0.65 -0.0695674 0.132925 0 0 255
-0.5 0.625 -0.084215 -0.131947 0 0 255
-0.475 0.625 -0.084267 -0.131888 0 0 255
-0.45 0.625 -0.0843303 -0.131816 0 0 255
-0.425 0.625 -0.0844086 -0.131727 0 0 255
-0.4 0.625 -0.0845069 -0.131615 0 0 255
-0.375 0.625 -0.0846322 -0.131472 0 0 255
-0.35 0.625 -0.0847957 -0.131285 0 0 255
-0.325 0.625 -0.085014 -0.131036 0 0 255
-0.3 0.625 -0.0853143 -0.130694 0 0 255
-0.275 0.625 -0.0857426 -0.130205 0 0 255
-0.25 0.625 -0.0863823 -0.129476 0 0 255
-0.225 0.625 -0.0873977 -0.128318 0 0 255
-0.2 0.625 -0.0891517 -0.126317 0 0 255
-0.175 0.625 -0.0926073 -0.122376 0 0 255
-0.15 0.625 -0.101374 -0.112377 255 0 0
-0.125 0.625 -0.100219 -0.093419 255 0 0
-0.1 0.625 -0.0991139 -0.0745034 255 0 0
-0.075 0.625 -0.09801 -0.0555883 255 0 0
-0.05 0.625 -0.0969067 -0.0366735 255 0 0
-0.025 0.625 -0.095804 -0.0177592 255 0 0
0 0.625 -0.0947016 0.00115487 255 0 0
0.025 0.625 -0.0935993 0.0200687 255 0 0
0.05 0.625 -0.0924969 0.0389822 255 0 0
0.075 0.625 -0.0913942 0.0578956 255 0 0
0.1 0.625 -0.0902908 0.0768087 255 0 0
0.125 0.625 -0.089187 0.0957214 255 0 0
0.15 0.625 -0.0880795 0.11463 255 0 0
0.175 0.625 -0.07826 0.124333 0 0 255
0.2 0.625 -0.0743896 0.128157 0 0 255
0.225 0.625 -0.072425 0.130098 0 0 255
0.25 0.625 -0.0712878 0.131222 0 0 255
0.275 0.625 -0.0705713 0.13193 0 0 255
0.3 0.625 -0.0700916 0.132404 0 0 255
0.325 0.625 -0.0697552 0.132736 0 0 255
0.35 0.625 -0.0695107 0.132978 0 0 255
0.375 0.625 -0.0693277 0.133159 0 0 255
0.4 0.625 -0.0691872 0.133297 0 0 255
0.425 0.625 -0.0690772 0.133406 0 0 255
0.45 0.625 -0.0689895 0.133493 0 0 255
0.475 0.625 -0.0689185 0.133563 0 0 255
0.5 0.625 -0.0688603 0.13362 0 0 255
-0.5 0.6 -0.0838402 -0.132375 0 0 255
-0.475 0.6 -0.0838402 -0.132375 0 0 255
-0.45 0.6 -0.0838402 -0.132375 0 0 255
-0.425 0.6 -0.0838402 -0.132375 0 0 255
-0.4 0.6 -0.0838402 -0.132375 0 0 255
-0.375 0.6 -0.0838402 -0.132375 0 0 255
-0.35 0.6 -0.0838402 -0.132375 0 0 255
-0.325 0.6 -0.0838402 -0.132375 0 0 255
-0.3 0.6 -0.0838402 -0.132375 0 0 255
-0.275 0.6 -0.0838402 -0.132375 0 0 255
-0.25 0.6 -0.0838402 -0.132375 0 0 255
-0.225 0.6 -0.0838402 -0.132375 0 0 255
-0.2 0.6 -0.0838402 -0.132375 0 0 255
-0.175 0.6 -0.0838402 -0.132375 255 0 0
-0.15 0.6 -0.0823433 -0.112613 255 0 0
-0.125 0.6 -0.0812388 -0.0936967 255 0 0
-0.1 0.6 -0.0801349 -0.0747813 255 0 0
-0.075 0.6 -0.0790313 -0.0558664 255 0 0
-0.05 0.6 -0.0779282 -0.0369518 255 0 0
-0.025 0.6 -0.0768254 -0.0180376 255 0 0
0 0.6 -0.075723 0.000876227 255 0 0
0.025 0.6 -0.0746205 0.0197898 255 0 0
0.05 0.6 -0.073518 0.0387032 255 0 0
0.075 0.6 -0.0724153 0.0576165 255 0 0
0.1 0.6 -0.0713122 0.0765296 255 0 0
0.125 0.6 -0.0702089 0.0954429 255 0 0
0.15 0.6 -0.0691053 0.114356 255 0 0
0.175 0.6 -0.0684405 0.134035 255 0 0
0.2 0.6 -0.0684405 0.134035 0 0 255
0.225 0.6 -0.0684405 0.134035 0 0 255
0.25 0.6 -0.0684405 0.134035 0 0 255
0.275 0.6 -0.0684405 0.134035 0 0 255
0.3 0.6 -0.0684405 0.134035 0 0 255
0.325 0.6 -0.0684405 0.134035 0 0 255
0.35 0.6 -0.0684405 0.134035 0 0 255
0.375 0.6 -0.0684405 0.134035 0 0 255
0.4 0.6 -0.0684405 0.134035 0 0 255
0.425 0.6 -0.0684405 0.134035 0 0 255
0.45 0.6 -0.0684405 0.134035 0 0 255
0.475 0.6 -0.0684405 0.134035 0 0 255
0.5 0.6 -0.0684405 0.134035 0 0 255
-0.5 0.575 -0.0644661 -0.131812 0 0 255
-0.475 0.575 -0.0644661 -0.131812 0 0 255
-0.45 0.575 -0.0644661 -0.131812 0 0 255
-0.425 0.575 -0.0644661 -0.131812 0 0 255
-0.4 0.575 -0.0644661 -0.131812 0 0 255
-0.375 0.575 -0.0644661 -0.131812 0 0 255
-0.35 0.575 -0.0644661 -0.131812 0 0 255
-0.325 0.575 -0.0644661 -0.131812 0 0 255
-0.3 0.575 -0.0644661 -0.131812 0 0 255
-0.275 0.575 -0.0644661 -0.131812 0 0 255
-0.25 0.575 -0.0644661 -0.131812 0 0 255
-0.225 0.575 -0.0644661 -0.131812 0 0 255
-0.2 0.575 -0.0644661 -0.131812 0 0 255
-0.175 0.575 -0.0644661 -0.131812 255 0 0
-0.15 0.575 -0.0633631 -0.11289 255 0 0
-0.125 0.575 -0.0622595 -0.0939744 255 0 0
-0.1 0.575 -0.0611559 -0.0750593 255 0 0
-0.075 0.575 -0.0600526 -0.0561447 255 0 0
-0.05 0.575 -0.0589497 -0.0372304 255 0 0
-0.025 0.575 -0.057847 -0.0183164 255 0 0
0 0.575 -0.0567445 0.000597257 255 0 0
0.025 0.575 -0.0556421 0.0195107 255 0 0
0.05 0.575 -0.0545395 0.0384239 255 0 0
0.075 0.575 -0.0534367 0.0573371 255 0 0
0.1 0.575 -0.0523336 0.0762503 255 0 0
0.125 0.575 -0.0512304 0.0951637 255 0 0
0.15 0.575 -0.0501271 0.114078 255 0 0
0.175 0.575 -0.0490262 0.133007 255 0 0
0.2 0.575 -0.0490262 0.133007 0 0 255
0.225 0.575 -0.0490262 0.133007 0 0 255
0.25 0.575 -0.0490262 0.133007 0 0 255
0.275 0.575 -0.0490262 0.133007 0 0 255
0.3 0.575 -0.0490262 0.133007 0 0 255
0.325 0.575 -0.0490262 0.133007 0 0 255
0.35 0.575 -0.0490262 0.133007 0 0 255
0.375 0.575 -0.0490262 0.133007 0 0 255
0.4 0.575 -0.0490262 0.133007 0 0 255
0.425 0.575 -0.0490262 0.133007 0 0 255
0.45 0.575 -0.0490262 0.133007 0 0 255
0.475 0.575 -0.0490262 0.133007 0 0 255
0.5 0.575 -0.0490262 0.133007 0 0 255
-0.5 0.55 -0.0454871 -0.132082 0 0 255
-0.475 0.55 -0.0454871 -0.132082 0 0 255
-0.45 0.55 -0.0454871 -0.132082 0 0 255
-0.425 0.55 -0.0454871 -0.132082 0 0 255
-0.4 0.55 -0.0454871 -0.132082 0 0 255
-0.375 0.55 -0.0454871 -0.132082 0 0 255
-0.35 0.55 -0.0454871 -0.132082 0 0 255
-0.325 0.55 -0.0454871 -0.132082 0 0 255
-0.3 0.55 -0.0454871 -0.132082 0 0 255
-0.275 0.55 -0.0454871 -0.132082 0 0 255
-0.25 0.55 -0.0454871 -0.132082 0 0 255
-0.225 0.55 -0.0454871 -0.132082 0 0 255
-0.2 0.55 -0.0454871 -0.132082 0 0 255
-0.175 0.55 -0.0454871 -0.132082 255 0 0
-0.15 0.55 -0.0443838 -0.113167 255 0 0
-0.125 0.55 -0.0432804 -0.0942523 255 0 0
-0.1 0.55 -0.0421772 -0.0753376 255 0 0
-0.075 0.55 -0.0410742 -0.0564233 255 0 0
-0.05 0.55 -0.0399714 -0.0375092 255 0 0
-0.025 0.55 -0.0388688 -0.0185955 255 0 0
0 0.55 -0.0377663 0.00031795 255 0 0
0.025 0.55 -0.0366638 0.0192312 255 0 0
0.05 0.55 -0.0355612 0.0381443 255 0 0
0.075 0.55 -0.0344583 0.0570574 255 0 0
0.1 0.55 -0.0333552 0.0759706 255 0 0
0.125 0.55 -0.0322518 0.0948839 255 0 0
0.15 0.55 -0.0311482 0.113798 255 0 0
0.175 0.55 -0.0300439 0.132712 255 0 0
0.2 0.55 -0.0300439 0.132712 0 0 255
0.225 0.55 -0.0300439 0.132712 0 0 255
0.25 0.55 -0.0300439 0.132712 0 0 255
0.275 0.55 -0.0300439 0.132712 0 0 255
0.3 0.55 -0.0300439 0.132712 0 0 255
0.325 0.55 -0.0300439 0.132712 0 0 255
0.35 0.55 -0.0300439 0.132712 0 0 255
0.375 0.55 -0.0300439 0.132712 0 0 255
0.4 0.55 -0.0300439 0.132712 0 0 255
0.425 0.55 -0.0300439 0.132712 0 0 255
0.45 0.55 -0.0300439 0.132712 0 0 255
0.475 0.55 -0.0300439 0.132712 0 0 255
0.5 0.55 -0.0300439 0.132712 0 0 255
-0.5 0.525 -0.0265081 -0.132359 0 0 255
-0.475 0.525 -0.0265081 -0.132359 0 0 255
-0.45 0.525 -0.0265081 -0.132359 0 0 255
-0.425 0.525 -0.0265081 -0.132359 0 0 255
-0.4 0.525 -0.0265081 -0.132359 0 0 255
-0.375 0.525 -0.0265081 -0.132359 0 0 255
-0.35 0.525 -0.0265081 -0.132359 0 0 255
-0.325 0.525 -0.0265081 -0.132359 0 0 255
-0.3 0.525 -0.0265081 -0.132359 0 0 255
-0.275 0.525 -0.0265081 -0.132359 0 0 255
-0.25 0.525 -0.0265081 -0.132359 0 0 255
-0.225 0.525 -0.0265081 -0.132359 0 0 255
-0.2 0.525 -0.0265081 -0.132359 0 0 255
-0.175 0.525 -0.0265081 -0.132359 255 0 0
-0.15 0.525 -0.0254049 -0.113445 255 0 0
-0.125 0.525 -0.0243018 -0.0945305 255 0 0
-0.1 0.525 -0.0231987 -0.0756162 255 0 0
-0.075 0.525 -0.0220959 -0.0567022 255 0 0
-0.05 0.525 -0.0209932 -0.0377884 255 0 0
-0.025 0.525 -0.0198907 -0.0188749 255 0 0
0 0.525 -0.0187883 3.83389e-05 255 0 0
0.025 0.525 -0.0176857 0.0189515 255 0 0
0.05 0.525 -0.016583 0.0378645 255 0 0
0.075 0.525 -0.01548 0.0567775 255 0 0
0.1 0.525 -0.0143767 0.0756906 255 0 0
0.125 0.525 -0.0132731 0.0946038 255 0 0
0.15 0.525 -0.0121692 0.113517 255 0 0
0.175 0.525 -0.0110649 0.132431 255 0 0
0.2 0.525 -0.0110649 0.132431 0 0 255
0.225 0.525 -0.0110649 0.132431 0 0 255
0.25 0.525 -0.0110649 0.132431 0 0 255
0.275 0.525 -0.0110649 0.132431 0 0 255
0.3 0.525 -0.0110649 0.132431 0 0 255
0.325 0.525 -0.0110649 0.132431 0 0 255
0.35 0.525 -0.0110649 0.132431 0 0 255
0.375 0.525 -0.0110649 0.132431 0 0 255
0.4 0.525 -0.0110649 0.132431 0 0 255
0.425 0.525 -0.0110649 0.132431 0 0 255
0.45 0.525 -0.0110649 0.132431 0 0 255
0.475 0.525 -0.0110649 0.132431 0 0 255
0.5 0.525 -0.0110649 0.132431 0 0 255
-0.5 0.5 -0.0075294 -0.132637 0 0 255
-0.475 0.5 -0.0075294 -0.132637 0 0 255
-0.45 0.5 -0.0075294 -0.132637 0 0 255
-0.425 0.5 -0.0075294 -0.132637 0 0 255
-0.4 0.5 -0.0075294 -0.132637 0 0 255
-0.375 0.5 -0.0075294 -0.132637 0 0 255
-0.35 0.5 -0.0075294 -0.132637 0 0 255
-0.325 0.5 -0.0075294 -0.132637 0 0 255
-0.3 0.5 -0.0075294 -0.132637 0 0 255
-0.275 0.5 -0.0075294 -0.132637 0 0 255
-0.25 0.5 -0.0075294 -0.132637 0 0 255
-0.225 0.5 -0.0075294 -0.132637 0 0 255
-0.2 0.5 -0.0075294 -0.132637 0 0 255
-0.175 0.5 -0.0075294 -0.132637 255 0 0
-0.15 0.5 -0.00642637 -0.113723 255 0 0
-0.125 0.5 -0.00532341 -0.0948092 255 0 0
-0.1 0.5 -0.00422055 -0.0758952 255 0 0
-0.075 0.5 -0.00311784 -0.0569815 255 0 0
-0.05 0.5 -0.00201527 -0.0380679 255 0 0
-0.025 0.5 -0.000912773 -0.0191546 255 0 0
0 0.5 0.000189747 -0.000241502 255 0 0
0.025 0.5 0.0012924 0.0186715 255 0 0
0.05 0.5 0.00239527 0.0375845 255 0 0
0.075 0.5 0.00349844 0.0564975 255 0 0
0.1 0.5 0.00460195 0.0754105 255 0 0
0.125 0.5 0.00570577 0.0943236 255 0 0
0.15 0.5 0.00680985 0.113237 255 0 0
0.175 0.5 0.00791428 0.13215 255 0 0
0.2 0.5 0.00791428 0.13215 0 0 255
0.225 0.5 0.00791428 0.13215 0 0 255
0.25 0.5 0.00791428 0.13215 0 0 255
0.275 0.5 0.00791428 0.13215 0 0 255
0.3 0.5 0.00791428 0.13215 0 0 255
0.325 0.5 0.00791428 0.13215 0 0 255
0.35 0.5 0.00791428 0.13215 0 0 255
0.375 0.5 0.00791428 0.13215 0 0 255
0.4 0.5 0.00791428 0.13215 0 0 255
0.425 0.5 0.00791428 0.13215 0 0 255
0.45 0.5 0.00791428 0.13215 0 0 255
0.475 0.5 0.00791428 0.13215 0 0 255
0.5 0.5 0.00791428 0.13215 0 0 255
-0.5 0.475 0.0114489 -0.132916 0 0 255
-0.475 0.475 0.0114489 -0.132916 0 0 255
-0.45 0.475 0.0114489 -0.132916 0 0 255
-0.425 0.475 0.0114489 -0.132916 0 0 255
-0.4 0.475 0.0114489 -0.132916 0 0 255
-0.375 0.475 0.0114489 -0.132916 0 0 255
-0.35 0.475 0.0114489 -0.132916 0 0 255
-0.325 0.475 0.0114489 -0.132916 0 0 255
-0.3 0.475 0.0114489 -0.132916 0 0 255
-0.275 0.475 0.0114489 -0.132916 0 0 255
-0.25 0.475 0.0114489 -0.132916 0 0 255
-0.225 0.475 0.0114489 -0.132916 0 0 255
-0.2 0.475 0.0114489 -0.132916 0 0 255
-0.175 0.475 0.0114489 -0.132916 255 0 0
-0.15 0.475 0.0125518 -0.114002 255 0 0
-0.125 0.475 0.0136547 -0.0950883 255 0 0
-0.1 0.475 0.0147575 -0.0761745 255 0 0
-0.075 0.475 0.0158601 -0.057261 255 0 0
-0.05 0.475 0.0169626 -0.0383477 255 0 0
-0.025 0.475 0.0180652 -0.0194345 255 0 0
0 0.475 0.0191678 -0.000521472 255 0 0
0.025 0.475 0.0202706 0.0183915 255 0 0
0.05 0.475 0.0213736 0.0373044 255 0 0
0.075 0.475 0.022477 0.0562174 255 0 0
0.1 0.475 0.0235808 0.0751304 255 0 0
0.125 0.475 0.0246848 0.0940434 255 0 0
0.15 0.475 0.0257891 0.112956 255 0 0
0.175 0.475 0.0268937 0.131869 255 0 0
0.2 0.475 0.0268937 0.131869 0 0 255
0.225 0.475 0.0268937 0.131869 0 0 255
0.25 0.475 0.0268937 0.131869 0 0 255
0.275 0.475 0.0268937 0.131869 0 0 255
0.3 0.475 0.0268937 0.131869 0 0 255
0.325 0.475 0.0268937 0.131869 0 0 255
0.35 0.475 0.0268937 0.131869 0 0 255
0.375 0.475 0.0268937 0.131869 0 0 255
0.4 0.475 0.0268937 0.131869 0 0 255
0.425 0.475 0.0268937 0.131869 0 0 255
0.45 0.475 0.0268937 0.131869 0 0 255
0.475 0.475 0.0268937 0.131869 0 0 255
0.5 0.475 0.0268937 0.131869 0 0 255
-0.5 0.45 0.0304269 -0.133195 0 0 255
-0.475 0.45 0.0304269 -0.133195 0 0 255
-0.45 0.45 0.0304269 -0.133195 0 0 255
-0.425 0.45 0.0304269 -0.133195 0 0 255
-0.4 0.45 0.0304269 -0.133195 0 0 255
-0.375 0.45 0.0304269 -0.133195 0 0 255
-0.35 0.45 0.0304269 -0.133195 0 0 255
-0.325 0.45 0.0304269 -0.133195 0 0 255
-0.3 0.45 0.0304269 -0.133195 0 0 255
-0.275 0.45 0.0304269 -0.133195 0 0 255
-0.25 0.45 0.0304269 -0.133195 0 0 255
-0.225 0.45 0.0304269 -0.133195 0 0 255
-0.2 0.45 0.0304269 -0.133195 0 0 255
-0.175 0.45 0.0304269 -0.133195 255 0 0
-0.15 0.45 0.0315299 -0.114281 255 0 0
-0.125 0.45 0.0326327 -0.0953676 255 0 0
-0.1 0.45 0.0337354 -0.076454 255 0 0
-0.075 0.45 0.034838 -0.0575407 255 0 0
-0.05 0.45 0.0359406 -0.0386275 255 0 0
-0.025 0.45 0.0370432 -0.0197144 255 0 0
0 0.45 0.0381459 -0.00080146 255 0 0
0.025 0.45 0.0392489 0.0181115 255 0 0
0.05 0.45 0.0403522 0.0370245 255 0 0
0.075 0.45 0.0414559 0.0559375 255 0 0
0.1 0.45 0.0425599 0.0748505 255 0 0
0.125 0.45 0.0436641 0.0937635 255 0 0
0.15 0.45 0.0447686 0.112676 255 0 0
0.175 0.45 0.0458737 0.131588 255 0 0
0.2 0.45 0.0458737 0.131588 0 0 255
0.225 0.45 0.0458737 0.131588 0 0 255
0.25 0.45 0.0458737 0.131588 0 0 255
0.275 0.45 0.0458737 0.131588 0 0 255
0.3 0.45 0.0458737 0.131588 0 0 255
0.325 0.45 0.0458737 0.131588 0 0 255
0.35 0.45 0.0458737 0.131588 0 0 255
0.375 0.45 0.0458737 0.131588 0 0 255
0.4 0.45 0.0458737 0.131588 0 0 255
0.425 0.45 0.0458737 0.131588 0 0 255
0.45 0.45 0.0458737 0.131588 0 0 255
0.475 0.45 0.0458737 0.131588 0 0 255
0.5 0.45 0.0458737 0.131588 0 0 255
-0.5 0.425 0.0494041 -0.133475 0 0 255
-0.475 0.425 0.0494041 -0.133475 0 0 255
-0.45 0.425 0.0494041 -0.133475 0 0 255
-0.425 0.425 0.0494041 -0.133475 0 0 255
-0.4 0.425 0.0494041 -0.133475 0 0 255
-0.375 0.425 0.0494041 -0.133475 0 0 255
-0.35 0.425 0.0494041 -0.133475 0 0 255
-0.325 0.425 0.0494041 -0.133475 0 0 255
-0.3 0.425 0.0494041 -0.133475 0 0 255
-0.275 0.425 0.0494041 -0.133475 0 0 255
-0.25 0.425 0.0494041 -0.133475 0 0 255
-0.225 0.425 0.0494041 -0.133475 0 0 255
-0.2 0.425 0.0494041 -0.133475 0 0 255
-0.175 0.425 0.0494041 -0.133475 255 0 0
-0.15 0.425 0.0505078 -0.114561 255 0 0
-0.125 0.425 0.0516106 -0.0956471 255 0 0
-0.1 0.425 0.0527133 -0.0767337 255 0 0
-0.075 0.425 0.0538159 -0.0578204 255 0 0
-0.05 0.425 0.0549186 -0.0389074 255 0 0
-0.025 0.425 0.0560213 -0.0199943 255 0 0
0 0.425 0.0571243 -0.00108137 255 0 0
0.025 0.425 0.0582275 0.0178316 255 0 0
0.05 0.425 0.0593311 0.0367447 255 0 0
0.075 0.425 0.0604351 0.0556579 255 0 0
0.1 0.425 0.0615394 0.0745711 255 0 0
0.125 0.425 0.0626438 0.0934841 255 0 0
0.15 0.425 0.0637484 0.112397 255 0 0
0.175 0.425 0.0648571 0.131302 255 0 0
0.2 0.425 0.0648571 0.131302 0 0 255
0.225 0.425 0.0648571 0.131302 0 0 255
0.25 0.425 0.0648571 0.131302 0 0 255
0.275 0.425 0.0648571 0.131302 0 0 255
0.3 0.425 0.0648571 0.131302 0 0 255
0.325 0.425 0.0648571 0.131302 0 0 255
0.35 0.425 0.0648571 0.131302 0 0 255
0.375 0.425 0.0648571 0.131302 0 0 255
0.4 0.425 0.0648571 0.131302 0 0 255
0.425 0.425 0.0648571 0.131302 0 0 255
0.45 0.425 0.0648571 0.131302 0 0 255
0.475 0.425 0.0648571 0.131302 0 0 255
0.5 0.425 0.0648571 0.131302 0 0 255
-0.5 0.4 0.0683409 -0.133759 0 0 255
-0.475 0.4 0.0683409 -0.133759 0 0 255
-0.45 0.4 0.0683409 -0.133759 0 0 255
-0.425 0.4 0.0683409 -0.133759 0 0 255
-0.4 0.4 0.0683409 -0.133759 0 0 255
-0.375 0.4 0.0683409 -0.133759 0 0 255
-0.35 0.4 0.0683409 -0.133759 0 0 255
-0.325 0.4 0.0683409 -0.133759 0 0 255
-0.3 0.4 0.0683409 -0.133759 0 0 255
-0.275 0.4 0.0683409 -0.133759 0 0 255
-0.25 0.4 0.0683409 -0.133759 0 0 255
-0.225 0.4 0.0683409 -0.133759 0 0 255
-0.2 0.4 0.0683409 -0.133759 0 0 255
-0.175 0.4 0.0683409 -0.133759 255 0 0
-0.15 0.4 0.0694858 -0.11484 255 0 0
-0.125 0.4 0.0705886 -0.0959266 255 0 0
-0.1 0.4 0.0716913 -0.0770133 255 0 0
-0.075 0.4 0.072794 -0.0581002 255 0 0
-0.05 0.4 0.0738968 -0.0391871 255 0 0
-0.025 0.4 0.0749997 -0.0202741 255 0 0
0 0.4 0.0761029 -0.00136113 255 0 0
0.025 0.4 0.0772064 0.017552 255 0 0
0.05 0.4 0.0783103 0.0364652 255 0 0
0.075 0.4 0.0794147 0.0553786 255 0 0
0.1 0.4 0.0805193 0.074292 255 0 0
0.125 0.4 0.081624 0.0932054 255 0 0
0.15 0.4 0.0827285 0.112119 255 0 0
0.175 0.4 0.0839897 0.130622 255 0 0
0.2 0.4 0.0839897 0.130622 0 0 255
0.225 0.4 0.0839897 0.130622 0 0 255
0.25 0.4 0.0839897 0.130622 0 0 255
0.275 0.4 0.0839897 0.130622 0 0 255
0.3 0.4 0.0839897 0.130622 0 0 255
0.325 0.4 0.0839897 0.130622 0 0 255
0.35 0.4 0.0839897 0.130622 0 0 255
0.375 0.4 0.0839897 0.130622 0 0 255
0.4 0.4 0.0839897 0.130622 0 0 255
0.425 0.4 0.0839897 0.130622 0 0 255
0.45 0.4 0.0839897 0.130622 0 0 255
0.475 0.4 0.0839897 0.130622 0 0 255
0.5 0.4 0.0839897 0.130622 0 0 255
-0.5 0.375 0.068771 -0.133361 0 0 255
-0.475 0.375 0.0688307 -0.133305 0 0 255
-0.45 0.375 0.0689034 -0.133238 0 0 255
-0.425 0.375 0.0689933 -0.133155 0 0 255
-0.4 0.375 0.069106 -0.13305 0 0 255
-0.375 0.375 0.0692499 -0.132917 0 0 255
-0.35 0.375 0.0694375 -0.132743 0 0 255
-0.325 0.375 0.069688 -0.132511 0 0 255
-0.3 0.375 0.0700326 -0.132192 0 0 255
-0.275 0.375 0.0705242 -0.131737 0 0 255
-0.25 0.375 0.0712584 -0.131057 0 0 255
-0.225 0.375 0.0724236 -0.129978 0 0 255
-0.2 0.375 0.0744367 -0.128113 0 0 255
-0.175 0.375 0.0784025 -0.12444 0 0 255
-0.15 0.375 0.0884642 -0.115122 255 0 0
-0.125 0.375 0.0895667 -0.0962061 255 0 0
-0.1 0.375 0.0906695 -0.0772929 255 0 0
-0.075 0.375 0.0917723 -0.0583798 255 0 0
-0.05 0.375 0.0928752 -0.0394668 255 0 0
-0.025 0.375 0.0939783 -0.0205538 255 0 0
0 0.375 0.0950817 -0.00164072 255 0 0
0.025 0.375 0.0961855 0.0172725 255 0 0
0.05 0.375 0.0972899 0.0361859 255 0 0
0.075 0.375 0.0983947 0.0550995 255 0 0
0.1 0.375 0.0994997 0.0740133 255 0 0
0.125 0.375 0.100605 0.0929275 255 0 0
0.15 0.375 0.10174 0.111906 255 0 0
0.175 0.375 0.0928648 0.121264 0 0 255
0.2 0.375 0.0893667 0.124953 0 0 255
0.225 0.375 0.087591 0.126825 0 0 255
0.25 0.375 0.0865632 0.127909 0 0 255
0.275 0.375 0.0859156 0.128592 0 0 255
0.3 0.375 0.085482 0.129049 0 0 255
0.325 0.375 0.085178 0.129369 0 0 255
0.35 0.375 0.084957 0.129602 0 0 255
0.375 0.375 0.0847916 0.129777 0 0 255
0.4 0.375 0.0846646 0.129911 0 0 255
0.425 0.375 0.0845652 0.130015 0 0 255
0.45 0.375 0.0844859 0.130099 0 0 255
0.475 0.375 0.0844218 0.130167 0 0 255
0.5 0.375 0.0843692 0.130222 0 0 255
-0.5 0.35 0.069494 -0.132691 0 0 255
-0.475 0.35 0.069653 -0.132544 0 0 255
-0.45 0.35 0.0698461 -0.132365 0 0 255
-0.425 0.35 0.0700836 -0.132145 0 0 255
-0.4 0.35 0.0703797 -0.13187 0 0 255
-0.375 0.35 0.0707547 -0.131523 0 0 255
-0.35 0.35 0.0712381 -0.131075 0 0 255
-0.325 0.35 0.0718744 -0.130486 0 0 255
-0.3 0.35 0.0727322 -0.129691 0 0 255
-0.275 0.35 0.0739213 -0.128589 0 0 255
-0.25 0.35 0.0756245 -0.127011 0 0 255
-0.225 0.35 0.0781596 -0.124662 0 0 255
-0.2 0.35 0.0820978 -0.121012 0 0 255
-0.175 0.35 0.0884537 -0.115121 0 0 255
-0.15 0.35 0.0985048 -0.105802 0 0 255
-0.125 0.35 0.108545 -0.0964818 255 0 0
-0.1 0.35 0.109648 -0.0775724 255 0 0
-0.075 0.35 0.110751 -0.0586594 255 0 0
-0.05 0.35 0.111854 -0.0397464 255 0 0
-0.025 0.35 0.112957 -0.0208334 255 0 0
0 0.35 0.114061 -0.0019202 255 0 0
0.025 0.35 0.115165 0.0169931 255 0 0
0.05 0.35 0.11627 0.0359067 255 0 0
0.075 0.35 0.117375 0.0548206 255 0 0
0.1 0.35 0.118481 0.073735 255 0 0
0.125 0.35 0.119632 0.0926868 255 0 0
0.15 0.35 0.110686 0.102296 0 0 255
0.175 0.35 0.101775 0.11178 0 0 255
0.2 0.35 0.0961488 0.117753 0 0 255
0.225 0.35 0.0926651 0.121446 0 0 255
0.25 0.35 0.0904236 0.12382 0 0 255
0.275 0.35 0.0889181 0.125414 0 0 255
0.3 0.35 0.0878674 0.126525 0 0 255
0.325 0.35 0.0871096 0.127326 0 0 255
0.35 0.35 0.0865476 0.127921 0 0 255
0.375 0.35 0.0861206 0.128372 0 0 255
0.4 0.35 0.0857894 0.128722 0 0 255
0.425 0.35 0.085528 0.128998 0 0 255
0.45 0.35 0.0853183 0.12922 0 0 255
0.475 0.35 0.0851478 0.1294 0 0 255
0.5 0.35 0.0850074 0.129548 0 0 255
-0.5 0.325 0.0705102 -0.131749 0 0 255
-0.475 0.325 0.0708071 -0.131474 0 0 255
-0.45 0.325 0.0711665 -0.131141 0 0 255
-0.425 0.325 0.0716062 -0.130734 0 0 255
-0.4 0.325 0.072151 -0.130229 0 0 255
-0.375 0.325 0.0728353 -0.129595 0 0 255
-0.35 0.325 0.0737084 -0.128786 0 0 255
-0.325 0.325 0.0748412 -0.127736 0 0 255
-0.3 0.325 0.0763394 -0.126348 0 0 255
-0.275 0.325 0.0783616 -0.124474 0 0 255
-0.25 0.325 0.0811509 -0.121888 0 0 255
-0.225 0.325 0.0850758 -0.11825 0 0 255
-0.2 0.325 0.0906648 -0.113068 0 0 255
-0.175 0.325 0.0985059 -0.105797 0 0 255
-0.15 0.325 0.108558 -0.0964731 0 0 255
-0.125 0.325 0.118611 -0.0871445 0 0 255
-0.1 0.325 0.128677 -0.0778073 255 0 0
-0.075 0.325 0.12973 -0.058938 255 0 0
-0.05 0.325 0.130833 -0.0400258 255 0 0
-0.025 0.325 0.131936 -0.0211128 255 0 0
0 0.325 0.13304 -0.00219962 255 0 0
0.025 0.325 0.134144 0.0167138 255 0 0
0.05 0.325 0.135249 0.0356275 255 0 0
0.075 0.325 0.136363 0.0545411 255 0 0
0.1 0.325 0.138429 0.0738151 255 0 0
0.125 0.325 0.129031 0.083251 0 0 255
0.15 0.325 0.119859 0.0927736 0 0 255
0.175 0.325 0.110817 0.102277 0 0 255
0.2 0.325 0.103807 0.109673 0 0 255
0.225 0.325 0.0988275 0.114935 0 0 255
0.25 0.325 0.0953375 0.118625 0 0 255
0.275 0.325 0.0928609 0.121244 0 0 255
0.3 0.325 0.0910671 0.123141 0 0 255
0.325 0.325 0.0897392 0.124545 0 0 255
0.35 0.325 0.0887357 0.125607 0 0 255
0.375 0.325 0.0879628 0.126424 0 0 255
0.4 0.325 0.0873571 0.127064 0 0 255
0.425 0.325 0.0868751 0.127574 0 0 255
0.45 0.325 0.0864861 0.127985 0 0 255
0.475 0.325 0.0861684 0.128321 0 0 255
0.5 0.325 0.0859059 0.128598 0 0 255
-0.5 0.3 0.0718197 -0.130536 0 0 255
-0.475 0.3 0.07229 -0.1301 0 0 255
-0.45 0.3 0.0728562 -0.129575 0 0 255
-0.425 0.3 0.0735446 -0.128938 0 0 255
-0.4 0.3 0.0743904 -0.128154 0 0 255
-0.375 0.3 0.0754417 -0.127179 0 0 255
-0.35 0.3 0.0767644 -0.125953 0 0 255
-0.325 0.3 0.0784496 -0.124391 0 0 255
-0.3 0.3 0.0806244 -0.122375 0 0 255
-0.275 0.3 0.0834638 -0.119743 0 0 255
-0.25 0.3 0.0872023 -0.116277 0 0 255
-0.225 0.3 0.092127 -0.111711 0 0 255
-0.2 0.3 0.0985063 -0.105795 0 0 255
-0.175 0.3 0.106348 -0.0985225 0 0 255
-0.15 0.3 0.114916 -0.0905743 0 0 255
-0.125 0.3 0.122579 -0.0834642 0 0 255
-0.1 0.3 0.128677 -0.0778073 0 0 255
-0.075 0.3 0.12973 -0.058938 0 0 255
-0.05 0.3 0.130833 -0.0400258 0 0 255
-0.025 0.3 0.131936 -0.0211128 0 0 255
0 0.3 0.13304 -0.00219962 0 0 255
0.025 0.3 0.134144 0.0167138 0 0 255
0.05 0.3 0.135249 0.0356275 0 0 255
0.075 0.3 0.136363 0.0545411 0 0 255
0.1 0.3 0.138429 0.0738151 0 0 255
0.125 0.3 0.132735 0.0795318 0 0 255
0.15 0.3 0.125697 0.0867692 0 0 255
0.175 0.3 0.117928 0.0948661 0 0 255
0.2 0.3 0.110868 0.102269 0 0 255
0.225 0.3 0.105149 0.108285 0 0 255
0.25 0.3 0.100747 0.112924 0 0 255
0.275 0.3 0.097412 0.116442 0 0 255
0.3 0.3 0.0948833 0.119112 0 0 255
0.325 0.3 0.0929488 0.121155 0 0 255
0.35 0.3 0.0914513 0.122737 0 0 255
0.375 0.3 0.0902769 0.123978 0 0 255
0.4 0.3 0.0893441 0.124964 0 0 255
0.425 0.3 0.088594 0.125757 0 0 255
0.45 0.3 0.0879839 0.126402 0 0 255
0.475 0.3 0.0874822 0.126932 0 0 255
0.5 0.3 0.0870657 0.127373 0 0 255
-0.5 0.275 0.0734118 -0.12906 0 0 255
-0.475 0.275 0.0740839 -0.128438 0 0 255
-0.45 0.275 0.0748874 -0.127693 0 0 255
-0.425 0.275 0.0758558 -0.126795 0 0 255
-0.4 0.275 0.0770329 -0.125704 0 0 255
-0.375 0.275 0.0784757 -0.124367 0 0 255
-0.35 0.275 0.0802592 -0.122714 0 0 255
-0.325 0.275 0.0824805 -0.120654 0 0 255
-0.3 0.275 0.0852635 -0.118074 0 0 255
-0.275 0.275 0.0887583 -0.114834 0 0 255
-0.25 0.275 0.0931285 -0.110782 0 0 255
-0.225 0.275 0.0985065 -0.105794 0 0 255
-0.2 0.275 0.104886 -0.0998777 0 0 255
-0.175 0.275 0.111938 -0.0933367 0 0 255
-0.15 0.275 0.118855 -0.0869195 0 0 255
-0.125 0.275 0.124593 -0.0815961 0 0 255
-0.1 0.275 0.128677 -0.0778073 0 0 255
-0.075 0.275 0.12973 -0.058938 0 0 255
-0.05 0.275 0.130833 -0.0400258 0 0 255
-0.025 0.275 0.131936 -0.0211128 0 0 255
0 0.275 0.13304 -0.00219962 0 0 255
0.025 0.275 0.134144 0.0167138 0 0 255
0.05 0.275 0.135249 0.0356275 0 0 255
0.075 0.275 0.136363 0.0545411 0 0 255
0.1 0.275 0.138429 0.0738151 0 0 255
0.125 0.275 0.134616 0.0776439 0 0 255
0.15 0.275 0.129328 0.0830545 0 0 255
0.175 0.275 0.123023 0.0895871 0 0 255
0.2 0.275 0.116641 0.0962455 0 0 255
0.225 0.275 0.110895 0.102265 0 0 255
0.25 0.275 0.106067 0.107336 0 0 255
0.275 0.275 0.102153 0.111454 0 0 255
0.3 0.275 0.0990296 0.114744 0 0 255
0.325 0.275 0.0965461 0.117363 0 0 255
0.35 0.275 0.0945662 0.119451 0 0 255
0.375 0.275 0.0929783 0.121127 0 0 255
0.4 0.275 0.0916948 0.122483 0 0 255
0.425 0.275 0.0906485 0.123587 0 0 255
0.45 0.275 0.0897882 0.124496 0 0 255
0.475 0.275 0.0890749 0.12525 0 0 255
0.5 0.275 0.0884785 0.12588 0 0 255
-0.5 0.25 0.0752623 -0.127345 0 0 255
-0.475 0.25 0.0761544 -0.126518 0 0 255
-0.45 0.25 0.0772114 -0.125539 0 0 255
-0.425 0.25 0.0784716 -0.12437 0 0 255
-0.4 0.25 0.0799829 -0.122969 0 0 255
-0.375 0.25 0.0818051 -0.12128 0 0 255
-0.35 0.25 0.0840115 -0.119235 0 0 255
-0.325 0.25 0.0866896 -0.116752 0 0 255
-0.3 0.25 0.0899378 -0.11374 0 0 255
-0.275 0.25 0.0938536 -0.110109 0 0 255
-0.25 0.25 0.0985067 -0.105794 0 0 255
-0.225 0.25 0.103885 -0.100806 0 0 255
-0.2 0.25 0.109811 -0.0953088 0 0 255
-0.175 0.25 0.115864 -0.0896947 0 0 255
-0.15 0.25 0.121391 -0.0845668 0 0 255
-0.125 0.25 0.125759 -0.0805147 0 0 255
-0.1 0.25 0.128677 -0.0778073 0 0 255
-0.075 0.25 0.12973 -0.058938 0 0 255
-0.05 0.25 0.130833 -0.0400258 0 0 255
-0.025 0.25 0.131936 -0.0211128 0 0 255
0 0.25 0.13304 -0.00219962 0 0 255
0.025 0.25 0.134144 0.0167138 0 0 255
0.05 0.25 0.135249 0.0356275 0 0 255
0.075 0.25 0.136363 0.0545411 0 0 255
0.1 0.25 0.138429 0.0738151 0 0 255
0.125 0.25 0.135704 0.0765512 0 0 255
0.15 0.25 0.13167 0.0806656 0 0 255
0.175 0.25 0.126614 0.0858822 0 0 255
0.2 0.25 0.121116 0.0915957 0 0 255
0.225 0.25 0.115758 0.0971893 0 0 255
0.25 0.25 0.110912 0.102263 0 0 255
0.275 0.25 0.106731 0.10665 0 0 255
0.3 0.25 0.103221 0.11034 0 0 255
0.325 0.25 0.100313 0.113399 0 0 255
0.35 0.25 0.0979198 0.11592 0 0 255
0.375 0.25 0.0959502 0.117995 0 0 255
0.4 0.25 0.0943254 0.119709 0 0 255
0.425 0.25 0.0929789 0.121129 0 0 255
0.45 0.25 0.0918571 0.122313 0 0 255
0.475 0.25 0.0909167 0.123306 0 0 255
0.5 0.25 0.0901237 0.124143 0 0 255
-0.5 0.225 0.0773348 -0.125424 0 0 255
-0.475 0.225 0.0784527 -0.124388 0 0 255
-0.45 0.225 0.0797636 -0.123173 0 0 255
-0.425 0.225 0.0813068 -0.121742 0 0 255
-0.4 0.225 0.0831297 -0.120052 0 0 255
-0.375 0.225 0.0852874 -0.118051 0 0 255
-0.35 0.225 0.0878424 -0.115682 0 0 255
-0.325 0.225 0.0908605 -0.112884 0 0 255
-0.3 0.225 0.0944025 -0.109599 0 0 255
-0.275 0.225 0.0985068 -0.105793 0 0 255
-0.25 0.225 0.10316 -0.101478 0 0 255
-0.225 0.225 0.108255 -0.0967517 0 0 255
-0.2 0.225 0.11355 -0.0918403 0 0 255
-0.175 0.225 0.118653 -0.0871065 0 0 255
-0.15 0.225 0.123095 -0.082986 0 0 255
-0.125 0.225 0.126493 -0.0798334 0 0 255
-0.1 0.225 0.128677 -0.0778073 0 0 255
-0.075 0.225 0.12973 -0.058938 0 0 255
-0.05 0.225 0.130833 -0.0400258 0 0 255
-0.025 0.225 0.131936 -0.0211128 0 0 255
0 0.225 0.13304 -0.00219962 0 0 255
0.025 0.225 0.134144 0.0167138 0 0 255
0.05 0.225 0.135249 0.0356275 0 0 255
0.075 0.225 0.136363 0.0545411 0 0 255
0.1 0.225 0.138429 0.0738151 0 0 255
0.125 0.225 0.13639 0.0758626 0 0 255
0.15 0.225 0.133246 0.0790616 0 0 255
0.175 0.225 0.129173 0.0832508 0 0 255
0.2 0.225 0.124523 0.0880669 0 0 255
0.225 0.225 0.119721 0.0930642 0 0 255
0.25 0.225 0.115117 0.0978722 0 0 255
0.275 0.225 0.110924 0.102261 0 0 255
0.3 0.225 0.107234 0.10613 0 0 255
0.325 0.225 0.104056 0.109468 0 0 255
0.35 0.225 0.101352 0.112311 0 0 255
0.375 0.225 0.099066 0.114717 0 0 255
0.4 0.225 0.0971376 0.116747 0 0 255
0.425 0.225 0.0955102 0.118462 0 0 255
0.45 0.225 0.0941336 0.119913 0 0 255
0.475 0.225 0.0929652 0.121145 0 0 255
0.5 0.225 0.0919695 0.122196 0 0 255
-0.5 0.2 0.0795837 -0.123339 0 0 255
-0.475 0.2 0.0809213 -0.122099 0 0 255
-0.45 0.2 0.0824714 -0.120662 0 0 255
-0.425 0.2 0.0842714 -0.118993 0 0 255
-0.4 0.2 0.0863629 -0.117054 0 0 255
-0.375 0.2 0.0887913 -0.114802 0 0 255
-0.35 0.2 0.0916015 -0.112197 0 0 255
-0.325 0.2 0.0948328 -0.1092 0 0 255
-0.3 0.2 0.0985068 -0.105793 0 0 255
-0.275 0.2 0.102611 -0.101987 0 0 255
-0.25 0.2 0.107076 -0.0978455 0 0 255
-0.225 0.2 0.111751 -0.0935095 0 0 255
-0.2 0.2 0.11639 -0.0892057 0 0 255
-0.175 0.2 0.120676 -0.0852299 0 0 255
-0.15 0.2 0.124284 -0.0818825 0 0 255
-0.125 0.2 0.126985 -0.0793772 0 0 255
-0.1 0.2 0.128677 -0.0778073 0 0 255
-0.075 0.2 0.12973 -0.058938 0 0 255
-0.05 0.2 0.130833 -0.0400258 0 0 255
-0.025 0.2 0.131936 -0.0211128 0 0 255
0 0.2 0.13304 -0.00219962 0 0 255
0.025 0.2 0.134144 0.0167138 0 0 255
0.05 0.2 0.135249 0.0356275 0 0 255
0.075 0.2 0.136363 0.0545411 0 0 255
0.1 0.2 0.138429 0.0738151 0 0 255
0.125 0.2 0.136849 0.0754016 0 0 255
0.15 0.2 0.134348 0.0779425 0 0 255
0.175 0.2 0.131032 0.0813438 0 0 255
0.2 0.2 0.127117 0.0853874 0 0 255
0.225 0.2 0.122899 0.0897658 0 0 255
0.25 0.2 0.118664 0.0941769 0 0 255
0.275 0.2 0.114631 0.098389 0 0 255
0.3 0.2 0.110933 0.10226 0 0 255
0.325 0.2 0.107629 0.105723 0 0 255
0.35 0.2 0.104727 0.108769 0 0 255
0.375 0.2 0.102208 0.111416 0 0 255
0.4 0.2 0.100033 0.113703 0 0 255
0.425 0.2 0.0981621 0.115671 0 0 255
0.45 0.2 0.0965535 0.117365 0 0 255
0.475 0.2 0.0951694 0.118823 0 0 255
0.5 0.2 0.0939761 0.120081 0 0 255
-0.5 0.175 0.0819592 -0.121137 0 0 255
-0.475 0.175 0.0834994 -0.119709 0 0 255
-0.45 0.175 0.0852623 -0.118074 0 0 255
-0.425 0.175 0.0872798 -0.116204 0 0 255
-0.4 0.175 0.089585 -0.114066 0 0 255
-0.375 0.175 0.0922096 -0.111632 0 0 255
-0.35 0.175 0.0951794 -0.108879 0 0 255
-0.325 0.175 0.0985069 -0.105793 0 0 255
-0.3 0.175 0.102181 -0.102385 0 0 255
-0.275 0.175 0.106153 -0.0987011 0 0 255
-0.25 0.175 0.110325 -0.0948322 0 0 255
-0.225 0.175 0.114534 -0.0909275 0 0 255
-0.2 0.175 0.118566 -0.0871878 0 0 255
-0.175 0.175 0.122175 -0.0838396 0 0 255
-0.15 0.175 0.125142 -0.0810865 0 0 255
-0.125 0.175 0.12733 -0.0790574 0 0 255
-0.1 0.175 0.128677 -0.0778073 0 0 255
-0.075 0.175 0.12973 -0.058938 0 0 255
-0.05 0.175 0.130833 -0.0400258 0 0 255
-0.025 0.175 0.131936 -0.0211128 0 0 255
0 0.175 0.13304 -0.00219962 0 0 255
0.025 0.175 0.134144 0.0167138 0 0 255
0.05 0.175 0.135249 0.0356275 0 0 255
0.075 0.175 0.136363 0.0545411 0 0 255
0.1 0.175 0.138429 0.0738151 0 0 255
0.125 0.175 0.137171 0.0750785 0 0 255
0.15 0.175 0.135143 0.0771355 0 0 255
0.175 0.175 0.132411 0.0799318 0 0 255
0.2 0.175 0.129108 0.0833358 0 0 255
0.225 0.175 0.125435 0.0871396 0 0 255
0.25 0.175 0.121613 0.0911117 0 0 255
0.275 0.175 0.117838 0.095047 0 0 255
0.3 0.175 0.114251 0.0987941 0 0 255
0.325 0.175 0.11094 0.102259 0 0 255
0.35 0.175 0.107946 0.105396 0 0 255
0.375 0.175 0.105278 0.108194 0 0 255
0.4 0.175 0.102924 0.110667 0 0 255
0.425 0.175 0.100858 0.112838 0 0 255
0.45 0.175 0.0990519 0.114738 0 0 255
0.475 0.175 0.0974752 0.116397 0 0 255
0.5 0.175 0.0960989 0.117846 0 0 255
-0.5 0.15 0.0844108 -0.118864 0 0 255
-0.475 0.15 0.0861286 -0.117271 0 0 255
-0.45 0.15 0.0880695 -0.115471 0 0 255
-0.425 0.15 0.0902583 -0.113442 0 0 255
-0.4 0.15 0.0927176 -0.111161 0 0 255
-0.375 0.15 0.0954647 -0.108614 0 0 255
-0.35 0.15 0.0985069 -0.105793 0 0 255
-0.325 0.15 0.101834 -0.102707 0 0 255
-0.3 0.15 0.105412 -0.0993882 0 0 255
-0.275 0.15 0.109172 -0.0959013 0 0 255
-0.25 0.15 0.113003 -0.0923477 0 0 255
-0.225 0.15 0.116756 -0.0888665 0 0 255
-0.2 0.15 0.120251 -0.085624 0 0 255
-0.175 0.15 0.123308 -0.0827884 0 0 255
-0.15 0.15 0.125779 -0.080496 0 0 255
-0.125 0.15 0.12758 -0.0788249 0 0 255
-0.1 0.15 0.128677 -0.0778073 0 0 255
-0.075 0.15 0.12973 -0.058938 0 0 255
-0.05 0.15 0.130833 -0.0400258 0 0 255
-0.025 0.15 0.131936 -0.0211128 0 0 255
0 0.15 0.13304 -0.00219962 0 0 255
0.025 0.15 0.134144 0.0167138 0 0 255
0.05 0.15 0.135249 0.0356275 0 0 255
0.075 0.15 0.136363 0.0545411 0 0 255
0.1 0.15 0.138429 0.0738151 0 0 255
0.125 0.15 0.137405 0.0748435 0 0 255
0.15 0.15 0.135734 0.076537 0 0 255
0.175 0.15 0.133456 0.0788645 0 0 255
0.2 0.15 0.130653 0.0817465 0 0 255
0.225 0.15 0.127463 0.0850438 0 0 255
0.25 0.15 0.12405 0.0885846 0 0 255
0.275 0.15 0.120575 0.0921992 0 0 255
0.3 0.15 0.117174 0.0957457 0 0 255
0.325 0.15 0.113944 0.0991203 0 0 255
0.35 0.15 0.110945 0.102258 0 0 255
0.375 0.15 0.108207 0.105126 0 0 255
0.4 0.15 0.105739 0.107715 0 0 255
0.425 0.15 0.103531 0.110032 0 0 255
0.45 0.15 0.101569 0.112093 0 0 255
0.475 0.15 0.0998303 0.113921 0 0 255
0.5 0.15 0.0982929 0.115538 0 0 255
-0.5 0.125 0.0868912 -0.116564 0 0 255
-0.475 0.125 0.0887563 -0.114834 0 0 255
-0.45 0.125 0.0908365 -0.112905 0 0 255
-0.425 0.125 0.0931485 -0.110762 0 0 255
-0.4 0.125 0.0957039 -0.108392 0 0 255
-0.375 0.125 0.098507 -0.105792 0 0 255
-0.35 0.125 0.101549 -0.102971 0 0 255
-0.325 0.125 0.104804 -0.099952 0 0 255
-0.3 0.125 0.108223 -0.0967813 0 0 255
-0.275 0.125 0.111727 -0.0935311 0 0 255
-0.25 0.125 0.11521 -0.0903006 0 0 255
-0.225 0.125 0.11854 -0.0872118 0 0 255
-0.2 0.125 0.121574 -0.0843967 0 0 255
-0.175 0.125 0.124181 -0.0819782 0 0 255
-0.15 0.125 0.126263 -0.0800473 0 0 255
-0.125 0.125 0.127768 -0.0786509 0 0 255
-0.1 0.125 0.128677 -0.0778073 0 0 255
-0.075 0.125 0.12973 -0.058938 0 0 255
-0.05 0.125 0.130833 -0.0400258 0 0 255
-0.025 0.125 0.131936 -0.0211128 0 0 255
0 0.125 0.13304 -0.00219962 0 0 255
0.025 0.125 0.134144 0.0167138 0 0 255
0.05 0.125 0.135249 0.0356275 0 0 255
0.075 0.125 0.136363 0.0545411 0 0 255
0.1 0.125 0.138429 0.0738151 0 0 255
0.125 0.125 0.13758 0.0746676 0 0 255
0.15 0.125 0.136183 0.0760825 0 0 255
0.175 0.125 0.134262 0.0780422 0 0 255
0.2 0.125 0.131868 0.0804995 0 0 255
0.225 0.125 0.129094 0.0833615 0 0 255
0.25 0.125 0.12606 0.0865028 0 0 255
0.275 0.125 0.122896 0.0897885 0 0 255
0.3 0.125 0.119721 0.0930942 0 0 255
0.325 0.125 0.11663 0.0963188 0 0 255
0.35 0.125 0.113691 0.0993888 0 0 255
0.375 0.125 0.110949 0.102257 0 0 255
0.4 0.125 0.108426 0.1049 0 0 255
0.425 0.125 0.106129 0.107308 0 0 255
0.45 0.125 0.104053 0.109486 0 0 255
0.475 0.125 0.102187 0.111446 0 0 255
0.5 0.125 0.100516 0.113202 0 0 255
-0.5 0.1 0.0893585 -0.114276 0 0 255
-0.475 0.1 0.0913384 -0.11244 0 0 255
-0.45 0.1 0.0935185 -0.110418 0 0 255
-0.425 0.1 0.0959074 -0.108203 0 0 255
-0.4 0.1 0.098507 -0.105792 0 0 255
-0.375 0.1 0.10131 -0.103193 0 0 255
-0.35 0.1 0.104296 -0.100423 0 0 255
-0.325 0.1 0.107429 -0.0975174 0 0 255
-0.3 0.1 0.110652 -0.0945287 0 0 255
-0.275 0.1 0.113885 -0.0915294 0 0 255
-0.25 0.1 0.117032 -0.08861 0 0 255
-0.225 0.1 0.119983 -0.085873 0 0 255
-0.2 0.1 0.122626 -0.0834212 0 0 255
-0.175 0.1 0.124866 -0.0813431 0 0 255
-0.15 0.1 0.126638 -0.0796993 0 0 255
-0.125 0.1 0.127912 -0.0785173 0 0 255
-0.1 0.1 0.128677 -0.0778073 0 0 255
-0.075 0.1 0.12973 -0.058938 0 0 255
-0.05 0.1 0.130833 -0.0400258 0 0 255
-0.025 0.1 0.131936 -0.0211128 0 0 255
0 0.1 0.13304 -0.00219962 0 0 255
0.025 0.1 0.134144 0.0167138 0 0 255
0.05 0.1 0.135249 0.0356275 0 0 255
0.075 0.1 0.136363 0.0545411 0 0 255
0.1 0.1 0.138429 0.0738151 0 0 255
0.125 0.1 0.137715 0.0745327 0 0 255
0.15 0.1 0.136531 0.07573 0 0 255
0.175 0.1 0.134894 0.0773978 0 0 255
0.2 0.1 0.132835 0.0795086 0 0 255
0.225 0.1 0.130415 0.0820007 0 0 255
0.25 0.1 0.127723 0.0847837 0 0 255
0.275 0.1 0.12486 0.0877527 0 0 255
0.3 0.1 0.121925 0.0908032 0 0 255
0.325 0.1 0.119007 0.0938428 0 0 255
0.35 0.1 0.116175 0.0967976 0 0 255
0.375 0.1 0.113479 0.0996139 0 0 255
0.4 0.1 0.110953 0.102257 0 0 255
0.425 0.1 0.108613 0.104707 0 0 255
0.45 0.1 0.106465 0.106959 0 0 255
0.475 0.1 0.104507 0.109013 0 0 255
0.5 0.1 0.10273 0.110878 0 0 255
-0.5 0.075 0.0917779 -0.112032 0 0 255
-0.475 0.075 0.09384 -0.11012 0 0 255
-0.45 0.075 0.0960827 -0.10804 0 0 255
-0.425 0.075 0.098507 -0.105792 0 0 255
-0.4 0.075 0.101107 -0.103381 0 0 255
-0.375 0.075 0.103866 -0.100822 0 0 255
-0.35 0.075 0.106756 -0.0981419 0 0 255
-0.325 0.075 0.109735 -0.0953791 0 0 255
-0.3 0.075 0.112743 -0.0925884 0 0 255
-0.275 0.075 0.115708 -0.0898382 0 0 255
-0.25 0.075 0.118544 -0.0872078 0 0 255
-0.225 0.075 0.12116 -0.0847809 0 0 255
-0.2 0.075 0.123472 -0.0826362 0 0 255
-0.175 0.075 0.125411 -0.0808375 0 0 255
-0.15 0.075 0.126934 -0.0794246 0 0 255
-0.125 0.075 0.128025 -0.0784127 0 0 255
-0.1 0.075 0.128677 -0.0778073 0 0 255
-0.075 0.075 0.12973 -0.058938 0 0 255
-0.05 0.075 0.130833 -0.0400258 0 0 255
-0.025 0.075 0.131936 -0.0211128 0 0 255
0 0.075 0.13304 -0.00219962 0 0 255
0.025 0.075 0.134144 0.0167138 0 0 255
0.05 0.075 0.135249 0.0356275 0 0 255
0.075 0.075 0.136363 0.0545411 0 0 255
0.1 0.075 0.138429 0.0738151 0 0 255
0.125 0.075 0.13782 0.0744269 0 0 255
0.15 0.075 0.136806 0.0754517 0 0 255
0.175 0.075 0.135398 0.0768849 0 0 255
0.2 0.075 0.133614 0.0787115 0 0 255
0.225 0.075 0.131494 0.0808909 0 0 255
0.25 0.075 0.129104 0.0833582 0 0 255
0.275 0.075 0.126521 0.086033 0 0 255
0.3 0.075 0.123826 0.0888299 0 0 255
0.325 0.075 0.121097 0.0916681 0 0 255
0.35 0.075 0.118401 0.0944778 0 0 255
0.375 0.075 0.115789 0.0972036 0 0 255
0.4 0.075 0.113299 0.0998053 0 0 255
0.425 0.075 0.110956 0.102256 0 0 255
0.45 0.075 0.108773 0.104542 0 0 255
0.475 0.075 0.106756 0.106655 0 0 255
0.5 0.075 0.104904 0.108598 0 0 255
-0.5 0.05 0.0941218 -0.109859 0 0 255
-0.475 0.05 0.0962354 -0.107899 0 0 255
-0.45 0.05 0.0985071 -0.105792 0 0 255
-0.425 0.05 0.100931 -0.103544 0 0 255
-0.4 0.05 0.103496 -0.101166 0 0 255
-0.375 0.05 0.106178 -0.098678 0 0 255
-0.35 0.05 0.108945 -0.0961115 0 0 255
-0.325 0.05 0.111752 -0.0935075 0 0 255
-0.3 0.05 0.114544 -0.0909185 0 0 255
-0.275 0.05 0.117252 -0.0884064 0 0 255
-0.25 0.05 0.119804 -0.0860385 0 0 255
-0.225 0.05 0.122129 -0.0838822 0 0 255
-0.2 0.05 0.124161 -0.0819975 0 0 255
-0.175 0.05 0.125851 -0.0804294 0 0 255
-0.15 0.05 0.127172 -0.0792042 0 0 255
-0.125 0.05 0.128115 -0.0783293 0 0 255
-0.1 0.05 0.128677 -0.0778073 0 0 255
-0.075 0.05 0.12973 -0.058938 0 0 255
-0.05 0.05 0.130833 -0.0400258 0 0 255
-0.025 0.05 0.131936 -0.0211128 0 0 255
0 0.05 0.13304 -0.00219962 0 0 255
0.025 0.05 0.134144 0.0167138 0 0 255
0.05 0.05 0.135249 0.0356275 0 0 255
0.075 0.05 0.136363 0.0545411 0 0 255
0.1 0.05 0.138429 0.0738151 0 0 255
0.125 0.05 0.137904 0.0743427 0 0 255
0.15 0.05 0.137027 0.0752285 0 0 255
0.175 0.05 0.135805 0.0764711 0 0 255
0.2 0.05 0.134248 0.078063 0 0 255
0.225 0.05 0.132383 0.0799779 0 0 255
0.25 0.05 0.130257 0.0821697 0 0 255
0.275 0.05 0.127929 0.0845772 0 0 255
0.3 0.05 0.125464 0.0871318 0 0 255
0.325 0.05 0.12293 0.0897648 0 0 255
0.35 0.05 0.120385 0.092413 0 0 255
0.375 0.05 0.117881 0.0950229 0 0 255
0.4 0.05 0.115458 0.0975524 0 0 255
0.425 0.05 0.113144 0.0999703 0 0 255
0.45 0.05 0.110959 0.102256 0 0 255
0.475 0.05 0.108913 0.104397 0 0 255
0.5 0.05 0.107012 0.106389 0 0 255
-0.5 0.025 0.0963695 -0.107774 0 0 255
-0.475 0.025 0.0985071 -0.105792 0 0 255
-0.45 0.025 0.100779 -0.103685 0 0 255
-0.425 0.025 0.103174 -0.101464 0 0 255
-0.4 0.025 0.105676 -0.0991434 0 0 255
-0.375 0.025 0.108258 -0.0967484 0 0 255
-0.35 0.025 0.110886 -0.094311 0 0 255
-0.325 0.025 0.113515 -0.0918721 0 0 255
-0.3 0.025 0.116094 -0.0894804 0 0 255
-0.275 0.025 0.118563 -0.0871901 0 0 255
-0.25 0.025 0.120862 -0.0850578 0 0 255
-0.225 0.025 0.122933 -0.0831367 0 0 255
-0.2 0.025 0.124727 -0.0814721 0 0 255
-0.175 0.025 0.12621 -0.080096 0 0 255
-0.15 0.025 0.127365 -0.0790249 0 0 255
-0.125 0.025 0.128187 -0.0782618 0 0 255
-0.1 0.025 0.128677 -0.0778073 0 0 255
-0.075 0.025 0.12973 -0.058938 0 0 255
-0.05 0.025 0.130833 -0.0400258 0 0 255
-0.025 0.025 0.131936 -0.0211128 0 0 255
0 0.025 0.13304 -0.00219962 0 0 255
0.025 0.025 0.134144 0.0167138 0 0 255
0.05 0.025 0.135249 0.0356275 0 0 255
0.075 0.025 0.136363 0.0545411 0 0 255
0.1 0.025 0.138429 0.0738151 0 0 255
0.125 0.025 0.137972 0.0742745 0 0 255
0.15 0.025 0.137207 0.0750471 0 0 255
0.175 0.025 0.136138 0.076133 0 0 255
0.2 0.025 0.13477 0.0775297 0 0 255
0.225 0.025 0.133122 0.0792206 0 0 255
0.25 0.025 0.131225 0.0811729 0 0 255
0.275 0.025 0.129126 0.0833408 0 0 255
0.3 0.025 0.126877 0.0856695 0 0 255
0.325 0.025 0.124533 0.0881017 0 0 255
0.35 0.025 0.122146 0.0905819 0 0 255
0.375 0.025 0.119766 0.0930606 0 0 255
0.4 0.025 0.11743 0.095496 0 0 255
0.425 0.025 0.11517 0.0978552 0 0 255
0.45 0.025 0.113008 0.100114 0 0 255
0.475 0.025 0.110961 0.102256 0 0 255
0.5 0.025 0.109036 0.10427 0 0 255
-0.5 0 0.0985071 -0.105792 0 0 255
-0.475 0 0.100645 -0.10381 0 0 255
-0.45 0 0.102892 -0.101725 0 0 255
-0.425 0 0.105236 -0.099551 0 0 255
-0.4 0 0.107656 -0.097307 0 0 255
-0.375 0 0.110123 -0.0950183 0 0 255
-0.35 0 0.112604 -0.0927175 0 0 255
-0.325 0 0.115056 -0.0904432 0 0 255
-0.3 0 0.117432 -0.0882394 0 0 255
-0.275 0 0.119681 -0.0861529 0 0 255
-0.25 0 0.121754 -0.0842301 0 0 255
-0.225 0 0.123605 -0.082513 0 0 255
-0.2 0 0.125197 -0.0810357 0 0 255
-0.175 0 0.126507 -0.0798204 0 0 255
-0.15 0 0.127524 -0.0788774 0 0 255
-0.125 0 0.128247 -0.0782064 0 0 255
-0.1 0 0.128677 -0.0778073 0 0 255
-0.075 0 0.12973 -0.058938 0 0 255
-0.05 0 0.130833 -0.0400258 0 0 255
-0.025 0 0.131936 -0.0211128 0 0 255
0 0 0.13304 -0.00219962 0 0 255
0.025 0 0.134144 0.0167138 0 0 255
0.05 0 0.135249 0.0356275 0 0 255
0.075 0 0.136363 0.0545411 0 0 255
0.1 0 0.138429 0.0738151 0 0 255
0.125 0 0.138028 0.0742185 0 0 255
0.15 0 0.137355 0.0748977 0 0 255
0.175 0 0.136413 0.0758537 0 0 255
0.2 0 0.135204 0.0770869 0 0 255
0.225 0 0.13374 0.0785872 0 0 255
0.25 0 0.132043 0.0803319 0 0 255
0.275 0 0.130148 0.0822864 0 0 255
0.3 0 0.128097 0.0844078 0 0 255
0.325 0 0.125934 0.0866487 0 0 255
0.35 0 0.123707 0.0889615 0 0 255
0.375 0 0.121457 0.0913012 0 0 255
0.4 0 0.119223 0.0936286 0 0 255
0.425 0 0.117035 0.0959104 0 0 255
0.45 0 0.114918 0.0981207 0 0 255
0.475 0 0.112889 0.10024 0 0 255
0.5 0 0.110963 0.102255 0 0 255
