-0.5 1 -0.220734 -0.208 0 0 255
-0.475 1 -0.22231 -0.203829 0 0 255
-0.45 1 -0.223861 -0.199378 0 0 255
-0.425 1 -0.225377 -0.19462 0 0 255
-0.4 1 -0.226847 -0.189531 0 0 255
-0.375 1 -0.228257 -0.184085 0 0 255
-0.35 1 -0.229593 -0.178256 0 0 255
-0.325 1 -0.230839 -0.17203 0 0 255
-0.3 1 -0.23198 -0.165405 0 0 255
-0.275 1 -0.233 -0.158408 0 0 255
-0.25 1 -0.233891 -0.151112 0 0 255
-0.225 1 -0.234646 -0.143666 0 0 255
-0.2 1 -0.235272 -0.136332 0 0 255
-0.175 1 -0.235791 -0.129507 0 0 255
-0.15 1 -0.236235 -0.123711 0 0 255
-0.125 1 -0.23664 -0.119476 0 0 255
-0.1 1 -0.237014 -0.117105 0 0 255
-0.075 1 -0.23731 -0.116384 0 0 255
-0.05 1 -0.223561 -0.0857402 0 0 255
-0.025 1 -0.209799 -0.0551175 0 0 255
0 1 -0.196042 -0.0245171 0 0 255
0.025 1 -0.182288 0.00606092 0 0 255
0.05 1 -0.168539 0.036618 0 0 255
0.075 1 -0.154802 0.0671564 0 0 255
0.1 1 -0.140911 0.0975642 0 0 255
0.125 1 -0.14003 0.0981536 0 0 255
0.15 1 -0.137648 0.100006 0 0 255
0.175 1 -0.133678 0.103349 0 0 255
0.2 1 -0.12851 0.107946 0 0 255
0.225 1 -0.122699 0.113329 0 0 255
0.25 1 -0.11672 0.119042 0 0 255
0.275 1 -0.11088 0.124748 0 0 255
0.3 1 -0.105338 0.130241 0 0 255
0.325 1 -0.100152 0.135417 0 0 255
0.35 1 -0.0953237 0.140235 0 0 255
0.375 1 -0.0908267 0.144692 0 0 255
0.4 1 -0.0866235 0.148806 0 0 255
0.425 1 -0.0826762 0.152603 0 0 255
0.45 1 -0.0789496 0.156112 0 0 255
0.475 1 -0.0754138 0.15936 0 0 255
0.5 1 -0.072044 0.162375 0 0 255
-0.5 0.975 -0.219234 -0.211972 0 0 255
-0.475 0.975 -0.220907 -0.207854 0 0 255
-0.45 0.975 -0.222563 -0.20345 0 0 255
-0.425 0.975 -0.22419 -0.198731 0 0 255
-0.4 0.975 -0.225776 -0.193668 0 0 255
-0.375 0.975 -0.227308 -0.188228 0 0 255
-0.35 0.975 -0.228767 -0.182381 0 0 255
-0.325 0.975 -0.230138 -0.176099 0 0 255
-0.3 0.975 -0.231402 -0.169364 0 0 255
-0.275 0.975 -0.23254 -0.162183 0 0 255
-0.25 0.975 -0.233536 -0.154605 0 0 255
-0.225 0.975 -0.234382 -0.146755 0 0 255
-0.2 0.975 -0.235079 -0.138876 0 0 255
-0.175 0.975 -0.235647 -0.131379 0 0 255
-0.15 0.975 -0.236126 -0.124856 0 0 255
-0.125 0.975 -0.236561 -0.119976 0 0 255
-0.1 0.975 -0.236973 -0.117205 0 0 255
-0.075 0.975 -0.23731 -0.116384 0 0 255
-0.05 0.975 -0.223561 -0.0857402 0 0 255
-0.025 0.975 -0.209799 -0.0551175 0 0 255
0 0.975 -0.196042 -0.0245171 0 0 255
0.025 0.975 -0.182288 0.00606092 0 0 255
0.05 0.975 -0.168539 0.036618 0 0 255
0.075 0.975 -0.154802 0.0671564 0 0 255
0.1 0.975 -0.140911 0.0975642 0 0 255
0.125 0.975 -0.139908 0.0982354 0 0 255
0.15 0.975 -0.137145 0.100396 0 0 255
0.175 0.975 -0.132605 0.104252 0 0 255
0.2 0.975 -0.126838 0.109432 0 0 255
0.225 0.975 -0.120524 0.115345 0 0 255
0.25 0.975 -0.114178 0.12147 0 0 255
0.275 0.975 -0.108099 0.127464 0 0 255
0.3 0.975 -0.102413 0.13314 0 0 255
0.325 0.975 -0.0971451 0.138417 0 0 255
0.35 0.975 -0.0922711 0.143281 0 0 255
0.375 0.975 -0.0877465 0.147745 0 0 255
0.4 0.975 -0.083523 0.151841 0 0 255
0.425 0.975 -0.0795562 0.155605 0 0 255
0.45 0.975 -0.075808 0.15907 0 0 255
0.475 0.975 -0.0722474 0.16227 0 0 255
0.5 0.975 -0.0688498 0.165233 0 0 255
-0.5 0.95 -0.217562 -0.21609 0 0 255
-0.475 0.95 -0.219335 -0.212037 0 0 255
-0.45 0.95 -0.221099 -0.207692 0 0 255
-0.425 0.95 -0.222844 -0.203026 0 0 255
-0.4 0.95 -0.224556 -0.198005 0 0 255
-0.375 0.95 -0.226218 -0.192592 0 0 255
-0.35 0.95 -0.227814 -0.186749 0 0 255
-0.325 0.95 -0.229324 -0.180437 0 0 255
-0.3 0.95 -0.230727 -0.173623 0 0 255
-0.275 0.95 -0.232 -0.166292 0 0 255
-0.25 0.95 -0.233121 -0.158464 0 0 255
-0.225 0.95 -0.234074 -0.15023 0 0 255
-0.2 0.95 -0.234857 -0.141804 0 0 255
-0.175 0.95 -0.235485 -0.133591 0 0 255
-0.15 0.95 -0.236002 -0.126245 0 0 255
-0.125 0.95 -0.236469 -0.120596 0 0 255
-0.1 0.95 -0.236922 -0.117327 0 0 255
-0.075 0.95 -0.23731 -0.116384 0 0 255
-0.05 0.95 -0.223561 -0.0857402 0 0 255
-0.025 0.95 -0.209799 -0.0551175 0 0 255
0 0.95 -0.196042 -0.0245171 0 0 255
0.025 0.95 -0.182288 0.00606092 0 0 255
0.05 0.95 -0.168539 0.036618 0 0 255
0.075 0.95 -0.154802 0.0671564 0 0 255
0.1 0.95 -0.140911 0.0975642 0 0 255
0.125 0.95 -0.139759 0.0983351 0 0 255
0.15 0.95 -0.136527 0.10088 0 0 255
0.175 0.95 -0.131312 0.10535 0 0 255
0.2 0.95 -0.124879 0.111192 0 0 255
0.225 0.95 -0.118043 0.117667 0 0 255
0.25 0.95 -0.111348 0.124203 0 0 255
0.275 0.95 -0.105059 0.130462 0 0 255
0.3 0.95 -0.0992579 0.136289 0 0 255
0.325 0.95 -0.0939306 0.141638 0 0 255
0.35 0.95 -0.0890253 0.146519 0 0 255
0.375 0.95 -0.0844805 0.150968 0 0 255
0.4 0.95 -0.0802382 0.155027 0 0 255
0.425 0.95 -0.0762495 0.158742 0 0 255
0.45 0.95 -0.0724748 0.162151 0 0 255
0.475 0.95 -0.0688835 0.165292 0 0 255
0.5 0.95 -0.0654523 0.168196 0 0 255
-0.5 0.925 -0.215695 -0.220358 0 0 255
-0.475 0.925 -0.21757 -0.216381 0 0 255
-0.45 0.925 -0.219448 -0.212109 0 0 255
-0.425 0.925 -0.221316 -0.207511 0 0 255
-0.4 0.925 -0.22316 -0.202549 0 0 255
-0.375 0.925 -0.224964 -0.197183 0 0 255
-0.35 0.925 -0.226709 -0.191367 0 0 255
-0.325 0.925 -0.228374 -0.185053 0 0 255
-0.3 0.925 -0.229934 -0.178194 0 0 255
-0.275 0.925 -0.231361 -0.170751 0 0 255
-0.25 0.925 -0.232628 -0.162714 0 0 255
-0.225 0.925 -0.233712 -0.154131 0 0 255
-0.2 0.925 -0.234599 -0.145171 0 0 255
-0.175 0.925 -0.2353 -0.13621 0 0 255
-0.15 0.925 -0.235861 -0.127944 0 0 255
-0.125 0.925 -0.236361 -0.121375 0 0 255
-0.1 0.925 -0.236861 -0.117477 0 0 255
-0.075 0.925 -0.23731 -0.116384 0 0 255
-0.05 0.925 -0.223561 -0.0857402 0 0 255
-0.025 0.925 -0.209799 -0.0551175 0 0 255
0 0.925 -0.196042 -0.0245171 0 0 255
0.025 0.925 -0.182288 0.00606092 0 0 255
0.05 0.925 -0.168539 0.036618 0 0 255
0.075 0.925 -0.154802 0.0671564 0 0 255
0.1 0.925 -0.140911 0.0975642 0 0 255
0.125 0.925 -0.139575 0.0984582 0 0 255
0.15 0.925 -0.135758 0.101486 0 0 255
0.175 0.925 -0.129744 0.106694 0 0 255
0.2 0.925 -0.12258 0.11328 0 0 255
0.225 0.925 -0.11522 0.120342 0 0 255
0.25 0.925 -0.108206 0.12727 0 0 255
0.275 0.925 -0.101746 0.133759 0 0 255
0.3 0.925 -0.0958621 0.1397 0 0 255
0.325 0.925 -0.0904975 0.145085 0 0 255
0.35 0.925 -0.0855727 0.149955 0 0 255
0.375 0.925 -0.081011 0.154364 0 0 255
0.4 0.925 -0.0767475 0.158368 0 0 255
0.425 0.925 -0.0727308 0.162018 0 0 255
0.45 0.925 -0.068922 0.165361 0 0 255
0.475 0.925 -0.0652922 0.168433 0 0 255
0.5 0.925 -0.0618205 0.171268 0 0 255
-0.5 0.9 -0.213609 -0.224783 0 0 255
-0.475 0.9 -0.215587 -0.220894 0 0 255
-0.45 0.9 -0.21758 -0.216708 0 0 255
-0.425 0.9 -0.219576 -0.212192 0 0 255
-0.4 0.9 -0.22156 -0.207306 0 0 255
-0.375 0.9 -0.223516 -0.202007 0 0 255
-0.35 0.9 -0.225424 -0.196244 0 0 255
-0.325 0.9 -0.227259 -0.189958 0 0 255
-0.3 0.9 -0.228995 -0.183089 0 0 255
-0.275 0.9 -0.2306 -0.175577 0 0 255
-0.25 0.9 -0.232039 -0.167379 0 0 255
-0.225 0.9 -0.23328 -0.158496 0 0 255
-0.2 0.9 -0.234297 -0.149034 0 0 255
-0.175 0.9 -0.23509 -0.139315 0 0 255
-0.15 0.9 -0.235703 -0.130033 0 0 255
-0.125 0.9 -0.236233 -0.122365 0 0 255
-0.1 0.9 -0.236783 -0.117666 0 0 255
-0.075 0.9 -0.23731 -0.116384 0 0 255
-0.05 0.9 -0.223561 -0.0857402 0 0 255
-0.025 0.9 -0.209799 -0.0551175 0 0 255
0 0.9 -0.196042 -0.0245171 0 0 255
0.025 0.9 -0.182288 0.00606092 0 0 255
0.05 0.9 -0.168539 0.036618 0 0 255
0.075 0.9 -0.154802 0.0671564 0 0 255
0.1 0.9 -0.140911 0.0975642 0 0 255
0.125 0.9 -0.139344 0.0986126 0 0 255
0.15 0.9 -0.134788 0.102255 0 0 255
0.175 0.9 -0.127831 0.108351 0 0 255
0.2 0.9 -0.119882 0.115761 0 0 255
0.225 0.9 -0.112016 0.123415 0 0 255
0.25 0.9 -0.104731 0.130703 0 0 255
0.275 0.9 -0.0981472 0.137374 0 0 255
0.3 0.9 -0.0922151 0.143382 0 0 255
0.325 0.9 -0.0868322 0.148765 0 0 255
0.35 0.9 -0.0818944 0.153592 0 0 255
0.375 0.9 -0.0773136 0.157937 0 0 255
0.4 0.9 -0.0730212 0.161867 0 0 255
0.425 0.9 -0.0689666 0.16544 0 0 255
0.45 0.9 -0.0651132 0.168703 0 0 255
0.475 0.9 -0.0614356 0.171698 0 0 255
0.5 0.9 -0.0579166 0.174457 0 0 255
-0.5 0.875 -0.211278 -0.229367 0 0 255
-0.475 0.875 -0.213355 -0.22558 0 0 255
-0.45 0.875 -0.215464 -0.221495 0 0 255
-0.425 0.875 -0.217591 -0.217077 0 0 255
-0.4 0.875 -0.219722 -0.212286 0 0 255
-0.375 0.875 -0.22184 -0.207075 0 0 255
-0.35 0.875 -0.223922 -0.201387 0 0 255
-0.325 0.875 -0.225945 -0.195159 0 0 255
-0.3 0.875 -0.227878 -0.188317 0 0 255
-0.275 0.875 -0.229686 -0.180782 0 0 255
-0.25 0.875 -0.231327 -0.172479 0 0 255
-0.225 0.875 -0.232757 -0.163359 0 0 255
-0.2 0.875 -0.233937 -0.153454 0 0 255
-0.175 0.875 -0.234847 -0.142992 0 0 255
-0.15 0.875 -0.235524 -0.132618 0 0 255
-0.125 0.875 -0.236084 -0.123643 0 0 255
-0.1 0.875 -0.236684 -0.117907 0 0 255
-0.075 0.875 -0.23731 -0.116384 0 0 255
-0.05 0.875 -0.223561 -0.0857402 0 0 255
-0.025 0.875 -0.209799 -0.0551175 0 0 255
0 0.875 -0.196042 -0.0245171 0 0 255
0.025 0.875 -0.182288 0.00606092 0 0 255
0.05 0.875 -0.168539 0.036618 0 0 255
0.075 0.875 -0.154802 0.0671564 0 0 255
0.1 0.875 -0.140911 0.0975642 0 0 255
0.125 0.875 -0.139049 0.0988098 0 0 255
0.15 0.875 -0.133549 0.103246 0 0 255
0.175 0.875 -0.125486 0.110406 0 0 255
0.2 0.875 -0.116719 0.118709 0 0 255
0.225 0.875 -0.108397 0.126937 0 0 255
0.25 0.875 -0.100907 0.134527 0 0 255
0.275 0.875 -0.0942525 0.141321 0 0 255
0.3 0.875 -0.0883035 0.147343 0 0 255
0.325 0.875 -0.0829148 0.152682 0 0 255
0.35 0.875 -0.0779629 0.157435 0 0 255
0.375 0.875 -0.0733535 0.161693 0 0 255
0.4 0.875 -0.0690187 0.165531 0 0 255
0.425 0.875 -0.0649119 0.169012 0 0 255
0.45 0.875 -0.0610014 0.172186 0 0 255
0.475 0.875 -0.0572668 0.175093 0 0 255
0.5 0.875 -0.053695 0.177766 0 0 255
-0.5 0.85 -0.208673 -0.234117 0 0 255
-0.475 0.85 -0.210844 -0.230447 0 0 255
-0.45 0.85 -0.213065 -0.226478 0 0 255
-0.425 0.85 -0.215323 -0.222175 0 0 255
-0.4 0.85 -0.217605 -0.217497 0 0 255
-0.375 0.85 -0.219891 -0.212395 0 0 255
-0.35 0.85 -0.222161 -0.206809 0 0 255
-0.325 0.85 -0.224388 -0.200669 0 0 255
-0.3 0.85 -0.22654 -0.193891 0 0 255
-0.275 0.85 -0.228579 -0.18638 0 0 255
-0.25 0.85 -0.230456 -0.178033 0 0 255
-0.225 0.85 -0.232116 -0.16875 0 0 255
-0.2 0.85 -0.233499 -0.158483 0 0 255
-0.175 0.85 -0.234563 -0.147337 0 0 255
-0.15 0.85 -0.235323 -0.135827 0 0 255
-0.125 0.85 -0.235909 -0.125319 0 0 255
-0.1 0.85 -0.236554 -0.118222 0 0 255
-0.075 0.85 -0.23731 -0.116384 0 0 255
-0.05 0.85 -0.223561 -0.0857402 0 0 255
-0.025 0.85 -0.209799 -0.0551175 0 0 255
0 0.85 -0.196042 -0.0245171 0 0 255
0.025 0.85 -0.182288 0.00606092 0 0 255
0.05 0.85 -0.168539 0.036618 0 0 255
0.075 0.85 -0.154802 0.0671564 0 0 255
0.1 0.85 -0.140911 0.0975642 0 0 255
0.125 0.85 -0.138665 0.0990669 0 0 255
0.15 0.85 -0.131942 0.104542 0 0 255
0.175 0.85 -0.122603 0.112966 0 0 255
0.2 0.85 -0.113027 0.122205 0 0 255
0.225 0.85 -0.104334 0.130955 0 0 255
0.25 0.85 -0.096723 0.138768 0 0 255
0.275 0.85 -0.0900505 0.14561 0 0 255
0.3 0.85 -0.0841081 0.15159 0 0 255
0.325 0.85 -0.0787151 0.156843 0 0 255
0.35 0.85 -0.0737371 0.161492 0 0 255
0.375 0.85 -0.0690807 0.16564 0 0 255
0.4 0.85 -0.064684 0.16937 0 0 255
0.425 0.85 -0.0605076 0.172745 0 0 255
0.45 0.85 -0.0565271 0.175817 0 0 255
0.475 0.85 -0.0527282 0.178626 0 0 255
0.5 0.85 -0.0491027 0.181203 0 0 255
-0.5 0.825 -0.205765 -0.239033 0 0 255
-0.475 0.825 -0.208017 -0.235499 0 0 255
-0.45 0.825 -0.210342 -0.231665 0 0 255
-0.425 0.825 -0.212728 -0.227497 0 0 255
-0.4 0.825 -0.215161 -0.222952 0 0 255
-0.375 0.825 -0.217622 -0.217981 0 0 255
-0.35 0.825 -0.220089 -0.212522 0 0 255
-0.325 0.825 -0.222536 -0.2065 0 0 255
-0.3 0.825 -0.22493 -0.199825 0 0 255
-0.275 0.825 -0.227229 -0.192386 0 0 255
-0.25 0.825 -0.229379 -0.184056 0 0 255
-0.225 0.825 -0.231315 -0.174694 0 0 255
-0.2 0.825 -0.232956 -0.164168 0 0 255
-0.175 0.825 -0.234226 -0.152442 0 0 255
-0.15 0.825 -0.235101 -0.139817 0 0 255
-0.125 0.825 -0.235706 -0.127549 0 0 255
-0.1 0.825 -0.236382 -0.118641 0 0 255
-0.075 0.825 -0.23731 -0.116384 0 0 255
-0.05 0.825 -0.223561 -0.0857402 0 0 255
-0.025 0.825 -0.209799 -0.0551175 0 0 255
0 0.825 -0.196042 -0.0245171 0 0 255
0.025 0.825 -0.182288 0.00606092 0 0 255
0.05 0.825 -0.168539 0.036618 0 0 255
0.075 0.825 -0.154802 0.0671564 0 0 255
0.1 0.825 -0.140911 0.0975642 0 0 255
0.125 0.825 -0.138151 0.0994102 0 0 255
0.15 0.825 -0.12983 0.106262 0 0 255
0.175 0.825 -0.119056 0.116165 0 0 255
0.2 0.825 -0.108746 0.126335 0 0 255
0.225 0.825 -0.0998093 0.135509 0 0 255
0.25 0.825 -0.0921698 0.143442 0 0 255
0.275 0.825 -0.0855247 0.150252 0 0 255
0.3 0.825 -0.0795969 0.15613 0 0 255
0.325 0.825 -0.0741851 0.161255 0 0 255
0.35 0.825 -0.0691556 0.165771 0 0 255
0.375 0.825 -0.0644243 0.169788 0 0 255
0.4 0.825 -0.0599408 0.173393 0 0 255
0.425 0.825 -0.0556765 0.176649 0 0 255
0.45 0.825 -0.0516161 0.179607 0 0 255
0.475 0.825 -0.0477518 0.182305 0 0 255
0.5 0.825 -0.04408 0.184773 0 0 255
-0.5 0.8 -0.202525 -0.244116 0 0 255
-0.475 0.8 -0.204838 -0.24074 0 0 255
-0.45 0.8 -0.207252 -0.237063 0 0 255
-0.425 0.8 -0.209755 -0.233051 0 0 255
-0.4 0.8 -0.212334 -0.228662 0 0 255
-0.375 0.8 -0.21497 -0.223847 0 0 255
-0.35 0.8 -0.217642 -0.218543 0 0 255
-0.325 0.8 -0.220323 -0.212673 0 0 255
-0.3 0.8 -0.222979 -0.206137 0 0 255
-0.275 0.8 -0.225568 -0.198818 0 0 255
-0.25 0.8 -0.228033 -0.190567 0 0 255
-0.225 0.8 -0.230299 -0.181209 0 0 255
-0.2 0.8 -0.232265 -0.170544 0 0 255
-0.175 0.8 -0.233814 -0.158392 0 0 255
-0.15 0.8 -0.234857 -0.144766 0 0 255
-0.125 0.8 -0.235477 -0.130565 0 0 255
-0.1 0.8 -0.236144 -0.119219 0 0 255
-0.075 0.8 -0.23731 -0.116384 0 0 255
-0.05 0.8 -0.223561 -0.0857402 0 0 255
-0.025 0.8 -0.209799 -0.0551175 0 0 255
0 0.8 -0.196042 -0.0245171 0 0 255
0.025 0.8 -0.182288 0.00606092 0 0 255
0.05 0.8 -0.168539 0.036618 0 0 255
0.075 0.8 -0.154802 0.0671564 0 0 255
0.1 0.8 -0.140911 0.0975642 0 0 255
0.125 0.8 -0.137445 0.0998824 0 0 255
0.15 0.8 -0.127012 0.108582 0 0 255
0.175 0.8 -0.114711 0.12016 0 0 255
0.2 0.8 -0.103835 0.13118 0 0 255
0.225 0.8 -0.0948186 0.140632 0 0 255
0.25 0.8 -0.0872391 0.148562 0 0 255
0.275 0.8 -0.0806447 0.155252 0 0 255
0.3 0.8 -0.0747147 0.160971 0 0 255
0.325 0.8 -0.069248 0.16593 0 0 255
0.35 0.8 -0.0641261 0.170286 0 0 255
0.375 0.8 -0.0592836 0.174154 0 0 255
0.4 0.8 -0.0546869 0.177617 0 0 255
0.425 0.8 -0.0503208 0.180739 0 0 255
0.45 0.8 -0.0461796 0.183567 0 0 255
0.475 0.8 -0.0422616 0.186138 0 0 255
0.5 0.8 -0.0385664 0.18848 0 0 255
-0.5 0.775 -0.198934 -0.249357 0 0 255
-0.475 0.775 -0.201276 -0.246167 0 0 255
-0.45 0.775 -0.203751 -0.242675 0 0 255
-0.425 0.775 -0.20635 -0.238846 0 0 255
-0.4 0.775 -0.20906 -0.234642 0 0 255
-0.375 0.775 -0.211864 -0.230011 0 0 255
-0.35 0.775 -0.214742 -0.224893 0 0 255
-0.325 0.775 -0.217667 -0.219208 0 0 255
-0.3 0.775 -0.220604 -0.212853 0 0 255
-0.275 0.775 -0.223511 -0.205702 0 0 255
-0.25 0.775 -0.226333 -0.19759 0 0 255
-0.225 0.775 -0.228989 -0.188315 0 0 255
-0.2 0.775 -0.231362 -0.177631 0 0 255
-0.175 0.775 -0.233291 -0.165239 0 0 255
-0.15 0.775 -0.234591 -0.150852 0 0 255
-0.125 0.775 -0.235234 -0.134699 0 0 255
-0.1 0.775 -0.235806 -0.120043 0 0 255
-0.075 0.775 -0.23731 -0.116384 0 0 255
-0.05 0.775 -0.223561 -0.0857402 0 0 255
-0.025 0.775 -0.209799 -0.0551175 0 0 255
0 0.775 -0.196042 -0.0245171 0 0 255
0.025 0.775 -0.182288 0.00606092 0 0 255
0.05 0.775 -0.168539 0.036618 0 0 255
0.075 0.775 -0.154802 0.0671564 0 0 255
0.1 0.775 -0.140911 0.0975642 0 0 255
0.125 0.775 -0.136438 0.100556 0 0 255
0.15 0.775 -0.123211 0.111752 0 0 255
0.175 0.775 -0.109439 0.125122 0 0 255
0.2 0.775 -0.0982822 0.136806 0 0 255
0.225 0.775 -0.0893694 0.146344 0 0 255
0.25 0.775 -0.0819099 0.154138 0 0 255
0.275 0.775 -0.0753496 0.160624 0 0 255
0.3 0.775 -0.0693649 0.166131 0 0 255
0.325 0.775 -0.0637812 0.170889 0 0 255
0.35 0.775 -0.0585118 0.175061 0 0 255
0.375 0.775 -0.0535186 0.178758 0 0 255
0.4 0.775 -0.0487889 0.182061 0 0 255
0.425 0.775 -0.0443214 0.185029 0 0 255
0.45 0.775 -0.0401184 0.187706 0 0 255
0.475 0.775 -0.0361818 0.190127 0 0 255
0.5 0.775 -0.0325108 0.192319 0 0 255
-0.5 0.75 -0.194985 -0.254734 0 0 255
-0.475 0.75 -0.197308 -0.251768 0 0 255
-0.45 0.75 -0.1998 -0.248496 0 0 255
-0.425 0.75 -0.202456 -0.244887 0 0 255
-0.4 0.75 -0.205268 -0.240901 0 0 255
-0.375 0.75 -0.208222 -0.23649 0 0 255
-0.35 0.75 -0.211296 -0.231593 0 0 255
-0.325 0.75 -0.214466 -0.226133 0 0 255
-0.3 0.75 -0.217696 -0.220005 0 0 255
-0.275 0.75 -0.220947 -0.213075 0 0 255
-0.25 0.75 -0.224164 -0.205164 0 0 255
-0.225 0.75 -0.227271 -0.196047 0 0 255
-0.2 0.75 -0.230146 -0.185445 0 0 255
-0.175 0.75 -0.232589 -0.172999 0 0 255
-0.15 0.75 -0.234298 -0.158205 0 0 255
-0.125 0.75 -0.235011 -0.140409 0 0 255
-0.1 0.75 -0.2353 -0.121273 0 0 255
-0.075 0.75 -0.23731 -0.116384 0 0 255
-0.05 0.75 -0.223561 -0.0857402 0 0 255
-0.025 0.75 -0.209799 -0.0551175 0 0 255
0 0.75 -0.196042 -0.0245171 0 0 255
0.025 0.75 -0.182288 0.00606092 0 0 255
0.05 0.75 -0.168539 0.036618 0 0 255
0.075 0.75 -0.154802 0.0671564 0 0 255
0.1 0.75 -0.140911 0.0975642 0 0 255
0.125 0.75 -0.134934 0.101562 0 0 255
0.15 0.75 -0.118057 0.116114 0 0 255
0.175 0.75 -0.10317 0.131209 0 0 255
0.2 0.75 -0.0921248 0.143254 0 0 255
0.225 0.75 -0.0834681 0.152659 0 0 255
0.25 0.75 -0.0761227 0.160186 0 0 255
0.275 0.75 -0.0695179 0.16639 0 0 255
0.3 0.75 -0.0633802 0.171637 0 0 255
0.325 0.75 -0.0575921 0.176164 0 0 255
0.35 0.75 -0.0521139 0.180126 0 0 255
0.375 0.75 -0.0469411 0.183628 0 0 255
0.4 0.75 -0.0420821 0.186745 0 0 255
0.425 0.75 -0.0375461 0.18953 0 0 255
0.45 0.75 -0.0333379 0.192025 0 0 255
0.475 0.75 -0.0294564 0.194262 0 0 255
0.5 0.75 -0.0258945 0.196271 0 0 255
-0.5 0.725 -0.1907 -0.260206 0 0 255
-0.475 0.725 -0.192934 -0.25751 0 0 255
-0.45 0.725 -0.195375 -0.254508 0 0 255
-0.425 0.725 -0.198027 -0.251165 0 0 255
-0.4 0.725 -0.200888 -0.247443 0 0 255
-0.375 0.725 -0.203948 -0.243296 0 0 255
-0.35 0.725 -0.207192 -0.238665 0 0 255
-0.325 0.725 -0.210593 -0.233477 0 0 255
-0.3 0.725 -0.21412 -0.22763 0 0 255
-0.275 0.725 -0.21773 -0.220985 0 0 255
-0.25 0.725 -0.221374 -0.21335 0 0 255
-0.225 0.725 -0.224987 -0.20447 0 0 255
-0.2 0.725 -0.228462 -0.194026 0 0 255
-0.175 0.725 -0.23159 -0.181648 0 0 255
-0.15 0.725 -0.233953 -0.166826 0 0 255
-0.125 0.725 -0.234893 -0.148249 0 0 255
-0.1 0.725 -0.234497 -0.123226 0 0 255
-0.075 0.725 -0.23731 -0.116384 0 0 255
-0.05 0.725 -0.223561 -0.0857402 0 0 255
-0.025 0.725 -0.209799 -0.0551175 0 0 255
0 0.725 -0.196042 -0.0245171 0 0 255
0.025 0.725 -0.182288 0.00606092 0 0 255
0.05 0.725 -0.168539 0.036618 0 0 255
0.075 0.725 -0.154802 0.0671564 0 0 255
0.1 0.725 -0.140911 0.0975642 0 0 255
0.125 0.725 -0.132547 0.103159 0 0 255
0.15 0.725 -0.111142 0.122076 0 0 255
0.175 0.725 -0.0959581 0.138521 0 0 255
0.2 0.725 -0.0854394 0.150545 0 0 255
0.225 0.725 -0.0770799 0.159599 0 0 255
0.25 0.725 -0.0697271 0.166739 0 0 255
0.275 0.725 -0.0629131 0.172594 0 0 255
0.3 0.725 -0.0564757 0.17754 0 0 255
0.325 0.725 -0.0503836 0.181801 0 0 255
0.35 0.725 -0.0446541 0.185521 0 0 255
0.375 0.725 -0.0393149 0.188792 0 0 255
0.4 0.725 -0.0343869 0.191681 0 0 255
0.425 0.725 -0.029878 0.194238 0 0 255
0.45 0.725 -0.0257839 0.196503 0 0 255
0.475 0.725 -0.0220893 0.198509 0 0 255
0.5 0.725 -0.0187717 0.200288 0 0 255
-0.5 0.7 -0.186155 -0.265689 0 0 255
-0.475 0.7 -0.188205 -0.263326 0 0 255
-0.45 0.7 -0.190496 -0.260658 0 0 255
-0.425 0.7 -0.193045 -0.257648 0 0 255
-0.4 0.7 -0.195862 -0.254254 0 0 255
-0.375 0.7 -0.198949 -0.250432 0 0 255
-0.35 0.7 -0.2023 -0.246126 0 0 255
-0.325 0.7 -0.205894 -0.241268 0 0 255
-0.3 0.7 -0.209699 -0.235767 0 0 255
-0.275 0.7 -0.213672 -0.229488 0 0 255
-0.25 0.7 -0.217762 -0.222231 0 0 255
-0.225 0.7 -0.221916 -0.2137 0 0 255
-0.2 0.7 -0.226068 -0.203498 0 0 255
-0.175 0.7 -0.230069 -0.191192 0 0 255
-0.15 0.7 -0.233464 -0.176486 0 0 255
-0.125 0.7 -0.235057 -0.158606 0 0 255
-0.1 0.7 -0.23311 -0.126599 0 0 255
-0.075 0.7 -0.23731 -0.116384 0 0 255
-0.05 0.7 -0.223561 -0.0857402 0 0 255
-0.025 0.7 -0.209799 -0.0551175 0 0 255
0 0.7 -0.196042 -0.0245171 0 0 255
0.025 0.7 -0.182288 0.00606092 0 0 255
0.05 0.7 -0.168539 0.036618 0 0 255
0.075 0.7 -0.154802 0.0671564 0 0 255
0.1 0.7 -0.140911 0.0975642 0 0 255
0.125 0.7 -0.128423 0.105917 0 0 255
0.15 0.7 -0.102283 0.129905 0 0 255
0.175 0.7 -0.0880623 0.147073 0 0 255
0.2 0.7 -0.0782871 0.158722 0 0 255
0.225 0.7 -0.0700307 0.167234 0 0 255
0.25 0.7 -0.0623743 0.173878 0 0 255
0.275 0.7 -0.0550873 0.17932 0 0 255
0.3 0.7 -0.048178 0.183914 0 0 255
0.325 0.7 -0.041719 0.187862 0 0 255
0.35 0.7 -0.035777 0.191284 0 0 255
0.375 0.7 -0.0303903 0.19426 0 0 255
0.4 0.7 -0.0255664 0.196852 0 0 255
0.425 0.7 -0.0212876 0.199109 0 0 255
0.45 0.7 -0.0175194 0.201074 0 0 255
0.475 0.7 -0.0142176 0.202785 0 0 255
0.5 0.7 -0.0113341 0.204276 0 0 255
-0.5 0.675 -0.181507 -0.271046 0 0 255
-0.475 0.675 -0.183255 -0.269089 0 0 255
-0.45 0.675 -0.185263 -0.266839 0 0 255
-0.425 0.675 -0.187565 -0.26425 0 0 255
-0.4 0.675 -0.190189 -0.261278 0 0 255
-0.375 0.675 -0.193161 -0.257871 0 0 255
-0.35 0.675 -0.196493 -0.253973 0 0 255
-0.325 0.675 -0.200184 -0.249523 0 0 255
-0.3 0.675 -0.20421 -0.244444 0 0 255
-0.275 0.675 -0.208524 -0.238624 0 0 255
-0.25 0.675 -0.213061 -0.231883 0 0 255
-0.225 0.675 -0.217763 -0.223902 0 0 255
-0.2 0.675 -0.222606 -0.214146 0 0 255
-0.175 0.675 -0.227602 -0.201878 0 0 255
-0.15 0.675 -0.232549 -0.186758 0 0 255
-0.125 0.675 -0.235797 -0.170773 0 0 255
-0.1 0.675 -0.230378 -0.133244 0 0 255
-0.075 0.675 -0.23731 -0.116384 255 0 0
-0.05 0.675 -0.223561 -0.0857402 255 0 0
-0.025 0.675 -0.209799 -0.0551175 255 0 0
0 0.675 -0.196042 -0.0245171 255 0 0
0.025 0.675 -0.182288 0.00606092 255 0 0
0.05 0.675 -0.168539 0.036618 255 0 0
0.075 0.675 -0.154802 0.0671564 255 0 0
0.1 0.675 -0.140911 0.0975642 255 0 0
0.125 0.675 -0.120299 0.111351 0 0 255
0.15 0.675 -0.0923464 0.139024 0 0 255
0.175 0.675 -0.0798929 0.156935 0 0 255
0.2 0.675 -0.0705105 0.167989 0 0 255
0.225 0.675 -0.0617744 0.175746 0 0 255
0.25 0.675 -0.0532946 0.181758 0 0 255
0.275 0.675 -0.0452127 0.186693 0 0 255
0.3 0.675 -0.0377429 0.190854 0 0 255
0.325 0.675 -0.031032 0.194394 0 0 255
0.35 0.675 -0.0251363 0.197411 0 0 255
0.375 0.675 -0.0200407 0.199979 0 0 255
0.4 0.675 -0.0156852 0.202161 0 0 255
0.425 0.675 -0.0119883 0.204014 0 0 255
0.45 0.675 -0.00886224 0.205589 0 0 255
0.475 0.675 -0.00622275 0.206929 0 0 255
0.5 0.675 -0.00399342 0.208072 0 0 255
-0.5 0.65 -0.177033 -0.276057 0 0 255
-0.475 0.65 -0.178355 -0.27458 0 0 255
-0.45 0.65 -0.179926 -0.27284 0 0 255
-0.425 0.65 -0.181793 -0.270788 0 0 255
-0.4 0.65 -0.184008 -0.268366 0 0 255
-0.375 0.65 -0.186628 -0.265512 0 0 255
-0.35 0.65 -0.189705 -0.262157 0 0 255
-0.325 0.65 -0.193281 -0.258233 0 0 255
-0.3 0.65 -0.197369 -0.253672 0 0 255
-0.275 0.65 -0.201943 -0.248401 0 0 255
-0.25 0.65 -0.206917 -0.242313 0 0 255
-0.225 0.65 -0.212167 -0.235176 0 0 255
-0.2 0.65 -0.217609 -0.226415 0 0 255
-0.175 0.65 -0.223416 -0.214671 0 0 255
-0.15 0.65 -0.23032 -0.197726 0 0 255
-0.125 0.65 -0.237249 -0.180829 255 0 0
-0.1 0.65 -0.223446 -0.150104 255 0 0
-0.075 0.65 -0.209665 -0.119423 255 0 0
-0.05 0.65 -0.195895 -0.08877 255 0 0
-0.025 0.65 -0.18213 -0.0581419 255 0 0
0 0.65 -0.16837 -0.0275375 255 0 0
0.025 0.65 -0.154614 0.00304348 255 0 0
0.05 0.65 -0.140863 0.0336026 255 0 0
0.075 0.65 -0.127115 0.064141 255 0 0
0.1 0.65 -0.113369 0.0946574 255 0 0
0.125 0.65 -0.0996861 0.125139 255 0 0
0.15 0.65 -0.0848566 0.146439 255 0 0
0.175 0.65 -0.0713483 0.169224 0 0 255
0.2 0.65 -0.0611282 0.179043 0 0 255
0.225 0.65 -0.050793 0.185497 0 0 255
0.25 0.65 -0.0408237 0.1906 0 0 255
0.275 0.65 -0.0318605 0.194847 0 0 255
0.3 0.65 -0.0242084 0.198393 0 0 255
0.325 0.65 -0.0178866 0.201329 0 0 255
0.35 0.65 -0.0127609 0.203744 0 0 255
0.375 0.65 -0.00864281 0.205722 0 0 255
0.4 0.65 -0.00534324 0.207342 0 0 255
0.425 0.65 -0.00269603 0.208673 0 0 255
0.45 0.65 -0.000563979 0.20977 0 0 255
0.475 0.65 0.00116246 0.210679 0 0 255
0.5 0.65 0.00256925 0.211436 0 0 255
-0.5 0.625 -0.173133 -0.280414 0 0 255
-0.475 0.625 -0.17395 -0.279459 0 0 255
-0.45 0.625 -0.174956 -0.278305 0 0 255
-0.425 0.625 -0.176201 -0.2769 0 0 255
-0.4 0.625 -0.177752 -0.275182 0 0 255
-0.375 0.625 -0.179691 -0.273074 0 0 255
-0.35 0.625 -0.182117 -0.270484 0 0 255
-0.325 0.625 -0.185146 -0.267309 0 0 255
-0.3 0.625 -0.188891 -0.263445 0 0 255
-0.275 0.625 -0.193434 -0.258815 0 0 255
-0.25 0.625 -0.198762 -0.253395 0 0 255
-0.225 0.625 -0.204678 -0.247234 0 0 255
-0.2 0.625 -0.210746 -0.240295 0 0 255
-0.175 0.625 -0.216513 -0.231616 0 0 255
-0.15 0.625 -0.223392 -0.214622 255 0 0
-0.125 0.625 -0.209572 -0.183869 255 0 0
-0.1 0.625 -0.195785 -0.153155 255 0 0
-0.075 0.625 -0.182004 -0.122466 255 0 0
-0.05 0.625 -0.16823 -0.0918038 255 0 0
-0.025 0.625 -0.154461 -0.0611685 255 0 0
0 0.625 -0.140698 -0.0305587 255 0 0
0.025 0.625 -0.12694 2.64158e-05 255 0 0
0.05 0.625 -0.113186 0.0305884 255 0 0
0.075 0.625 -0.0994348 0.0611291 255 0 0
0.1 0.625 -0.0856873 0.0916501 255 0 0
0.125 0.625 -0.0719415 0.122153 255 0 0
0.15 0.625 -0.0581946 0.152584 255 0 0
0.175 0.625 -0.05784 0.192009 255 0 0
0.2 0.625 -0.0462325 0.193354 0 0 255
0.225 0.625 -0.0328022 0.196733 0 0 255
0.25 0.625 -0.0216518 0.200412 0 0 255
0.275 0.625 -0.0133577 0.203614 0 0 255
0.3 0.625 -0.00739897 0.206182 0 0 255
0.325 0.625 -0.00313474 0.208181 0 0 255
0.35 0.625 -5.47429e-05 0.209729 0 0 255
0.375 0.625 0.00220264 0.210931 0 0 255
0.4 0.625 0.00388441 0.211874 0 0 255
0.425 0.625 0.00515816 0.21262 0 0 255
0.45 0.625 0.00613823 0.213218 0 0 255
0.475 0.625 0.00690359 0.213702 0 0 255
0.5 0.625 0.00750954 0.214097 0 0 255
-0.5 0.6 -0.170263 -0.283766 0 0 255
-0.475 0.6 -0.170605 -0.283299 0 0 255
-0.45 0.6 -0.17104 -0.282721 0 0 255
-0.425 0.6 -0.1716 -0.281996 0 0 255
-0.4 0.6 -0.172331 -0.281077 0 0 255
-0.375 0.6 -0.1733 -0.279896 0 0 255
-0.35 0.6 -0.174609 -0.278356 0 0 255
-0.325 0.6 -0.176406 -0.276324 0 0 255
-0.3 0.6 -0.17891 -0.273617 0 0 255
-0.275 0.6 -0.182436 -0.270002 0 0 255
-0.25 0.6 -0.187386 -0.265244 0 0 255
-0.225 0.6 -0.194115 -0.259312 0 0 255
-0.2 0.6 -0.202341 -0.252946 0 0 255
-0.175 0.6 -0.209634 -0.248609 255 0 0
-0.15 0.6 -0.195708 -0.217683 255 0 0
-0.125 0.6 -0.181914 -0.186936 255 0 0
-0.1 0.6 -0.168125 -0.156211 255 0 0
-0.075 0.6 -0.154342 -0.125512 255 0 0
-0.05 0.6 -0.140565 -0.0948407 255 0 0
-0.025 0.6 -0.126794 -0.0641973 255 0 0
0 0.6 -0.113027 -0.0335809 255 0 0
0.025 0.6 -0.0992647 -0.00299043 255 0 0
0.05 0.6 -0.0855062 0.027576 255 0 0
0.075 0.6 -0.0717508 0.0581203 255 0 0
0.1 0.6 -0.057998 0.0886447 255 0 0
0.125 0.6 -0.0442467 0.119152 255 0 0
0.15 0.6 -0.0304977 0.149648 255 0 0
0.175 0.6 -0.0167152 0.179988 255 0 0
0.2 0.6 -0.00291273 0.198375 0 0 255
0.225 0.6 0.00252753 0.205622 0 0 255
0.25 0.6 0.00528903 0.209301 0 0 255
0.275 0.6 0.00688749 0.21143 0 0 255
0.3 0.6 0.00789467 0.212772 0 0 255
0.325 0.6 0.008569 0.21367 0 0 255
0.35 0.6 0.00904173 0.2143 0 0 255
0.375 0.6 0.0093854 0.214758 0 0 255
0.4 0.6 0.00964271 0.2151 0 0 255
0.425 0.6 0.00984013 0.215363 0 0 255
0.45 0.6 0.00999475 0.215569 0 0 255
0.475 0.6 0.010118 0.215733 0 0 255
0.5 0.6 0.0102178 0.215866 0 0 255
-0.5 0.575 -0.16873 -0.285855 0 0 255
-0.475 0.575 -0.168779 -0.285728 0 0 255
-0.45 0.575 -0.168839 -0.285571 0 0 255
-0.425 0.575 -0.168914 -0.285374 0 0 255
-0.4 0.575 -0.16901 -0.285123 0 0 255
-0.375 0.575 -0.169135 -0.284795 0 0 255
-0.35 0.575 -0.169303 -0.284357 0 0 255
-0.325 0.575 -0.169533 -0.283755 0 0 255
-0.3 0.575 -0.169861 -0.282896 0 0 255
-0.275 0.575 -0.170352 -0.281613 0 0 255
-0.25 0.575 -0.17113 -0.279577 0 0 255
-0.225 0.575 -0.172475 -0.27606 0 0 255
-0.2 0.575 -0.175123 -0.26913 0 0 255
-0.175 0.575 -0.181844 -0.25155 255 0 0
-0.15 0.575 -0.16805 -0.220768 255 0 0
-0.125 0.575 -0.154256 -0.190008 255 0 0
-0.1 0.575 -0.140466 -0.159272 255 0 0
-0.075 0.575 -0.126681 -0.128563 255 0 0
-0.05 0.575 -0.112901 -0.0978815 255 0 0
-0.025 0.575 -0.0991259 -0.0672293 255 0 0
0 0.575 -0.0853552 -0.0366054 255 0 0
0.025 0.575 -0.0715883 -0.0060083 255 0 0
0.05 0.575 -0.0578244 0.0245638 255 0 0
0.075 0.575 -0.0440628 0.055113 255 0 0
0.1 0.575 -0.0303031 0.0856418 255 0 0
0.125 0.575 -0.0165448 0.116153 255 0 0
0.15 0.575 -0.00278755 0.146649 255 0 0
0.175 0.575 0.0109647 0.177102 255 0 0
0.2 0.575 0.0108897 0.216761 255 0 0
0.225 0.575 0.0108897 0.216761 0 0 255
0.25 0.575 0.0108897 0.216761 0 0 255
0.275 0.575 0.0108897 0.216761 0 0 255
0.3 0.575 0.0108897 0.216761 0 0 255
0.325 0.575 0.0108897 0.216761 0 0 255
0.35 0.575 0.0108897 0.216761 0 0 255
0.375 0.575 0.0108897 0.216761 0 0 255
0.4 0.575 0.0108897 0.216761 0 0 255
0.425 0.575 0.0108897 0.216761 0 0 255
0.45 0.575 0.0108897 0.216761 0 0 255
0.475 0.575 0.0108897 0.216761 0 0 255
0.5 0.575 0.0108897 0.216761 0 0 255
-0.5 0.55 -0.168403 -0.286711 0 0 255
-0.475 0.55 -0.168403 -0.286711 0 0 255
-0.45 0.55 -0.168403 -0.286711 0 0 255
-0.425 0.55 -0.168403 -0.286711 0 0 255
-0.4 0.55 -0.168403 -0.286711 0 0 255
-0.375 0.55 -0.168403 -0.286711 0 0 255
-0.35 0.55 -0.168403 -0.286711 0 0 255
-0.325 0.55 -0.168403 -0.286711 0 0 255
-0.3 0.55 -0.168403 -0.286711 0 0 255
-0.275 0.55 -0.168403 -0.286711 0 0 255
-0.25 0.55 -0.168403 -0.286711 0 0 255
-0.225 0.55 -0.168403 -0.286711 0 0 255
-0.2 0.55 -0.168403 -0.286711 255 0 0
-0.175 0.55 -0.154192 -0.254655 255 0 0
-0.15 0.55 -0.140394 -0.223861 255 0 0
-0.125 0.55 -0.126598 -0.193088 255 0 0
-0.1 0.55 -0.112807 -0.16234 255 0 0
-0.075 0.55 -0.0990192 -0.131619 255 0 0
-0.05 0.55 -0.0852363 -0.100928 255 0 0
-0.025 0.55 -0.0714574 -0.0702661 255 0 0
0 0.55 -0.0576821 -0.0396335 255 0 0
0.025 0.55 -0.0439096 -0.00902874 255 0 0
0.05 0.55 -0.0301393 0.0215503 255 0 0
0.075 0.55 -0.0163703 0.0521057 255 0 0
0.1 0.55 -0.00260232 0.0826402 255 0 0
0.125 0.55 0.0111649 0.113156 255 0 0
0.15 0.55 0.0249308 0.143657 255 0 0
0.175 0.55 0.0386927 0.174151 255 0 0
0.2 0.55 0.0523066 0.204429 255 0 0
0.225 0.55 0.0523066 0.204429 0 0 255
0.25 0.55 0.0523066 0.204429 0 0 255
0.275 0.55 0.0523066 0.204429 0 0 255
0.3 0.55 0.0523066 0.204429 0 0 255
0.325 0.55 0.0523066 0.204429 0 0 255
0.35 0.55 0.0523066 0.204429 0 0 255
0.375 0.55 0.0523066 0.204429 0 0 255
0.4 0.55 0.0523066 0.204429 0 0 255
0.425 0.55 0.0523066 0.204429 0 0 255
0.45 0.55 0.0523066 0.204429 0 0 255
0.475 0.55 0.0523066 0.204429 0 0 255
0.5 0.55 0.0523066 0.204429 0 0 255
-0.5 0.525 -0.140317 -0.28868 0 0 255
-0.475 0.525 -0.140317 -0.28868 0 0 255
-0.45 0.525 -0.140317 -0.28868 0 0 255
-0.425 0.525 -0.140317 -0.28868 0 0 255
-0.4 0.525 -0.140317 -0.28868 0 0 255
-0.375 0.525 -0.140317 -0.28868 0 0 255
-0.35 0.525 -0.140317 -0.28868 0 0 255
-0.325 0.525 -0.140317 -0.28868 0 0 255
-0.3 0.525 -0.140317 -0.28868 0 0 255
-0.275 0.525 -0.140317 -0.28868 0 0 255
-0.25 0.525 -0.140317 -0.28868 0 0 255
-0.225 0.525 -0.140317 -0.28868 0 0 255
-0.2 0.525 -0.140317 -0.28868 255 0 0
-0.175 0.525 -0.126536 -0.257767 255 0 0
-0.15 0.525 -0.112737 -0.226961 255 0 0
-0.125 0.525 -0.0989396 -0.196175 255 0 0
-0.1 0.525 -0.085146 -0.165415 255 0 0
-0.075 0.525 -0.0713561 -0.134683 255 0 0
-0.05 0.525 -0.0575698 -0.103981 255 0 0
-0.025 0.525 -0.0437867 -0.073309 255 0 0
0 0.525 -0.0300062 -0.042667 255 0 0
0.025 0.525 -0.0162275 -0.0120534 255 0 0
0.05 0.525 -0.00244988 0.0185337 255 0 0
0.075 0.525 0.0113274 0.0490968 255 0 0
0.1 0.525 0.025105 0.0796382 255 0 0
0.125 0.525 0.0388832 0.110161 255 0 0
0.15 0.525 0.0526617 0.140667 255 0 0
0.175 0.525 0.0664408 0.171161 255 0 0
0.2 0.525 0.0802367 0.201547 255 0 0
0.225 0.525 0.0802367 0.201547 0 0 255
0.25 0.525 0.0802367 0.201547 0 0 255
0.275 0.525 0.0802367 0.201547 0 0 255
0.3 0.525 0.0802367 0.201547 0 0 255
0.325 0.525 0.0802367 0.201547 0 0 255
0.35 0.525 0.0802367 0.201547 0 0 255
0.375 0.525 0.0802367 0.201547 0 0 255
0.4 0.525 0.0802367 0.201547 0 0 255
0.425 0.525 0.0802367 0.201547 0 0 255
0.45 0.525 0.0802367 0.201547 0 0 255
0.475 0.525 0.0802367 0.201547 0 0 255
0.5 0.525 0.0802367 0.201547 0 0 255
-0.5 0.5 -0.112678 -0.291729 0 0 255
-0.475 0.5 -0.112678 -0.291729 0 0 255
-0.45 0.5 -0.112678 -0.291729 0 0 255
-0.425 0.5 -0.112678 -0.291729 0 0 255
-0.4 0.5 -0.112678 -0.291729 0 0 255
-0.375 0.5 -0.112678 -0.291729 0 0 255
-0.35 0.5 -0.112678 -0.291729 0 0 255
-0.325 0.5 -0.112678 -0.291729 0 0 255
-0.3 0.5 -0.112678 -0.291729 0 0 255
-0.275 0.5 -0.112678 -0.291729 0 0 255
-0.25 0.5 -0.112678 -0.291729 0 0 255
-0.225 0.5 -0.112678 -0.291729 0 0 255
-0.2 0.5 -0.112678 -0.291729 255 0 0
-0.175 0.5 -0.0988784 -0.260883 255 0 0
-0.15 0.5 -0.0850775 -0.230067 255 0 0
-0.125 0.5 -0.0712785 -0.19927 255 0 0
-0.1 0.5 -0.0574826 -0.168499 255 0 0
-0.075 0.5 -0.0436898 -0.137755 255 0 0
-0.05 0.5 -0.0298998 -0.107042 255 0 0
-0.025 0.5 -0.0161121 -0.0763595 255 0 0
0 0.5 -0.00232594 -0.0457073 255 0 0
0.025 0.5 0.0114595 -0.0150839 255 0 0
0.05 0.5 0.025245 0.0155125 255 0 0
0.075 0.5 0.0390313 0.0460844 255 0 0
0.1 0.5 0.0528191 0.0766342 255 0 0
0.125 0.5 0.0666085 0.107164 255 0 0
0.15 0.5 0.0803995 0.137676 255 0 0
0.175 0.5 0.0941917 0.168173 255 0 0
0.2 0.5 0.107993 0.198615 255 0 0
0.225 0.5 0.107993 0.198615 0 0 255
0.25 0.5 0.107993 0.198615 0 0 255
0.275 0.5 0.107993 0.198615 0 0 255
0.3 0.5 0.107993 0.198615 0 0 255
0.325 0.5 0.107993 0.198615 0 0 255
0.35 0.5 0.107993 0.198615 0 0 255
0.375 0.5 0.107993 0.198615 0 0 255
0.4 0.5 0.107993 0.198615 0 0 255
0.425 0.5 0.107993 0.198615 0 0 255
0.45 0.5 0.107993 0.198615 0 0 255
0.475 0.5 0.107993 0.198615 0 0 255
0.5 0.5 0.107993 0.198615 0 0 255
-0.5 0.475 -0.0850294 -0.294888 0 0 255
-0.475 0.475 -0.0850294 -0.294888 0 0 255
-0.45 0.475 -0.0850294 -0.294888 0 0 255
-0.425 0.475 -0.0850294 -0.294888 0 0 255
-0.4 0.475 -0.0850294 -0.294888 0 0 255
-0.375 0.475 -0.0850294 -0.294888 0 0 255
-0.35 0.475 -0.0850294 -0.294888 0 0 255
-0.325 0.475 -0.0850294 -0.294888 0 0 255
-0.3 0.475 -0.0850294 -0.294888 0 0 255
-0.275 0.475 -0.0850294 -0.294888 0 0 255
-0.25 0.475 -0.0850294 -0.294888 0 0 255
-0.225 0.475 -0.0850294 -0.294888 0 0 255
-0.2 0.475 -0.0850294 -0.294888 255 0 0
-0.175 0.475 -0.0712192 -0.264011 255 0 0
-0.15 0.475 -0.0574149 -0.233183 255 0 0
-0.125 0.475 -0.0436131 -0.202375 255 0 0
-0.1 0.475 -0.0298144 -0.171592 255 0 0
-0.075 0.475 -0.0160183 -0.140837 255 0 0
-0.05 0.475 -0.00222431 -0.110112 255 0 0
-0.025 0.475 0.0115683 -0.0794189 255 0 0
0 0.475 0.0253605 -0.0487559 255 0 0
0.025 0.475 0.039153 -0.0181219 255 0 0
0.05 0.475 0.0529466 0.0124849 255 0 0
0.075 0.475 0.0667421 0.0430671 255 0 0
0.1 0.475 0.0805403 0.0736268 255 0 0
0.125 0.475 0.0943412 0.104166 255 0 0
0.15 0.475 0.108144 0.134686 255 0 0
0.175 0.475 0.121948 0.165186 255 0 0
0.2 0.475 0.135764 0.195615 255 0 0
0.225 0.475 0.135764 0.195615 0 0 255
0.25 0.475 0.135764 0.195615 0 0 255
0.275 0.475 0.135764 0.195615 0 0 255
0.3 0.475 0.135764 0.195615 0 0 255
0.325 0.475 0.135764 0.195615 0 0 255
0.35 0.475 0.135764 0.195615 0 0 255
0.375 0.475 0.135764 0.195615 0 0 255
0.4 0.475 0.135764 0.195615 0 0 255
0.425 0.475 0.135764 0.195615 0 0 255
0.45 0.475 0.135764 0.195615 0 0 255
0.475 0.475 0.135764 0.195615 0 0 255
0.5 0.475 0.135764 0.195615 0 0 255
-0.5 0.45 -0.0574297 -0.298275 0 0 255
-0.475 0.45 -0.0574297 -0.298275 0 0 255
-0.45 0.45 -0.0574297 -0.298275 0 0 255
-0.425 0.45 -0.0574297 -0.298275 0 0 255
-0.4 0.45 -0.0574297 -0.298275 0 0 255
-0.375 0.45 -0.0574297 -0.298275 0 0 255
-0.35 0.45 -0.0574297 -0.298275 0 0 255
-0.325 0.45 -0.0574297 -0.298275 0 0 255
-0.3 0.45 -0.0574297 -0.298275 0 0 255
-0.275 0.45 -0.0574297 -0.298275 0 0 255
-0.25 0.45 -0.0574297 -0.298275 0 0 255
-0.225 0.45 -0.0574297 -0.298275 0 0 255
-0.2 0.45 -0.0574297 -0.298275 255 0 0
-0.175 0.45 -0.0435552 -0.267149 255 0 0
-0.15 0.45 -0.0297465 -0.236308 255 0 0
-0.125 0.45 -0.0159413 -0.205489 255 0 0
-0.1 0.45 -0.00213932 -0.174694 255 0 0
-0.075 0.45 0.0116603 -0.143928 255 0 0
-0.05 0.45 0.0254585 -0.113193 255 0 0
-0.025 0.45 0.0392564 -0.0824882 255 0 0
0 0.45 0.0530547 -0.051814 255 0 0
0.025 0.45 0.0668543 -0.0211689 255 0 0
0.05 0.45 0.080656 0.00944943 255 0 0
0.075 0.45 0.0944608 0.0400432 255 0 0
0.1 0.45 0.108269 0.0706146 255 0 0
0.125 0.45 0.122082 0.101166 255 0 0
0.15 0.45 0.135897 0.131697 255 0 0
0.175 0.45 0.149711 0.162202 255 0 0
0.2 0.45 0.163637 0.192408 255 0 0
0.225 0.45 0.163637 0.192408 0 0 255
0.25 0.45 0.163637 0.192408 0 0 255
0.275 0.45 0.163637 0.192408 0 0 255
0.3 0.45 0.163637 0.192408 0 0 255
0.325 0.45 0.163637 0.192408 0 0 255
0.35 0.45 0.163637 0.192408 0 0 255
0.375 0.45 0.163637 0.192408 0 0 255
0.4 0.45 0.163637 0.192408 0 0 255
0.425 0.45 0.163637 0.192408 0 0 255
0.45 0.45 0.163637 0.192408 0 0 255
0.475 0.45 0.163637 0.192408 0 0 255
0.5 0.45 0.163637 0.192408 0 0 255
-0.5 0.425 -0.031386 -0.30825 0 0 255
-0.475 0.425 -0.031386 -0.30825 0 0 255
-0.45 0.425 -0.031386 -0.30825 0 0 255
-0.425 0.425 -0.031386 -0.30825 0 0 255
-0.4 0.425 -0.031386 -0.30825 0 0 255
-0.375 0.425 -0.031386 -0.30825 0 0 255
-0.35 0.425 -0.031386 -0.30825 0 0 255
-0.325 0.425 -0.031386 -0.30825 0 0 255
-0.3 0.425 -0.031386 -0.30825 0 0 255
-0.275 0.425 -0.031386 -0.30825 0 0 255
-0.25 0.425 -0.031386 -0.30825 0 0 255
-0.225 0.425 -0.031386 -0.30825 0 0 255
-0.2 0.425 -0.031386 -0.30825 255 0 0
-0.175 0.425 -0.0158808 -0.27028 255 0 0
-0.15 0.425 -0.00206882 -0.239434 255 0 0
-0.125 0.425 0.0117394 -0.208608 255 0 0
-0.1 0.425 0.0255447 -0.177805 255 0 0
-0.075 0.425 0.0393479 -0.147029 255 0 0
-0.05 0.425 0.0531504 -0.116283 255 0 0
-0.025 0.425 0.0669534 -0.0855677 255 0 0
0 0.425 0.0807579 -0.0548826 255 0 0
0.025 0.425 0.0945646 -0.024226 255 0 0
0.05 0.425 0.108374 0.00640448 255 0 0
0.075 0.425 0.122188 0.0370111 255 0 0
0.1 0.425 0.136006 0.0675963 255 0 0
0.125 0.425 0.149831 0.0981628 255 0 0
0.15 0.425 0.16366 0.128713 255 0 0
0.175 0.425 0.177481 0.159237 255 0 0
0.2 0.425 0.195488 0.179826 255 0 0
0.225 0.425 0.195488 0.179826 0 0 255
0.25 0.425 0.195488 0.179826 0 0 255
0.275 0.425 0.195488 0.179826 0 0 255
0.3 0.425 0.195488 0.179826 0 0 255
0.325 0.425 0.195488 0.179826 0 0 255
0.35 0.425 0.195488 0.179826 0 0 255
0.375 0.425 0.195488 0.179826 0 0 255
0.4 0.425 0.195488 0.179826 0 0 255
0.425 0.425 0.195488 0.179826 0 0 255
0.45 0.425 0.195488 0.179826 0 0 255
0.475 0.425 0.195488 0.179826 0 0 255
0.5 0.425 0.195488 0.179826 0 0 255
-0.5 0.4 -0.0303349 -0.307403 0 0 255
-0.475 0.4 -0.0301788 -0.307277 0 0 255
-0.45 0.4 -0.029986 -0.307122 0 0 255
-0.425 0.4 -0.0297441 -0.306927 0 0 255
-0.4 0.4 -0.0294353 -0.306678 0 0 255
-0.375 0.4 -0.0290328 -0.306354 0 0 255
-0.35 0.4 -0.0284952 -0.305921 0 0 255
-0.325 0.4 -0.0277557 -0.305325 0 0 255
-0.3 0.4 -0.0267008 -0.304475 0 0 255
-0.275 0.4 -0.0251253 -0.303205 0 0 255
-0.25 0.4 -0.0226249 -0.30119 0 0 255
-0.225 0.4 -0.0183051 -0.297709 0 0 255
-0.2 0.4 -0.00979498 -0.29085 0 0 255
-0.175 0.4 0.011796 -0.273451 255 0 0
-0.15 0.4 0.0256193 -0.242564 255 0 0
-0.125 0.4 0.0394306 -0.211733 255 0 0
-0.1 0.4 0.053239 -0.180923 255 0 0
-0.075 0.4 0.0670455 -0.150138 255 0 0
-0.05 0.4 0.0808522 -0.119382 255 0 0
-0.025 0.4 0.0946604 -0.0886576 255 0 0
0 0.4 0.108471 -0.0579623 255 0 0
0.025 0.4 0.122284 -0.0272944 255 0 0
0.05 0.4 0.136101 0.00334866 255 0 0
0.075 0.4 0.149922 0.033969 255 0 0
0.1 0.4 0.163749 0.0645692 255 0 0
0.125 0.4 0.177585 0.0951525 255 0 0
0.15 0.4 0.191433 0.125724 255 0 0
0.175 0.4 0.205552 0.156574 255 0 0
0.2 0.4 0.20052 0.1682 0 0 255
0.225 0.4 0.198537 0.172782 0 0 255
0.25 0.4 0.19753 0.175108 0 0 255
0.275 0.4 0.196947 0.176455 0 0 255
0.3 0.4 0.19658 0.177303 0 0 255
0.325 0.4 0.196334 0.177871 0 0 255
0.35 0.4 0.196162 0.178269 0 0 255
0.375 0.4 0.196037 0.178558 0 0 255
0.4 0.4 0.195943 0.178775 0 0 255
0.425 0.4 0.195871 0.178941 0 0 255
0.45 0.4 0.195814 0.179072 0 0 255
0.475 0.4 0.19577 0.179176 0 0 255
0.5 0.4 0.195733 0.17926 0 0 255
-0.5 0.375 -0.0271204 -0.30561 0 0 255
-0.475 0.375 -0.0264012 -0.305209 0 0 255
-0.45 0.375 -0.0255018 -0.304717 0 0 255
-0.425 0.375 -0.0243622 -0.304106 0 0 255
-0.4 0.375 -0.022898 -0.303338 0 0 255
-0.375 0.375 -0.0209888 -0.302362 0 0 255
-0.35 0.375 -0.0184607 -0.301108 0 0 255
-0.325 0.375 -0.0150631 -0.299478 0 0 255
-0.3 0.375 -0.0104386 -0.297348 0 0 255
-0.275 0.375 -0.00410256 -0.294572 0 0 255
-0.25 0.375 0.00451016 -0.291035 0 0 255
-0.225 0.375 0.0157409 -0.286832 0 0 255
-0.2 0.375 0.0286832 -0.282698 0 0 255
-0.175 0.375 0.0389934 -0.280513 255 0 0
-0.15 0.375 0.0533175 -0.245705 255 0 0
-0.125 0.375 0.0671327 -0.21486 255 0 0
-0.1 0.375 0.0809445 -0.184046 255 0 0
-0.075 0.375 0.0947537 -0.153253 255 0 0
-0.05 0.375 0.108564 -0.12249 255 0 0
-0.025 0.375 0.122377 -0.0917572 255 0 0
0 0.375 0.136194 -0.0610533 255 0 0
0.025 0.375 0.150014 -0.030375 255 0 0
0.05 0.375 0.163836 0.000280781 255 0 0
0.075 0.375 0.177661 0.0309153 255 0 0
0.1 0.375 0.191494 0.0615305 255 0 0
0.125 0.375 0.205337 0.0921305 255 0 0
0.15 0.375 0.219179 0.122695 255 0 0
0.175 0.375 0.26898 0.162878 255 0 0
0.2 0.375 0.254513 0.164002 0 0 255
0.225 0.375 0.239095 0.166421 0 0 255
0.25 0.375 0.226928 0.168964 0 0 255
0.275 0.375 0.218215 0.171141 0 0 255
0.3 0.375 0.212149 0.172868 0 0 255
0.325 0.375 0.207926 0.174204 0 0 255
0.35 0.375 0.20495 0.175232 0 0 255
0.375 0.375 0.202819 0.176028 0 0 255
0.4 0.375 0.201264 0.176649 0 0 255
0.425 0.375 0.200111 0.177139 0 0 255
0.45 0.375 0.19924 0.177531 0 0 255
0.475 0.375 0.198573 0.177847 0 0 255
0.5 0.375 0.198054 0.178105 0 0 255
-0.5 0.35 -0.0215994 -0.302904 0 0 255
-0.475 0.35 -0.0200273 -0.302133 0 0 255
-0.45 0.35 -0.0181105 -0.301208 0 0 255
-0.425 0.35 -0.0157593 -0.300091 0 0 255
-0.4 0.35 -0.0128597 -0.298738 0 0 255
-0.375 0.35 -0.00927026 -0.297094 0 0 255
-0.35 0.35 -0.00482061 -0.295093 0 0 255
-0.325 0.35 0.000681756 -0.292667 0 0 255
-0.3 0.35 0.00742909 -0.289748 0 0 255
-0.275 0.35 0.015563 -0.286288 0 0 255
-0.25 0.35 0.0250895 -0.282275 0 0 255
-0.225 0.35 0.0357907 -0.27772 0 0 255
-0.2 0.35 0.0473086 -0.272485 0 0 255
-0.175 0.35 0.0600878 -0.265478 0 0 255
-0.15 0.35 0.0811822 -0.250442 255 0 0
-0.125 0.35 0.0948468 -0.218011 255 0 0
-0.1 0.35 0.108661 -0.187173 255 0 0
-0.075 0.35 0.122471 -0.156371 255 0 0
-0.05 0.35 0.136284 -0.125601 255 0 0
-0.025 0.35 0.150103 -0.0948647 255 0 0
0 0.35 0.163928 -0.064156 255 0 0
0.025 0.35 0.177754 -0.0334689 255 0 0
0.05 0.35 0.191577 -0.00279941 255 0 0
0.075 0.35 0.205404 0.0278499 255 0 0
0.1 0.35 0.219237 0.0584791 255 0 0
0.125 0.35 0.23311 0.0890921 255 0 0
0.15 0.35 0.261178 0.127884 255 0 0
0.175 0.35 0.265079 0.145381 0 0 255
0.2 0.35 0.260779 0.152958 0 0 255
0.225 0.35 0.252867 0.15787 0 0 255
0.25 0.35 0.243993 0.161665 0 0 255
0.275 0.35 0.235581 0.164758 0 0 255
0.3 0.35 0.228251 0.167295 0 0 255
0.325 0.35 0.222153 0.169368 0 0 255
0.35 0.35 0.217208 0.171053 0 0 255
0.375 0.35 0.213248 0.172422 0 0 255
0.4 0.35 0.210092 0.173536 0 0 255
0.425 0.35 0.207576 0.174444 0 0 255
0.45 0.35 0.205564 0.175189 0 0 255
0.475 0.35 0.203948 0.175804 0 0 255
0.5 0.35 0.202641 0.176314 0 0 255
-0.5 0.325 -0.0142589 -0.299526 0 0 255
-0.475 0.325 -0.0117699 -0.298381 0 0 255
-0.45 0.325 -0.00882574 -0.297043 0 0 255
-0.425 0.325 -0.00533903 -0.295479 0 0 255
-0.4 0.325 -0.00121061 -0.293652 0 0 255
-0.375 0.325 0.00366769 -0.291521 0 0 255
-0.35 0.325 0.00940697 -0.28905 0 0 255
-0.325 0.325 0.0161114 -0.286202 0 0 255
-0.3 0.325 0.0238661 -0.282952 0 0 255
-0.275 0.325 0.0327316 -0.279287 0 0 255
-0.25 0.325 0.0427688 -0.275195 0 0 255
-0.225 0.325 0.0541526 -0.270635 0 0 255
-0.2 0.325 0.0674944 -0.265488 0 0 255
-0.175 0.325 0.0845741 -0.259568 0 0 255
-0.15 0.325 0.10906 -0.253658 0 0 255
-0.125 0.325 0.136939 -0.256875 255 0 0
-0.1 0.325 0.136547 -0.19046 255 0 0
-0.075 0.325 0.150198 -0.159486 255 0 0
-0.05 0.325 0.164009 -0.128712 255 0 0
-0.025 0.325 0.177833 -0.0979775 255 0 0
0 0.325 0.191673 -0.0672715 255 0 0
0.025 0.325 0.205508 -0.0365784 255 0 0
0.05 0.325 0.219323 -0.005892 255 0 0
0.075 0.325 0.233156 0.0247692 255 0 0
0.1 0.325 0.247548 0.0554005 255 0 0
0.125 0.325 0.240329 0.0722463 0 0 255
0.15 0.325 0.256772 0.116126 0 0 255
0.175 0.325 0.261698 0.133477 0 0 255
0.2 0.325 0.261239 0.143218 0 0 255
0.225 0.325 0.25753 0.14971 0 0 255
0.25 0.325 0.252051 0.154549 0 0 255
0.275 0.325 0.245841 0.158398 0 0 255
0.3 0.325 0.239585 0.161562 0 0 255
0.325 0.325 0.233694 0.1642 0 0 255
0.35 0.325 0.228374 0.166412 0 0 255
0.375 0.325 0.223701 0.168269 0 0 255
0.4 0.325 0.219668 0.169829 0 0 255
0.425 0.325 0.216226 0.171143 0 0 255
0.45 0.325 0.213309 0.17225 0 0 255
0.475 0.325 0.210844 0.173186 0 0 255
0.5 0.325 0.208764 0.173979 0 0 255
-0.5 0.3 -0.00579681 -0.29579 0 0 255
-0.475 0.3 -0.00249195 -0.294331 0 0 255
-0.45 0.3 0.00131199 -0.292671 0 0 255
-0.425 0.3 0.00568417 -0.290786 0 0 255
-0.4 0.3 0.0106967 -0.288652 0 0 255
-0.375 0.3 0.016422 -0.286247 0 0 255
-0.35 0.3 0.0229295 -0.283556 0 0 255
-0.325 0.3 0.0302849 -0.280568 0 0 255
-0.3 0.3 0.0385548 -0.277282 0 0 255
-0.275 0.3 0.0478257 -0.273702 0 0 255
-0.25 0.3 0.0582488 -0.269846 0 0 255
-0.225 0.3 0.0701235 -0.265743 0 0 255
-0.2 0.3 0.0840041 -0.26149 0 0 255
-0.175 0.3 0.10066 -0.257456 0 0 255
-0.15 0.3 0.120049 -0.254911 0 0 255
-0.125 0.3 0.136939 -0.256837 0 0 255
-0.1 0.3 0.137222 -0.189154 0 0 255
-0.075 0.3 0.157331 -0.150219 0 0 255
-0.05 0.3 0.18395 -0.115637 0 0 255
-0.025 0.3 0.203892 -0.102561 255 0 0
0 0.3 0.221482 -0.073323 255 0 0
0.025 0.3 0.259706 -0.0563776 255 0 0
0.05 0.3 0.239514 -0.0311348 0 0 255
0.075 0.3 0.234499 0.0129553 0 0 255
0.1 0.3 0.247125 0.0540234 0 0 255
0.125 0.3 0.243009 0.0650599 0 0 255
0.15 0.3 0.25298 0.102056 0 0 255
0.175 0.3 0.258517 0.122011 0 0 255
0.2 0.3 0.260033 0.133822 0 0 255
0.225 0.3 0.258781 0.141766 0 0 255
0.25 0.3 0.255702 0.147614 0 0 255
0.275 0.3 0.251515 0.152193 0 0 255
0.3 0.3 0.246763 0.155925 0 0 255
0.325 0.3 0.241839 0.159042 0 0 255
0.35 0.3 0.237014 0.161683 0 0 255
0.375 0.3 0.232457 0.163937 0 0 255
0.4 0.3 0.228262 0.16587 0 0 255
0.425 0.3 0.224469 0.167532 0 0 255
0.45 0.3 0.221085 0.168963 0 0 255
0.475 0.3 0.218091 0.170197 0 0 255
0.5 0.3 0.215461 0.171264 0 0 255
-0.5 0.275 0.00316289 -0.29197 0 0 255
-0.475 0.275 0.00711571 -0.290284 0 0 255
-0.45 0.275 0.0115648 -0.28841 0 0 255
-0.425 0.275 0.0165605 -0.286334 0 0 255
-0.4 0.275 0.0221535 -0.284045 0 0 255
-0.375 0.275 0.0283934 -0.281536 0 0 255
-0.35 0.275 0.0353299 -0.278806 0 0 255
-0.325 0.275 0.0430166 -0.275862 0 0 255
-0.3 0.275 0.051519 -0.272719 0 0 255
-0.275 0.275 0.0609306 -0.269406 0 0 255
-0.25 0.275 0.0713925 -0.265976 0 0 255
-0.225 0.275 0.0831039 -0.262528 0 0 255
-0.2 0.275 0.0962687 -0.259268 0 0 255
-0.175 0.275 0.110825 -0.256631 0 0 255
-0.15 0.275 0.125631 -0.255429 0 0 255
-0.125 0.275 0.136953 -0.256478 0 0 255
-0.1 0.275 0.139784 -0.184838 0 0 255
-0.075 0.275 0.166828 -0.139275 0 0 255
-0.05 0.275 0.191811 -0.110483 0 0 255
-0.025 0.275 0.203892 -0.102561 0 0 255
0 0.275 0.221482 -0.073323 0 0 255
0.025 0.275 0.259706 -0.0563776 0 0 255
0.05 0.275 0.247473 -0.0410843 0 0 255
0.075 0.275 0.238073 -0.00192928 0 0 255
0.1 0.275 0.246341 0.0491813 0 0 255
0.125 0.275 0.244116 0.0597845 0 0 255
0.15 0.275 0.250378 0.0896485 0 0 255
0.175 0.275 0.255731 0.110933 0 0 255
0.2 0.275 0.258291 0.124556 0 0 255
0.225 0.275 0.258557 0.133892 0 0 255
0.25 0.275 0.25713 0.140753 0 0 255
0.275 0.275 0.254516 0.146077 0 0 255
0.3 0.275 0.251129 0.150379 0 0 255
0.325 0.275 0.247294 0.153956 0 0 255
0.35 0.275 0.243262 0.156987 0 0 255
0.375 0.275 0.239217 0.159588 0 0 255
0.4 0.275 0.23529 0.16184 0 0 255
0.425 0.275 0.231566 0.163799 0 0 255
0.45 0.275 0.228094 0.16551 0 0 255
0.475 0.275 0.224899 0.167007 0 0 255
0.5 0.275 0.221987 0.16832 0 0 255
-0.5 0.25 0.0121697 -0.288258 0 0 255
-0.475 0.25 0.0165995 -0.286432 0 0 255
-0.45 0.25 0.0214981 -0.284442 0 0 255
-0.425 0.25 0.0269018 -0.282283 0 0 255
-0.4 0.25 0.0328467 -0.279955 0 0 255
-0.375 0.25 0.0393694 -0.27746 0 0 255
-0.35 0.25 0.0465084 -0.274808 0 0 255
-0.325 0.25 0.0543075 -0.272019 0 0 255
-0.3 0.25 0.0628205 -0.269121 0 0 255
-0.275 0.25 0.072114 -0.266162 0 0 255
-0.25 0.25 0.0822622 -0.263219 0 0 255
-0.225 0.25 0.0933144 -0.260416 0 0 255
-0.2 0.25 0.105195 -0.257958 0 0 255
-0.175 0.25 0.117465 -0.256157 0 0 255
-0.15 0.25 0.128901 -0.255342 0 0 255
-0.125 0.25 0.137085 -0.255125 0 0 255
-0.1 0.25 0.144679 -0.177293 0 0 255
-0.075 0.25 0.175309 -0.130081 0 0 255
-0.05 0.25 0.1958 -0.107867 0 0 255
-0.025 0.25 0.203892 -0.102561 0 0 255
0 0.25 0.221482 -0.073323 0 0 255
0.025 0.25 0.259706 -0.0563776 0 0 255
0.05 0.25 0.251513 -0.0461347 0 0 255
0.075 0.25 0.242007 -0.0148694 0 0 255
0.1 0.25 0.245744 0.0403562 0 0 255
0.125 0.25 0.244592 0.0541014 0 0 255
0.15 0.25 0.248682 0.0792253 0 0 255
0.175 0.25 0.253424 0.100558 0 0 255
0.2 0.25 0.256455 0.1155 0 0 255
0.225 0.25 0.257664 0.12608 0 0 255
0.25 0.25 0.257378 0.133923 0 0 255
0.275 0.25 0.255948 0.139999 0 0 255
0.3 0.25 0.25368 0.144884 0 0 255
0.325 0.25 0.250836 0.148924 0 0 255
0.35 0.25 0.247629 0.152338 0 0 255
0.375 0.25 0.244229 0.155268 0 0 255
0.4 0.25 0.24077 0.157812 0 0 255
0.425 0.25 0.237349 0.160037 0 0 255
0.45 0.25 0.234038 0.161995 0 0 255
0.475 0.25 0.230884 0.163724 0 0 255
0.5 0.25 0.227918 0.165256 0 0 255
-0.5 0.225 0.0209372 -0.28477 0 0 255
-0.475 0.225 0.0256964 -0.282877 0 0 255
-0.45 0.225 0.0308863 -0.280849 0 0 255
-0.425 0.225 0.0365332 -0.278688 0 0 255
-0.4 0.225 0.0426633 -0.2764 0 0 255
-0.375 0.225 0.0493032 -0.273995 0 0 255
-0.35 0.225 0.0564807 -0.271492 0 0 255
-0.325 0.225 0.0642259 -0.268916 0 0 255
-0.3 0.225 0.0725693 -0.266307 0 0 255
-0.275 0.225 0.0815359 -0.263719 0 0 255
-0.25 0.225 0.091126 -0.261232 0 0 255
-0.225 0.225 0.101271 -0.258957 0 0 255
-0.2 0.225 0.111745 -0.257036 0 0 255
-0.175 0.225 0.12202 -0.255591 0 0 255
-0.15 0.225 0.131098 -0.254461 0 0 255
-0.125 0.225 0.137617 -0.251846 0 0 255
-0.1 0.225 0.151269 -0.167721 0 0 255
-0.075 0.225 0.181935 -0.123185 0 0 255
-0.05 0.225 0.19811 -0.106353 0 0 255
-0.025 0.225 0.203892 -0.102561 0 0 255
0 0.225 0.221482 -0.073323 0 0 255
0.025 0.225 0.259706 -0.0563776 0 0 255
0.05 0.225 0.253851 -0.0490581 0 0 255
0.075 0.225 0.245449 -0.0248054 0 0 255
0.1 0.225 0.245692 0.0288291 0 0 255
0.125 0.225 0.244887 0.0473325 0 0 255
0.15 0.225 0.247595 0.0700964 0 0 255
0.175 0.225 0.251588 0.0909634 0 0 255
0.2 0.225 0.25472 0.106754 0 0 255
0.225 0.225 0.25649 0.118375 0 0 255
0.25 0.225 0.25699 0.127127 0 0 255
0.275 0.225 0.256438 0.133941 0 0 255
0.3 0.225 0.255059 0.139412 0 0 255
0.325 0.225 0.253056 0.143923 0 0 255
0.35 0.225 0.250605 0.147723 0 0 255
0.375 0.225 0.247854 0.150979 0 0 255
0.4 0.225 0.244924 0.153805 0 0 255
0.425 0.225 0.241914 0.156281 0 0 255
0.45 0.225 0.2389 0.158468 0 0 255
0.475 0.225 0.23594 0.160409 0 0 255
0.5 0.225 0.233078 0.162139 0 0 255
-0.5 0.2 0.0293003 -0.281566 0 0 255
-0.475 0.2 0.0342697 -0.279662 0 0 255
-0.45 0.2 0.0396282 -0.277653 0 0 255
-0.425 0.2 0.0453943 -0.275544 0 0 255
-0.4 0.2 0.051586 -0.273348 0 0 255
-0.375 0.2 0.0582205 -0.271079 0 0 255
-0.35 0.2 0.0653138 -0.268759 0 0 255
-0.325 0.2 0.0728786 -0.266419 0 0 255
-0.3 0.2 0.0809191 -0.264098 0 0 255
-0.275 0.2 0.0894202 -0.261849 0 0 255
-0.25 0.2 0.0983251 -0.259736 0 0 255
-0.225 0.2 0.107497 -0.257831 0 0 255
-0.2 0.2 0.116662 -0.256173 0 0 255
-0.175 0.2 0.125343 -0.254648 0 0 255
-0.15 0.2 0.132877 -0.252511 0 0 255
-0.125 0.2 0.138945 -0.245859 0 0 255
-0.1 0.2 0.158509 -0.157652 0 0 255
-0.075 0.2 0.186878 -0.118198 0 0 255
-0.05 0.2 0.199565 -0.105399 0 0 255
-0.025 0.2 0.203892 -0.102561 0 0 255
0 0.2 0.221482 -0.073323 0 0 255
0.025 0.2 0.259706 -0.0563776 0 0 255
0.05 0.2 0.255325 -0.0509001 0 0 255
0.075 0.2 0.248218 -0.0321218 0 0 255
0.1 0.2 0.246206 0.0164364 0 0 255
0.125 0.2 0.245221 0.0395011 0 0 255
0.15 0.2 0.246936 0.0616023 0 0 255
0.175 0.2 0.250173 0.0820318 0 0 255
0.2 0.2 0.253175 0.0983556 0 0 255
0.225 0.2 0.255239 0.110818 0 0 255
0.25 0.2 0.256267 0.120388 0 0 255
0.275 0.2 0.256362 0.127902 0 0 255
0.3 0.2 0.255677 0.133952 0 0 255
0.325 0.2 0.254367 0.138937 0 0 255
0.35 0.2 0.252573 0.143128 0 0 255
0.375 0.2 0.250419 0.146712 0 0 255
0.4 0.2 0.248012 0.149819 0 0 255
0.425 0.2 0.245444 0.152541 0 0 255
0.45 0.2 0.242788 0.154947 0 0 255
0.475 0.2 0.240104 0.157087 0 0 255
0.5 0.2 0.237441 0.159001 0 0 255
-0.5 0.175 0.0371737 -0.278665 0 0 255
-0.475 0.175 0.0422596 -0.276792 0 0 255
-0.45 0.175 0.0476924 -0.27484 0 0 255
-0.425 0.175 0.053484 -0.272819 0 0 255
-0.4 0.175 0.0596447 -0.270744 0 0 255
-0.375 0.175 0.0661824 -0.268632 0 0 255
-0.35 0.175 0.0731005 -0.266506 0 0 255
-0.325 0.175 0.0803947 -0.264395 0 0 255
-0.3 0.175 0.0880459 -0.262334 0 0 255
-0.275 0.175 0.0960083 -0.260364 0 0 255
-0.25 0.175 0.104191 -0.258519 0 0 255
-0.225 0.175 0.112434 -0.25681 0 0 255
-0.2 0.175 0.120477 -0.255146 0 0 255
-0.175 0.175 0.127972 -0.253129 0 0 255
-0.15 0.175 0.134642 -0.249277 0 0 255
-0.125 0.175 0.141372 -0.236944 0 0 255
-0.1 0.175 0.165531 -0.148212 0 0 255
-0.075 0.175 0.190527 -0.114609 0 0 255
-0.05 0.175 0.200539 -0.10476 0 0 255
-0.025 0.175 0.203892 -0.102561 0 0 255
0 0.175 0.221482 -0.073323 0 0 255
0.025 0.175 0.259706 -0.0563776 0 0 255
0.05 0.175 0.256311 -0.0521333 0 0 255
0.075 0.175 0.250379 -0.0374658 0 0 255
0.1 0.175 0.247121 0.00461523 0 0 255
0.125 0.175 0.245688 0.0309315 0 0 255
0.15 0.175 0.2466 0.0533372 0 0 255
0.175 0.175 0.249121 0.0735814 0 0 255
0.2 0.175 0.251855 0.0902848 0 0 255
0.225 0.175 0.254021 0.103431 0 0 255
0.25 0.175 0.255384 0.113724 0 0 255
0.275 0.175 0.255948 0.121894 0 0 255
0.3 0.175 0.255799 0.128503 0 0 255
0.325 0.175 0.255051 0.133958 0 0 255
0.35 0.175 0.253812 0.138542 0 0 255
0.375 0.175 0.252186 0.142457 0 0 255
0.4 0.175 0.250264 0.145847 0 0 255
0.425 0.175 0.248127 0.148814 0 0 255
0.45 0.175 0.245844 0.151436 0 0 255
0.475 0.175 0.243473 0.15377 0 0 255
0.5 0.175 0.241062 0.155861 0 0 255
-0.5 0.15 0.0445223 -0.276064 0 0 255
-0.475 0.15 0.0496516 -0.274248 0 0 255
-0.45 0.15 0.0550863 -0.272379 0 0 255
-0.425 0.15 0.0608325 -0.270466 0 0 255
-0.4 0.15 0.066893 -0.268525 0 0 255
-0.375 0.15 0.0732668 -0.266574 0 0 255
-0.35 0.15 0.079946 -0.264633 0 0 255
-0.325 0.15 0.0869117 -0.262728 0 0 255
-0.3 0.15 0.0941275 -0.260882 0 0 255
-0.275 0.15 0.101529 -0.259114 0 0 255
-0.25 0.15 0.109014 -0.257421 0 0 255
-0.225 0.15 0.116428 -0.255732 0 0 255
-0.2 0.15 0.123568 -0.253804 0 0 255
-0.175 0.15 0.130255 -0.250902 0 0 255
-0.15 0.15 0.136645 -0.244666 0 0 255
-0.125 0.15 0.144951 -0.225552 0 0 255
-0.1 0.15 0.171833 -0.139975 0 0 255
-0.075 0.15 0.193232 -0.112005 0 0 255
-0.05 0.15 0.201222 -0.104312 0 0 255
-0.025 0.15 0.203892 -0.102561 0 0 255
0 0.15 0.221482 -0.073323 0 0 255
0.025 0.15 0.259706 -0.0563776 0 0 255
0.05 0.15 0.257003 -0.0529979 0 0 255
0.075 0.15 0.252055 -0.0413946 0 0 255
0.1 0.15 0.248243 -0.00585275 0 0 255
0.125 0.15 0.246305 0.0220508 0 0 255
0.15 0.15 0.246522 0.045125 0 0 255
0.175 0.15 0.248378 0.0654487 0 0 255
0.2 0.15 0.250763 0.0824894 0 0 255
0.225 0.15 0.252898 0.0962123 0 0 255
0.25 0.15 0.254451 0.107148 0 0 255
0.275 0.15 0.255342 0.115924 0 0 255
0.3 0.15 0.255602 0.12307 0 0 255
0.325 0.15 0.255302 0.128985 0 0 255
0.35 0.15 0.254526 0.13396 0 0 255
0.375 0.15 0.253356 0.138208 0 0 255
0.4 0.15 0.251869 0.141882 0 0 255
0.425 0.15 0.250134 0.145096 0 0 255
0.45 0.15 0.248214 0.147934 0 0 255
0.475 0.15 0.246162 0.15046 0 0 255
0.5 0.15 0.244024 0.152724 0 0 255
-0.5 0.125 0.0513409 -0.273745 0 0 255
-0.475 0.125 0.0564569 -0.272004 0 0 255
-0.45 0.125 0.0618385 -0.27023 0 0 255
-0.425 0.125 0.0674858 -0.268433 0 0 255
-0.4 0.125 0.0733956 -0.266627 0 0 255
-0.375 0.125 0.0795588 -0.264829 0 0 255
-0.35 0.125 0.0859583 -0.263054 0 0 255
-0.325 0.125 0.0925646 -0.261318 0 0 255
-0.3 0.125 0.099331 -0.259631 0 0 255
-0.275 0.125 0.106187 -0.257983 0 0 255
-0.25 0.125 0.113033 -0.256319 0 0 255
-0.225 0.125 0.119745 -0.254481 0 0 255
-0.2 0.125 0.126203 -0.252044 0 0 255
-0.175 0.125 0.132421 -0.247891 0 0 255
-0.15 0.125 0.139029 -0.238708 0 0 255
-0.125 0.125 0.149475 -0.212593 0 0 255
-0.1 0.125 0.177228 -0.133093 0 0 255
-0.075 0.125 0.195261 -0.110087 0 0 255
-0.05 0.125 0.201719 -0.103986 0 0 255
-0.025 0.125 0.203892 -0.102561 0 0 255
0 0.125 0.221482 -0.073323 0 0 255
0.025 0.125 0.259706 -0.0563776 0 0 255
0.05 0.125 0.257505 -0.0536264 0 0 255
0.075 0.125 0.253358 -0.0443196 0 0 255
0.1 0.125 0.249421 -0.0147099 0 0 255
0.125 0.125 0.247049 0.0132716 0 0 255
0.15 0.125 0.246658 0.0369491 0 0 255
0.175 0.125 0.2479 0.0575235 0 0 255
0.2 0.125 0.249894 0.0749111 0 0 255
0.225 0.125 0.251902 0.0891469 0 0 255
0.25 0.125 0.253532 0.100661 0 0 255
0.275 0.125 0.254639 0.11 0 0 255
0.3 0.125 0.255203 0.117657 0 0 255
0.325 0.125 0.255259 0.124019 0 0 255
0.35 0.125 0.254864 0.129381 0 0 255
0.375 0.125 0.254082 0.13396 0 0 255
0.4 0.125 0.252976 0.13792 0 0 255
0.425 0.125 0.251605 0.141382 0 0 255
0.45 0.125 0.250024 0.144437 0 0 255
0.475 0.125 0.24828 0.147156 0 0 255
0.5 0.125 0.246418 0.149592 0 0 255
-0.5 0.1 0.0576427 -0.271682 0 0 255
-0.475 0.1 0.0627019 -0.270027 0 0 255
-0.45 0.1 0.0679886 -0.268352 0 0 255
-0.425 0.1 0.0734982 -0.26667 0 0 255
-0.4 0.1 0.079222 -0.264991 0 0 255
-0.375 0.1 0.0851446 -0.263329 0 0 255
-0.35 0.1 0.0912424 -0.261691 0 0 255
-0.325 0.1 0.0974797 -0.260083 0 0 255
-0.3 0.1 0.103806 -0.258492 0 0 255
-0.275 0.1 0.110154 -0.256877 0 0 255
-0.25 0.1 0.116442 -0.255126 0 0 255
-0.225 0.1 0.122588 -0.252973 0 0 255
-0.2 0.1 0.128574 -0.249799 0 0 255
-0.175 0.1 0.134624 -0.244067 0 0 255
-0.15 0.1 0.141848 -0.23153 0 0 255
-0.125 0.1 0.154586 -0.199102 0 0 255
-0.1 0.1 0.181717 -0.127489 0 0 255
-0.075 0.1 0.196805 -0.108653 0 0 255
-0.05 0.1 0.202091 -0.103743 0 0 255
-0.025 0.1 0.203892 -0.102561 0 0 255
0 0.1 0.221482 -0.073323 0 0 255
0.025 0.1 0.259706 -0.0563776 0 0 255
0.05 0.1 0.257882 -0.054097 0 0 255
0.075 0.1 0.254381 -0.0465297 0 0 255
0.1 0.1 0.250558 -0.0220062 0 0 255
0.125 0.1 0.247879 0.00492443 0 0 255
0.15 0.1 0.246965 0.0288848 0 0 255
0.175 0.1 0.247646 0.0497546 0 0 255
0.2 0.1 0.249232 0.0675027 0 0 255
0.225 0.1 0.251047 0.0822137 0 0 255
0.25 0.1 0.25267 0.0942589 0 0 255
0.275 0.1 0.253904 0.104124 0 0 255
0.3 0.1 0.254686 0.112266 0 0 255
0.325 0.1 0.255017 0.119062 0 0 255
0.35 0.1 0.254932 0.124803 0 0 255
0.375 0.1 0.254476 0.129712 0 0 255
0.4 0.1 0.2537 0.133958 0 0 255
0.425 0.1 0.252653 0.137669 0 0 255
0.45 0.1 0.251381 0.140943 0 0 255
0.475 0.1 0.249928 0.143855 0 0 255
0.5 0.1 0.248333 0.146463 0 0 255
-0.5 0.075 0.0634515 -0.269849 0 0 255
-0.475 0.075 0.0684207 -0.26828 0 0 255
-0.45 0.075 0.0735819 -0.266704 0 0 255
-0.425 0.075 0.0789266 -0.265129 0 0 255
-0.4 0.075 0.0844415 -0.263564 0 0 255
-0.375 0.075 0.0901073 -0.262014 0 0 255
-0.35 0.075 0.0958964 -0.26048 0 0 255
-0.325 0.075 0.101771 -0.258952 0 0 255
-0.3 0.075 0.107684 -0.257395 0 0 255
-0.275 0.075 0.113577 -0.255727 0 0 255
-0.25 0.075 0.119394 -0.253772 0 0 255
-0.225 0.075 0.125111 -0.251151 0 0 255
-0.2 0.075 0.130817 -0.247029 0 0 255
-0.175 0.075 0.13696 -0.239443 0 0 255
-0.15 0.075 0.145092 -0.223343 0 0 255
-0.125 0.075 0.159901 -0.18597 0 0 255
-0.1 0.075 0.185395 -0.122987 0 0 255
-0.075 0.075 0.197997 -0.107563 0 0 255
-0.05 0.075 0.202376 -0.103555 0 0 255
-0.025 0.075 0.203892 -0.102561 0 0 255
0 0.075 0.221482 -0.073323 0 0 255
0.025 0.075 0.259706 -0.0563776 0 0 255
0.05 0.075 0.258171 -0.054458 0 0 255
0.075 0.075 0.255191 -0.0482253 0 0 255
0.1 0.075 0.251605 -0.0279299 0 0 255
0.125 0.075 0.248752 -0.00276894 0 0 255
0.15 0.075 0.247408 0.0210476 0 0 255
0.175 0.075 0.247583 0.0421401 0 0 255
0.2 0.075 0.24876 0.0602366 0 0 255
0.225 0.075 0.250337 0.0753943 0 0 255
0.25 0.075 0.251888 0.0879351 0 0 255
0.275 0.075 0.253178 0.0982951 0 0 255
0.3 0.075 0.254107 0.106901 0 0 255
0.325 0.075 0.254647 0.114115 0 0 255
0.35 0.075 0.25481 0.120227 0 0 255
0.375 0.075 0.254626 0.125462 0 0 255
0.4 0.075 0.254132 0.129994 0 0 255
0.425 0.075 0.253368 0.133955 0 0 255
0.45 0.075 0.252375 0.137448 0 0 255
0.475 0.075 0.251189 0.140554 0 0 255
0.5 0.075 0.249845 0.143335 0 0 255
-0.5 0.05 0.0687965 -0.268215 0 0 255
-0.475 0.05 0.0736514 -0.266731 0 0 255
-0.45 0.05 0.0786656 -0.265247 0 0 255
-0.425 0.05 0.0838276 -0.263767 0 0 255
-0.4 0.05 0.0891212 -0.262296 0 0 255
-0.375 0.05 0.0945248 -0.260833 0 0 255
-0.35 0.05 0.10001 -0.259367 0 0 255
-0.325 0.05 0.10554 -0.257871 0 0 255
-0.3 0.05 0.111075 -0.256282 0 0 255
-0.275 0.05 0.116573 -0.254477 0 0 255
-0.25 0.05 0.122012 -0.252209 0 0 255
-0.225 0.05 0.127428 -0.248976 0 0 255
-0.2 0.05 0.133029 -0.243719 0 0 255
-0.175 0.05 0.139482 -0.234066 0 0 255
-0.15 0.05 0.148699 -0.214416 0 0 255
-0.125 0.05 0.165103 -0.173811 0 0 255
-0.1 0.05 0.188387 -0.119391 0 0 255
-0.075 0.05 0.198929 -0.106721 0 0 255
-0.05 0.05 0.202599 -0.103409 0 0 255
-0.025 0.05 0.203892 -0.102561 0 0 255
0 0.05 0.221482 -0.073323 0 0 255
0.025 0.05 0.259706 -0.0563776 0 0 255
0.05 0.05 0.258397 -0.0547408 0 0 255
0.075 0.05 0.255841 -0.0495456 0 0 255
0.1 0.05 0.252541 -0.0327081 0 0 255
0.125 0.05 0.249628 -0.00969143 0 0 255
0.15 0.05 0.247949 0.0135555 0 0 255
0.175 0.05 0.247678 0.0347117 0 0 255
0.2 0.05 0.248457 0.0531056 0 0 255
0.225 0.05 0.249771 0.068677 0 0 255
0.25 0.05 0.2512 0.0816824 0 0 255
0.275 0.05 0.252489 0.0925109 0 0 255
0.3 0.05 0.253507 0.10156 0 0 255
0.325 0.05 0.254199 0.10918 0 0 255
0.35 0.05 0.254557 0.115655 0 0 255
0.375 0.05 0.254596 0.121212 0 0 255
0.4 0.05 0.254341 0.126026 0 0 255
0.425 0.05 0.253825 0.130237 0 0 255
0.45 0.05 0.253078 0.13395 0 0 255
0.475 0.05 0.252134 0.137251 0 0 255
0.5 0.05 0.251022 0.140206 0 0 255
-0.5 0.025 0.0737101 -0.266754 0 0 255
-0.475 0.025 0.0784335 -0.265349 0 0 255
-0.45 0.025 0.0832865 -0.263945 0 0 255
-0.425 0.025 0.0882559 -0.262546 0 0 255
-0.4 0.025 0.0933241 -0.261148 0 0 255
-0.375 0.025 0.0984686 -0.259742 0 0 255
-0.35 0.025 0.103662 -0.258306 0 0 255
-0.325 0.025 0.108874 -0.256791 0 0 255
-0.3 0.025 0.114074 -0.255108 0 0 255
-0.275 0.025 0.119242 -0.253086 0 0 255
-0.25 0.025 0.124392 -0.250401 0 0 255
-0.225 0.025 0.129629 -0.246424 0 0 255
-0.2 0.025 0.135278 -0.239873 0 0 255
-0.175 0.025 0.142211 -0.228017 0 0 255
-0.15 0.025 0.152569 -0.205054 0 0 255
-0.125 0.025 0.169972 -0.162963 0 0 255
-0.1 0.025 0.190816 -0.116522 0 0 255
-0.075 0.025 0.199669 -0.106062 0 0 255
-0.05 0.025 0.202777 -0.103292 0 0 255
-0.025 0.025 0.203892 -0.102561 0 0 255
0 0.025 0.221482 -0.073323 0 0 255
0.025 0.025 0.259706 -0.0563776 0 0 255
0.05 0.025 0.258577 -0.0549663 0 0 255
0.075 0.025 0.256367 -0.0505881 0 0 255
0.1 0.025 0.253365 -0.0365573 0 0 255
0.125 0.025 0.250479 -0.0158092 0 0 255
0.15 0.025 0.248556 0.00650762 0 0 255
0.175 0.025 0.247902 0.0275198 0 0 255
0.2 0.025 0.248306 0.046121 0 0 255
0.225 0.025 0.249341 0.0620591 0 0 255
0.25 0.025 0.250614 0.0754969 0 0 255
0.275 0.025 0.251857 0.0867694 0 0 255
0.3 0.025 0.252914 0.0962446 0 0 255
0.325 0.025 0.253709 0.104257 0 0 255
0.35 0.025 0.254217 0.111087 0 0 255
0.375 0.025 0.254437 0.11696 0 0 255
0.4 0.025 0.254383 0.122055 0 0 255
0.425 0.025 0.254079 0.126514 0 0 255
0.45 0.025 0.253549 0.130448 0 0 255
0.475 0.025 0.252822 0.133945 0 0 255
0.5 0.025 0.251922 0.137075 0 0 255
-0.5 0 0.0782257 -0.265438 0 0 255
-0.475 0 0.082806 -0.264103 0 0 255
-0.45 0 0.08749 -0.262768 0 0 255
-0.425 0 0.0922633 -0.261431 0 0 255
-0.4 0 0.0971081 -0.260083 0 0 255
-0.375 0 0.102003 -0.258704 0 0 255
-0.35 0 0.106925 -0.257258 0 0 255
-0.325 0 0.11185 -0.255677 0 0 255
-0.3 0 0.116761 -0.253839 0 0 255
-0.275 0 0.121663 -0.251522 0 0 255
-0.25 0 0.12661 -0.248324 0 0 255
-0.225 0 0.131778 -0.243485 0 0 255
-0.2 0 0.137606 -0.235513 0 0 255
-0.175 0 0.145141 -0.221403 0 0 255
-0.15 0 0.156586 -0.19557 0 0 255
-0.125 0 0.174384 -0.153539 0 0 255
-0.1 0 0.192791 -0.114226 0 0 255
-0.075 0 0.200264 -0.105538 0 0 255
-0.05 0 0.202922 -0.103198 0 0 255
-0.025 0 0.203892 -0.102561 0 0 255
0 0 0.221482 -0.073323 0 0 255
0.025 0 0.259706 -0.0563776 0 0 255
0.05 0 0.258723 -0.0551488 0 0 255
0.075 0 0.256798 -0.0514219 0 0 255
0.1 0 0.254082 -0.0396645 0 0 255
0.125 0 0.251285 -0.0211459 0 0 255
0.15 0 0.249201 -2.66152e-05 0 0 255
0.175 0 0.248227 0.02062 0 0 255
0.2 0 0.248285 0.039307 0 0 255
0.225 0 0.249039 0.0555474 0 0 255
0.25 0 0.250131 0.0693791 0 0 255
0.275 0 0.251291 0.0810702 0 0 255
0.3 0 0.252348 0.0909533 0 0 255
0.325 0 0.253207 0.099346 0 0 255
0.35 0 0.253824 0.106522 0 0 255
0.375 0 0.254187 0.112707 0 0 255
0.4 0 0.2543 0.11808 0 0 255
0.425 0 0.254176 0.122787 0 0 255
0.45 0 0.253836 0.126941 0 0 255
0.475 0 0.253301 0.130635 0 0 255
0.5 0 0.252593 0.13394 0 0 255
