-0.5 1 -0.128599 -0.100108 0 0 255
-0.475 1 -0.130261 -0.0979816 0 0 255
-0.45 1 -0.13201 -0.095747 0 0 255
-0.425 1 -0.133834 -0.0934187 0 0 255
-0.4 1 -0.135718 -0.0910176 0 0 255
-0.375 1 -0.13764 -0.0885712 0 0 255
-0.35 1 -0.139572 -0.0861143 0 0 255
-0.325 1 -0.141483 -0.0836886 0 0 255
-0.3 1 -0.143335 -0.0813411 0 0 255
-0.275 1 -0.145089 -0.0791214 0 0 255
-0.25 1 -0.146706 -0.0770788 0 0 255
-0.225 1 -0.148149 -0.0752577 0 0 255
-0.2 1 -0.149392 -0.0736934 0 0 255
-0.175 1 -0.150413 -0.0724088 0 0 255
-0.15 1 -0.151206 -0.0714135 0 0 255
-0.125 1 -0.15177 -0.0707065 0 0 255
-0.1 1 -0.152105 -0.0702862 0 0 255
-0.075 1 -0.148376 -0.0512214 0 0 255
-0.05 1 -0.144567 -0.0323364 0 0 255
-0.025 1 -0.140758 -0.0134551 0 0 255
0 1 -0.13695 0.0054252 0 0 255
0.025 1 -0.133142 0.0243047 0 0 255
0.05 1 -0.129335 0.0431836 0 0 255
0.075 1 -0.125543 0.0620658 0 0 255
0.1 1 -0.122401 0.0813504 0 0 255
0.125 1 -0.121885 0.0817244 0 0 255
0.15 1 -0.12102 0.0823546 0 0 255
0.175 1 -0.119806 0.0832426 0 0 255
0.2 1 -0.118247 0.0843901 0 0 255
0.225 1 -0.116356 0.0857888 0 0 255
0.25 1 -0.114162 0.0874185 0 0 255
0.275 1 -0.11171 0.0892478 0 0 255
0.3 1 -0.109055 0.0912369 0 0 255
0.325 1 -0.106254 0.0933418 0 0 255
0.35 1 -0.103367 0.0955178 0 0 255
0.375 1 -0.10045 0.0977227 0 0 255
0.4 1 -0.0975523 0.099919 0 0 255
0.425 1 -0.0947135 0.102075 0 0 255
0.45 1 -0.0919662 0.104167 0 0 255
0.475 1 -0.0893338 0.106175 0 0 255
0.5 1 -0.0868325 0.108086 0 0 255
-0.5 0.975 -0.126936 -0.102235 0 0 255
-0.475 0.975 -0.128598 -0.100107 0 0 255
-0.45 0.975 -0.130365 -0.0978465 0 0 255
-0.425 0.975 -0.132229 -0.0954652 0 0 255
-0.4 0.975 -0.134176 -0.0929806 0 0 255
-0.375 0.975 -0.136187 -0.0904185 0 0 255
-0.35 0.975 -0.138233 -0.0878139 0 0 255
-0.325 0.975 -0.140282 -0.0852107 0 0 255
-0.3 0.975 -0.142292 -0.0826612 0 0 255
-0.275 0.975 -0.144217 -0.0802232 0 0 255
-0.25 0.975 -0.14601 -0.0779567 0 0 255
-0.225 0.975 -0.147625 -0.0759181 0 0 255
-0.2 0.975 -0.149025 -0.0741547 0 0 255
-0.175 0.975 -0.150182 -0.0726996 0 0 255
-0.15 0.975 -0.151082 -0.071569 0 0 255
-0.125 0.975 -0.151723 -0.0707648 0 0 255
-0.1 0.975 -0.152105 -0.0702862 0 0 255
-0.075 0.975 -0.148376 -0.0512214 0 0 255
-0.05 0.975 -0.144567 -0.0323364 0 0 255
-0.025 0.975 -0.140758 -0.0134551 0 0 255
0 0.975 -0.13695 0.0054252 0 0 255
0.025 0.975 -0.133142 0.0243047 0 0 255
0.05 0.975 -0.129335 0.0431836 0 0 255
0.075 0.975 -0.125543 0.0620658 0 0 255
0.1 0.975 -0.122401 0.0813504 0 0 255
0.125 0.975 -0.121813 0.0817763 0 0 255
0.15 0.975 -0.120829 0.0824931 0 0 255
0.175 0.975 -0.119452 0.0835021 0 0 255
0.2 0.975 -0.117687 0.0848021 0 0 255
0.225 0.975 -0.115557 0.0863792 0 0 255
0.25 0.975 -0.113105 0.0882041 0 0 255
0.275 0.975 -0.110388 0.0902345 0 0 255
0.3 0.975 -0.107475 0.0924199 0 0 255
0.325 0.975 -0.104438 0.0947066 0 0 255
0.35 0.975 -0.101344 0.0970424 0 0 255
0.375 0.975 -0.0982571 0.0993806 0 0 255
0.4 0.975 -0.0952269 0.101681 0 0 255
0.425 0.975 -0.0922941 0.103913 0 0 255
0.45 0.975 -0.0894887 0.106053 0 0 255
0.475 0.975 -0.0868305 0.108084 0 0 255
0.5 0.975 -0.0843313 0.109998 0 0 255
-0.5 0.95 -0.125189 -0.104473 0 0 255
-0.475 0.95 -0.126831 -0.102367 0 0 255
-0.45 0.95 -0.128598 -0.100105 0 0 255
-0.425 0.95 -0.130483 -0.0976927 0 0 255
-0.4 0.95 -0.132478 -0.0951439 0 0 255
-0.375 0.95 -0.134566 -0.0924806 0 0 255
-0.35 0.95 -0.136721 -0.0897357 0 0 255
-0.325 0.95 -0.138908 -0.0869541 0 0 255
-0.3 0.95 -0.141083 -0.0841921 0 0 255
-0.275 0.95 -0.143194 -0.081516 0 0 255
-0.25 0.95 -0.145185 -0.0789974 0 0 255
-0.225 0.95 -0.146998 -0.0767079 0 0 255
-0.2 0.95 -0.148583 -0.0747103 0 0 255
-0.175 0.95 -0.149902 -0.0730516 0 0 255
-0.15 0.95 -0.150932 -0.0717579 0 0 255
-0.125 0.95 -0.151667 -0.0708358 0 0 255
-0.1 0.95 -0.152105 -0.0702862 0 0 255
-0.075 0.95 -0.148376 -0.0512214 0 0 255
-0.05 0.95 -0.144567 -0.0323364 0 0 255
-0.025 0.95 -0.140758 -0.0134551 0 0 255
0 0.95 -0.13695 0.0054252 0 0 255
0.025 0.95 -0.133142 0.0243047 0 0 255
0.05 0.95 -0.129335 0.0431836 0 0 255
0.075 0.95 -0.125543 0.0620658 0 0 255
0.1 0.95 -0.122401 0.0813504 0 0 255
0.125 0.95 -0.121726 0.0818396 0 0 255
0.15 0.95 -0.120598 0.0826615 0 0 255
0.175 0.95 -0.119023 0.0838162 0 0 255
0.2 0.95 -0.117013 0.0852985 0 0 255
0.225 0.95 -0.114603 0.0870856 0 0 255
0.25 0.95 -0.111853 0.0891358 0 0 255
0.275 0.95 -0.108838 0.0913926 0 0 255
0.3 0.95 -0.105646 0.0937923 0 0 255
0.325 0.95 -0.102361 0.0962702 0 0 255
0.35 0.95 -0.099061 0.0987669 0 0 255
0.375 0.95 -0.0958129 0.101232 0 0 255
0.4 0.95 -0.0926683 0.103624 0 0 255
0.425 0.95 -0.0896649 0.105914 0 0 255
0.45 0.95 -0.0868281 0.108082 0 0 255
0.475 0.95 -0.0841723 0.110116 0 0 255
0.5 0.95 -0.0817032 0.11201 0 0 255
-0.5 0.925 -0.123367 -0.106809 0 0 255
-0.475 0.925 -0.124969 -0.104752 0 0 255
-0.45 0.925 -0.126712 -0.102517 0 0 255
-0.425 0.925 -0.128597 -0.100103 0 0 255
-0.4 0.925 -0.130619 -0.0975162 0 0 255
-0.375 0.925 -0.132766 -0.094774 0 0 255
-0.35 0.925 -0.135016 -0.0919045 0 0 255
-0.325 0.925 -0.137336 -0.0889507 0 0 255
-0.3 0.925 -0.13968 -0.085971 0 0 255
-0.275 0.925 -0.141991 -0.0830389 0 0 255
-0.25 0.925 -0.144202 -0.080239 0 0 255
-0.225 0.925 -0.146242 -0.0776603 0 0 255
-0.2 0.925 -0.148046 -0.075386 0 0 255
-0.175 0.925 -0.149559 -0.0734824 0 0 255
-0.15 0.925 -0.150746 -0.0719902 0 0 255
-0.125 0.925 -0.151597 -0.0709236 0 0 255
-0.1 0.925 -0.152105 -0.0702862 0 0 255
-0.075 0.925 -0.148376 -0.0512214 0 0 255
-0.05 0.925 -0.144567 -0.0323364 0 0 255
-0.025 0.925 -0.140758 -0.0134551 0 0 255
0 0.925 -0.13695 0.0054252 0 0 255
0.025 0.925 -0.133142 0.0243047 0 0 255
0.05 0.925 -0.129335 0.0431836 0 0 255
0.075 0.925 -0.125543 0.0620658 0 0 255
0.1 0.925 -0.122401 0.0813504 0 0 255
0.125 0.925 -0.121618 0.0819177 0 0 255
0.15 0.925 -0.120314 0.0828686 0 0 255
0.175 0.925 -0.118499 0.0842007 0 0 255
0.2 0.925 -0.116194 0.0859024 0 0 255
0.225 0.925 -0.113454 0.0879377 0 0 255
0.25 0.925 -0.110361 0.0902475 0 0 255
0.275 0.925 -0.107015 0.0927573 0 0 255
0.3 0.925 -0.103524 0.0953873 0 0 255
0.325 0.925 -0.0999859 0.0980614 0 0 255
0.35 0.925 -0.0964884 0.100714 0 0 255
0.375 0.925 -0.093099 0.103291 0 0 255
0.4 0.925 -0.0898673 0.105755 0 0 255
0.425 0.925 -0.0868254 0.108079 0 0 255
0.45 0.925 -0.0839913 0.11025 0 0 255
0.475 0.925 -0.0813718 0.11226 0 0 255
0.5 0.925 -0.0789652 0.11411 0 0 255
-0.5 0.9 -0.121487 -0.109222 0 0 255
-0.475 0.9 -0.123025 -0.107245 0 0 255
-0.45 0.9 -0.124718 -0.10507 0 0 255
-0.425 0.9 -0.126575 -0.102689 0 0 255
-0.4 0.9 -0.128596 -0.1001 0 0 255
-0.375 0.9 -0.130776 -0.0973112 0 0 255
-0.35 0.9 -0.1331 -0.0943434 0 0 255
-0.325 0.9 -0.135539 -0.0912338 0 0 255
-0.3 0.9 -0.138049 -0.0880397 0 0 255
-0.275 0.9 -0.140569 -0.084839 0 0 255
-0.25 0.9 -0.143023 -0.0817289 0 0 255
-0.225 0.9 -0.145324 -0.0788185 0 0 255
-0.2 0.9 -0.147386 -0.0762166 0 0 255
-0.175 0.9 -0.149133 -0.0740163 0 0 255
-0.15 0.9 -0.150516 -0.0722799 0 0 255
-0.125 0.9 -0.151509 -0.0710337 0 0 255
-0.1 0.9 -0.152105 -0.0702862 0 0 255
-0.075 0.9 -0.148376 -0.0512214 0 0 255
-0.05 0.9 -0.144567 -0.0323364 0 0 255
-0.025 0.9 -0.140758 -0.0134551 0 0 255
0 0.9 -0.13695 0.0054252 0 0 255
0.025 0.9 -0.133142 0.0243047 0 0 255
0.05 0.9 -0.129335 0.0431836 0 0 255
0.075 0.9 -0.125543 0.0620658 0 0 255
0.1 0.9 -0.122401 0.0813504 0 0 255
0.125 0.9 -0.121483 0.0820157 0 0 255
0.15 0.9 -0.11996 0.0831268 0 0 255
0.175 0.9 -0.117849 0.0846774 0 0 255
0.2 0.9 -0.115189 0.0866449 0 0 255
0.225 0.9 -0.112059 0.0889742 0 0 255
0.25 0.9 -0.108574 0.091582 0 0 255
0.275 0.9 -0.104864 0.0943709 0 0 255
0.3 0.9 -0.10106 0.0972429 0 0 255
0.325 0.9 -0.0972751 0.10011 0 0 255
0.35 0.9 -0.0936006 0.102903 0 0 255
0.375 0.9 -0.0901022 0.10557 0 0 255
0.4 0.9 -0.0868222 0.108076 0 0 255
0.425 0.9 -0.0837835 0.110404 0 0 255
0.45 0.9 -0.0809937 0.112546 0 0 255
0.475 0.9 -0.0784498 0.114502 0 0 255
0.5 0.9 -0.0761416 0.116281 0 0 255
-0.5 0.875 -0.119572 -0.111686 0 0 255
-0.475 0.875 -0.121019 -0.109822 0 0 255
-0.45 0.875 -0.122634 -0.107744 0 0 255
-0.425 0.875 -0.12443 -0.105437 0 0 255
-0.4 0.875 -0.126416 -0.102889 0 0 255
-0.375 0.875 -0.128595 -0.100097 0 0 255
-0.35 0.875 -0.130961 -0.0970703 0 0 255
-0.325 0.875 -0.133495 -0.0938357 0 0 255
-0.3 0.875 -0.136157 -0.0904435 0 0 255
-0.275 0.875 -0.138887 -0.0869716 0 0 255
-0.25 0.875 -0.141601 -0.0835266 0 0 255
-0.225 0.875 -0.144198 -0.0802391 0 0 255
-0.2 0.875 -0.146565 -0.0772496 0 0 255
-0.175 0.875 -0.148599 -0.0746872 0 0 255
-0.15 0.875 -0.150223 -0.0726467 0 0 255
-0.125 0.875 -0.151397 -0.0711743 0 0 255
-0.1 0.875 -0.152105 -0.0702862 0 0 255
-0.075 0.875 -0.148376 -0.0512214 0 0 255
-0.05 0.875 -0.144567 -0.0323364 0 0 255
-0.025 0.875 -0.140758 -0.0134551 0 0 255
0 0.875 -0.13695 0.0054252 0 0 255
0.025 0.875 -0.133142 0.0243047 0 0 255
0.05 0.875 -0.129335 0.0431836 0 0 255
0.075 0.875 -0.125543 0.0620658 0 0 255
0.1 0.875 -0.122401 0.0813504 0 0 255
0.125 0.875 -0.121311 0.0821409 0 0 255
0.15 0.875 -0.119512 0.0834538 0 0 255
0.175 0.875 -0.117033 0.0852765 0 0 255
0.2 0.875 -0.11394 0.0875686 0 0 255
0.225 0.875 -0.11035 0.090246 0 0 255
0.25 0.875 -0.106421 0.0931929 0 0 255
0.275 0.875 -0.102321 0.0962833 0 0 255
0.3 0.875 -0.0982028 0.0993998 0 0 255
0.325 0.875 -0.094192 0.102446 0 0 255
0.35 0.875 -0.0903782 0.105352 0 0 255
0.375 0.875 -0.0868184 0.108073 0 0 255
0.4 0.875 -0.0835423 0.110583 0 0 255
0.425 0.875 -0.0805585 0.112874 0 0 255
0.45 0.875 -0.0778616 0.11495 0 0 255
0.475 0.875 -0.075437 0.11682 0 0 255
0.5 0.875 -0.0732649 0.118498 0 0 255
-0.5 0.85 -0.117647 -0.114166 0 0 255
-0.475 0.85 -0.118979 -0.112446 0 0 255
-0.45 0.85 -0.120485 -0.110505 0 0 255
-0.425 0.85 -0.122184 -0.108318 0 0 255
-0.4 0.85 -0.124094 -0.105863 0 0 255
-0.375 0.85 -0.126229 -0.103124 0 0 255
-0.35 0.85 -0.128594 -0.100093 0 0 255
-0.325 0.85 -0.131182 -0.0967828 0 0 255
-0.3 0.85 -0.133967 -0.0932282 0 0 255
-0.275 0.85 -0.136895 -0.0894991 0 0 255
-0.25 0.85 -0.13988 -0.0857053 0 0 255
-0.225 0.85 -0.142806 -0.0819965 0 0 255
-0.2 0.85 -0.145533 -0.0785499 0 0 255
-0.175 0.85 -0.147918 -0.0755434 0 0 255
-0.15 0.85 -0.149846 -0.0731198 0 0 255
-0.125 0.85 -0.151251 -0.0713576 0 0 255
-0.1 0.85 -0.152105 -0.0702862 0 0 255
-0.075 0.85 -0.148376 -0.0512214 0 0 255
-0.05 0.85 -0.144567 -0.0323364 0 0 255
-0.025 0.85 -0.140758 -0.0134551 0 0 255
0 0.85 -0.13695 0.0054252 0 0 255
0.025 0.85 -0.133142 0.0243047 0 0 255
0.05 0.85 -0.129335 0.0431836 0 0 255
0.075 0.85 -0.125543 0.0620658 0 0 255
0.1 0.85 -0.122401 0.0813504 0 0 255
0.125 0.85 -0.121085 0.082304 0 0 255
0.15 0.85 -0.118934 0.0838757 0 0 255
0.175 0.85 -0.115994 0.0860413 0 0 255
0.2 0.85 -0.11237 0.0887317 0 0 255
0.225 0.85 -0.10824 0.0918198 0 0 255
0.25 0.85 -0.103817 0.0951459 0 0 255
0.275 0.85 -0.0993123 0.0985507 0 0 255
0.3 0.85 -0.0949 0.101899 0 0 255
0.325 0.85 -0.0907075 0.105093 0 0 255
0.35 0.85 -0.0868139 0.108069 0 0 255
0.375 0.85 -0.0832587 0.110793 0 0 255
0.4 0.85 -0.0800519 0.113257 0 0 255
0.425 0.85 -0.077184 0.115466 0 0 255
0.45 0.85 -0.0746339 0.117434 0 0 255
0.475 0.85 -0.0723744 0.119181 0 0 255
0.5 0.85 -0.0703762 0.120729 0 0 255
-0.5 0.825 -0.115745 -0.11662 0 0 255
-0.475 0.825 -0.116939 -0.115076 0 0 255
-0.45 0.825 -0.118306 -0.11331 0 0 255
-0.425 0.825 -0.119871 -0.111291 0 0 255
-0.4 0.825 -0.12166 -0.108987 0 0 255
-0.375 0.825 -0.123698 -0.106366 0 0 255
-0.35 0.825 -0.126005 -0.103404 0 0 255
-0.325 0.825 -0.128592 -0.100089 0 0 255
-0.3 0.825 -0.131451 -0.0964336 0 0 255
-0.275 0.825 -0.134543 -0.092488 0 0 255
-0.25 0.825 -0.137792 -0.0883524 0 0 255
-0.225 0.825 -0.141073 -0.0841873 0 0 255
-0.2 0.825 -0.144218 -0.0802078 0 0 255
-0.175 0.825 -0.147034 -0.0766549 0 0 255
-0.15 0.825 -0.14935 -0.0737425 0 0 255
-0.125 0.825 -0.151056 -0.0716024 0 0 255
-0.1 0.825 -0.152105 -0.0702862 0 0 255
-0.075 0.825 -0.148376 -0.0512214 0 0 255
-0.05 0.825 -0.144567 -0.0323364 0 0 255
-0.025 0.825 -0.140758 -0.0134551 0 0 255
0 0.825 -0.13695 0.0054252 0 0 255
0.025 0.825 -0.133142 0.0243047 0 0 255
0.05 0.825 -0.129335 0.0431836 0 0 255
0.075 0.825 -0.125543 0.0620658 0 0 255
0.1 0.825 -0.122401 0.0813504 0 0 255
0.125 0.825 -0.120785 0.0825219 0 0 255
0.15 0.825 -0.118173 0.084431 0 0 255
0.175 0.825 -0.114645 0.0870345 0 0 255
0.2 0.825 -0.110372 0.0902154 0 0 255
0.225 0.825 -0.105615 0.0937826 0 0 255
0.25 0.825 -0.100661 0.0975198 0 0 255
0.275 0.825 -0.095763 0.101233 0 0 255
0.3 0.825 -0.0911073 0.104778 0 0 255
0.325 0.825 -0.0868083 0.108063 0 0 255
0.35 0.825 -0.0829203 0.111044 0 0 255
0.375 0.825 -0.0794546 0.113709 0 0 255
0.4 0.825 -0.0763951 0.116067 0 0 255
0.425 0.825 -0.0737106 0.118141 0 0 255
0.45 0.825 -0.0713632 0.119958 0 0 255
0.475 0.825 -0.0693137 0.121548 0 0 255
0.5 0.825 -0.0675245 0.122938 0 0 255
-0.5 0.8 -0.113904 -0.119001 0 0 255
-0.475 0.8 -0.11494 -0.117658 0 0 255
-0.45 0.8 -0.116141 -0.116103 0 0 255
-0.425 0.8 -0.117536 -0.114299 0 0 255
-0.4 0.8 -0.119158 -0.112205 0 0 255
-0.375 0.8 -0.121042 -0.109776 0 0 255
-0.35 0.8 -0.123224 -0.106968 0 0 255
-0.325 0.8 -0.125734 -0.103744 0 0 255
-0.3 0.8 -0.12859 -0.100083 0 0 255
-0.275 0.8 -0.131784 -0.0960001 0 0 255
-0.25 0.8 -0.13526 -0.0915666 0 0 255
-0.225 0.8 -0.138902 -0.0869347 0 0 255
-0.2 0.8 -0.14252 -0.0823491 0 0 255
-0.175 0.8 -0.145864 -0.0781256 0 0 255
-0.15 0.8 -0.148681 -0.0745821 0 0 255
-0.125 0.8 -0.150787 -0.071939 0 0 255
-0.1 0.8 -0.152105 -0.0702862 0 0 255
-0.075 0.8 -0.148376 -0.0512214 0 0 255
-0.05 0.8 -0.144567 -0.0323364 0 0 255
-0.025 0.8 -0.140758 -0.0134551 0 0 255
0 0.8 -0.13695 0.0054252 0 0 255
0.025 0.8 -0.133142 0.0243047 0 0 255
0.05 0.8 -0.129335 0.0431836 0 0 255
0.075 0.8 -0.125543 0.0620658 0 0 255
0.1 0.8 -0.122401 0.0813504 0 0 255
0.125 0.8 -0.120371 0.0828216 0 0 255
0.15 0.8 -0.117148 0.08518 0 0 255
0.175 0.8 -0.112864 0.0883491 0 0 255
0.2 0.8 -0.107797 0.0921325 0 0 255
0.225 0.8 -0.10233 0.0962455 0 0 255
0.25 0.8 -0.0968378 0.100404 0 0 255
0.275 0.8 -0.0916036 0.104387 0 0 255
0.3 0.8 -0.0868013 0.108057 0 0 255
0.325 0.8 -0.0825093 0.111349 0 0 255
0.35 0.8 -0.0787398 0.114249 0 0 255
0.375 0.8 -0.0754654 0.116776 0 0 255
0.4 0.8 -0.0726391 0.118962 0 0 255
0.425 0.8 -0.0702071 0.120848 0 0 255
0.45 0.8 -0.068116 0.122472 0 0 255
0.475 0.8 -0.0663165 0.123873 0 0 255
0.5 0.8 -0.0647649 0.125082 0 0 255
-0.5 0.775 -0.112163 -0.121259 0 0 255
-0.475 0.775 -0.113028 -0.120134 0 0 255
-0.45 0.775 -0.114042 -0.118817 0 0 255
-0.425 0.775 -0.115237 -0.117267 0 0 255
-0.4 0.775 -0.116649 -0.115439 0 0 255
-0.375 0.775 -0.118321 -0.113276 0 0 255
-0.35 0.775 -0.120303 -0.110719 0 0 255
-0.325 0.775 -0.122646 -0.107702 0 0 255
-0.3 0.775 -0.125397 -0.104166 0 0 255
-0.275 0.775 -0.128588 -0.100076 0 0 255
-0.25 0.775 -0.132208 -0.0954469 0 0 255
-0.225 0.775 -0.136177 -0.0903893 0 0 255
-0.2 0.775 -0.140304 -0.0851477 0 0 255
-0.175 0.775 -0.144286 -0.0801122 0 0 255
-0.15 0.775 -0.147753 -0.0757462 0 0 255
-0.125 0.775 -0.150405 -0.0724193 0 0 255
-0.1 0.775 -0.152105 -0.0702862 0 0 255
-0.075 0.775 -0.148376 -0.0512214 0 0 255
-0.05 0.775 -0.144567 -0.0323364 0 0 255
-0.025 0.775 -0.140758 -0.0134551 0 0 255
0 0.775 -0.13695 0.0054252 0 0 255
0.025 0.775 -0.133142 0.0243047 0 0 255
0.05 0.775 -0.129335 0.0431836 0 0 255
0.075 0.775 -0.125543 0.0620658 0 0 255
0.1 0.775 -0.122401 0.0813504 0 0 255
0.125 0.775 -0.119782 0.083249 0 0 255
0.15 0.775 -0.115729 0.0862188 0 0 255
0.175 0.775 -0.110462 0.0901258 0 0 255
0.2 0.775 -0.104439 0.0946396 0 0 255
0.225 0.775 -0.0982121 0.0993439 0 0 255
0.25 0.775 -0.0922365 0.103887 0 0 255
0.275 0.775 -0.0867921 0.108048 0 0 255
0.3 0.775 -0.081999 0.111727 0 0 255
0.325 0.775 -0.0778689 0.114908 0 0 255
0.35 0.775 -0.0743545 0.117623 0 0 255
0.375 0.775 -0.0713829 0.119926 0 0 255
0.4 0.775 -0.0688759 0.121873 0 0 255
0.425 0.775 -0.06676 0.12352 0 0 255
0.45 0.775 -0.0649701 0.124916 0 0 255
0.475 0.775 -0.0634508 0.126103 0 0 255
0.5 0.775 -0.0621561 0.127116 0 0 255
-0.5 0.75 -0.11056 -0.123343 0 0 255
-0.475 0.75 -0.111249 -0.122444 0 0 255
-0.45 0.75 -0.112066 -0.12138 0 0 255
-0.425 0.75 -0.113041 -0.120112 0 0 255
-0.4 0.75 -0.11421 -0.118592 0 0 255
-0.375 0.75 -0.11562 -0.116762 0 0 255
-0.35 0.75 -0.11733 -0.114549 0 0 255
-0.325 0.75 -0.119406 -0.111865 0 0 255
-0.3 0.75 -0.121926 -0.108616 0 0 255
-0.275 0.75 -0.124967 -0.104704 0 0 255
-0.25 0.75 -0.128585 -0.100065 0 0 255
-0.225 0.75 -0.13277 -0.094716 0 0 255
-0.2 0.75 -0.137387 -0.0888373 0 0 255
-0.175 0.75 -0.142108 -0.0828547 0 0 255
-0.15 0.75 -0.146423 -0.0774143 0 0 255
-0.125 0.75 -0.149833 -0.0731366 0 0 255
-0.1 0.75 -0.152105 -0.0702862 0 0 255
-0.075 0.75 -0.148376 -0.0512214 0 0 255
-0.05 0.75 -0.144567 -0.0323364 0 0 255
-0.025 0.75 -0.140758 -0.0134551 0 0 255
0 0.75 -0.13695 0.0054252 0 0 255
0.025 0.75 -0.133142 0.0243047 0 0 255
0.05 0.75 -0.129335 0.0431836 0 0 255
0.075 0.75 -0.125543 0.0620658 0 0 255
0.1 0.75 -0.122401 0.0813504 0 0 255
0.125 0.75 -0.118901 0.0838875 0 0 255
0.15 0.75 -0.113697 0.0877079 0 0 255
0.175 0.75 -0.107154 0.0925799 0 0 255
0.2 0.75 -0.100026 0.097947 0 0 255
0.225 0.75 -0.0930721 0.103227 0 0 255
0.25 0.75 -0.0867796 0.108036 0 0 255
0.275 0.75 -0.0813477 0.112209 0 0 255
0.3 0.75 -0.0767848 0.115728 0 0 255
0.325 0.75 -0.0730056 0.118654 0 0 255
0.35 0.75 -0.0698937 0.12107 0 0 255
0.375 0.75 -0.0673327 0.123064 0 0 255
0.4 0.75 -0.0652198 0.124713 0 0 255
0.425 0.75 -0.0634689 0.126082 0 0 255
0.45 0.75 -0.06201 0.127225 0 0 255
0.475 0.75 -0.0607872 0.128184 0 0 255
0.5 0.75 -0.0597559 0.128995 0 0 255
-0.5 0.725 -0.109131 -0.125208 0 0 255
-0.475 0.725 -0.109649 -0.124529 0 0 255
-0.45 0.725 -0.110269 -0.123718 0 0 255
-0.425 0.725 -0.111017 -0.122741 0 0 255
-0.4 0.725 -0.111926 -0.121555 0 0 255
-0.375 0.725 -0.113041 -0.120102 0 0 255
-0.35 0.725 -0.114421 -0.118308 0 0 255
-0.325 0.725 -0.11614 -0.116077 0 0 255
-0.3 0.725 -0.118296 -0.113284 0 0 255
-0.275 0.725 -0.121006 -0.109784 0 0 255
-0.25 0.725 -0.124399 -0.105415 0 0 255
-0.225 0.725 -0.12858 -0.100051 0 0 255
-0.2 0.725 -0.133545 -0.093706 0 0 255
-0.175 0.725 -0.139043 -0.0867186 0 0 255
-0.15 0.725 -0.144443 -0.0798981 0 0 255
-0.125 0.725 -0.148926 -0.0742751 0 0 255
-0.1 0.725 -0.152105 -0.0702862 0 0 255
-0.075 0.725 -0.148376 -0.0512214 0 0 255
-0.05 0.725 -0.144567 -0.0323364 0 0 255
-0.025 0.725 -0.140758 -0.0134551 0 0 255
0 0.725 -0.13695 0.0054252 0 0 255
0.025 0.725 -0.133142 0.0243047 0 0 255
0.05 0.725 -0.129335 0.0431836 0 0 255
0.075 0.725 -0.125543 0.0620658 0 0 255
0.1 0.725 -0.122401 0.0813504 0 0 255
0.125 0.725 -0.117503 0.0849008 0 0 255
0.15 0.725 -0.110675 0.0899261 0 0 255
0.175 0.725 -0.102507 0.0960401 0 0 255
0.2 0.725 -0.0942253 0.102315 0 0 255
0.225 0.725 -0.0867616 0.108019 0 0 255
0.25 0.725 -0.0804872 0.112845 0 0 255
0.275 0.725 -0.0753995 0.116778 0 0 255
0.3 0.725 -0.071338 0.11993 0 0 255
0.325 0.725 -0.0681083 0.122445 0 0 255
0.35 0.725 -0.0655336 0.124456 0 0 255
0.375 0.725 -0.0634684 0.126073 0 0 255
0.4 0.725 -0.0617992 0.127382 0 0 255
0.425 0.725 -0.0604385 0.128452 0 0 255
0.45 0.725 -0.0593197 0.129332 0 0 255
0.475 0.725 -0.058392 0.130064 0 0 255
0.5 0.725 -0.0576164 0.130676 0 0 255
-0.5 0.7 -0.107903 -0.126816 0 0 255
-0.475 0.7 -0.108265 -0.12634 0 0 255
-0.45 0.7 -0.108701 -0.125767 0 0 255
-0.425 0.7 -0.109232 -0.125071 0 0 255
-0.4 0.7 -0.109884 -0.124216 0 0 255
-0.375 0.7 -0.110695 -0.123154 0 0 255
-0.35 0.7 -0.111715 -0.121819 0 0 255
-0.325 0.7 -0.113017 -0.120121 0 0 255
-0.3 0.7 -0.114699 -0.117931 0 0 255
-0.275 0.7 -0.116896 -0.115077 0 0 255
-0.25 0.7 -0.119793 -0.111326 0 0 255
-0.225 0.7 -0.123614 -0.106395 0 0 255
-0.2 0.7 -0.128572 -0.100027 0 0 255
-0.175 0.7 -0.134679 -0.0922304 0 0 255
-0.15 0.7 -0.141366 -0.0837586 0 0 255
-0.125 0.7 -0.147358 -0.0762418 0 0 255
-0.1 0.7 -0.152105 -0.0702862 0 0 255
-0.075 0.7 -0.148376 -0.0512214 0 0 255
-0.05 0.7 -0.144567 -0.0323364 0 0 255
-0.025 0.7 -0.140758 -0.0134551 0 0 255
0 0.7 -0.13695 0.0054252 0 0 255
0.025 0.7 -0.133142 0.0243047 0 0 255
0.05 0.7 -0.129335 0.0431836 0 0 255
0.075 0.7 -0.125543 0.0620658 0 0 255
0.1 0.7 -0.122401 0.0813504 0 0 255
0.125 0.7 -0.115088 0.0866515 0 0 255
0.15 0.7 -0.105987 0.0933763 0 0 255
0.175 0.7 -0.0959062 0.100981 0 0 255
0.2 0.7 -0.0867329 0.107992 0 0 255
0.225 0.7 -0.0792979 0.113723 0 0 255
0.25 0.7 -0.0735732 0.118163 0 0 255
0.275 0.7 -0.0692359 0.121542 0 0 255
0.3 0.7 -0.0659467 0.124115 0 0 255
0.325 0.7 -0.0634305 0.126088 0 0 255
0.35 0.7 -0.0614827 0.12762 0 0 255
0.375 0.7 -0.0599553 0.128823 0 0 255
0.4 0.7 -0.0587421 0.12978 0 0 255
0.425 0.7 -0.0577665 0.130552 0 0 255
0.45 0.7 -0.0569731 0.13118 0 0 255
0.475 0.7 -0.0563207 0.131696 0 0 255
0.5 0.7 -0.0557792 0.132126 0 0 255
-0.5 0.675 -0.106896 -0.128143 0 0 255
-0.475 0.675 -0.107124 -0.127841 0 0 255
-0.45 0.675 -0.1074 -0.127476 0 0 255
-0.425 0.675 -0.107738 -0.12703 0 0 255
-0.4 0.675 -0.108156 -0.126478 0 0 255
-0.375 0.675 -0.108683 -0.125784 0 0 255
-0.35 0.675 -0.109355 -0.1249 0 0 255
-0.325 0.675 -0.110227 -0.123753 0 0 255
-0.3 0.675 -0.111382 -0.122239 0 0 255
-0.275 0.675 -0.112943 -0.120196 0 0 255
-0.25 0.675 -0.115097 -0.117384 0 0 255
-0.225 0.675 -0.118134 -0.113434 0 0 255
-0.2 0.675 -0.122465 -0.107825 0 0 255
-0.175 0.675 -0.128558 -0.0999844 0 0 255
-0.15 0.675 -0.136395 -0.0899948 0 0 255
-0.125 0.675 -0.14427 -0.0801164 0 0 255
-0.1 0.675 -0.152105 -0.0702862 255 0 0
-0.075 0.675 -0.148376 -0.0512214 255 0 0
-0.05 0.675 -0.144567 -0.0323364 255 0 0
-0.025 0.675 -0.140758 -0.0134551 255 0 0
0 0.675 -0.13695 0.0054252 255 0 0
0.025 0.675 -0.133142 0.0243047 255 0 0
0.05 0.675 -0.129335 0.0431836 255 0 0
0.075 0.675 -0.125543 0.0620658 255 0 0
0.1 0.675 -0.122401 0.0813504 255 0 0
0.125 0.675 -0.11033 0.0901002 0 0 255
0.15 0.675 -0.0984363 0.0989554 0 0 255
0.175 0.675 -0.0866798 0.107941 0 0 255
0.2 0.675 -0.0775597 0.115002 0 0 255
0.225 0.675 -0.0710797 0.120058 0 0 255
0.25 0.675 -0.0665386 0.123619 0 0 255
0.275 0.675 -0.0633165 0.126155 0 0 255
0.3 0.675 -0.0609829 0.127996 0 0 255
0.325 0.675 -0.0592557 0.129362 0 0 255
0.35 0.675 -0.0579505 0.130397 0 0 255
0.375 0.675 -0.0569453 0.131194 0 0 255
0.4 0.675 -0.0561577 0.13182 0 0 255
0.425 0.675 -0.055531 0.132319 0 0 255
0.45 0.675 -0.0550254 0.132721 0 0 255
0.475 0.675 -0.0546123 0.13305 0 0 255
0.5 0.675 -0.054271 0.133322 0 0 255
-0.5 0.65 -0.106115 -0.129175 0 0 255
-0.475 0.65 -0.106237 -0.129013 0 0 255
-0.45 0.65 -0.106385 -0.128816 0 0 255
-0.425 0.65 -0.106567 -0.128574 0 0 255
-0.4 0.65 -0.106794 -0.128273 0 0 255
-0.375 0.65 -0.107081 -0.127891 0 0 255
-0.35 0.65 -0.107452 -0.1274 0 0 255
-0.325 0.65 -0.10794 -0.126753 0 0 255
-0.3 0.65 -0.108599 -0.125881 0 0 255
-0.275 0.65 -0.109512 -0.124674 0 0 255
-0.25 0.65 -0.110822 -0.122945 0 0 255
-0.225 0.65 -0.112773 -0.120376 0 0 255
-0.2 0.65 -0.115809 -0.116391 0 0 255
-0.175 0.65 -0.12072 -0.109974 0 0 255
-0.15 0.65 -0.128521 -0.0998731 0 0 255
-0.125 0.65 -0.136435 -0.0899467 255 0 0
-0.1 0.65 -0.132558 -0.0710498 255 0 0
-0.075 0.65 -0.128746 -0.0521683 255 0 0
-0.05 0.65 -0.124937 -0.0332871 255 0 0
-0.025 0.65 -0.121128 -0.0144064 255 0 0
0 0.65 -0.11732 0.00447366 255 0 0
0.025 0.65 -0.113512 0.0233531 255 0 0
0.05 0.65 -0.109704 0.042232 255 0 0
0.075 0.65 -0.105895 0.0611104 255 0 0
0.1 0.65 -0.102085 0.0799872 255 0 0
0.125 0.65 -0.0982587 0.0988501 255 0 0
0.15 0.65 -0.0865427 0.107811 0 0 255
0.175 0.65 -0.0749233 0.116927 0 0 255
0.2 0.65 -0.0675952 0.122717 0 0 255
0.225 0.65 -0.063061 0.126314 0 0 255
0.25 0.65 -0.0601448 0.128632 0 0 255
0.275 0.65 -0.0581868 0.130192 0 0 255
0.3 0.65 -0.0568205 0.131281 0 0 255
0.325 0.65 -0.0558353 0.132068 0 0 255
0.35 0.65 -0.0551046 0.132652 0 0 255
0.375 0.65 -0.0545496 0.133095 0 0 255
0.4 0.65 -0.0541193 0.13344 0 0 255
0.425 0.65 -0.0537795 0.133712 0 0 255
0.45 0.65 -0.053507 0.13393 0 0 255
0.475 0.65 -0.0532855 0.134107 0 0 255
0.5 0.65 -0.0531031 0.134253 0 0 255
-0.5 0.625 -0.105561 -0.129911 0 0 255
-0.475 0.625 -0.105607 -0.12985 0 0 255
-0.45 0.625 -0.105662 -0.129776 0 0 255
-0.425 0.625 -0.105731 -0.129684 0 0 255
-0.4 0.625 -0.105817 -0.129569 0 0 255
-0.375 0.625 -0.105927 -0.129422 0 0 255
-0.35 0.625 -0.10607 -0.12923 0 0 255
-0.325 0.625 -0.106262 -0.128975 0 0 255
-0.3 0.625 -0.106525 -0.128623 0 0 255
-0.275 0.625 -0.106901 -0.128121 0 0 255
-0.25 0.625 -0.107462 -0.127371 0 0 255
-0.225 0.625 -0.108352 -0.126181 0 0 255
-0.2 0.625 -0.10989 -0.124125 0 0 255
-0.175 0.625 -0.112919 -0.120075 0 0 255
-0.15 0.625 -0.120606 -0.109799 255 0 0
-0.125 0.625 -0.116738 -0.090884 255 0 0
-0.1 0.625 -0.112927 -0.0720016 255 0 0
-0.075 0.625 -0.109116 -0.0531199 255 0 0
-0.05 0.625 -0.105307 -0.0342387 255 0 0
-0.025 0.625 -0.101498 -0.0153581 255 0 0
0 0.625 -0.0976896 0.00352182 255 0 0
0.025 0.625 -0.0938814 0.0224011 255 0 0
0.05 0.625 -0.0900731 0.0412798 255 0 0
0.075 0.625 -0.0862645 0.0601578 255 0 0
0.1 0.625 -0.0824553 0.0790352 255 0 0
0.125 0.625 -0.0786456 0.0979118 255 0 0
0.15 0.625 -0.0748267 0.116771 255 0 0
0.175 0.625 -0.0633039 0.126043 0 0 255
0.2 0.625 -0.0587622 0.129697 0 0 255
0.225 0.625 -0.0564568 0.131552 0 0 255
0.25 0.625 -0.0551224 0.132626 0 0 255
0.275 0.625 -0.0542815 0.133302 0 0 255
0.3 0.625 -0.0537186 0.133755 0 0 255
0.325 0.625 -0.0533239 0.134073 0 0 255
0.35 0.625 -0.053037 0.134304 0 0 255
0.375 0.625 -0.0528222 0.134476 0 0 255
0.4 0.625 -0.0526574 0.134609 0 0 255
0.425 0.625 -0.0525283 0.134713 0 0 255
0.45 0.625 -0.0524254 0.134796 0 0 255
0.475 0.625 -0.0523421 0.134863 0 0 255
0.5 0.625 -0.0522738 0.134918 0 0 255
-0.5 0.6 -0.105233 -0.13035 0 0 255
-0.475 0.6 -0.105233 -0.13035 0 0 255
-0.45 0.6 -0.105233 -0.13035 0 0 255
-0.425 0.6 -0.105233 -0.13035 0 0 255
-0.4 0.6 -0.105233 -0.13035 0 0 255
-0.375 0.6 -0.105233 -0.13035 0 0 255
-0.35 0.6 -0.105233 -0.13035 0 0 255
-0.325 0.6 -0.105233 -0.13035 0 0 255
-0.3 0.6 -0.105233 -0.13035 0 0 255
-0.275 0.6 -0.105233 -0.13035 0 0 255
-0.25 0.6 -0.105233 -0.13035 0 0 255
-0.225 0.6 -0.105233 -0.13035 0 0 255
-0.2 0.6 -0.105233 -0.13035 0 0 255
-0.175 0.6 -0.105233 -0.13035 255 0 0
-0.15 0.6 -0.100917 -0.110719 255 0 0
-0.125 0.6 -0.097106 -0.0918356 255 0 0
-0.1 0.6 -0.0932959 -0.0729534 255 0 0
-0.075 0.6 -0.0894861 -0.0540716 255 0 0
-0.05 0.6 -0.0856769 -0.0351906 255 0 0
-0.025 0.6 -0.0818682 -0.0163101 255 0 0
0 0.6 -0.0780598 0.00256967 255 0 0
0.025 0.6 -0.0742516 0.0214488 255 0 0
0.05 0.6 -0.0704433 0.0403274 255 0 0
0.075 0.6 -0.0666348 0.0592054 255 0 0
0.1 0.6 -0.0628259 0.0780829 255 0 0
0.125 0.6 -0.0590169 0.0969601 255 0 0
0.15 0.6 -0.0552078 0.115837 255 0 0
0.175 0.6 -0.0517812 0.135314 255 0 0
0.2 0.6 -0.0517812 0.135314 0 0 255
0.225 0.6 -0.0517812 0.135314 0 0 255
0.25 0.6 -0.0517812 0.135314 0 0 255
0.275 0.6 -0.0517812 0.135314 0 0 255
0.3 0.6 -0.0517812 0.135314 0 0 255
0.325 0.6 -0.0517812 0.135314 0 0 255
0.35 0.6 -0.0517812 0.135314 0 0 255
0.375 0.6 -0.0517812 0.135314 0 0 255
0.4 0.6 -0.0517812 0.135314 0 0 255
0.425 0.6 -0.0517812 0.135314 0 0 255
0.45 0.6 -0.0517812 0.135314 0 0 255
0.475 0.6 -0.0517812 0.135314 0 0 255
0.5 0.6 -0.0517812 0.135314 0 0 255
-0.5 0.575 -0.0850926 -0.130559 0 0 255
-0.475 0.575 -0.0850926 -0.130559 0 0 255
-0.45 0.575 -0.0850926 -0.130559 0 0 255
-0.425 0.575 -0.0850926 -0.130559 0 0 255
-0.4 0.575 -0.0850926 -0.130559 0 0 255
-0.375 0.575 -0.0850926 -0.130559 0 0 255
-0.35 0.575 -0.0850926 -0.130559 0 0 255
-0.325 0.575 -0.0850926 -0.130559 0 0 255
-0.3 0.575 -0.0850926 -0.130559 0 0 255
-0.275 0.575 -0.0850926 -0.130559 0 0 255
-0.25 0.575 -0.0850926 -0.130559 0 0 255
-0.225 0.575 -0.0850926 -0.130559 0 0 255
-0.2 0.575 -0.0850926 -0.130559 0 0 255
-0.175 0.575 -0.0850926 -0.130559 255 0 0
-0.15 0.575 -0.0812846 -0.11167 255 0 0
-0.125 0.575 -0.077475 -0.0927873 255 0 0
-0.1 0.575 -0.0736654 -0.0739052 255 0 0
-0.075 0.575 -0.0698561 -0.0550237 255 0 0
-0.05 0.575 -0.0660472 -0.0361428 255 0 0
-0.025 0.575 -0.0622387 -0.0172625 255 0 0
0 0.575 -0.0584305 0.00161712 255 0 0
0.025 0.575 -0.0546223 0.0204962 255 0 0
0.05 0.575 -0.050814 0.0393746 255 0 0
0.075 0.575 -0.0470055 0.0582526 255 0 0
0.1 0.575 -0.0431968 0.0771302 255 0 0
0.125 0.575 -0.0393878 0.0960078 255 0 0
0.15 0.575 -0.035579 0.114886 255 0 0
0.175 0.575 -0.0317726 0.133774 255 0 0
0.2 0.575 -0.0317726 0.133774 0 0 255
0.225 0.575 -0.0317726 0.133774 0 0 255
0.25 0.575 -0.0317726 0.133774 0 0 255
0.275 0.575 -0.0317726 0.133774 0 0 255
0.3 0.575 -0.0317726 0.133774 0 0 255
0.325 0.575 -0.0317726 0.133774 0 0 255
0.35 0.575 -0.0317726 0.133774 0 0 255
0.375 0.575 -0.0317726 0.133774 0 0 255
0.4 0.575 -0.0317726 0.133774 0 0 255
0.425 0.575 -0.0317726 0.133774 0 0 255
0.45 0.575 -0.0317726 0.133774 0 0 255
0.475 0.575 -0.0317726 0.133774 0 0 255
0.5 0.575 -0.0317726 0.133774 0 0 255
-0.5 0.55 -0.0654623 -0.131502 0 0 255
-0.475 0.55 -0.0654623 -0.131502 0 0 255
-0.45 0.55 -0.0654623 -0.131502 0 0 255
-0.425 0.55 -0.0654623 -0.131502 0 0 255
-0.4 0.55 -0.0654623 -0.131502 0 0 255
-0.375 0.55 -0.0654623 -0.131502 0 0 255
-0.35 0.55 -0.0654623 -0.131502 0 0 255
-0.325 0.55 -0.0654623 -0.131502 0 0 255
-0.3 0.55 -0.0654623 -0.131502 0 0 255
-0.275 0.55 -0.0654623 -0.131502 0 0 255
-0.25 0.55 -0.0654623 -0.131502 0 0 255
-0.225 0.55 -0.0654623 -0.131502 0 0 255
-0.2 0.55 -0.0654623 -0.131502 0 0 255
-0.175 0.55 -0.0654623 -0.131502 255 0 0
-0.15 0.55 -0.0616535 -0.112621 255 0 0
-0.125 0.55 -0.0578444 -0.093739 255 0 0
-0.1 0.55 -0.0540353 -0.0748574 255 0 0
-0.075 0.55 -0.0502265 -0.0559762 255 0 0
-0.05 0.55 -0.046418 -0.0370955 255 0 0
-0.025 0.55 -0.0426097 -0.0182154 255 0 0
0 0.55 -0.0388015 0.000664119 255 0 0
0.025 0.55 -0.0349934 0.0195431 255 0 0
0.05 0.55 -0.0311851 0.0384215 255 0 0
0.075 0.55 -0.0273765 0.0572995 255 0 0
0.1 0.55 -0.0235677 0.0761771 255 0 0
0.125 0.55 -0.0197586 0.0950546 255 0 0
0.15 0.55 -0.0159492 0.113932 255 0 0
0.175 0.55 -0.012139 0.13281 255 0 0
0.2 0.55 -0.012139 0.13281 0 0 255
0.225 0.55 -0.012139 0.13281 0 0 255
0.25 0.55 -0.012139 0.13281 0 0 255
0.275 0.55 -0.012139 0.13281 0 0 255
0.3 0.55 -0.012139 0.13281 0 0 255
0.325 0.55 -0.012139 0.13281 0 0 255
0.35 0.55 -0.012139 0.13281 0 0 255
0.375 0.55 -0.012139 0.13281 0 0 255
0.4 0.55 -0.012139 0.13281 0 0 255
0.425 0.55 -0.012139 0.13281 0 0 255
0.45 0.55 -0.012139 0.13281 0 0 255
0.475 0.55 -0.012139 0.13281 0 0 255
0.5 0.55 -0.012139 0.13281 0 0 255
-0.5 0.525 -0.0458319 -0.132454 0 0 255
-0.475 0.525 -0.0458319 -0.132454 0 0 255
-0.45 0.525 -0.0458319 -0.132454 0 0 255
-0.425 0.525 -0.0458319 -0.132454 0 0 255
-0.4 0.525 -0.0458319 -0.132454 0 0 255
-0.375 0.525 -0.0458319 -0.132454 0 0 255
-0.35 0.525 -0.0458319 -0.132454 0 0 255
-0.325 0.525 -0.0458319 -0.132454 0 0 255
-0.3 0.525 -0.0458319 -0.132454 0 0 255
-0.275 0.525 -0.0458319 -0.132454 0 0 255
-0.25 0.525 -0.0458319 -0.132454 0 0 255
-0.225 0.525 -0.0458319 -0.132454 0 0 255
-0.2 0.525 -0.0458319 -0.132454 0 0 255
-0.175 0.525 -0.0458319 -0.132454 255 0 0
-0.15 0.525 -0.0420233 -0.113573 255 0 0
-0.125 0.525 -0.0382145 -0.0946913 255 0 0
-0.1 0.525 -0.0344059 -0.07581 255 0 0
-0.075 0.525 -0.0305974 -0.0569291 255 0 0
-0.05 0.525 -0.0267891 -0.0380486 255 0 0
-0.025 0.525 -0.022981 -0.0191687 255 0 0
0 0.525 -0.0191729 -0.000289304 255 0 0
0.025 0.525 -0.0153648 0.0185896 255 0 0
0.05 0.525 -0.0115564 0.0374679 255 0 0
0.075 0.525 -0.00774766 0.0563459 255 0 0
0.1 0.525 -0.0039386 0.0752234 255 0 0
0.125 0.525 -0.000129195 0.0941008 255 0 0
0.15 0.525 0.00368052 0.112978 255 0 0
0.175 0.525 0.00749072 0.131855 255 0 0
0.2 0.525 0.00749072 0.131855 0 0 255
0.225 0.525 0.00749072 0.131855 0 0 255
0.25 0.525 0.00749072 0.131855 0 0 255
0.275 0.525 0.00749072 0.131855 0 0 255
0.3 0.525 0.00749072 0.131855 0 0 255
0.325 0.525 0.00749072 0.131855 0 0 255
0.35 0.525 0.00749072 0.131855 0 0 255
0.375 0.525 0.00749072 0.131855 0 0 255
0.4 0.525 0.00749072 0.131855 0 0 255
0.425 0.525 0.00749072 0.131855 0 0 255
0.45 0.525 0.00749072 0.131855 0 0 255
0.475 0.525 0.00749072 0.131855 0 0 255
0.5 0.525 0.00749072 0.131855 0 0 255
-0.5 0.5 -0.0262021 -0.133406 0 0 255
-0.475 0.5 -0.0262021 -0.133406 0 0 255
-0.45 0.5 -0.0262021 -0.133406 0 0 255
-0.425 0.5 -0.0262021 -0.133406 0 0 255
-0.4 0.5 -0.0262021 -0.133406 0 0 255
-0.375 0.5 -0.0262021 -0.133406 0 0 255
-0.35 0.5 -0.0262021 -0.133406 0 0 255
-0.325 0.5 -0.0262021 -0.133406 0 0 255
-0.3 0.5 -0.0262021 -0.133406 0 0 255
-0.275 0.5 -0.0262021 -0.133406 0 0 255
-0.25 0.5 -0.0262021 -0.133406 0 0 255
-0.225 0.5 -0.0262021 -0.133406 0 0 255
-0.2 0.5 -0.0262021 -0.133406 0 0 255
-0.175 0.5 -0.0262021 -0.133406 255 0 0
-0.15 0.5 -0.0223937 -0.114525 255 0 0
-0.125 0.5 -0.0185853 -0.0956441 255 0 0
-0.1 0.5 -0.0147769 -0.0767631 255 0 0
-0.075 0.5 -0.0109687 -0.0578824 255 0 0
-0.05 0.5 -0.00716064 -0.0390022 255 0 0
-0.025 0.5 -0.00335261 -0.0201224 255 0 0
0 0.5 0.000455472 -0.00124308 255 0 0
0.025 0.5 0.00426374 0.0176357 255 0 0
0.05 0.5 0.0080723 0.0365141 255 0 0
0.075 0.5 0.0118812 0.055392 255 0 0
0.1 0.5 0.0156906 0.0742696 255 0 0
0.125 0.5 0.0195003 0.0931467 255 0 0
0.15 0.5 0.0233103 0.112024 255 0 0
0.175 0.5 0.0271206 0.1309 255 0 0
0.2 0.5 0.0271206 0.1309 0 0 255
0.225 0.5 0.0271206 0.1309 0 0 255
0.25 0.5 0.0271206 0.1309 0 0 255
0.275 0.5 0.0271206 0.1309 0 0 255
0.3 0.5 0.0271206 0.1309 0 0 255
0.325 0.5 0.0271206 0.1309 0 0 255
0.35 0.5 0.0271206 0.1309 0 0 255
0.375 0.5 0.0271206 0.1309 0 0 255
0.4 0.5 0.0271206 0.1309 0 0 255
0.425 0.5 0.0271206 0.1309 0 0 255
0.45 0.5 0.0271206 0.1309 0 0 255
0.475 0.5 0.0271206 0.1309 0 0 255
0.5 0.5 0.0271206 0.1309 0 0 255
-0.5 0.475 -0.00657296 -0.134359 0 0 255
-0.475 0.475 -0.00657296 -0.134359 0 0 255
-0.45 0.475 -0.00657296 -0.134359 0 0 255
-0.425 0.475 -0.00657296 -0.134359 0 0 255
-0.4 0.475 -0.00657296 -0.134359 0 0 255
-0.375 0.475 -0.00657296 -0.134359 0 0 255
-0.35 0.475 -0.00657296 -0.134359 0 0 255
-0.325 0.475 -0.00657296 -0.134359 0 0 255
-0.3 0.475 -0.00657296 -0.134359 0 0 255
-0.275 0.475 -0.00657296 -0.134359 0 0 255
-0.25 0.475 -0.00657296 -0.134359 0 0 255
-0.225 0.475 -0.00657296 -0.134359 0 0 255
-0.2 0.475 -0.00657296 -0.134359 0 0 255
-0.175 0.475 -0.00657296 -0.134359 255 0 0
-0.15 0.475 -0.00276469 -0.115478 255 0 0
-0.125 0.475 0.00104353 -0.0965974 255 0 0
-0.1 0.475 0.00485166 -0.0777166 255 0 0
-0.075 0.475 0.00865969 -0.0588362 255 0 0
-0.05 0.475 0.0124677 -0.039956 255 0 0
-0.025 0.475 0.0162757 -0.0210763 255 0 0
0 0.475 0.0200838 -0.00219709 255 0 0
0.025 0.475 0.0238923 0.0166817 255 0 0
0.05 0.475 0.0277011 0.0355601 255 0 0
0.075 0.475 0.0315103 0.0544381 255 0 0
0.1 0.475 0.03532 0.0733156 255 0 0
0.125 0.475 0.0391301 0.0921927 255 0 0
0.15 0.475 0.0429404 0.111069 255 0 0
0.175 0.475 0.046751 0.129945 255 0 0
0.2 0.475 0.046751 0.129945 0 0 255
0.225 0.475 0.046751 0.129945 0 0 255
0.25 0.475 0.046751 0.129945 0 0 255
0.275 0.475 0.046751 0.129945 0 0 255
0.3 0.475 0.046751 0.129945 0 0 255
0.325 0.475 0.046751 0.129945 0 0 255
0.35 0.475 0.046751 0.129945 0 0 255
0.375 0.475 0.046751 0.129945 0 0 255
0.4 0.475 0.046751 0.129945 0 0 255
0.425 0.475 0.046751 0.129945 0 0 255
0.45 0.475 0.046751 0.129945 0 0 255
0.475 0.475 0.046751 0.129945 0 0 255
0.5 0.475 0.046751 0.129945 0 0 255
-0.5 0.45 0.0130556 -0.135313 0 0 255
-0.475 0.45 0.0130556 -0.135313 0 0 255
-0.45 0.45 0.0130556 -0.135313 0 0 255
-0.425 0.45 0.0130556 -0.135313 0 0 255
-0.4 0.45 0.0130556 -0.135313 0 0 255
-0.375 0.45 0.0130556 -0.135313 0 0 255
-0.35 0.45 0.0130556 -0.135313 0 0 255
-0.325 0.45 0.0130556 -0.135313 0 0 255
-0.3 0.45 0.0130556 -0.135313 0 0 255
-0.275 0.45 0.0130556 -0.135313 0 0 255
-0.25 0.45 0.0130556 -0.135313 0 0 255
-0.225 0.45 0.0130556 -0.135313 0 0 255
-0.2 0.45 0.0130556 -0.135313 0 0 255
-0.175 0.45 0.0130556 -0.135313 255 0 0
-0.15 0.45 0.0168639 -0.116432 255 0 0
-0.125 0.45 0.020672 -0.0975511 255 0 0
-0.1 0.45 0.02448 -0.0786705 255 0 0
-0.075 0.45 0.028288 -0.0597901 255 0 0
-0.05 0.45 0.0320959 -0.0409101 255 0 0
-0.025 0.45 0.035904 -0.0220305 255 0 0
0 0.45 0.0397123 -0.00315122 255 0 0
0.025 0.45 0.043521 0.0157276 255 0 0
0.05 0.45 0.0473301 0.0346061 255 0 0
0.075 0.45 0.0511398 0.0534842 255 0 0
0.1 0.45 0.0549499 0.0723618 255 0 0
0.125 0.45 0.0587603 0.0912389 255 0 0
0.15 0.45 0.0625709 0.110115 255 0 0
0.175 0.45 0.0663821 0.128991 255 0 0
0.2 0.45 0.0663821 0.128991 0 0 255
0.225 0.45 0.0663821 0.128991 0 0 255
0.25 0.45 0.0663821 0.128991 0 0 255
0.275 0.45 0.0663821 0.128991 0 0 255
0.3 0.45 0.0663821 0.128991 0 0 255
0.325 0.45 0.0663821 0.128991 0 0 255
0.35 0.45 0.0663821 0.128991 0 0 255
0.375 0.45 0.0663821 0.128991 0 0 255
0.4 0.45 0.0663821 0.128991 0 0 255
0.425 0.45 0.0663821 0.128991 0 0 255
0.45 0.45 0.0663821 0.128991 0 0 255
0.475 0.45 0.0663821 0.128991 0 0 255
0.5 0.45 0.0663821 0.128991 0 0 255
-0.5 0.425 0.032684 -0.13627 0 0 255
-0.475 0.425 0.032684 -0.13627 0 0 255
-0.45 0.425 0.032684 -0.13627 0 0 255
-0.425 0.425 0.032684 -0.13627 0 0 255
-0.4 0.425 0.032684 -0.13627 0 0 255
-0.375 0.425 0.032684 -0.13627 0 0 255
-0.35 0.425 0.032684 -0.13627 0 0 255
-0.325 0.425 0.032684 -0.13627 0 0 255
-0.3 0.425 0.032684 -0.13627 0 0 255
-0.275 0.425 0.032684 -0.13627 0 0 255
-0.25 0.425 0.032684 -0.13627 0 0 255
-0.225 0.425 0.032684 -0.13627 0 0 255
-0.2 0.425 0.032684 -0.13627 0 0 255
-0.175 0.425 0.032684 -0.13627 255 0 0
-0.15 0.425 0.0364924 -0.117386 255 0 0
-0.125 0.425 0.0403004 -0.0985051 255 0 0
-0.1 0.425 0.0441083 -0.0796245 255 0 0
-0.075 0.425 0.0479162 -0.0607442 255 0 0
-0.05 0.425 0.0517242 -0.0418642 255 0 0
-0.025 0.425 0.0555325 -0.0229846 255 0 0
0 0.425 0.059341 -0.00410534 255 0 0
0.025 0.425 0.06315 0.0147736 255 0 0
0.05 0.425 0.0669596 0.0336522 255 0 0
0.075 0.425 0.0707697 0.0525305 255 0 0
0.1 0.425 0.0745803 0.0714084 255 0 0
0.125 0.425 0.0783911 0.0902856 255 0 0
0.15 0.425 0.082202 0.109162 255 0 0
0.175 0.425 0.0860166 0.12803 255 0 0
0.2 0.425 0.0860166 0.12803 0 0 255
0.225 0.425 0.0860166 0.12803 0 0 255
0.25 0.425 0.0860166 0.12803 0 0 255
0.275 0.425 0.0860166 0.12803 0 0 255
0.3 0.425 0.0860166 0.12803 0 0 255
0.325 0.425 0.0860166 0.12803 0 0 255
0.35 0.425 0.0860166 0.12803 0 0 255
0.375 0.425 0.0860166 0.12803 0 0 255
0.4 0.425 0.0860166 0.12803 0 0 255
0.425 0.425 0.0860166 0.12803 0 0 255
0.45 0.425 0.0860166 0.12803 0 0 255
0.475 0.425 0.0860166 0.12803 0 0 255
0.5 0.425 0.0860166 0.12803 0 0 255
-0.5 0.4 0.0523304 -0.137379 0 0 255
-0.475 0.4 0.0523304 -0.137379 0 0 255
-0.45 0.4 0.0523304 -0.137379 0 0 255
-0.425 0.4 0.0523304 -0.137379 0 0 255
-0.4 0.4 0.0523304 -0.137379 0 0 255
-0.375 0.4 0.0523304 -0.137379 0 0 255
-0.35 0.4 0.0523304 -0.137379 0 0 255
-0.325 0.4 0.0523304 -0.137379 0 0 255
-0.3 0.4 0.0523304 -0.137379 0 0 255
-0.275 0.4 0.0523304 -0.137379 0 0 255
-0.25 0.4 0.0523304 -0.137379 0 0 255
-0.225 0.4 0.0523304 -0.137379 0 0 255
-0.2 0.4 0.0523304 -0.137379 0 0 255
-0.175 0.4 0.0523304 -0.137379 255 0 0
-0.15 0.4 0.0561209 -0.11834 255 0 0
-0.125 0.4 0.0599288 -0.099459 255 0 0
-0.1 0.4 0.0637367 -0.0805784 255 0 0
-0.075 0.4 0.0675447 -0.0616982 255 0 0
-0.05 0.4 0.0713528 -0.0428183 255 0 0
-0.025 0.4 0.0751612 -0.0239387 255 0 0
0 0.4 0.0789701 -0.00505936 255 0 0
0.025 0.4 0.0827795 0.0138197 255 0 0
0.05 0.4 0.0865895 0.0326985 255 0 0
0.075 0.4 0.0904002 0.0515771 255 0 0
0.1 0.4 0.0942113 0.0704554 255 0 0
0.125 0.4 0.0980225 0.0893333 255 0 0
0.15 0.4 0.101833 0.10821 255 0 0
0.175 0.4 0.105809 0.126669 255 0 0
0.2 0.4 0.105809 0.126669 0 0 255
0.225 0.4 0.105809 0.126669 0 0 255
0.25 0.4 0.105809 0.126669 0 0 255
0.275 0.4 0.105809 0.126669 0 0 255
0.3 0.4 0.105809 0.126669 0 0 255
0.325 0.4 0.105809 0.126669 0 0 255
0.35 0.4 0.105809 0.126669 0 0 255
0.375 0.4 0.105809 0.126669 0 0 255
0.4 0.4 0.105809 0.126669 0 0 255
0.425 0.4 0.105809 0.126669 0 0 255
0.45 0.4 0.105809 0.126669 0 0 255
0.475 0.4 0.105809 0.126669 0 0 255
0.5 0.4 0.105809 0.126669 0 0 255
-0.5 0.375 0.052831 -0.136993 0 0 255
-0.475 0.375 0.0529005 -0.136939 0 0 255
-0.45 0.375 0.0529851 -0.136874 0 0 255
-0.425 0.375 0.0530897 -0.136793 0 0 255
-0.4 0.375 0.0532209 -0.136692 0 0 255
-0.375 0.375 0.0533884 -0.136563 0 0 255
-0.35 0.375 0.0536067 -0.136394 0 0 255
-0.325 0.375 0.0538983 -0.136169 0 0 255
-0.3 0.375 0.0542994 -0.135859 0 0 255
-0.275 0.375 0.0548715 -0.135418 0 0 255
-0.25 0.375 0.055726 -0.134758 0 0 255
-0.225 0.375 0.0570822 -0.133711 0 0 255
-0.2 0.375 0.0594251 -0.131902 0 0 255
-0.175 0.375 0.0640408 -0.128339 0 0 255
-0.15 0.375 0.0757511 -0.119299 255 0 0
-0.125 0.375 0.0795573 -0.100413 255 0 0
-0.1 0.375 0.0833652 -0.0815323 255 0 0
-0.075 0.375 0.0871733 -0.0626522 255 0 0
-0.05 0.375 0.0909816 -0.0437723 255 0 0
-0.025 0.375 0.0947902 -0.0248927 255 0 0
0 0.375 0.0985994 -0.00601325 255 0 0
0.025 0.375 0.102409 0.012866 255 0 0
0.05 0.375 0.10622 0.031745 255 0 0
0.075 0.375 0.110031 0.0506239 255 0 0
0.1 0.375 0.113843 0.0695027 255 0 0
0.125 0.375 0.117655 0.0883816 255 0 0
0.15 0.375 0.121512 0.107326 255 0 0
0.175 0.375 0.113661 0.116998 0 0 255
0.2 0.375 0.110566 0.12081 0 0 255
0.225 0.375 0.108995 0.122745 0 0 255
0.25 0.375 0.108085 0.123865 0 0 255
0.275 0.375 0.107513 0.124571 0 0 255
0.3 0.375 0.107129 0.125043 0 0 255
0.325 0.375 0.10686 0.125374 0 0 255
0.35 0.375 0.106664 0.125615 0 0 255
0.375 0.375 0.106518 0.125796 0 0 255
0.4 0.375 0.106406 0.125934 0 0 255
0.425 0.375 0.106318 0.126042 0 0 255
0.45 0.375 0.106248 0.126129 0 0 255
0.475 0.375 0.106191 0.126198 0 0 255
0.5 0.375 0.106144 0.126256 0 0 255
-0.5 0.35 0.0536727 -0.136344 0 0 255
-0.475 0.35 0.0538578 -0.136201 0 0 255
-0.45 0.35 0.0540826 -0.136027 0 0 255
-0.425 0.35 0.0543591 -0.135814 0 0 255
-0.4 0.35 0.0547038 -0.135548 0 0 255
-0.375 0.35 0.0551404 -0.135212 0 0 255
-0.35 0.35 0.0557033 -0.134778 0 0 255
-0.325 0.35 0.0564441 -0.134206 0 0 255
-0.3 0.35 0.0574429 -0.133436 0 0 255
-0.275 0.35 0.0588275 -0.132369 0 0 255
-0.25 0.35 0.060811 -0.130841 0 0 255
-0.225 0.35 0.0637635 -0.128566 0 0 255
-0.2 0.35 0.0683507 -0.125034 0 0 255
-0.175 0.35 0.0757556 -0.119335 0 0 255
-0.15 0.35 0.0874705 -0.110332 0 0 255
-0.125 0.35 0.0991899 -0.101365 255 0 0
-0.1 0.35 0.102994 -0.0824859 255 0 0
-0.075 0.35 0.106802 -0.063606 255 0 0
-0.05 0.35 0.110611 -0.0447262 255 0 0
-0.025 0.35 0.11442 -0.0258465 255 0 0
0 0.35 0.118229 -0.00696705 255 0 0
0.025 0.35 0.122039 0.0119123 255 0 0
0.05 0.35 0.125851 0.0307915 255 0 0
0.075 0.35 0.129663 0.0496708 255 0 0
0.1 0.35 0.133476 0.0685502 255 0 0
0.125 0.35 0.137338 0.0874562 255 0 0
0.15 0.35 0.129425 0.0973913 0 0 255
0.175 0.35 0.121543 0.107195 0 0 255
0.2 0.35 0.116565 0.113368 0 0 255
0.225 0.35 0.113484 0.117185 0 0 255
0.25 0.35 0.111501 0.119639 0 0 255
0.275 0.35 0.110169 0.121286 0 0 255
0.3 0.35 0.109239 0.122435 0 0 255
0.325 0.35 0.108569 0.123263 0 0 255
0.35 0.35 0.108072 0.123877 0 0 255
0.375 0.35 0.107694 0.124344 0 0 255
0.4 0.35 0.107401 0.124705 0 0 255
0.425 0.35 0.10717 0.124991 0 0 255
0.45 0.35 0.106984 0.12522 0 0 255
0.475 0.35 0.106833 0.125406 0 0 255
0.5 0.35 0.106709 0.125559 0 0 255
-0.5 0.325 0.054856 -0.135432 0 0 255
-0.475 0.325 0.0552017 -0.135165 0 0 255
-0.45 0.325 0.0556201 -0.134843 0 0 255
-0.425 0.325 0.0561322 -0.134448 0 0 255
-0.4 0.325 0.0567666 -0.133959 0 0 255
-0.375 0.325 0.0575636 -0.133345 0 0 255
-0.35 0.325 0.0585804 -0.132562 0 0 255
-0.325 0.325 0.0598998 -0.131546 0 0 255
-0.3 0.325 0.0616448 -0.130202 0 0 255
-0.275 0.325 0.0640005 -0.128389 0 0 255
-0.25 0.325 0.06725 -0.125889 0 0 255
-0.225 0.325 0.0718231 -0.122372 0 0 255
-0.2 0.325 0.0783362 -0.117366 0 0 255
-0.175 0.325 0.0874755 -0.110347 0 0 255
-0.15 0.325 0.0991954 -0.101359 0 0 255
-0.125 0.325 0.11092 -0.0923866 0 0 255
-0.1 0.325 0.122651 -0.0834088 255 0 0
-0.075 0.325 0.126432 -0.0645594 255 0 0
-0.05 0.325 0.13024 -0.0456799 255 0 0
-0.025 0.325 0.134049 -0.0268004 255 0 0
0 0.325 0.137859 -0.00792082 255 0 0
0.025 0.325 0.141669 0.0109587 255 0 0
0.05 0.325 0.14548 0.0298381 255 0 0
0.075 0.325 0.149302 0.0487152 255 0 0
0.1 0.325 0.154221 0.0678153 255 0 0
0.125 0.325 0.145779 0.0776357 0 0 255
0.15 0.325 0.137602 0.0875135 0 0 255
0.175 0.325 0.129572 0.0973541 0 0 255
0.2 0.325 0.123357 0.105007 0 0 255
0.225 0.325 0.118944 0.11045 0 0 255
0.25 0.325 0.115853 0.114266 0 0 255
0.275 0.325 0.11366 0.116974 0 0 255
0.3 0.325 0.112072 0.118936 0 0 255
0.325 0.325 0.110897 0.120388 0 0 255
0.35 0.325 0.110008 0.121485 0 0 255
0.375 0.325 0.109324 0.12233 0 0 255
0.4 0.325 0.108788 0.122992 0 0 255
0.425 0.325 0.108362 0.123519 0 0 255
0.45 0.325 0.108018 0.123944 0 0 255
0.475 0.325 0.107736 0.124291 0 0 255
0.5 0.325 0.107504 0.124578 0 0 255
-0.5 0.3 0.0563811 -0.134257 0 0 255
-0.475 0.3 0.0569288 -0.133835 0 0 255
-0.45 0.3 0.0575882 -0.133327 0 0 255
-0.425 0.3 0.05839 -0.13271 0 0 255
-0.4 0.3 0.0593752 -0.131951 0 0 255
-0.375 0.3 0.0605998 -0.131008 0 0 255
-0.35 0.3 0.0621406 -0.129823 0 0 255
-0.325 0.3 0.0641039 -0.128312 0 0 255
-0.3 0.3 0.0666376 -0.126363 0 0 255
-0.275 0.3 0.0699461 -0.123819 0 0 255
-0.25 0.3 0.0743025 -0.120471 0 0 255
-0.225 0.3 0.0800419 -0.116062 0 0 255
-0.2 0.3 0.0874774 -0.110353 0 0 255
-0.175 0.3 0.0966187 -0.103341 0 0 255
-0.15 0.3 0.106608 -0.095686 0 0 255
-0.125 0.3 0.115544 -0.088848 0 0 255
-0.1 0.3 0.122651 -0.0834088 0 0 255
-0.075 0.3 0.126432 -0.0645594 0 0 255
-0.05 0.3 0.13024 -0.0456799 0 0 255
-0.025 0.3 0.134049 -0.0268004 0 0 255
0 0.3 0.137859 -0.00792082 0 0 255
0.025 0.3 0.141669 0.0109587 0 0 255
0.05 0.3 0.14548 0.0298381 0 0 255
0.075 0.3 0.149302 0.0487152 0 0 255
0.1 0.3 0.154221 0.0678153 0 0 255
0.125 0.3 0.149107 0.073765 0 0 255
0.15 0.3 0.142819 0.0812793 0 0 255
0.175 0.3 0.135903 0.0896723 0 0 255
0.2 0.3 0.12963 0.0973396 0 0 255
0.225 0.3 0.124554 0.103567 0 0 255
0.25 0.3 0.12065 0.108367 0 0 255
0.275 0.3 0.117694 0.112007 0 0 255
0.3 0.3 0.115453 0.114768 0 0 255
0.325 0.3 0.11374 0.116882 0 0 255
0.35 0.3 0.112413 0.118518 0 0 255
0.375 0.3 0.111374 0.119801 0 0 255
0.4 0.3 0.110548 0.12082 0 0 255
0.425 0.3 0.109884 0.12164 0 0 255
0.45 0.3 0.109343 0.122307 0 0 255
0.475 0.3 0.108899 0.122855 0 0 255
0.5 0.3 0.108531 0.12331 0 0 255
-0.5 0.275 0.0582356 -0.132829 0 0 255
-0.475 0.275 0.0590185 -0.132226 0 0 255
-0.45 0.275 0.0599544 -0.131506 0 0 255
-0.425 0.275 0.0610826 -0.130638 0 0 255
-0.4 0.275 0.0624538 -0.129583 0 0 255
-0.375 0.275 0.0641347 -0.12829 0 0 255
-0.35 0.275 0.0662127 -0.126692 0 0 255
-0.325 0.275 0.0688009 -0.124702 0 0 255
-0.3 0.275 0.0720439 -0.122209 0 0 255
-0.275 0.275 0.0761166 -0.11908 0 0 255
-0.25 0.275 0.08121 -0.115168 0 0 255
-0.225 0.275 0.0874785 -0.110357 0 0 255
-0.2 0.275 0.0949151 -0.104651 0 0 255
-0.175 0.275 0.103136 -0.0983488 0 0 255
-0.15 0.275 0.111201 -0.0921712 0 0 255
-0.125 0.275 0.117891 -0.0870518 0 0 255
-0.1 0.275 0.122651 -0.0834088 0 0 255
-0.075 0.275 0.126432 -0.0645594 0 0 255
-0.05 0.275 0.13024 -0.0456799 0 0 255
-0.025 0.275 0.134049 -0.0268004 0 0 255
0 0.275 0.137859 -0.00792082 0 0 255
0.025 0.275 0.141669 0.0109587 0 0 255
0.05 0.275 0.14548 0.0298381 0 0 255
0.075 0.275 0.149302 0.0487152 0 0 255
0.1 0.275 0.154221 0.0678153 0 0 255
0.125 0.275 0.150796 0.0718002 0 0 255
0.15 0.275 0.146066 0.0774206 0 0 255
0.175 0.275 0.140445 0.0841966 0 0 255
0.2 0.275 0.134767 0.0910969 0 0 255
0.225 0.275 0.12966 0.0973318 0 0 255
0.25 0.275 0.125374 0.102582 0 0 255
0.275 0.275 0.121901 0.106844 0 0 255
0.3 0.275 0.119131 0.110249 0 0 255
0.325 0.275 0.116929 0.112958 0 0 255
0.35 0.275 0.115174 0.115118 0 0 255
0.375 0.275 0.113767 0.116852 0 0 255
0.4 0.275 0.11263 0.118254 0 0 255
0.425 0.275 0.111703 0.119396 0 0 255
0.45 0.275 0.110941 0.120336 0 0 255
0.475 0.275 0.11031 0.121115 0 0 255
0.5 0.275 0.109782 0.121767 0 0 255
-0.5 0.25 0.0603914 -0.13117 0 0 255
-0.475 0.25 0.0614306 -0.130371 0 0 255
-0.45 0.25 0.062662 -0.129424 0 0 255
-0.425 0.25 0.0641302 -0.128294 0 0 255
-0.4 0.25 0.0658911 -0.12694 0 0 255
-0.375 0.25 0.0680143 -0.125308 0 0 255
-0.35 0.25 0.0705854 -0.123332 0 0 255
-0.325 0.25 0.0737063 -0.120934 0 0 255
-0.3 0.25 0.0774918 -0.118026 0 0 255
-0.275 0.25 0.0820556 -0.114522 0 0 255
-0.25 0.25 0.0874792 -0.110359 0 0 255
-0.225 0.25 0.0937483 -0.105549 0 0 255
-0.2 0.25 0.100657 -0.100251 0 0 255
-0.175 0.25 0.107713 -0.0948438 0 0 255
-0.15 0.25 0.114158 -0.0899087 0 0 255
-0.125 0.25 0.119249 -0.086012 0 0 255
-0.1 0.25 0.122651 -0.0834088 0 0 255
-0.075 0.25 0.126432 -0.0645594 0 0 255
-0.05 0.25 0.13024 -0.0456799 0 0 255
-0.025 0.25 0.134049 -0.0268004 0 0 255
0 0.25 0.137859 -0.00792082 0 0 255
0.025 0.25 0.141669 0.0109587 0 0 255
0.05 0.25 0.14548 0.0298381 0 0 255
0.075 0.25 0.149302 0.0487152 0 0 255
0.1 0.25 0.154221 0.0678153 0 0 255
0.125 0.25 0.151773 0.0706629 0 0 255
0.15 0.25 0.148163 0.0749382 0 0 255
0.175 0.25 0.14365 0.0803517 0 0 255
0.2 0.25 0.138752 0.0862758 0 0 255
0.225 0.25 0.133986 0.0920719 0 0 255
0.25 0.25 0.12968 0.0973269 0 0 255
0.275 0.25 0.125967 0.101869 0 0 255
0.3 0.25 0.122851 0.105689 0 0 255
0.325 0.25 0.120271 0.108855 0 0 255
0.35 0.25 0.118149 0.111464 0 0 255
0.375 0.25 0.116402 0.113611 0 0 255
0.4 0.25 0.114962 0.115384 0 0 255
0.425 0.25 0.113769 0.116853 0 0 255
0.45 0.25 0.112775 0.118078 0 0 255
0.475 0.25 0.111941 0.119104 0 0 255
0.5 0.25 0.111239 0.11997 0 0 255
-0.5 0.225 0.062806 -0.129314 0 0 255
-0.475 0.225 0.0641084 -0.128312 0 0 255
-0.45 0.225 0.0656358 -0.127137 0 0 255
-0.425 0.225 0.067434 -0.125755 0 0 255
-0.4 0.225 0.0695581 -0.124122 0 0 255
-0.375 0.225 0.0720725 -0.12219 0 0 255
-0.35 0.225 0.0750501 -0.119903 0 0 255
-0.325 0.225 0.0785675 -0.117201 0 0 255
-0.3 0.225 0.0826958 -0.114032 0 0 255
-0.275 0.225 0.0874796 -0.11036 0 0 255
-0.25 0.225 0.0929036 -0.106199 0 0 255
-0.225 0.225 0.0988436 -0.101643 0 0 255
-0.2 0.225 0.105016 -0.0969113 0 0 255
-0.175 0.225 0.110966 -0.0923533 0 0 255
-0.15 0.225 0.116144 -0.0883886 0 0 255
-0.125 0.225 0.120105 -0.0853569 0 0 255
-0.1 0.225 0.122651 -0.0834088 0 0 255
-0.075 0.225 0.126432 -0.0645594 0 0 255
-0.05 0.225 0.13024 -0.0456799 0 0 255
-0.025 0.225 0.134049 -0.0268004 0 0 255
0 0.225 0.137859 -0.00792082 0 0 255
0.025 0.225 0.141669 0.0109587 0 0 255
0.05 0.225 0.14548 0.0298381 0 0 255
0.075 0.225 0.149302 0.0487152 0 0 255
0.1 0.225 0.154221 0.0678153 0 0 255
0.125 0.225 0.152389 0.0699463 0 0 255
0.15 0.225 0.149574 0.0732711 0 0 255
0.175 0.225 0.145936 0.07762 0 0 255
0.2 0.225 0.14179 0.0826155 0 0 255
0.225 0.225 0.137515 0.0877958 0 0 255
0.25 0.225 0.13342 0.0927776 0 0 255
0.275 0.225 0.129693 0.0973235 0 0 255
0.3 0.225 0.126416 0.10133 0 0 255
0.325 0.225 0.123594 0.104786 0 0 255
0.35 0.225 0.121194 0.107729 0 0 255
0.375 0.225 0.119166 0.110218 0 0 255
0.4 0.225 0.117456 0.112319 0 0 255
0.425 0.225 0.116013 0.114094 0 0 255
0.45 0.225 0.114793 0.115595 0 0 255
0.475 0.225 0.113757 0.11687 0 0 255
0.5 0.225 0.112875 0.117956 0 0 255
-0.5 0.2 0.0654265 -0.127299 0 0 255
-0.475 0.2 0.066985 -0.126101 0 0 255
-0.45 0.2 0.0687913 -0.124713 0 0 255
-0.425 0.2 0.0708888 -0.123101 0 0 255
-0.4 0.2 0.0733262 -0.121228 0 0 255
-0.375 0.2 0.0761562 -0.119054 0 0 255
-0.35 0.2 0.0794315 -0.116539 0 0 255
-0.325 0.2 0.0831976 -0.113648 0 0 255
-0.3 0.2 0.0874799 -0.110361 0 0 255
-0.275 0.2 0.0922641 -0.10669 0 0 255
-0.25 0.2 0.0974689 -0.102698 0 0 255
-0.225 0.2 0.102918 -0.0985203 0 0 255
-0.2 0.2 0.108327 -0.0943752 0 0 255
-0.175 0.2 0.113324 -0.0905479 0 0 255
-0.15 0.2 0.11753 -0.0873275 0 0 255
-0.125 0.2 0.120678 -0.0849183 0 0 255
-0.1 0.2 0.122651 -0.0834088 0 0 255
-0.075 0.2 0.126432 -0.0645594 0 0 255
-0.05 0.2 0.13024 -0.0456799 0 0 255
-0.025 0.2 0.134049 -0.0268004 0 0 255
0 0.2 0.137859 -0.00792082 0 0 255
0.025 0.2 0.141669 0.0109587 0 0 255
0.05 0.2 0.14548 0.0298381 0 0 255
0.075 0.2 0.149302 0.0487152 0 0 255
0.1 0.2 0.154221 0.0678153 0 0 255
0.125 0.2 0.152802 0.0694665 0 0 255
0.15 0.2 0.150561 0.0721078 0 0 255
0.175 0.2 0.147597 0.0756398 0 0 255
0.2 0.2 0.144104 0.0798354 0 0 255
0.225 0.2 0.140346 0.0843756 0 0 255
0.25 0.2 0.136577 0.0889475 0 0 255
0.275 0.2 0.13299 0.0933117 0 0 255
0.3 0.2 0.129703 0.0973211 0 0 255
0.325 0.2 0.126768 0.100908 0 0 255
0.35 0.2 0.124192 0.104061 0 0 255
0.375 0.2 0.121955 0.106801 0 0 255
0.4 0.2 0.120025 0.109168 0 0 255
0.425 0.2 0.118366 0.111206 0 0 255
0.45 0.2 0.116939 0.112958 0 0 255
0.475 0.2 0.115712 0.114467 0 0 255
0.5 0.2 0.114654 0.115768 0 0 255
-0.5 0.175 0.0681946 -0.125172 0 0 255
-0.475 0.175 0.0699894 -0.123793 0 0 255
-0.45 0.175 0.0720437 -0.122214 0 0 255
-0.425 0.175 0.0743949 -0.120408 0 0 255
-0.4 0.175 0.0770814 -0.118345 0 0 255
-0.375 0.175 0.0801404 -0.115996 0 0 255
-0.35 0.175 0.0836017 -0.113339 0 0 255
-0.325 0.175 0.0874802 -0.110362 0 0 255
-0.3 0.175 0.0917628 -0.107076 0 0 255
-0.275 0.175 0.0963934 -0.103524 0 0 255
-0.25 0.175 0.101256 -0.0997956 0 0 255
-0.225 0.175 0.106163 -0.0960341 0 0 255
-0.2 0.175 0.110863 -0.092433 0 0 255
-0.175 0.175 0.115071 -0.0892105 0 0 255
-0.15 0.175 0.118531 -0.086562 0 0 255
-0.125 0.175 0.12108 -0.0846108 0 0 255
-0.1 0.175 0.122651 -0.0834088 0 0 255
-0.075 0.175 0.126432 -0.0645594 0 0 255
-0.05 0.175 0.13024 -0.0456799 0 0 255
-0.025 0.175 0.134049 -0.0268004 0 0 255
0 0.175 0.137859 -0.00792082 0 0 255
0.025 0.175 0.141669 0.0109587 0 0 255
0.05 0.175 0.14548 0.0298381 0 0 255
0.075 0.175 0.149302 0.0487152 0 0 255
0.1 0.175 0.154221 0.0678153 0 0 255
0.125 0.175 0.153091 0.0691301 0 0 255
0.15 0.175 0.151274 0.0712688 0 0 255
0.175 0.175 0.148831 0.0741732 0 0 255
0.2 0.175 0.145882 0.0777061 0 0 255
0.225 0.175 0.142607 0.0816516 0 0 255
0.25 0.175 0.139204 0.0857696 0 0 255
0.275 0.175 0.135844 0.0898482 0 0 255
0.3 0.175 0.132654 0.0937304 0 0 255
0.325 0.175 0.129711 0.0973191 0 0 255
0.35 0.175 0.127051 0.100568 0 0 255
0.375 0.175 0.124682 0.103466 0 0 255
0.4 0.175 0.122592 0.106026 0 0 255
0.425 0.175 0.120758 0.108273 0 0 255
0.45 0.175 0.119156 0.110239 0 0 255
0.475 0.175 0.117757 0.111956 0 0 255
0.5 0.175 0.116536 0.113455 0 0 255
-0.5 0.15 0.0710516 -0.122977 0 0 255
-0.475 0.15 0.0730534 -0.121439 0 0 255
-0.45 0.15 0.0753154 -0.119702 0 0 255
-0.425 0.15 0.0778663 -0.117743 0 0 255
-0.4 0.15 0.0807326 -0.115542 0 0 255
-0.375 0.15 0.0839345 -0.113084 0 0 255
-0.35 0.15 0.0874804 -0.110363 0 0 255
-0.325 0.15 0.0913591 -0.107386 0 0 255
-0.3 0.15 0.0955298 -0.104187 0 0 255
-0.275 0.15 0.0999122 -0.100827 0 0 255
-0.25 0.15 0.104378 -0.0974026 0 0 255
-0.225 0.15 0.108753 -0.0940498 0 0 255
-0.2 0.15 0.112828 -0.0909281 0 0 255
-0.175 0.15 0.116392 -0.0881992 0 0 255
-0.15 0.15 0.119273 -0.0859941 0 0 255
-0.125 0.15 0.121372 -0.0843873 0 0 255
-0.1 0.15 0.122651 -0.0834088 0 0 255
-0.075 0.15 0.126432 -0.0645594 0 0 255
-0.05 0.15 0.13024 -0.0456799 0 0 255
-0.025 0.15 0.134049 -0.0268004 0 0 255
0 0.15 0.137859 -0.00792082 0 0 255
0.025 0.15 0.141669 0.0109587 0 0 255
0.05 0.15 0.14548 0.0298381 0 0 255
0.075 0.15 0.149302 0.0487152 0 0 255
0.1 0.15 0.154221 0.0678153 0 0 255
0.125 0.15 0.153301 0.0688856 0 0 255
0.15 0.15 0.151803 0.0706465 0 0 255
0.175 0.15 0.149765 0.0730644 0 0 255
0.2 0.15 0.147262 0.0760562 0 0 255
0.225 0.15 0.144416 0.0794772 0 0 255
0.25 0.15 0.141374 0.083149 0 0 255
0.275 0.15 0.138281 0.086896 0 0 255
0.3 0.15 0.135255 0.0905713 0 0 255
0.325 0.15 0.132382 0.0940675 0 0 255
0.35 0.15 0.129717 0.0973176 0 0 255
0.375 0.15 0.127284 0.100288 0 0 255
0.4 0.15 0.125092 0.102969 0 0 255
0.425 0.15 0.123132 0.105367 0 0 255
0.45 0.15 0.12139 0.107502 0 0 255
0.475 0.15 0.119847 0.109393 0 0 255
0.5 0.15 0.118483 0.111067 0 0 255
-0.5 0.125 0.0739423 -0.120757 0 0 255
-0.475 0.125 0.0761159 -0.119087 0 0 255
-0.45 0.125 0.0785404 -0.117226 0 0 255
-0.425 0.125 0.0812349 -0.115157 0 0 255
-0.4 0.125 0.0842134 -0.11287 0 0 255
-0.375 0.125 0.0874806 -0.110363 0 0 255
-0.35 0.125 0.0910267 -0.107642 0 0 255
-0.325 0.125 0.0948211 -0.104731 0 0 255
-0.3 0.125 0.0988061 -0.101675 0 0 255
-0.275 0.125 0.102891 -0.0985433 0 0 255
-0.25 0.125 0.106951 -0.0954314 0 0 255
-0.225 0.125 0.110833 -0.0924569 0 0 255
-0.2 0.125 0.114371 -0.0897471 0 0 255
-0.175 0.125 0.11741 -0.08742 0 0 255
-0.15 0.125 0.119836 -0.0855627 0 0 255
-0.125 0.125 0.121591 -0.0842199 0 0 255
-0.1 0.125 0.122651 -0.0834088 0 0 255
-0.075 0.125 0.126432 -0.0645594 0 0 255
-0.05 0.125 0.13024 -0.0456799 0 0 255
-0.025 0.125 0.134049 -0.0268004 0 0 255
0 0.125 0.137859 -0.00792082 0 0 255
0.025 0.125 0.141669 0.0109587 0 0 255
0.05 0.125 0.14548 0.0298381 0 0 255
0.075 0.125 0.149302 0.0487152 0 0 255
0.1 0.125 0.154221 0.0678153 0 0 255
0.125 0.125 0.153459 0.0687026 0 0 255
0.15 0.125 0.152206 0.0701738 0 0 255
0.175 0.125 0.150487 0.07221 0 0 255
0.2 0.125 0.148348 0.0747615 0 0 255
0.225 0.125 0.145872 0.0777314 0 0 255
0.25 0.125 0.143167 0.0809896 0 0 255
0.275 0.125 0.140349 0.0843965 0 0 255
0.3 0.125 0.137522 0.087823 0 0 255
0.325 0.125 0.134772 0.0911645 0 0 255
0.35 0.125 0.132159 0.0943451 0 0 255
0.375 0.125 0.129722 0.0973164 0 0 255
0.4 0.125 0.12748 0.100053 0 0 255
0.425 0.125 0.12544 0.102547 0 0 255
0.45 0.125 0.123596 0.104802 0 0 255
0.475 0.125 0.12194 0.106831 0 0 255
0.5 0.125 0.120456 0.108649 0 0 255
-0.5 0.1 0.0768179 -0.118549 0 0 255
-0.475 0.1 0.0791253 -0.116777 0 0 255
-0.45 0.1 0.0816664 -0.114826 0 0 255
-0.425 0.1 0.0844507 -0.112689 0 0 255
-0.4 0.1 0.0874807 -0.110363 0 0 255
-0.375 0.1 0.090748 -0.107856 0 0 255
-0.35 0.1 0.0942291 -0.105186 0 0 255
-0.325 0.1 0.0978809 -0.102385 0 0 255
-0.3 0.1 0.101637 -0.099505 0 0 255
-0.275 0.1 0.105407 -0.0966154 0 0 255
-0.25 0.1 0.109076 -0.0938037 0 0 255
-0.225 0.1 0.112515 -0.0911684 0 0 255
-0.2 0.1 0.115597 -0.0888085 0 0 255
-0.175 0.1 0.118208 -0.0868091 0 0 255
-0.15 0.1 0.120274 -0.0852281 0 0 255
-0.125 0.1 0.121759 -0.0840915 0 0 255
-0.1 0.1 0.122651 -0.0834088 0 0 255
-0.075 0.1 0.126432 -0.0645594 0 0 255
-0.05 0.1 0.13024 -0.0456799 0 0 255
-0.025 0.1 0.134049 -0.0268004 0 0 255
0 0.1 0.137859 -0.00792082 0 0 255
0.025 0.1 0.141669 0.0109587 0 0 255
0.05 0.1 0.14548 0.0298381 0 0 255
0.075 0.1 0.149302 0.0487152 0 0 255
0.1 0.1 0.154221 0.0678153 0 0 255
0.125 0.1 0.153579 0.0685621 0 0 255
0.15 0.1 0.152518 0.0698072 0 0 255
0.175 0.1 0.151053 0.0715404 0 0 255
0.2 0.1 0.149212 0.0737324 0 0 255
0.225 0.1 0.147051 0.076319 0 0 255
0.25 0.1 0.14465 0.0792062 0 0 255
0.275 0.1 0.142098 0.0822852 0 0 255
0.3 0.1 0.139485 0.0854478 0 0 255
0.325 0.1 0.136887 0.0885982 0 0 255
0.35 0.1 0.134368 0.09166 0 0 255
0.375 0.1 0.131971 0.0945777 0 0 255
0.4 0.1 0.129726 0.0973154 0 0 255
0.425 0.1 0.127646 0.0998533 0 0 255
0.45 0.1 0.125738 0.102185 0 0 255
0.475 0.1 0.123999 0.104312 0 0 255
0.5 0.1 0.122422 0.106243 0 0 255
-0.5 0.075 0.0796378 -0.116384 0 0 255
-0.475 0.075 0.0820411 -0.114539 0 0 255
-0.45 0.075 0.0846551 -0.112532 0 0 255
-0.425 0.075 0.0874808 -0.110364 0 0 255
-0.4 0.075 0.090511 -0.108039 0 0 255
-0.375 0.075 0.093727 -0.105572 0 0 255
-0.35 0.075 0.0970961 -0.102988 0 0 255
-0.325 0.075 0.100568 -0.100325 0 0 255
-0.3 0.075 0.104076 -0.097636 0 0 255
-0.275 0.075 0.107532 -0.0949868 0 0 255
-0.25 0.075 0.110838 -0.0924537 0 0 255
-0.225 0.075 0.113888 -0.0901173 0 0 255
-0.2 0.075 0.116583 -0.0880534 0 0 255
-0.175 0.075 0.118843 -0.0863228 0 0 255
-0.15 0.075 0.120619 -0.0849639 0 0 255
-0.125 0.075 0.12189 -0.0839909 0 0 255
-0.1 0.075 0.122651 -0.0834088 0 0 255
-0.075 0.075 0.126432 -0.0645594 0 0 255
-0.05 0.075 0.13024 -0.0456799 0 0 255
-0.025 0.075 0.134049 -0.0268004 0 0 255
0 0.075 0.137859 -0.00792082 0 0 255
0.025 0.075 0.141669 0.0109587 0 0 255
0.05 0.075 0.14548 0.0298381 0 0 255
0.075 0.075 0.149302 0.0487152 0 0 255
0.1 0.075 0.154221 0.0678153 0 0 255
0.125 0.075 0.153674 0.0684521 0 0 255
0.15 0.075 0.152765 0.0695178 0 0 255
0.175 0.075 0.151504 0.0710074 0 0 255
0.2 0.075 0.149908 0.0729045 0 0 255
0.225 0.075 0.148015 0.0751669 0 0 255
0.25 0.075 0.145882 0.0777271 0 0 255
0.275 0.075 0.143579 0.0805015 0 0 255
0.3 0.075 0.141179 0.0834017 0 0 255
0.325 0.075 0.138749 0.0863438 0 0 255
0.35 0.075 0.136349 0.0892558 0 0 255
0.375 0.075 0.134026 0.0920803 0 0 255
0.4 0.075 0.131812 0.0947757 0 0 255
0.425 0.075 0.129729 0.0973145 0 0 255
0.45 0.075 0.12779 0.0996814 0 0 255
0.475 0.075 0.125998 0.10187 0 0 255
0.5 0.075 0.124352 0.103882 0 0 255
-0.5 0.05 0.0823696 -0.114287 0 0 255
-0.475 0.05 0.0848331 -0.112396 0 0 255
-0.45 0.05 0.0874809 -0.110364 0 0 255
-0.425 0.05 0.0903068 -0.108196 0 0 255
-0.4 0.05 0.0932957 -0.105903 0 0 255
-0.375 0.05 0.0964222 -0.103505 0 0 255
-0.35 0.05 0.0996478 -0.101031 0 0 255
-0.325 0.05 0.102921 -0.0985219 0 0 255
-0.3 0.05 0.106174 -0.0960277 0 0 255
-0.275 0.05 0.109332 -0.0936081 0 0 255
-0.25 0.05 0.112307 -0.0913282 0 0 255
-0.225 0.05 0.115017 -0.0892526 0 0 255
-0.2 0.05 0.117386 -0.0874388 0 0 255
-0.175 0.05 0.119356 -0.0859304 0 0 255
-0.15 0.05 0.120896 -0.084752 0 0 255
-0.125 0.05 0.121995 -0.0839107 0 0 255
-0.1 0.05 0.122651 -0.0834088 0 0 255
-0.075 0.05 0.126432 -0.0645594 0 0 255
-0.05 0.05 0.13024 -0.0456799 0 0 255
-0.025 0.05 0.134049 -0.0268004 0 0 255
0 0.05 0.137859 -0.00792082 0 0 255
0.025 0.05 0.141669 0.0109587 0 0 255
0.05 0.05 0.14548 0.0298381 0 0 255
0.075 0.05 0.149302 0.0487152 0 0 255
0.1 0.05 0.154221 0.0678153 0 0 255
0.125 0.05 0.153749 0.0683644 0 0 255
0.15 0.05 0.152963 0.0692857 0 0 255
0.175 0.05 0.151869 0.0705773 0 0 255
0.2 0.05 0.150476 0.0722309 0 0 255
0.225 0.05 0.14881 0.074219 0 0 255
0.25 0.05 0.146912 0.0764936 0 0 255
0.275 0.05 0.144835 0.0789912 0 0 255
0.3 0.05 0.142639 0.0816406 0 0 255
0.325 0.05 0.140381 0.0843704 0 0 255
0.35 0.05 0.138116 0.0871155 0 0 255
0.375 0.05 0.135888 0.0898203 0 0 255
0.4 0.05 0.133732 0.0924412 0 0 255
0.425 0.05 0.131674 0.0949462 0 0 255
0.45 0.05 0.129732 0.0973138 0 0 255
0.475 0.05 0.127914 0.0995316 0 0 255
0.5 0.05 0.126225 0.101594 0 0 255
-0.5 0.025 0.0849896 -0.112276 0 0 255
-0.475 0.025 0.087481 -0.110364 0 0 255
-0.45 0.025 0.0901289 -0.108333 0 0 255
-0.425 0.025 0.0929211 -0.10619 0 0 255
-0.4 0.025 0.0958373 -0.103954 0 0 255
-0.375 0.025 0.0988474 -0.101645 0 0 255
-0.35 0.025 0.101911 -0.0992964 0 0 255
-0.325 0.025 0.104976 -0.0969465 0 0 255
-0.3 0.025 0.107982 -0.0946427 0 0 255
-0.275 0.025 0.11086 -0.0924372 0 0 255
-0.25 0.025 0.11354 -0.0903842 0 0 255
-0.225 0.025 0.115954 -0.0885352 0 0 255
-0.2 0.025 0.118046 -0.0869334 0 0 255
-0.175 0.025 0.119775 -0.0856097 0 0 255
-0.15 0.025 0.121121 -0.0845796 0 0 255
-0.125 0.025 0.12208 -0.0838458 0 0 255
-0.1 0.025 0.122651 -0.0834088 0 0 255
-0.075 0.025 0.126432 -0.0645594 0 0 255
-0.05 0.025 0.13024 -0.0456799 0 0 255
-0.025 0.025 0.134049 -0.0268004 0 0 255
0 0.025 0.137859 -0.00792082 0 0 255
0.025 0.025 0.141669 0.0109587 0 0 255
0.05 0.025 0.14548 0.0298381 0 0 255
0.075 0.025 0.149302 0.0487152 0 0 255
0.1 0.025 0.154221 0.0678153 0 0 255
0.125 0.025 0.15381 0.0682934 0 0 255
0.15 0.025 0.153124 0.069097 0 0 255
0.175 0.025 0.152167 0.0702258 0 0 255
0.2 0.025 0.150943 0.0716769 0 0 255
0.225 0.025 0.14947 0.0734326 0 0 255
0.25 0.025 0.147776 0.0754591 0 0 255
0.275 0.025 0.145903 0.0777083 0 0 255
0.3 0.025 0.143898 0.0801238 0 0 255
0.325 0.025 0.141809 0.0826459 0 0 255
0.35 0.025 0.139684 0.0852172 0 0 255
0.375 0.025 0.137565 0.0877864 0 0 255
0.4 0.025 0.135487 0.0903102 0 0 255
0.425 0.025 0.133477 0.0927547 0 0 255
0.45 0.025 0.131555 0.0950946 0 0 255
0.475 0.025 0.129735 0.0973131 0 0 255
0.5 0.025 0.128024 0.0994 0 0 255
-0.5 0 0.0874811 -0.110365 0 0 255
-0.475 0 0.0899726 -0.108453 0 0 255
-0.45 0 0.0925927 -0.106443 0 0 255
-0.425 0 0.0953249 -0.104347 0 0 255
-0.4 0 0.0981453 -0.102184 0 0 255
-0.375 0 0.101022 -0.0999782 0 0 255
-0.35 0 0.103913 -0.0977612 0 0 255
-0.325 0 0.106772 -0.0955703 0 0 255
-0.3 0 0.109541 -0.0934478 0 0 255
-0.275 0 0.112164 -0.0914387 0 0 255
-0.25 0 0.11458 -0.0895876 0 0 255
-0.225 0 0.116738 -0.0879351 0 0 255
-0.2 0 0.118594 -0.0865136 0 0 255
-0.175 0 0.120121 -0.0853447 0 0 255
-0.15 0 0.121306 -0.0844377 0 0 255
-0.125 0 0.122149 -0.0837926 0 0 255
-0.1 0 0.122651 -0.0834088 0 0 255
-0.075 0 0.126432 -0.0645594 0 0 255
-0.05 0 0.13024 -0.0456799 0 0 255
-0.025 0 0.134049 -0.0268004 0 0 255
0 0 0.137859 -0.00792082 0 0 255
0.025 0 0.141669 0.0109587 0 0 255
0.05 0 0.14548 0.0298381 0 0 255
0.075 0 0.149302 0.0487152 0 0 255
0.1 0 0.154221 0.0678153 0 0 255
0.125 0 0.15386 0.0682351 0 0 255
0.15 0 0.153257 0.0689416 0 0 255
0.175 0 0.152413 0.0699354 0 0 255
0.2 0 0.151331 0.0712167 0 0 255
0.225 0 0.150022 0.0727749 0 0 255
0.25 0 0.148507 0.074586 0 0 255
0.275 0 0.146816 0.0766142 0 0 255
0.3 0 0.144986 0.0788149 0 0 255
0.325 0 0.143059 0.081139 0 0 255
0.35 0 0.141075 0.083537 0 0 255
0.375 0 0.139071 0.0859625 0 0 255
0.4 0 0.137083 0.0883747 0 0 255
0.425 0 0.135136 0.0907393 0 0 255
0.45 0 0.133253 0.0930295 0 0 255
0.475 0 0.131449 0.0952251 0 0 255
0.5 0 0.129737 0.0973126 0 0 255
