-0.5 1 -0.152846 -0.118074 0 0 255
-0.475 1 -0.154573 -0.115678 0 0 255
-0.45 1 -0.15634 -0.113183 0 0 255
-0.425 1 -0.158142 -0.110602 0 0 255
-0.4 1 -0.159966 -0.107954 0 0 255
-0.375 1 -0.161798 -0.105269 0 0 255
-0.35 1 -0.163617 -0.102581 0 0 255
-0.325 1 -0.165398 -0.0999344 0 0 255
-0.3 1 -0.167111 -0.0973769 0 0 255
-0.275 1 -0.168725 -0.0949613 0 0 255
-0.25 1 -0.170208 -0.0927395 0 0 255
-0.225 1 -0.17153 -0.0907588 0 0 255
-0.2 1 -0.172666 -0.0890573 0 0 255
-0.175 1 -0.173602 -0.0876597 0 0 255
-0.15 1 -0.174328 -0.0865767 0 0 255
-0.125 1 -0.174845 -0.0858071 0 0 255
-0.1 1 -0.175153 -0.0853498 0 0 255
-0.075 1 -0.168163 -0.0643013 0 0 255
-0.05 1 -0.161347 -0.0434661 0 0 255
-0.025 1 -0.154537 -0.0226425 0 0 255
0 1 -0.14773 -0.00182568 0 0 255
0.025 1 -0.140923 0.0189856 0 0 255
0.05 1 -0.134118 0.0397917 0 0 255
0.075 1 -0.127326 0.0605968 0 0 255
0.1 1 -0.120853 0.0816053 0 0 255
0.125 1 -0.120249 0.0820285 0 0 255
0.15 1 -0.119235 0.0827407 0 0 255
0.175 1 -0.117811 0.0837429 0 0 255
0.2 1 -0.115977 0.085036 0 0 255
0.225 1 -0.11375 0.0866101 0 0 255
0.25 1 -0.111161 0.0884421 0 0 255
0.275 1 -0.10826 0.0904966 0 0 255
0.3 1 -0.105107 0.0927297 0 0 255
0.325 1 -0.101768 0.0950928 0 0 255
0.35 1 -0.0983075 0.0975373 0 0 255
0.375 1 -0.0947865 0.100018 0 0 255
0.4 1 -0.0912577 0.102493 0 0 255
0.425 1 -0.0877645 0.104931 0 0 255
0.45 1 -0.0843405 0.107306 0 0 255
0.475 1 -0.08101 0.109597 0 0 255
0.5 1 -0.077789 0.111791 0 0 255
-0.5 0.975 -0.151123 -0.120465 0 0 255
-0.475 0.975 -0.152894 -0.118049 0 0 255
-0.45 0.975 -0.154717 -0.115509 0 0 255
-0.425 0.975 -0.156587 -0.112857 0 0 255
-0.4 0.975 -0.158497 -0.110108 0 0 255
-0.375 0.975 -0.160431 -0.107289 0 0 255
-0.35 0.975 -0.16237 -0.104436 0 0 255
-0.325 0.975 -0.164287 -0.101592 0 0 255
-0.3 0.975 -0.166151 -0.0988135 0 0 255
-0.275 0.975 -0.167925 -0.0961597 0 0 255
-0.25 0.975 -0.169571 -0.0936942 0 0 255
-0.225 0.975 -0.17105 -0.0914771 0 0 255
-0.2 0.975 -0.17233 -0.0895592 0 0 255
-0.175 0.975 -0.173389 -0.0879762 0 0 255
-0.15 0.975 -0.174214 -0.0867459 0 0 255
-0.125 0.975 -0.174802 -0.0858706 0 0 255
-0.1 0.975 -0.175153 -0.0853498 0 0 255
-0.075 0.975 -0.168163 -0.0643013 0 0 255
-0.05 0.975 -0.161347 -0.0434661 0 0 255
-0.025 0.975 -0.154537 -0.0226425 0 0 255
0 0.975 -0.14773 -0.00182568 0 0 255
0.025 0.975 -0.140923 0.0189856 0 0 255
0.05 0.975 -0.134118 0.0397917 0 0 255
0.075 0.975 -0.127326 0.0605968 0 0 255
0.1 0.975 -0.120853 0.0816053 0 0 255
0.125 0.975 -0.120165 0.0820872 0 0 255
0.15 0.975 -0.119012 0.0828973 0 0 255
0.175 0.975 -0.117394 0.0840357 0 0 255
0.2 0.975 -0.115319 0.0855004 0 0 255
0.225 0.975 -0.11281 0.0872746 0 0 255
0.25 0.975 -0.109913 0.0893252 0 0 255
0.275 0.975 -0.106695 0.0916048 0 0 255
0.3 0.975 -0.103232 0.0940577 0 0 255
0.325 0.975 -0.099603 0.0966249 0 0 255
0.35 0.975 -0.0958832 0.0992499 0 0 255
0.375 0.975 -0.0921396 0.101882 0 0 255
0.4 0.975 -0.0884274 0.104479 0 0 255
0.425 0.975 -0.0847891 0.107008 0 0 255
0.45 0.975 -0.0812555 0.109445 0 0 255
0.475 0.975 -0.0778463 0.111773 0 0 255
0.5 0.975 -0.0745728 0.113983 0 0 255
-0.5 0.95 -0.149264 -0.123001 0 0 255
-0.475 0.95 -0.151073 -0.120584 0 0 255
-0.45 0.95 -0.152945 -0.118022 0 0 255
-0.425 0.95 -0.154877 -0.115319 0 0 255
-0.4 0.95 -0.156865 -0.112487 0 0 255
-0.375 0.95 -0.158897 -0.109548 0 0 255
-0.35 0.95 -0.160955 -0.106534 0 0 255
-0.325 0.95 -0.163013 -0.103492 0 0 255
-0.3 0.95 -0.165037 -0.10048 0 0 255
-0.275 0.95 -0.166987 -0.0975659 0 0 255
-0.25 0.95 -0.168815 -0.0948261 0 0 255
-0.225 0.95 -0.170476 -0.0923362 0 0 255
-0.2 0.95 -0.171926 -0.0901636 0 0 255
-0.175 0.95 -0.173133 -0.0883592 0 0 255
-0.15 0.95 -0.174076 -0.0869515 0 0 255
-0.125 0.95 -0.17475 -0.0859479 0 0 255
-0.1 0.95 -0.175153 -0.0853498 0 0 255
-0.075 0.95 -0.168163 -0.0643013 0 0 255
-0.05 0.95 -0.161347 -0.0434661 0 0 255
-0.025 0.95 -0.154537 -0.0226425 0 0 255
0 0.95 -0.14773 -0.00182568 0 0 255
0.025 0.95 -0.140923 0.0189856 0 0 255
0.05 0.95 -0.134118 0.0397917 0 0 255
0.075 0.95 -0.127326 0.0605968 0 0 255
0.1 0.95 -0.120853 0.0816053 0 0 255
0.125 0.95 -0.120063 0.0821588 0 0 255
0.15 0.95 -0.118741 0.0830876 0 0 255
0.175 0.95 -0.116891 0.0843902 0 0 255
0.2 0.95 -0.114526 0.0860596 0 0 255
0.225 0.95 -0.111686 0.0880693 0 0 255
0.25 0.95 -0.108435 0.090372 0 0 255
0.275 0.95 -0.10486 0.092905 0 0 255
0.3 0.95 -0.101058 0.0955979 0 0 255
0.325 0.95 -0.0971217 0.0983801 0 0 255
0.35 0.95 -0.0931377 0.101187 0 0 255
0.375 0.95 -0.089177 0.103965 0 0 255
0.4 0.95 -0.0852946 0.106671 0 0 255
0.425 0.95 -0.0815299 0.109274 0 0 255
0.45 0.95 -0.077908 0.111753 0 0 255
0.475 0.95 -0.0744422 0.114097 0 0 255
0.5 0.95 -0.071137 0.116302 0 0 255
-0.5 0.925 -0.147263 -0.125675 0 0 255
-0.475 0.925 -0.149104 -0.123281 0 0 255
-0.45 0.925 -0.151015 -0.120721 0 0 255
-0.425 0.925 -0.153 -0.117993 0 0 255
-0.4 0.925 -0.155056 -0.115103 0 0 255
-0.375 0.925 -0.157178 -0.112064 0 0 255
-0.35 0.925 -0.15935 -0.108905 0 0 255
-0.325 0.925 -0.16155 -0.10567 0 0 255
-0.3 0.925 -0.163741 -0.102417 0 0 255
-0.275 0.925 -0.165881 -0.0992226 0 0 255
-0.25 0.925 -0.167915 -0.0961763 0 0 255
-0.225 0.925 -0.169785 -0.093372 0 0 255
-0.2 0.925 -0.171435 -0.0908987 0 0 255
-0.175 0.925 -0.172818 -0.088828 0 0 255
-0.15 0.925 -0.173906 -0.0872043 0 0 255
-0.125 0.925 -0.174686 -0.0860434 0 0 255
-0.1 0.925 -0.175153 -0.0853498 0 0 255
-0.075 0.925 -0.168163 -0.0643013 0 0 255
-0.05 0.925 -0.161347 -0.0434661 0 0 255
-0.025 0.925 -0.154537 -0.0226425 0 0 255
0 0.925 -0.14773 -0.00182568 0 0 255
0.025 0.925 -0.140923 0.0189856 0 0 255
0.05 0.925 -0.134118 0.0397917 0 0 255
0.075 0.925 -0.127326 0.0605968 0 0 255
0.1 0.925 -0.120853 0.0816053 0 0 255
0.125 0.925 -0.119937 0.0822472 0 0 255
0.15 0.925 -0.118408 0.0833215 0 0 255
0.175 0.925 -0.116275 0.084824 0 0 255
0.2 0.925 -0.113563 0.0867397 0 0 255
0.225 0.925 -0.110331 0.0890274 0 0 255
0.25 0.925 -0.106672 0.0916207 0 0 255
0.275 0.925 -0.102699 0.0944367 0 0 255
0.3 0.925 -0.0985303 0.0973877 0 0 255
0.325 0.925 -0.0942769 0.100391 0 0 255
0.35 0.925 -0.0900323 0.103375 0 0 255
0.375 0.925 -0.0858693 0.106285 0 0 255
0.4 0.925 -0.0818391 0.109079 0 0 255
0.425 0.925 -0.0779742 0.111732 0 0 255
0.45 0.925 -0.0742912 0.114229 0 0 255
0.475 0.925 -0.0707947 0.116564 0 0 255
0.5 0.925 -0.0674808 0.118741 0 0 255
-0.5 0.9 -0.145109 -0.128474 0 0 255
-0.475 0.9 -0.146977 -0.126129 0 0 255
-0.45 0.9 -0.14892 -0.123601 0 0 255
-0.425 0.9 -0.150946 -0.12088 0 0 255
-0.4 0.9 -0.153059 -0.117963 0 0 255
-0.375 0.9 -0.155258 -0.114855 0 0 255
-0.35 0.9 -0.157535 -0.111576 0 0 255
-0.325 0.9 -0.15987 -0.108162 0 0 255
-0.3 0.9 -0.162232 -0.10467 0 0 255
-0.275 0.9 -0.164574 -0.101181 0 0 255
-0.25 0.9 -0.166835 -0.0977965 0 0 255
-0.225 0.9 -0.168945 -0.0946315 0 0 255
-0.2 0.9 -0.170831 -0.0918023 0 0 255
-0.175 0.9 -0.172429 -0.089409 0 0 255
-0.15 0.9 -0.173694 -0.0875195 0 0 255
-0.125 0.9 -0.174605 -0.0861633 0 0 255
-0.1 0.9 -0.175153 -0.0853498 0 0 255
-0.075 0.9 -0.168163 -0.0643013 0 0 255
-0.05 0.9 -0.161347 -0.0434661 0 0 255
-0.025 0.9 -0.154537 -0.0226425 0 0 255
0 0.9 -0.14773 -0.00182568 0 0 255
0.025 0.9 -0.140923 0.0189856 0 0 255
0.05 0.9 -0.134118 0.0397917 0 0 255
0.075 0.9 -0.127326 0.0605968 0 0 255
0.1 0.9 -0.120853 0.0816053 0 0 255
0.125 0.9 -0.119778 0.0823581 0 0 255
0.15 0.9 -0.117992 0.0836132 0 0 255
0.175 0.9 -0.115512 0.0853616 0 0 255
0.2 0.9 -0.11238 0.0875757 0 0 255
0.225 0.9 -0.108685 0.0901925 0 0 255
0.25 0.9 -0.104558 0.0931189 0 0 255
0.275 0.9 -0.100144 0.096247 0 0 255
0.3 0.9 -0.0955896 0.0994694 0 0 255
0.325 0.9 -0.0910185 0.102692 0 0 255
0.35 0.9 -0.0865292 0.105839 0 0 255
0.375 0.9 -0.0821907 0.108856 0 0 255
0.4 0.9 -0.0780455 0.11171 0 0 255
0.425 0.9 -0.0741147 0.114381 0 0 255
0.45 0.9 -0.0704032 0.116864 0 0 255
0.475 0.9 -0.0669046 0.119163 0 0 255
0.5 0.9 -0.0636054 0.121286 0 0 255
-0.5 0.875 -0.142792 -0.131384 0 0 255
-0.475 0.875 -0.144684 -0.129113 0 0 255
-0.45 0.875 -0.146652 -0.126647 0 0 255
-0.425 0.875 -0.148708 -0.12397 0 0 255
-0.4 0.875 -0.150863 -0.121067 0 0 255
-0.375 0.875 -0.153123 -0.117931 0 0 255
-0.35 0.875 -0.155488 -0.114569 0 0 255
-0.325 0.875 -0.157947 -0.111005 0 0 255
-0.3 0.875 -0.160474 -0.10729 0 0 255
-0.275 0.875 -0.163023 -0.103502 0 0 255
-0.25 0.875 -0.165531 -0.0997514 0 0 255
-0.225 0.875 -0.167915 -0.0961763 0 0 255
-0.2 0.875 -0.17008 -0.0929258 0 0 255
-0.175 0.875 -0.17194 -0.0901391 0 0 255
-0.15 0.875 -0.173426 -0.0879188 0 0 255
-0.125 0.875 -0.174502 -0.0863163 0 0 255
-0.1 0.875 -0.175153 -0.0853498 0 0 255
-0.075 0.875 -0.168163 -0.0643013 0 0 255
-0.05 0.875 -0.161347 -0.0434661 0 0 255
-0.025 0.875 -0.154537 -0.0226425 0 0 255
0 0.875 -0.14773 -0.00182568 0 0 255
0.025 0.875 -0.140923 0.0189856 0 0 255
0.05 0.875 -0.134118 0.0397917 0 0 255
0.075 0.875 -0.127326 0.0605968 0 0 255
0.1 0.875 -0.120853 0.0816053 0 0 255
0.125 0.875 -0.119576 0.0824997 0 0 255
0.15 0.875 -0.117467 0.0839827 0 0 255
0.175 0.875 -0.114554 0.0860371 0 0 255
0.2 0.875 -0.110909 0.0886151 0 0 255
0.225 0.875 -0.106668 0.0916213 0 0 255
0.25 0.875 -0.102008 0.0949265 0 0 255
0.275 0.875 -0.0971186 0.0983917 0 0 255
0.3 0.875 -0.0921694 0.101889 0 0 255
0.325 0.875 -0.0872963 0.105316 0 0 255
0.35 0.875 -0.0825946 0.108597 0 0 255
0.375 0.875 -0.0781221 0.111686 0 0 255
0.4 0.875 -0.073906 0.114559 0 0 255
0.425 0.875 -0.069951 0.117211 0 0 255
0.45 0.875 -0.0662471 0.119645 0 0 255
0.475 0.875 -0.0627753 0.121876 0 0 255
0.5 0.875 -0.059512 0.12392 0 0 255
-0.5 0.85 -0.140292 -0.134388 0 0 255
-0.475 0.85 -0.14221 -0.132212 0 0 255
-0.45 0.85 -0.144199 -0.12984 0 0 255
-0.425 0.85 -0.146277 -0.127245 0 0 255
-0.4 0.85 -0.148459 -0.124401 0 0 255
-0.375 0.85 -0.150761 -0.121288 0 0 255
-0.35 0.85 -0.153192 -0.117896 0 0 255
-0.325 0.85 -0.155753 -0.114231 0 0 255
-0.3 0.85 -0.158429 -0.110327 0 0 255
-0.275 0.85 -0.161184 -0.106253 0 0 255
-0.25 0.85 -0.163952 -0.102121 0 0 255
-0.225 0.85 -0.166642 -0.098087 0 0 255
-0.2 0.85 -0.169137 -0.09434 0 0 255
-0.175 0.85 -0.171317 -0.0910707 0 0 255
-0.15 0.85 -0.173081 -0.0884337 0 0 255
-0.125 0.85 -0.174368 -0.0865157 0 0 255
-0.1 0.85 -0.175153 -0.0853498 0 0 255
-0.075 0.85 -0.168163 -0.0643013 0 0 255
-0.05 0.85 -0.161347 -0.0434661 0 0 255
-0.025 0.85 -0.154537 -0.0226425 0 0 255
0 0.85 -0.14773 -0.00182568 0 0 255
0.025 0.85 -0.140923 0.0189856 0 0 255
0.05 0.85 -0.134118 0.0397917 0 0 255
0.075 0.85 -0.127326 0.0605968 0 0 255
0.1 0.85 -0.120853 0.0816053 0 0 255
0.125 0.85 -0.119313 0.0826843 0 0 255
0.15 0.85 -0.116789 0.0844592 0 0 255
0.175 0.85 -0.113331 0.0868991 0 0 255
0.2 0.85 -0.10906 0.0899233 0 0 255
0.225 0.85 -0.104175 0.0933884 0 0 255
0.25 0.85 -0.0989204 0.0971168 0 0 255
0.275 0.85 -0.0935314 0.100934 0 0 255
0.3 0.85 -0.0882008 0.104694 0 0 255
0.325 0.85 -0.0830647 0.108291 0 0 255
0.35 0.85 -0.0782041 0.11166 0 0 255
0.375 0.85 -0.0736553 0.114771 0 0 255
0.4 0.85 -0.0694227 0.117615 0 0 255
0.425 0.85 -0.06549 0.120201 0 0 255
0.45 0.85 -0.0618301 0.122549 0 0 255
0.475 0.85 -0.0584104 0.124681 0 0 255
0.5 0.85 -0.0551982 0.126621 0 0 255
-0.5 0.825 -0.137578 -0.137466 0 0 255
-0.475 0.825 -0.139532 -0.135404 0 0 255
-0.45 0.825 -0.141548 -0.133152 0 0 255
-0.425 0.825 -0.143644 -0.130676 0 0 255
-0.4 0.825 -0.145842 -0.127941 0 0 255
-0.375 0.825 -0.148165 -0.124911 0 0 255
-0.35 0.825 -0.150634 -0.121557 0 0 255
-0.325 0.825 -0.153266 -0.11786 0 0 255
-0.3 0.825 -0.156063 -0.113828 0 0 255
-0.275 0.825 -0.159003 -0.109508 0 0 255
-0.25 0.825 -0.162033 -0.104999 0 0 255
-0.225 0.825 -0.165056 -0.100469 0 0 255
-0.2 0.825 -0.167935 -0.0961429 0 0 255
-0.175 0.825 -0.170508 -0.09228 0 0 255
-0.15 0.825 -0.172626 -0.0891114 0 0 255
-0.125 0.825 -0.174189 -0.086782 0 0 255
-0.1 0.825 -0.175153 -0.0853498 0 0 255
-0.075 0.825 -0.168163 -0.0643013 0 0 255
-0.05 0.825 -0.161347 -0.0434661 0 0 255
-0.025 0.825 -0.154537 -0.0226425 0 0 255
0 0.825 -0.14773 -0.00182568 0 0 255
0.025 0.825 -0.140923 0.0189856 0 0 255
0.05 0.825 -0.134118 0.0397917 0 0 255
0.075 0.825 -0.127326 0.0605968 0 0 255
0.1 0.825 -0.120853 0.0816053 0 0 255
0.125 0.825 -0.118961 0.0829308 0 0 255
0.15 0.825 -0.115897 0.0850864 0 0 255
0.175 0.825 -0.111746 0.088018 0 0 255
0.2 0.825 -0.106704 0.0915911 0 0 255
0.225 0.825 -0.10107 0.0955908 0 0 255
0.25 0.825 -0.0951703 0.0997777 0 0 255
0.275 0.825 -0.0892864 0.103941 0 0 255
0.3 0.825 -0.0836206 0.107924 0 0 255
0.325 0.825 -0.0782914 0.111634 0 0 255
0.35 0.825 -0.0733492 0.115026 0 0 255
0.375 0.825 -0.0687971 0.118093 0 0 255
0.4 0.825 -0.064609 0.120849 0 0 255
0.425 0.825 -0.0607449 0.123322 0 0 255
0.45 0.825 -0.0571595 0.125545 0 0 255
0.475 0.825 -0.0538086 0.12755 0 0 255
0.5 0.825 -0.0506518 0.129368 0 0 255
-0.5 0.8 -0.134599 -0.14061 0 0 255
-0.475 0.8 -0.136612 -0.138667 0 0 255
-0.45 0.8 -0.138669 -0.136552 0 0 255
-0.425 0.8 -0.140791 -0.134227 0 0 255
-0.4 0.8 -0.143001 -0.131646 0 0 255
-0.375 0.8 -0.14533 -0.128762 0 0 255
-0.35 0.8 -0.147809 -0.125525 0 0 255
-0.325 0.8 -0.150473 -0.121887 0 0 255
-0.3 0.8 -0.153345 -0.117822 0 0 255
-0.275 0.8 -0.156431 -0.113335 0 0 255
-0.25 0.8 -0.1597 -0.108495 0 0 255
-0.225 0.8 -0.163068 -0.103455 0 0 255
-0.2 0.8 -0.166384 -0.098471 0 0 255
-0.175 0.8 -0.169439 -0.09388 0 0 255
-0.15 0.8 -0.172012 -0.0900253 0 0 255
-0.125 0.8 -0.173942 -0.0871484 0 0 255
-0.1 0.8 -0.175153 -0.0853498 0 0 255
-0.075 0.8 -0.168163 -0.0643013 0 0 255
-0.05 0.8 -0.161347 -0.0434661 0 0 255
-0.025 0.8 -0.154537 -0.0226425 0 0 255
0 0.8 -0.14773 -0.00182568 0 0 255
0.025 0.8 -0.140923 0.0189856 0 0 255
0.05 0.8 -0.134118 0.0397917 0 0 255
0.075 0.8 -0.127326 0.0605968 0 0 255
0.1 0.8 -0.120853 0.0816053 0 0 255
0.125 0.8 -0.118477 0.0832699 0 0 255
0.15 0.8 -0.114694 0.0859321 0 0 255
0.175 0.8 -0.10965 0.0894983 0 0 255
0.2 0.8 -0.103666 0.0937445 0 0 255
0.225 0.8 -0.0971806 0.0983522 0 0 255
0.25 0.8 -0.0906178 0.103008 0 0 255
0.275 0.8 -0.084291 0.107475 0 0 255
0.3 0.8 -0.0783832 0.111606 0 0 255
0.325 0.8 -0.0729679 0.11534 0 0 255
0.35 0.8 -0.0680446 0.118667 0 0 255
0.375 0.8 -0.0635714 0.121613 0 0 255
0.4 0.8 -0.0594878 0.12422 0 0 255
0.425 0.8 -0.0557292 0.126532 0 0 255
0.45 0.8 -0.0522353 0.128597 0 0 255
0.475 0.8 -0.0489534 0.130454 0 0 255
0.5 0.8 -0.0458398 0.13214 0 0 255
-0.5 0.775 -0.131271 -0.143821 0 0 255
-0.475 0.775 -0.133379 -0.14199 0 0 255
-0.45 0.775 -0.135511 -0.140014 0 0 255
-0.425 0.775 -0.137683 -0.137855 0 0 255
-0.4 0.775 -0.139919 -0.135464 0 0 255
-0.375 0.775 -0.14225 -0.132783 0 0 255
-0.35 0.775 -0.144719 -0.129745 0 0 255
-0.325 0.775 -0.147373 -0.126275 0 0 255
-0.3 0.775 -0.150262 -0.122304 0 0 255
-0.275 0.775 -0.153427 -0.117783 0 0 255
-0.25 0.775 -0.156879 -0.112717 0 0 255
-0.225 0.775 -0.16057 -0.107209 0 0 255
-0.2 0.775 -0.164359 -0.101513 0 0 255
-0.175 0.775 -0.167996 -0.0960411 0 0 255
-0.15 0.775 -0.171162 -0.0912924 0 0 255
-0.125 0.775 -0.17359 -0.087671 0 0 255
-0.1 0.775 -0.175153 -0.0853498 0 0 255
-0.075 0.775 -0.168163 -0.0643013 0 0 255
-0.05 0.775 -0.161347 -0.0434661 0 0 255
-0.025 0.775 -0.154537 -0.0226425 0 0 255
0 0.775 -0.14773 -0.00182568 0 0 255
0.025 0.775 -0.140923 0.0189856 0 0 255
0.05 0.775 -0.134118 0.0397917 0 0 255
0.075 0.775 -0.127326 0.0605968 0 0 255
0.1 0.775 -0.120853 0.0816053 0 0 255
0.125 0.775 -0.117787 0.0837536 0 0 255
0.15 0.775 -0.113028 0.0871047 0 0 255
0.175 0.775 -0.106822 0.0914977 0 0 255
0.2 0.775 -0.0997 0.0965582 0 0 255
0.225 0.775 -0.0922955 0.101823 0 0 255
0.25 0.775 -0.0851209 0.106908 0 0 255
0.275 0.775 -0.0784777 0.111578 0 0 255
0.3 0.775 -0.0724807 0.115735 0 0 255
0.325 0.775 -0.0671225 0.11937 0 0 255
0.35 0.775 -0.0623324 0.122527 0 0 255
0.375 0.775 -0.058017 0.125272 0 0 255
0.4 0.775 -0.0540821 0.12767 0 0 255
0.425 0.775 -0.0504442 0.129785 0 0 255
0.45 0.775 -0.0470342 0.131671 0 0 255
0.475 0.775 -0.0437974 0.133372 0 0 255
0.5 0.775 -0.0406926 0.134926 0 0 255
-0.5 0.75 -0.127461 -0.147129 0 0 255
-0.475 0.75 -0.129717 -0.145385 0 0 255
-0.45 0.75 -0.131976 -0.143529 0 0 255
-0.425 0.75 -0.134247 -0.141529 0 0 255
-0.4 0.75 -0.136548 -0.139338 0 0 255
-0.375 0.75 -0.138907 -0.136898 0 0 255
-0.35 0.75 -0.141365 -0.13413 0 0 255
-0.325 0.75 -0.14398 -0.130939 0 0 255
-0.3 0.75 -0.146824 -0.127215 0 0 255
-0.275 0.75 -0.149977 -0.122846 0 0 255
-0.25 0.75 -0.153509 -0.117744 0 0 255
-0.225 0.75 -0.157443 -0.111911 0 0 255
-0.2 0.75 -0.161695 -0.105523 0 0 255
-0.175 0.75 -0.166007 -0.099024 0 0 255
-0.15 0.75 -0.169945 -0.0931082 0 0 255
-0.125 0.75 -0.173065 -0.0884515 0 0 255
-0.1 0.75 -0.175153 -0.0853498 0 0 255
-0.075 0.75 -0.168163 -0.0643013 0 0 255
-0.05 0.75 -0.161347 -0.0434661 0 0 255
-0.025 0.75 -0.154537 -0.0226425 0 0 255
0 0.75 -0.14773 -0.00182568 0 0 255
0.025 0.75 -0.140923 0.0189856 0 0 255
0.05 0.75 -0.134118 0.0397917 0 0 255
0.075 0.75 -0.127326 0.0605968 0 0 255
0.1 0.75 -0.120853 0.0816053 0 0 255
0.125 0.75 -0.116756 0.084476 0 0 255
0.15 0.75 -0.110642 0.0887849 0 0 255
0.175 0.75 -0.102924 0.0942571 0 0 255
0.2 0.75 -0.0944814 0.100266 0 0 255
0.225 0.75 -0.0861839 0.106169 0 0 255
0.25 0.75 -0.0785709 0.111551 0 0 255
0.275 0.75 -0.0718393 0.116245 0 0 255
0.3 0.75 -0.0659665 0.120249 0 0 255
0.325 0.75 -0.0608295 0.123639 0 0 255
0.35 0.75 -0.0562781 0.126518 0 0 255
0.375 0.75 -0.0521722 0.128988 0 0 255
0.4 0.75 -0.0483946 0.131136 0 0 255
0.425 0.75 -0.0448543 0.133034 0 0 255
0.45 0.75 -0.0414841 0.13474 0 0 255
0.475 0.75 -0.0382366 0.136296 0 0 255
0.5 0.75 -0.0350805 0.137735 0 0 255
-0.5 0.725 -0.12296 -0.15061 0 0 255
-0.475 0.725 -0.125429 -0.148906 0 0 255
-0.45 0.725 -0.127891 -0.147126 0 0 255
-0.425 0.725 -0.130341 -0.145247 0 0 255
-0.4 0.725 -0.132784 -0.143233 0 0 255
-0.375 0.725 -0.135235 -0.141032 0 0 255
-0.35 0.725 -0.137726 -0.13857 0 0 255
-0.325 0.725 -0.140311 -0.135744 0 0 255
-0.3 0.725 -0.14307 -0.132419 0 0 255
-0.275 0.725 -0.146114 -0.128425 0 0 255
-0.25 0.725 -0.149576 -0.123575 0 0 255
-0.225 0.725 -0.153585 -0.117707 0 0 255
-0.2 0.725 -0.158187 -0.110811 0 0 255
-0.175 0.725 -0.16321 -0.103226 0 0 255
-0.15 0.725 -0.168133 -0.095812 0 0 255
-0.125 0.725 -0.172231 -0.0896903 0 0 255
-0.1 0.725 -0.175153 -0.0853498 0 0 255
-0.075 0.725 -0.168163 -0.0643013 0 0 255
-0.05 0.725 -0.161347 -0.0434661 0 0 255
-0.025 0.725 -0.154537 -0.0226425 0 0 255
0 0.725 -0.14773 -0.00182568 0 0 255
0.025 0.725 -0.140923 0.0189856 0 0 255
0.05 0.725 -0.134118 0.0397917 0 0 255
0.075 0.725 -0.127326 0.0605968 0 0 255
0.1 0.725 -0.120853 0.0816053 0 0 255
0.125 0.725 -0.11512 0.0856226 0 0 255
0.15 0.725 -0.107091 0.0912867 0 0 255
0.175 0.725 -0.0974435 0.0981436 0 0 255
0.2 0.725 -0.0876106 0.105156 0 0 255
0.225 0.725 -0.078655 0.111525 0 0 255
0.25 0.725 -0.0709617 0.11693 0 0 255
0.275 0.725 -0.0644769 0.12138 0 0 255
0.3 0.725 -0.0589736 0.125016 0 0 255
0.325 0.725 -0.0542013 0.128013 0 0 255
0.35 0.725 -0.049945 0.130525 0 0 255
0.375 0.725 -0.0460394 0.132677 0 0 255
0.4 0.725 -0.0423659 0.134564 0 0 255
0.425 0.725 -0.0388439 0.136257 0 0 255
0.45 0.725 -0.0354226 0.137807 0 0 255
0.475 0.725 -0.0320735 0.139249 0 0 255
0.5 0.725 -0.0287835 0.140607 0 0 255
-0.5 0.7 -0.117468 -0.154401 0 0 255
-0.475 0.7 -0.120208 -0.152681 0 0 255
-0.45 0.7 -0.122958 -0.150909 0 0 255
-0.425 0.7 -0.125696 -0.149077 0 0 255
-0.4 0.7 -0.128402 -0.147168 0 0 255
-0.375 0.7 -0.13107 -0.145149 0 0 255
-0.35 0.7 -0.133707 -0.142964 0 0 255
-0.325 0.7 -0.136344 -0.140524 0 0 255
-0.3 0.7 -0.139047 -0.137697 0 0 255
-0.275 0.7 -0.141929 -0.134289 0 0 255
-0.25 0.7 -0.145163 -0.130034 0 0 255
-0.225 0.7 -0.148984 -0.124602 0 0 255
-0.2 0.7 -0.153642 -0.117674 0 0 255
-0.175 0.7 -0.159232 -0.109217 0 0 255
-0.15 0.7 -0.165319 -0.100015 0 0 255
-0.125 0.7 -0.17079 -0.0918305 0 0 255
-0.1 0.7 -0.175153 -0.0853498 0 0 255
-0.075 0.7 -0.168163 -0.0643013 0 0 255
-0.05 0.7 -0.161347 -0.0434661 0 0 255
-0.025 0.7 -0.154537 -0.0226425 0 0 255
0 0.7 -0.14773 -0.00182568 0 0 255
0.025 0.7 -0.140923 0.0189856 0 0 255
0.05 0.7 -0.134118 0.0397917 0 0 255
0.075 0.7 -0.127326 0.0605968 0 0 255
0.1 0.7 -0.120853 0.0816053 0 0 255
0.125 0.7 -0.112294 0.0876034 0 0 255
0.15 0.7 -0.101578 0.0951755 0 0 255
0.175 0.7 -0.0896471 0.103685 0 0 255
0.2 0.7 -0.0787151 0.1115 0 0 255
0.225 0.7 -0.0697016 0.117891 0 0 255
0.25 0.7 -0.0624919 0.122881 0 0 255
0.275 0.7 -0.056638 0.126758 0 0 255
0.3 0.7 -0.0517001 0.129823 0 0 255
0.325 0.7 -0.047341 0.132321 0 0 255
0.35 0.7 -0.0433274 0.13443 0 0 255
0.375 0.7 -0.0395095 0.136275 0 0 255
0.4 0.7 -0.0357979 0.137939 0 0 255
0.425 0.7 -0.0321461 0.139477 0 0 255
0.45 0.7 -0.0285367 0.140926 0 0 255
0.475 0.7 -0.0249717 0.142306 0 0 255
0.5 0.7 -0.0214643 0.143628 0 0 255
-0.5 0.675 -0.110609 -0.158709 0 0 255
-0.475 0.675 -0.113617 -0.156929 0 0 255
-0.45 0.675 -0.116707 -0.155091 0 0 255
-0.425 0.675 -0.119837 -0.153209 0 0 255
-0.4 0.675 -0.122961 -0.151287 0 0 255
-0.375 0.675 -0.126036 -0.149322 0 0 255
-0.35 0.675 -0.129028 -0.147293 0 0 255
-0.325 0.675 -0.131921 -0.14515 0 0 255
-0.3 0.675 -0.134733 -0.142797 0 0 255
-0.275 0.675 -0.137534 -0.14007 0 0 255
-0.25 0.675 -0.140477 -0.136698 0 0 255
-0.225 0.675 -0.143837 -0.132256 0 0 255
-0.2 0.675 -0.148053 -0.12613 0 0 255
-0.175 0.675 -0.15366 -0.117638 0 0 255
-0.15 0.675 -0.160779 -0.106805 0 0 255
-0.125 0.675 -0.167952 -0.0960466 0 0 255
-0.1 0.675 -0.175153 -0.0853498 255 0 0
-0.075 0.675 -0.168163 -0.0643013 255 0 0
-0.05 0.675 -0.161347 -0.0434661 255 0 0
-0.025 0.675 -0.154537 -0.0226425 255 0 0
0 0.675 -0.14773 -0.00182568 255 0 0
0.025 0.675 -0.140923 0.0189856 255 0 0
0.05 0.675 -0.134118 0.0397917 255 0 0
0.075 0.675 -0.127326 0.0605968 255 0 0
0.1 0.675 -0.120853 0.0816053 255 0 0
0.125 0.675 -0.106726 0.0915057 0 0 255
0.15 0.675 -0.0926886 0.101458 0 0 255
0.175 0.675 -0.0787268 0.111473 0 0 255
0.2 0.675 -0.0677839 0.119315 0 0 255
0.225 0.675 -0.0597438 0.124952 0 0 255
0.25 0.675 -0.0536482 0.129002 0 0 255
0.275 0.675 -0.0486824 0.132026 0 0 255
0.3 0.675 -0.0443094 0.134411 0 0 255
0.325 0.675 -0.040209 0.136408 0 0 255
0.35 0.675 -0.0362063 0.138172 0 0 255
0.375 0.675 -0.0322198 0.139796 0 0 255
0.4 0.675 -0.0282269 0.141333 0 0 255
0.425 0.675 -0.0242407 0.142809 0 0 255
0.45 0.675 -0.0202941 0.144235 0 0 255
0.475 0.675 -0.0164279 0.145612 0 0 255
0.5 0.675 -0.0126838 0.146938 0 0 255
-0.5 0.65 -0.102103 -0.163742 0 0 255
-0.475 0.65 -0.105188 -0.16194 0 0 255
-0.45 0.65 -0.108506 -0.160025 0 0 255
-0.425 0.65 -0.112015 -0.15802 0 0 255
-0.4 0.65 -0.115655 -0.155954 0 0 255
-0.375 0.65 -0.119345 -0.153859 0 0 255
-0.35 0.65 -0.122995 -0.151762 0 0 255
-0.325 0.65 -0.126512 -0.149676 0 0 255
-0.3 0.65 -0.129823 -0.147579 0 0 255
-0.275 0.65 -0.132891 -0.145391 0 0 255
-0.25 0.65 -0.135763 -0.142929 0 0 255
-0.225 0.65 -0.138626 -0.139828 0 0 255
-0.2 0.65 -0.141928 -0.135407 0 0 255
-0.175 0.65 -0.146541 -0.128472 0 0 255
-0.15 0.65 -0.153606 -0.117563 0 0 255
-0.125 0.65 -0.160752 -0.106743 255 0 0
-0.1 0.65 -0.153882 -0.0858971 255 0 0
-0.075 0.65 -0.147069 -0.0650614 255 0 0
-0.05 0.65 -0.140259 -0.044231 255 0 0
-0.025 0.65 -0.133449 -0.0234073 255 0 0
0 0.65 -0.126641 -0.00259014 255 0 0
0.025 0.65 -0.119834 0.0182212 255 0 0
0.05 0.65 -0.113028 0.0390273 255 0 0
0.075 0.65 -0.106223 0.0598288 255 0 0
0.1 0.65 -0.0994158 0.0806252 255 0 0
0.125 0.65 -0.0925985 0.101406 255 0 0
0.15 0.65 -0.0786515 0.11141 0 0 255
0.175 0.65 -0.0647651 0.121488 0 0 255
0.2 0.65 -0.0558295 0.127883 0 0 255
0.225 0.65 -0.0498054 0.131919 0 0 255
0.25 0.65 -0.0450976 0.134684 0 0 255
0.275 0.65 -0.0408471 0.136797 0 0 255
0.3 0.65 -0.0366427 0.138593 0 0 255
0.325 0.65 -0.0323218 0.14025 0 0 255
0.35 0.65 -0.0278594 0.141851 0 0 255
0.375 0.65 -0.0233045 0.143427 0 0 255
0.4 0.65 -0.018741 0.144983 0 0 255
0.425 0.65 -0.0142621 0.146503 0 0 255
0.45 0.65 -0.00995282 0.147972 0 0 255
0.475 0.65 -0.00588145 0.149371 0 0 255
0.5 0.65 -0.00209524 0.150685 0 0 255
-0.5 0.625 -0.092333 -0.169452 0 0 255
-0.475 0.625 -0.0949516 -0.167848 0 0 255
-0.45 0.625 -0.0979783 -0.16604 0 0 255
-0.425 0.625 -0.101432 -0.164027 0 0 255
-0.4 0.625 -0.105306 -0.16183 0 0 255
-0.375 0.625 -0.109548 -0.159487 0 0 255
-0.35 0.625 -0.114054 -0.157065 0 0 255
-0.325 0.625 -0.11866 -0.154649 0 0 255
-0.3 0.625 -0.123152 -0.152335 0 0 255
-0.275 0.625 -0.127292 -0.150193 0 0 255
-0.25 0.625 -0.130878 -0.148219 0 0 255
-0.225 0.625 -0.133828 -0.14625 0 0 255
-0.2 0.625 -0.13637 -0.143765 0 0 255
-0.175 0.625 -0.139475 -0.13938 0 0 255
-0.15 0.625 -0.146461 -0.128383 255 0 0
-0.125 0.625 -0.139606 -0.107511 255 0 0
-0.1 0.625 -0.132793 -0.0866666 255 0 0
-0.075 0.625 -0.125981 -0.0658285 255 0 0
-0.05 0.625 -0.11917 -0.0449971 255 0 0
-0.025 0.625 -0.112361 -0.0241726 255 0 0
0 0.625 -0.105553 -0.00335498 255 0 0
0.025 0.625 -0.0987464 0.0174565 255 0 0
0.05 0.625 -0.0919404 0.0382624 255 0 0
0.075 0.625 -0.085135 0.0590636 255 0 0
0.1 0.625 -0.07833 0.0798607 255 0 0
0.125 0.625 -0.0715253 0.100654 255 0 0
0.15 0.625 -0.0647046 0.121413 255 0 0
0.175 0.625 -0.0508786 0.131567 0 0 255
0.2 0.625 -0.0450625 0.135588 0 0 255
0.225 0.625 -0.0410542 0.137783 0 0 255
0.25 0.625 -0.037065 0.139401 0 0 255
0.275 0.625 -0.0325586 0.140916 0 0 255
0.3 0.625 -0.0275026 0.142499 0 0 255
0.325 0.625 -0.0220735 0.144179 0 0 255
0.35 0.625 -0.0165184 0.145919 0 0 255
0.375 0.625 -0.0110776 0.14766 0 0 255
0.4 0.625 -0.0059423 0.149344 0 0 255
0.425 0.625 -0.00123755 0.150926 0 0 255
0.45 0.625 0.00297398 0.152378 0 0 255
0.475 0.625 0.006679 0.153685 0 0 255
0.5 0.625 0.00989764 0.154847 0 0 255
-0.5 0.6 -0.083246 -0.175017 0 0 255
-0.475 0.6 -0.0846868 -0.173982 0 0 255
-0.45 0.6 -0.0864935 -0.17273 0 0 255
-0.425 0.6 -0.0887649 -0.171215 0 0 255
-0.4 0.6 -0.091619 -0.169388 0 0 255
-0.375 0.6 -0.0951851 -0.167208 0 0 255
-0.35 0.6 -0.0995821 -0.164653 0 0 255
-0.325 0.6 -0.104869 -0.161756 0 0 255
-0.3 0.6 -0.110957 -0.158645 0 0 255
-0.275 0.6 -0.117489 -0.155587 0 0 255
-0.25 0.6 -0.123743 -0.152983 0 0 255
-0.225 0.6 -0.128718 -0.151244 0 0 255
-0.2 0.6 -0.131602 -0.150498 0 0 255
-0.175 0.6 -0.13249 -0.150377 255 0 0
-0.15 0.6 -0.125329 -0.129138 255 0 0
-0.125 0.6 -0.118516 -0.108284 255 0 0
-0.1 0.6 -0.111704 -0.0874365 255 0 0
-0.075 0.6 -0.104893 -0.0665964 255 0 0
-0.05 0.6 -0.0980826 -0.0457637 255 0 0
-0.025 0.6 -0.0912736 -0.0249384 255 0 0
0 0.6 -0.0844658 -0.0041202 255 0 0
0.025 0.6 -0.077659 0.0166916 255 0 0
0.05 0.6 -0.0708531 0.0374978 255 0 0
0.075 0.6 -0.0640481 0.0582991 255 0 0
0.1 0.6 -0.0572438 0.0790965 255 0 0
0.125 0.6 -0.0504402 0.099891 255 0 0
0.15 0.6 -0.0436381 0.120683 255 0 0
0.175 0.6 -0.0370526 0.14172 255 0 0
0.2 0.6 -0.0361304 0.141764 0 0 255
0.225 0.6 -0.0329977 0.142196 0 0 255
0.25 0.6 -0.0274169 0.143313 0 0 255
0.275 0.6 -0.02024 0.145059 0 0 255
0.3 0.6 -0.012612 0.147162 0 0 255
0.325 0.6 -0.00540128 0.149336 0 0 255
0.35 0.6 0.000936078 0.151385 0 0 255
0.375 0.6 0.00626328 0.153209 0 0 255
0.4 0.6 0.010626 0.154778 0 0 255
0.425 0.6 0.0141492 0.1561 0 0 255
0.45 0.6 0.016977 0.157203 0 0 255
0.475 0.6 0.0192444 0.158119 0 0 255
0.5 0.6 0.0210666 0.15888 0 0 255
-0.5 0.575 -0.0777942 -0.178931 0 0 255
-0.475 0.575 -0.0781013 -0.178546 0 0 255
-0.45 0.575 -0.0784894 -0.178069 0 0 255
-0.425 0.575 -0.0789864 -0.177472 0 0 255
-0.4 0.575 -0.0796326 -0.176717 0 0 255
-0.375 0.575 -0.080486 -0.175749 0 0 255
-0.35 0.575 -0.0816319 -0.174489 0 0 255
-0.325 0.575 -0.083196 -0.172831 0 0 255
-0.3 0.575 -0.0853623 -0.170629 0 0 255
-0.275 0.575 -0.0883909 -0.1677 0 0 255
-0.25 0.575 -0.0926088 -0.163867 0 0 255
-0.225 0.575 -0.0982832 -0.159123 0 0 255
-0.2 0.575 -0.105124 -0.154096 0 0 255
-0.175 0.575 -0.111047 -0.150781 255 0 0
-0.15 0.575 -0.104238 -0.129913 255 0 0
-0.125 0.575 -0.0974267 -0.109056 255 0 0
-0.1 0.575 -0.0906155 -0.0882066 255 0 0
-0.075 0.575 -0.083805 -0.0673648 255 0 0
-0.05 0.575 -0.0769953 -0.0465309 255 0 0
-0.025 0.575 -0.0701866 -0.0257047 255 0 0
0 0.575 -0.0633789 -0.00488583 255 0 0
0.025 0.575 -0.0565722 0.0159266 255 0 0
0.05 0.575 -0.0497664 0.0367333 255 0 0
0.075 0.575 -0.0429614 0.0575352 255 0 0
0.1 0.575 -0.0361574 0.0783333 255 0 0
0.125 0.575 -0.0293543 0.0991285 255 0 0
0.15 0.575 -0.0225526 0.119922 255 0 0
0.175 0.575 -0.0157538 0.140719 255 0 0
0.2 0.575 -0.00862722 0.143062 0 0 255
0.225 0.575 6.97197e-05 0.146758 0 0 255
0.25 0.575 0.00750646 0.150299 0 0 255
0.275 0.575 0.0131535 0.153185 0 0 255
0.3 0.575 0.0172767 0.155402 0 0 255
0.325 0.575 0.0202675 0.157077 0 0 255
0.35 0.575 0.0224533 0.158342 0 0 255
0.375 0.575 0.0240721 0.159307 0 0 255
0.4 0.575 0.0252897 0.16005 0 0 255
0.425 0.575 0.02622 0.160631 0 0 255
0.45 0.575 0.0269415 0.16109 0 0 255
0.475 0.575 0.0275093 0.161459 0 0 255
0.5 0.575 0.0279619 0.161757 0 0 255
-0.5 0.55 -0.0764215 -0.180656 0 0 255
-0.475 0.55 -0.0764716 -0.180548 0 0 255
-0.45 0.55 -0.0765336 -0.180415 0 0 255
-0.425 0.55 -0.0766113 -0.180248 0 0 255
-0.4 0.55 -0.0767105 -0.180035 0 0 255
-0.375 0.55 -0.0768398 -0.179757 0 0 255
-0.35 0.55 -0.0770126 -0.179385 0 0 255
-0.325 0.55 -0.0772502 -0.178874 0 0 255
-0.3 0.55 -0.0775891 -0.178146 0 0 255
-0.275 0.55 -0.0780953 -0.177057 0 0 255
-0.25 0.55 -0.0788987 -0.17533 0 0 255
-0.225 0.55 -0.0802867 -0.172346 0 0 255
-0.2 0.55 -0.0830211 -0.166468 0 0 255
-0.175 0.55 -0.0899584 -0.151553 255 0 0
-0.15 0.55 -0.0831488 -0.130688 255 0 0
-0.125 0.55 -0.0763384 -0.109828 255 0 0
-0.1 0.55 -0.0695279 -0.0889766 255 0 0
-0.075 0.55 -0.062718 -0.0681334 255 0 0
-0.05 0.55 -0.0559087 -0.0472984 255 0 0
-0.025 0.55 -0.0491002 -0.0264714 255 0 0
0 0.55 -0.0422925 -0.00565174 255 0 0
0.025 0.55 -0.0354857 0.0151615 255 0 0
0.05 0.55 -0.0286797 0.035969 255 0 0
0.075 0.55 -0.0218745 0.0567719 255 0 0
0.1 0.55 -0.0150703 0.0775709 255 0 0
0.125 0.55 -0.0082672 0.0983668 255 0 0
0.15 0.55 -0.00146511 0.11916 255 0 0
0.175 0.55 0.00533899 0.139945 255 0 0
0.2 0.55 0.0179694 0.151807 0 0 255
0.225 0.55 0.0229477 0.156482 0 0 255
0.25 0.55 0.0254747 0.158855 0 0 255
0.275 0.55 0.0269374 0.160228 0 0 255
0.3 0.55 0.0278591 0.161094 0 0 255
0.325 0.55 0.0284762 0.161673 0 0 255
0.35 0.55 0.0289088 0.16208 0 0 255
0.375 0.55 0.0292232 0.162375 0 0 255
0.4 0.55 0.0294587 0.162596 0 0 255
0.425 0.55 0.0296394 0.162766 0 0 255
0.45 0.55 0.0297809 0.162899 0 0 255
0.475 0.55 0.0298936 0.163004 0 0 255
0.5 0.55 0.029985 0.16309 0 0 255
-0.5 0.525 -0.0760837 -0.181382 0 0 255
-0.475 0.525 -0.0760837 -0.181382 0 0 255
-0.45 0.525 -0.0760837 -0.181382 0 0 255
-0.425 0.525 -0.0760837 -0.181382 0 0 255
-0.4 0.525 -0.0760837 -0.181382 0 0 255
-0.375 0.525 -0.0760837 -0.181382 0 0 255
-0.35 0.525 -0.0760837 -0.181382 0 0 255
-0.325 0.525 -0.0760837 -0.181382 0 0 255
-0.3 0.525 -0.0760837 -0.181382 0 0 255
-0.275 0.525 -0.0760837 -0.181382 0 0 255
-0.25 0.525 -0.0760837 -0.181382 0 0 255
-0.225 0.525 -0.0760837 -0.181382 0 0 255
-0.2 0.525 -0.0760837 -0.181382 255 0 0
-0.175 0.525 -0.0688714 -0.152335 255 0 0
-0.15 0.525 -0.0620612 -0.131462 255 0 0
-0.125 0.525 -0.0552512 -0.110599 255 0 0
-0.1 0.525 -0.0484413 -0.0897459 255 0 0
-0.075 0.525 -0.0416317 -0.0689018 255 0 0
-0.05 0.525 -0.0348227 -0.0480661 255 0 0
-0.025 0.525 -0.0280143 -0.0272383 255 0 0
0 0.525 -0.0212065 -0.00641774 255 0 0
0.025 0.525 -0.0143993 0.0143964 255 0 0
0.05 0.525 -0.00759288 0.0352052 255 0 0
0.075 0.525 -0.000787158 0.0560094 255 0 0
0.1 0.525 0.00601767 0.0768099 255 0 0
0.125 0.525 0.0128213 0.0976073 255 0 0
0.15 0.525 0.0196232 0.118402 255 0 0
0.175 0.525 0.026422 0.13919 255 0 0
0.2 0.525 0.0305998 0.163668 255 0 0
0.225 0.525 0.0305998 0.163668 0 0 255
0.25 0.525 0.0305998 0.163668 0 0 255
0.275 0.525 0.0305998 0.163668 0 0 255
0.3 0.525 0.0305998 0.163668 0 0 255
0.325 0.525 0.0305998 0.163668 0 0 255
0.35 0.525 0.0305998 0.163668 0 0 255
0.375 0.525 0.0305998 0.163668 0 0 255
0.4 0.525 0.0305998 0.163668 0 0 255
0.425 0.525 0.0305998 0.163668 0 0 255
0.45 0.525 0.0305998 0.163668 0 0 255
0.475 0.525 0.0305998 0.163668 0 0 255
0.5 0.525 0.0305998 0.163668 0 0 255
-0.5 0.5 -0.0542329 -0.175965 0 0 255
-0.475 0.5 -0.0542329 -0.175965 0 0 255
-0.45 0.5 -0.0542329 -0.175965 0 0 255
-0.425 0.5 -0.0542329 -0.175965 0 0 255
-0.4 0.5 -0.0542329 -0.175965 0 0 255
-0.375 0.5 -0.0542329 -0.175965 0 0 255
-0.35 0.5 -0.0542329 -0.175965 0 0 255
-0.325 0.5 -0.0542329 -0.175965 0 0 255
-0.3 0.5 -0.0542329 -0.175965 0 0 255
-0.275 0.5 -0.0542329 -0.175965 0 0 255
-0.25 0.5 -0.0542329 -0.175965 0 0 255
-0.225 0.5 -0.0542329 -0.175965 0 0 255
-0.2 0.5 -0.0542329 -0.175965 255 0 0
-0.175 0.5 -0.0477844 -0.153106 255 0 0
-0.15 0.5 -0.0409748 -0.13223 255 0 0
-0.125 0.5 -0.034165 -0.111367 255 0 0
-0.1 0.5 -0.0273554 -0.0905141 255 0 0
-0.075 0.5 -0.020546 -0.0696696 255 0 0
-0.05 0.5 -0.0137371 -0.0488335 255 0 0
-0.025 0.5 -0.00692859 -0.0280051 255 0 0
0 0.5 -0.000120509 -0.00718369 255 0 0
0.025 0.5 0.00668714 0.0136316 255 0 0
0.05 0.5 0.0134943 0.0344418 255 0 0
0.075 0.5 0.020301 0.0552478 255 0 0
0.1 0.5 0.027107 0.0760505 255 0 0
0.125 0.5 0.0339119 0.0968504 255 0 0
0.15 0.5 0.0407151 0.117648 255 0 0
0.175 0.5 0.0475147 0.138441 255 0 0
0.2 0.5 0.0539879 0.158927 255 0 0
0.225 0.5 0.0539879 0.158927 0 0 255
0.25 0.5 0.0539879 0.158927 0 0 255
0.275 0.5 0.0539879 0.158927 0 0 255
0.3 0.5 0.0539879 0.158927 0 0 255
0.325 0.5 0.0539879 0.158927 0 0 255
0.35 0.5 0.0539879 0.158927 0 0 255
0.375 0.5 0.0539879 0.158927 0 0 255
0.4 0.5 0.0539879 0.158927 0 0 255
0.425 0.5 0.0539879 0.158927 0 0 255
0.45 0.5 0.0539879 0.158927 0 0 255
0.475 0.5 0.0539879 0.158927 0 0 255
0.5 0.5 0.0539879 0.158927 0 0 255
-0.5 0.475 -0.0340669 -0.178029 0 0 255
-0.475 0.475 -0.0340669 -0.178029 0 0 255
-0.45 0.475 -0.0340669 -0.178029 0 0 255
-0.425 0.475 -0.0340669 -0.178029 0 0 255
-0.4 0.475 -0.0340669 -0.178029 0 0 255
-0.375 0.475 -0.0340669 -0.178029 0 0 255
-0.35 0.475 -0.0340669 -0.178029 0 0 255
-0.325 0.475 -0.0340669 -0.178029 0 0 255
-0.3 0.475 -0.0340669 -0.178029 0 0 255
-0.275 0.475 -0.0340669 -0.178029 0 0 255
-0.25 0.475 -0.0340669 -0.178029 0 0 255
-0.225 0.475 -0.0340669 -0.178029 0 0 255
-0.2 0.475 -0.0340669 -0.178029 255 0 0
-0.175 0.475 -0.0266988 -0.153863 255 0 0
-0.15 0.475 -0.0198889 -0.132994 255 0 0
-0.125 0.475 -0.0130793 -0.112133 255 0 0
-0.1 0.475 -0.00626983 -0.0912809 255 0 0
-0.075 0.475 0.000539377 -0.0704368 255 0 0
-0.05 0.475 0.00734833 -0.0496006 255 0 0
-0.025 0.475 0.0141571 -0.0287717 255 0 0
0 0.475 0.0209656 -0.00794948 255 0 0
0.025 0.475 0.027774 0.0128671 255 0 0
0.05 0.475 0.0345821 0.0336788 255 0 0
0.075 0.475 0.0413901 0.0544869 255 0 0
0.1 0.475 0.0481976 0.0752921 255 0 0
0.125 0.475 0.0550046 0.0960953 255 0 0
0.15 0.475 0.0618104 0.116897 255 0 0
0.175 0.475 0.0686138 0.137696 255 0 0
0.2 0.475 0.0760469 0.155254 255 0 0
0.225 0.475 0.0760469 0.155254 0 0 255
0.25 0.475 0.0760469 0.155254 0 0 255
0.275 0.475 0.0760469 0.155254 0 0 255
0.3 0.475 0.0760469 0.155254 0 0 255
0.325 0.475 0.0760469 0.155254 0 0 255
0.35 0.475 0.0760469 0.155254 0 0 255
0.375 0.475 0.0760469 0.155254 0 0 255
0.4 0.475 0.0760469 0.155254 0 0 255
0.425 0.475 0.0760469 0.155254 0 0 255
0.45 0.475 0.0760469 0.155254 0 0 255
0.475 0.475 0.0760469 0.155254 0 0 255
0.5 0.475 0.0760469 0.155254 0 0 255
-0.5 0.45 -0.0333744 -0.177459 0 0 255
-0.475 0.45 -0.0332715 -0.177375 0 0 255
-0.45 0.45 -0.0331444 -0.17727 0 0 255
-0.425 0.45 -0.0329851 -0.177139 0 0 255
-0.4 0.45 -0.0327816 -0.176972 0 0 255
-0.375 0.45 -0.0325164 -0.176753 0 0 255
-0.35 0.45 -0.0321621 -0.176462 0 0 255
-0.325 0.45 -0.0316748 -0.176061 0 0 255
-0.3 0.45 -0.0309798 -0.175489 0 0 255
-0.275 0.45 -0.0299416 -0.174635 0 0 255
-0.25 0.45 -0.028294 -0.173279 0 0 255
-0.225 0.45 -0.0254475 -0.170937 0 0 255
-0.2 0.45 -0.01984 -0.166323 0 0 255
-0.175 0.45 -0.00561296 -0.154616 255 0 0
-0.15 0.45 0.00119673 -0.133754 255 0 0
-0.125 0.45 0.00800624 -0.112897 255 0 0
-0.1 0.45 0.0148156 -0.0920465 255 0 0
-0.075 0.45 0.0216248 -0.0712032 255 0 0
-0.05 0.45 0.0284338 -0.0503672 255 0 0
-0.025 0.45 0.0352429 -0.0295381 255 0 0
0 0.45 0.042052 -0.00871506 255 0 0
0.025 0.45 0.0488612 0.0121027 255 0 0
0.05 0.45 0.0556706 0.0329161 255 0 0
0.075 0.45 0.06248 0.0537262 255 0 0
0.1 0.45 0.0692893 0.0745339 255 0 0
0.125 0.45 0.0760986 0.0953403 255 0 0
0.15 0.45 0.0829078 0.116147 255 0 0
0.175 0.45 0.08972 0.136963 255 0 0
0.2 0.45 0.0828834 0.146109 0 0 255
0.225 0.45 0.0801888 0.149714 0 0 255
0.25 0.45 0.078821 0.151543 0 0 255
0.275 0.45 0.0780293 0.152602 0 0 255
0.3 0.45 0.0775304 0.15327 0 0 255
0.325 0.45 0.0771964 0.153717 0 0 255
0.35 0.45 0.0769622 0.15403 0 0 255
0.375 0.45 0.076792 0.154258 0 0 255
0.4 0.45 0.0766646 0.154428 0 0 255
0.425 0.45 0.0765668 0.154559 0 0 255
0.45 0.45 0.0764902 0.154661 0 0 255
0.475 0.45 0.0764292 0.154743 0 0 255
0.5 0.45 0.0763797 0.154809 0 0 255
-0.5 0.425 -0.0311692 -0.176143 0 0 255
-0.475 0.425 -0.0306758 -0.175849 0 0 255
-0.45 0.425 -0.0300577 -0.175486 0 0 255
-0.425 0.425 -0.0292733 -0.175032 0 0 255
-0.4 0.425 -0.0282635 -0.174459 0 0 255
-0.375 0.425 -0.0269439 -0.173725 0 0 255
-0.35 0.425 -0.0251927 -0.172773 0 0 255
-0.325 0.425 -0.0228329 -0.171524 0 0 255
-0.3 0.425 -0.0196113 -0.169871 0 0 255
-0.275 0.425 -0.0151819 -0.167682 0 0 255
-0.25 0.425 -0.00913509 -0.164834 0 0 255
-0.225 0.425 -0.00120557 -0.161339 0 0 255
-0.2 0.425 0.00800988 -0.15769 0 0 255
-0.175 0.425 0.0154722 -0.155377 255 0 0
-0.15 0.425 0.0222824 -0.134514 255 0 0
-0.125 0.425 0.0290918 -0.11366 255 0 0
-0.1 0.425 0.0359011 -0.0928112 255 0 0
-0.075 0.425 0.0427103 -0.071969 255 0 0
-0.05 0.425 0.0495196 -0.0511334 255 0 0
-0.025 0.425 0.0563291 -0.0303041 255 0 0
0 0.425 0.0631388 -0.00948043 255 0 0
0.025 0.425 0.069949 0.0113384 255 0 0
0.05 0.425 0.0767596 0.0321533 255 0 0
0.075 0.425 0.0835705 0.0529653 255 0 0
0.1 0.425 0.0903817 0.0737751 255 0 0
0.125 0.425 0.0971929 0.0945838 255 0 0
0.15 0.425 0.104004 0.115392 255 0 0
0.175 0.425 0.110834 0.136216 255 0 0
0.2 0.425 0.104927 0.138307 0 0 255
0.225 0.425 0.0981133 0.141449 0 0 255
0.25 0.425 0.0924659 0.144404 0 0 255
0.275 0.425 0.0882703 0.146786 0 0 255
0.3 0.425 0.0852591 0.148604 0 0 255
0.325 0.425 0.0831059 0.149969 0 0 255
0.35 0.425 0.0815519 0.150997 0 0 255
0.375 0.425 0.0804137 0.151776 0 0 255
0.4 0.425 0.0795662 0.152376 0 0 255
0.425 0.425 0.0789248 0.152843 0 0 255
0.45 0.425 0.0784314 0.153211 0 0 255
0.475 0.425 0.0780464 0.153506 0 0 255
0.5 0.425 0.0777416 0.153744 0 0 255
-0.5 0.4 -0.0238812 -0.1733 0 0 255
-0.475 0.4 -0.0219552 -0.172549 0 0 255
-0.45 0.4 -0.0195627 -0.171644 0 0 255
-0.425 0.4 -0.0165844 -0.170553 0 0 255
-0.4 0.4 -0.0128809 -0.169246 0 0 255
-0.375 0.4 -0.00830423 -0.167695 0 0 255
-0.35 0.4 -0.00272849 -0.165892 0 0 255
-0.325 0.4 0.00388778 -0.163865 0 0 255
-0.3 0.4 0.011394 -0.161713 0 0 255
-0.275 0.4 0.0193069 -0.159631 0 0 255
-0.25 0.4 0.0267193 -0.157901 0 0 255
-0.225 0.4 0.0324488 -0.156793 0 0 255
-0.2 0.4 0.0356372 -0.156362 0 0 255
-0.175 0.4 0.0365636 -0.156318 255 0 0
-0.15 0.4 0.0433684 -0.135274 255 0 0
-0.125 0.4 0.0501777 -0.114422 255 0 0
-0.1 0.4 0.056987 -0.0935752 255 0 0
-0.075 0.4 0.0637963 -0.0727343 255 0 0
-0.05 0.4 0.0706058 -0.0518992 255 0 0
-0.025 0.4 0.0774157 -0.0310698 255 0 0
0 0.4 0.0842261 -0.0102456 255 0 0
0.025 0.4 0.0910372 0.0105742 255 0 0
0.05 0.4 0.0978491 0.0313905 255 0 0
0.075 0.4 0.104662 0.052204 255 0 0
0.1 0.4 0.111474 0.0730157 255 0 0
0.125 0.4 0.118287 0.0938261 255 0 0
0.15 0.4 0.125099 0.114635 255 0 0
0.175 0.4 0.132045 0.13522 255 0 0
0.2 0.4 0.131165 0.13532 0 0 255
0.225 0.4 0.128305 0.135851 0 0 255
0.25 0.4 0.123367 0.137029 0 0 255
0.275 0.4 0.117158 0.138755 0 0 255
0.3 0.4 0.110672 0.140758 0 0 255
0.325 0.4 0.104627 0.142778 0 0 255
0.35 0.4 0.099377 0.144648 0 0 255
0.375 0.4 0.0950106 0.146289 0 0 255
0.4 0.4 0.0914692 0.147685 0 0 255
0.425 0.4 0.088635 0.14885 0 0 255
0.45 0.4 0.0863795 0.149814 0 0 255
0.475 0.4 0.0845855 0.150609 0 0 255
0.5 0.4 0.0831549 0.151264 0 0 255
-0.5 0.375 -0.0121862 -0.169311 0 0 255
-0.475 0.375 -0.00881592 -0.168161 0 0 255
-0.45 0.375 -0.0049417 -0.166868 0 0 255
-0.425 0.375 -0.000544272 -0.165431 0 0 255
-0.4 0.375 0.00436027 -0.163865 0 0 255
-0.375 0.375 0.00970414 -0.162197 0 0 255
-0.35 0.375 0.0153543 -0.160472 0 0 255
-0.325 0.375 0.0211094 -0.158747 0 0 255
-0.3 0.375 0.0267174 -0.157081 0 0 255
-0.275 0.375 0.0319204 -0.155508 0 0 255
-0.25 0.375 0.0365346 -0.154 0 0 255
-0.225 0.375 0.0405929 -0.152387 0 0 255
-0.2 0.375 0.0446448 -0.150195 0 0 255
-0.175 0.375 0.0505101 -0.146179 0 0 255
-0.15 0.375 0.0644566 -0.136041 255 0 0
-0.125 0.375 0.0712638 -0.115184 255 0 0
-0.1 0.375 0.0780733 -0.0943388 255 0 0
-0.075 0.375 0.0848827 -0.073499 255 0 0
-0.05 0.375 0.0916924 -0.0526646 255 0 0
-0.025 0.375 0.0985027 -0.0318353 255 0 0
0 0.375 0.105314 -0.0110106 255 0 0
0.025 0.375 0.112126 0.00981006 255 0 0
0.05 0.375 0.118939 0.0306274 255 0 0
0.075 0.375 0.125753 0.0514423 255 0 0
0.1 0.375 0.132567 0.0722554 255 0 0
0.125 0.375 0.139382 0.0930675 255 0 0
0.15 0.375 0.146236 0.11392 255 0 0
0.175 0.375 0.13914 0.12457 0 0 255
0.2 0.375 0.135995 0.12881 0 0 255
0.225 0.375 0.13344 0.131149 0 0 255
0.25 0.375 0.130494 0.132869 0 0 255
0.275 0.375 0.126922 0.134446 0 0 255
0.3 0.375 0.122803 0.136046 0 0 255
0.325 0.375 0.118338 0.137699 0 0 255
0.35 0.375 0.11376 0.139377 0 0 255
0.375 0.375 0.109283 0.141028 0 0 255
0.4 0.375 0.105068 0.142603 0 0 255
0.425 0.375 0.10122 0.144066 0 0 255
0.45 0.375 0.0977884 0.145395 0 0 255
0.475 0.375 0.0947819 0.146582 0 0 255
0.5 0.375 0.0921808 0.14763 0 0 255
-0.5 0.35 0.00030482 -0.165188 0 0 255
-0.475 0.35 0.00424828 -0.163886 0 0 255
-0.45 0.35 0.00848294 -0.162501 0 0 255
-0.425 0.35 0.0129581 -0.161045 0 0 255
-0.4 0.35 0.0176014 -0.159537 0 0 255
-0.375 0.35 0.0223226 -0.157993 0 0 255
-0.35 0.35 0.0270235 -0.156427 0 0 255
-0.325 0.35 0.031615 -0.154836 0 0 255
-0.3 0.35 0.0360444 -0.153186 0 0 255
-0.275 0.35 0.0403348 -0.151395 0 0 255
-0.25 0.35 0.0446499 -0.149286 0 0 255
-0.225 0.35 0.0494061 -0.146523 0 0 255
-0.2 0.35 0.0554728 -0.142486 0 0 255
-0.175 0.35 0.0644591 -0.136088 0 0 255
-0.15 0.35 0.078408 -0.125997 0 0 255
-0.125 0.35 0.0923594 -0.115953 255 0 0
-0.1 0.35 0.0991602 -0.095102 255 0 0
-0.075 0.35 0.10597 -0.0742635 255 0 0
-0.05 0.35 0.112779 -0.0534297 255 0 0
-0.025 0.35 0.11959 -0.0326005 255 0 0
0 0.35 0.126402 -0.0117755 255 0 0
0.025 0.35 0.133215 0.00904585 255 0 0
0.05 0.35 0.140029 0.029864 255 0 0
0.075 0.35 0.146845 0.0506798 255 0 0
0.1 0.35 0.153662 0.0714945 255 0 0
0.125 0.35 0.160524 0.0923279 255 0 0
0.15 0.35 0.15338 0.103124 0 0 255
0.175 0.35 0.14626 0.113847 0 0 255
0.2 0.35 0.141605 0.120633 0 0 255
0.225 0.35 0.138276 0.12492 0 0 255
0.25 0.35 0.1354 0.127858 0 0 255
0.275 0.35 0.132526 0.130091 0 0 255
0.3 0.35 0.129463 0.131967 0 0 255
0.325 0.35 0.126163 0.133667 0 0 255
0.35 0.35 0.122661 0.135279 0 0 255
0.375 0.35 0.11903 0.13684 0 0 255
0.4 0.35 0.11536 0.138354 0 0 255
0.425 0.35 0.111742 0.139816 0 0 255
0.45 0.35 0.108253 0.141211 0 0 255
0.475 0.35 0.104956 0.142526 0 0 255
0.5 0.35 0.10189 0.14375 0 0 255
-0.5 0.325 0.011284 -0.161471 0 0 255
-0.475 0.325 0.0151663 -0.160156 0 0 255
-0.45 0.325 0.0191687 -0.158789 0 0 255
-0.425 0.325 0.0232468 -0.157372 0 0 255
-0.4 0.325 0.0273567 -0.155905 0 0 255
-0.375 0.325 0.031463 -0.154376 0 0 255
-0.35 0.325 0.0355502 -0.152759 0 0 255
-0.325 0.325 0.0396391 -0.151 0 0 255
-0.3 0.325 0.0438107 -0.149006 0 0 255
-0.275 0.325 0.0482406 -0.146621 0 0 255
-0.25 0.325 0.053251 -0.143596 0 0 255
-0.225 0.325 0.0593826 -0.139539 0 0 255
-0.2 0.325 0.0674536 -0.13389 0 0 255
-0.175 0.325 0.0784207 -0.126021 0 0 255
-0.15 0.325 0.0923823 -0.115954 0 0 255
-0.125 0.325 0.106357 -0.105911 0 0 255
-0.1 0.325 0.120354 -0.0958684 255 0 0
-0.075 0.325 0.127059 -0.0750272 255 0 0
-0.05 0.325 0.133867 -0.0541945 255 0 0
-0.025 0.325 0.140677 -0.0333655 255 0 0
0 0.325 0.147489 -0.0125404 255 0 0
0.025 0.325 0.154303 0.00828157 255 0 0
0.05 0.325 0.161117 0.0291008 255 0 0
0.075 0.325 0.167941 0.0499117 255 0 0
0.1 0.325 0.175555 0.0707369 255 0 0
0.125 0.325 0.168039 0.0815324 0 0 255
0.15 0.325 0.160709 0.0923282 0 0 255
0.175 0.325 0.153485 0.103088 0 0 255
0.2 0.325 0.147807 0.111473 0 0 255
0.225 0.325 0.143545 0.117487 0 0 255
0.25 0.325 0.140155 0.121803 0 0 255
0.275 0.325 0.137196 0.125018 0 0 255
0.3 0.325 0.134387 0.127542 0 0 255
0.325 0.325 0.131574 0.129637 0 0 255
0.35 0.325 0.128685 0.131466 0 0 255
0.375 0.325 0.125702 0.133126 0 0 255
0.4 0.325 0.122638 0.134675 0 0 255
0.425 0.325 0.119528 0.136142 0 0 255
0.45 0.325 0.116414 0.137542 0 0 255
0.475 0.325 0.11334 0.138879 0 0 255
0.5 0.325 0.110349 0.140152 0 0 255
-0.5 0.3 0.0203479 -0.158181 0 0 255
-0.475 0.3 0.0239684 -0.156868 0 0 255
-0.45 0.3 0.0276413 -0.155495 0 0 255
-0.425 0.3 0.0313514 -0.154053 0 0 255
-0.4 0.3 0.0350953 -0.15252 0 0 255
-0.375 0.3 0.038889 -0.15086 0 0 255
-0.35 0.3 0.0427783 -0.149019 0 0 255
-0.325 0.3 0.0468522 -0.14691 0 0 255
-0.3 0.3 0.0512609 -0.144411 0 0 255
-0.275 0.3 0.0562384 -0.141341 0 0 255
-0.25 0.3 0.0621234 -0.137456 0 0 255
-0.225 0.3 0.0693565 -0.13245 0 0 255
-0.2 0.3 0.0783845 -0.126033 0 0 255
-0.175 0.3 0.0893162 -0.118176 0 0 255
-0.15 0.3 0.10122 -0.109605 0 0 255
-0.125 0.3 0.111874 -0.101953 0 0 255
-0.1 0.3 0.120354 -0.0958684 0 0 255
-0.075 0.3 0.127059 -0.0750272 0 0 255
-0.05 0.3 0.133867 -0.0541945 0 0 255
-0.025 0.3 0.140677 -0.0333655 0 0 255
0 0.3 0.147489 -0.0125404 0 0 255
0.025 0.3 0.154303 0.00828157 0 0 255
0.05 0.3 0.161117 0.0291008 0 0 255
0.075 0.3 0.167941 0.0499117 0 0 255
0.1 0.3 0.175555 0.0707369 0 0 255
0.125 0.3 0.171002 0.0772773 0 0 255
0.15 0.3 0.165376 0.0855035 0 0 255
0.175 0.3 0.159167 0.0946845 0 0 255
0.2 0.3 0.153487 0.103079 0 0 255
0.225 0.3 0.148763 0.109924 0 0 255
0.25 0.3 0.144897 0.115259 0 0 255
0.275 0.3 0.141633 0.119396 0 0 255
0.3 0.3 0.138731 0.122659 0 0 255
0.325 0.3 0.136016 0.125306 0 0 255
0.35 0.3 0.133373 0.127526 0 0 255
0.375 0.3 0.130737 0.129451 0 0 255
0.4 0.3 0.128073 0.13117 0 0 255
0.425 0.3 0.125373 0.132741 0 0 255
0.45 0.3 0.122644 0.134203 0 0 255
0.475 0.3 0.119905 0.13558 0 0 255
0.5 0.3 0.117177 0.136885 0 0 255
-0.5 0.275 0.0278685 -0.155173 0 0 255
-0.475 0.275 0.0312489 -0.153821 0 0 255
-0.45 0.275 0.0346823 -0.152384 0 0 255
-0.425 0.275 0.0381805 -0.150838 0 0 255
-0.4 0.275 0.0417716 -0.149147 0 0 255
-0.375 0.275 0.0455058 -0.147261 0 0 255
-0.35 0.275 0.0494634 -0.145108 0 0 255
-0.325 0.275 0.053763 -0.142594 0 0 255
-0.3 0.275 0.0585705 -0.139591 0 0 255
-0.275 0.275 0.0641012 -0.135944 0 0 255
-0.25 0.275 0.0706058 -0.131478 0 0 255
-0.225 0.275 0.0783104 -0.126049 0 0 255
-0.2 0.275 0.0872665 -0.119647 0 0 255
-0.175 0.275 0.0970844 -0.112588 0 0 255
-0.15 0.275 0.106697 -0.105672 0 0 255
-0.125 0.275 0.114674 -0.0999433 0 0 255
-0.1 0.275 0.120354 -0.0958684 0 0 255
-0.075 0.275 0.127059 -0.0750272 0 0 255
-0.05 0.275 0.133867 -0.0541945 0 0 255
-0.025 0.275 0.140677 -0.0333655 0 0 255
0 0.275 0.147489 -0.0125404 0 0 255
0.025 0.275 0.154303 0.00828157 0 0 255
0.05 0.275 0.161117 0.0291008 0 0 255
0.075 0.275 0.167941 0.0499117 0 0 255
0.1 0.275 0.175555 0.0707369 0 0 255
0.125 0.275 0.172505 0.0751174 0 0 255
0.15 0.275 0.168278 0.0812755 0 0 255
0.175 0.275 0.163239 0.0886915 0 0 255
0.2 0.275 0.158119 0.0962453 0 0 255
0.225 0.275 0.153441 0.103086 0 0 255
0.25 0.275 0.149374 0.10888 0 0 255
0.275 0.275 0.145869 0.113641 0 0 255
0.3 0.275 0.142794 0.117525 0 0 255
0.325 0.275 0.140014 0.120717 0 0 255
0.35 0.275 0.137414 0.123382 0 0 255
0.375 0.275 0.134915 0.125654 0 0 255
0.4 0.275 0.132461 0.127632 0 0 255
0.425 0.275 0.130018 0.129393 0 0 255
0.45 0.275 0.127571 0.130989 0 0 255
0.475 0.275 0.125114 0.132461 0 0 255
0.5 0.275 0.122653 0.133832 0 0 255
-0.5 0.25 0.034309 -0.152308 0 0 255
-0.475 0.25 0.0375371 -0.150872 0 0 255
-0.45 0.25 0.0408505 -0.149319 0 0 255
-0.425 0.25 0.0442801 -0.147615 0 0 255
-0.4 0.25 0.0478729 -0.145716 0 0 255
-0.375 0.25 0.0516959 -0.143566 0 0 255
-0.35 0.25 0.0558401 -0.141092 0 0 255
-0.325 0.25 0.0604228 -0.138206 0 0 255
-0.3 0.25 0.0655844 -0.134805 0 0 255
-0.275 0.25 0.0714747 -0.130786 0 0 255
-0.25 0.25 0.0782165 -0.12607 0 0 255
-0.225 0.25 0.085831 -0.120659 0 0 255
-0.2 0.25 0.0941195 -0.114719 0 0 255
-0.175 0.25 0.102541 -0.108664 0 0 255
-0.15 0.25 0.110223 -0.10314 0 0 255
-0.125 0.25 0.116295 -0.0987803 0 0 255
-0.1 0.25 0.120354 -0.0958684 0 0 255
-0.075 0.25 0.127059 -0.0750272 0 0 255
-0.05 0.25 0.133867 -0.0541945 0 0 255
-0.025 0.25 0.140677 -0.0333655 0 0 255
0 0.25 0.147489 -0.0125404 0 0 255
0.025 0.25 0.154303 0.00828157 0 0 255
0.05 0.25 0.161117 0.0291008 0 0 255
0.075 0.25 0.167941 0.0499117 0 0 255
0.1 0.25 0.175555 0.0707369 0 0 255
0.125 0.25 0.173376 0.0738672 0 0 255
0.15 0.25 0.170151 0.0785541 0 0 255
0.175 0.25 0.16611 0.0844817 0 0 255
0.2 0.25 0.161704 0.0909673 0 0 255
0.225 0.25 0.157372 0.0973207 0 0 255
0.25 0.25 0.153372 0.103102 0 0 255
0.275 0.25 0.149789 0.108135 0 0 255
0.3 0.25 0.146596 0.112421 0 0 255
0.325 0.25 0.143722 0.116044 0 0 255
0.35 0.25 0.141084 0.119112 0 0 255
0.375 0.25 0.13861 0.121736 0 0 255
0.4 0.25 0.136242 0.124007 0 0 255
0.425 0.25 0.133935 0.126003 0 0 255
0.45 0.25 0.13166 0.127785 0 0 255
0.475 0.25 0.129401 0.129399 0 0 255
0.5 0.25 0.127148 0.130879 0 0 255
-0.5 0.225 0.0400248 -0.149502 0 0 255
-0.475 0.225 0.0431869 -0.147949 0 0 255
-0.45 0.225 0.0464756 -0.146247 0 0 255
-0.425 0.225 0.0499317 -0.14436 0 0 255
-0.4 0.225 0.0536097 -0.142242 0 0 255
-0.375 0.225 0.0575788 -0.139839 0 0 255
-0.35 0.225 0.0619225 -0.137088 0 0 255
-0.325 0.225 0.0667347 -0.133919 0 0 255
-0.3 0.225 0.0721091 -0.13027 0 0 255
-0.275 0.225 0.0781157 -0.126094 0 0 255
-0.25 0.225 0.0847614 -0.121399 0 0 255
-0.225 0.225 0.0919305 -0.116283 0 0 255
-0.2 0.225 0.0993203 -0.11098 0 0 255
-0.175 0.225 0.106418 -0.105877 0 0 255
-0.15 0.225 0.112592 -0.10144 0 0 255
-0.125 0.225 0.117316 -0.0980475 0 0 255
-0.1 0.225 0.120354 -0.0958684 0 0 255
-0.075 0.225 0.127059 -0.0750272 0 0 255
-0.05 0.225 0.133867 -0.0541945 0 0 255
-0.025 0.225 0.140677 -0.0333655 0 0 255
0 0.225 0.147489 -0.0125404 0 0 255
0.025 0.225 0.154303 0.00828157 0 0 255
0.05 0.225 0.161117 0.0291008 0 0 255
0.075 0.225 0.167941 0.0499117 0 0 255
0.1 0.225 0.175555 0.0707369 0 0 255
0.125 0.225 0.173924 0.0730794 0 0 255
0.15 0.225 0.171411 0.0767258 0 0 255
0.175 0.225 0.168155 0.0814894 0 0 255
0.2 0.225 0.164432 0.0869594 0 0 255
0.225 0.225 0.160564 0.0926357 0 0 255
0.25 0.225 0.156804 0.0981069 0 0 255
0.275 0.225 0.153295 0.103123 0 0 255
0.3 0.225 0.150084 0.10758 0 0 255
0.325 0.225 0.147158 0.111472 0 0 255
0.35 0.225 0.144475 0.114847 0 0 255
0.375 0.225 0.141984 0.117773 0 0 255
0.4 0.225 0.139636 0.120322 0 0 255
0.425 0.225 0.137388 0.122562 0 0 255
0.45 0.225 0.135208 0.12455 0 0 255
0.475 0.225 0.133072 0.126334 0 0 255
0.5 0.225 0.130962 0.127953 0 0 255
-0.5 0.2 0.0452478 -0.146714 0 0 255
-0.475 0.2 0.0484073 -0.145028 0 0 255
-0.45 0.2 0.0517301 -0.143169 0 0 255
-0.425 0.2 0.0552599 -0.1411 0 0 255
-0.4 0.2 0.0590493 -0.138782 0 0 255
-0.375 0.2 0.0631585 -0.136168 0 0 255
-0.35 0.2 0.067652 -0.133211 0 0 255
-0.325 0.2 0.0725902 -0.12987 0 0 255
-0.3 0.2 0.0780149 -0.12612 0 0 255
-0.275 0.2 0.0839262 -0.121966 0 0 255
-0.25 0.2 0.0902498 -0.117473 0 0 255
-0.225 0.2 0.0968024 -0.112785 0 0 255
-0.2 0.2 0.10327 -0.108141 0 0 255
-0.175 0.2 0.10923 -0.103856 0 0 255
-0.15 0.2 0.114246 -0.100252 0 0 255
-0.125 0.2 0.118 -0.0975569 0 0 255
-0.1 0.2 0.120354 -0.0958684 0 0 255
-0.075 0.2 0.127059 -0.0750272 0 0 255
-0.05 0.2 0.133867 -0.0541945 0 0 255
-0.025 0.2 0.140677 -0.0333655 0 0 255
0 0.2 0.147489 -0.0125404 0 0 255
0.025 0.2 0.154303 0.00828157 0 0 255
0.05 0.2 0.161117 0.0291008 0 0 255
0.075 0.2 0.167941 0.0499117 0 0 255
0.1 0.2 0.175555 0.0707369 0 0 255
0.125 0.2 0.174291 0.072552 0 0 255
0.15 0.2 0.172292 0.0754496 0 0 255
0.175 0.2 0.169641 0.0793197 0 0 255
0.2 0.2 0.166508 0.0839146 0 0 255
0.225 0.2 0.163118 0.0888887 0 0 255
0.25 0.2 0.159682 0.0939051 0 0 255
0.275 0.2 0.156354 0.098709 0 0 255
0.3 0.2 0.153218 0.103146 0 0 255
0.325 0.2 0.150304 0.10715 0 0 255
0.35 0.2 0.147606 0.110713 0 0 255
0.375 0.2 0.145098 0.113862 0 0 255
0.4 0.2 0.142747 0.116642 0 0 255
0.425 0.2 0.14052 0.119103 0 0 255
0.45 0.2 0.138386 0.121291 0 0 255
0.475 0.2 0.136319 0.123253 0 0 255
0.5 0.2 0.1343 0.125024 0 0 255
-0.5 0.175 0.0501158 -0.143938 0 0 255
-0.475 0.175 0.0533094 -0.142117 0 0 255
-0.45 0.175 0.0566927 -0.140108 0 0 255
-0.425 0.175 0.060306 -0.13788 0 0 255
-0.4 0.175 0.0641935 -0.135399 0 0 255
-0.375 0.175 0.0684003 -0.132633 0 0 255
-0.35 0.175 0.0729665 -0.129553 0 0 255
-0.325 0.175 0.0779178 -0.126145 0 0 255
-0.3 0.175 0.083251 -0.122415 0 0 255
-0.275 0.175 0.0889155 -0.118408 0 0 255
-0.25 0.175 0.0947923 -0.114218 0 0 255
-0.225 0.175 0.100679 -0.11 0 0 255
-0.2 0.175 0.106295 -0.105967 0 0 255
-0.175 0.175 0.111313 -0.10236 0 0 255
-0.15 0.175 0.115439 -0.099396 0 0 255
-0.125 0.175 0.11848 -0.097213 0 0 255
-0.1 0.175 0.120354 -0.0958684 0 0 255
-0.075 0.175 0.127059 -0.0750272 0 0 255
-0.05 0.175 0.133867 -0.0541945 0 0 255
-0.025 0.175 0.140677 -0.0333655 0 0 255
0 0.175 0.147489 -0.0125404 0 0 255
0.025 0.175 0.154303 0.00828157 0 0 255
0.05 0.175 0.161117 0.0291008 0 0 255
0.075 0.175 0.167941 0.0499117 0 0 255
0.1 0.175 0.175555 0.0707369 0 0 255
0.125 0.175 0.174549 0.0721823 0 0 255
0.15 0.175 0.172928 0.074529 0 0 255
0.175 0.175 0.170744 0.0777123 0 0 255
0.2 0.175 0.168101 0.0815822 0 0 255
0.225 0.175 0.165153 0.0859046 0 0 255
0.25 0.175 0.162065 0.0904205 0 0 255
0.275 0.175 0.158976 0.0949032 0 0 255
0.3 0.175 0.155984 0.0991868 0 0 255
0.325 0.175 0.153142 0.103171 0 0 255
0.35 0.175 0.150472 0.106809 0 0 255
0.375 0.175 0.14797 0.110093 0 0 255
0.4 0.175 0.145621 0.113039 0 0 255
0.425 0.175 0.143401 0.115678 0 0 255
0.45 0.175 0.141288 0.118043 0 0 255
0.475 0.175 0.139259 0.12017 0 0 255
0.5 0.175 0.137294 0.122093 0 0 255
-0.5 0.15 0.0547039 -0.141185 0 0 255
-0.475 0.15 0.0579455 -0.13924 0 0 255
-0.45 0.15 0.0613907 -0.137103 0 0 255
-0.425 0.15 0.0650721 -0.134747 0 0 255
-0.4 0.15 0.0690222 -0.132151 0 0 255
-0.375 0.15 0.0732681 -0.129295 0 0 255
-0.35 0.15 0.0778259 -0.12617 0 0 255
-0.325 0.15 0.082691 -0.122782 0 0 255
-0.3 0.15 0.0878271 -0.119164 0 0 255
-0.275 0.15 0.0931528 -0.11538 0 0 255
-0.25 0.15 0.098532 -0.111536 0 0 255
-0.225 0.15 0.103772 -0.107778 0 0 255
-0.2 0.15 0.108638 -0.104283 0 0 255
-0.175 0.15 0.112889 -0.101228 0 0 255
-0.15 0.15 0.116324 -0.0987607 0 0 255
-0.125 0.15 0.118828 -0.0969629 0 0 255
-0.1 0.15 0.120354 -0.0958684 0 0 255
-0.075 0.15 0.127059 -0.0750272 0 0 255
-0.05 0.15 0.133867 -0.0541945 0 0 255
-0.025 0.15 0.140677 -0.0333655 0 0 255
0 0.15 0.147489 -0.0125404 0 0 255
0.025 0.15 0.154303 0.00828157 0 0 255
0.05 0.15 0.161117 0.0291008 0 0 255
0.075 0.15 0.167941 0.0499117 0 0 255
0.1 0.15 0.175555 0.0707369 0 0 255
0.125 0.15 0.174736 0.0719135 0 0 255
0.15 0.15 0.1734 0.073846 0 0 255
0.175 0.15 0.171579 0.0764967 0 0 255
0.2 0.15 0.169337 0.0797746 0 0 255
0.225 0.15 0.166779 0.0835224 0 0 255
0.25 0.15 0.164028 0.0875478 0 0 255
0.275 0.15 0.161202 0.0916622 0 0 255
0.3 0.15 0.158395 0.0957094 0 0 255
0.325 0.15 0.155673 0.0995766 0 0 255
0.35 0.15 0.153071 0.103195 0 0 255
0.375 0.15 0.150604 0.10653 0 0 255
0.4 0.15 0.148272 0.109576 0 0 255
0.425 0.15 0.146065 0.112341 0 0 255
0.45 0.15 0.143966 0.114846 0 0 255
0.475 0.15 0.141959 0.117116 0 0 255
0.5 0.15 0.140028 0.119176 0 0 255
-0.5 0.125 0.0590487 -0.138476 0 0 255
-0.475 0.125 0.0623354 -0.136426 0 0 255
-0.45 0.125 0.0658271 -0.134188 0 0 255
-0.425 0.125 0.0695473 -0.131744 0 0 255
-0.4 0.125 0.0735148 -0.129081 0 0 255
-0.375 0.125 0.0777398 -0.126194 0 0 255
-0.35 0.125 0.0822172 -0.123088 0 0 255
-0.325 0.125 0.0869198 -0.119788 0 0 255
-0.3 0.125 0.0917897 -0.11634 0 0 255
-0.275 0.125 0.0967316 -0.112819 0 0 255
-0.25 0.125 0.10161 -0.109328 0 0 255
-0.225 0.125 0.106255 -0.105995 0 0 255
-0.2 0.125 0.110478 -0.102961 0 0 255
-0.175 0.125 0.114103 -0.100356 0 0 255
-0.15 0.125 0.116996 -0.098278 0 0 255
-0.125 0.125 0.119089 -0.0967757 0 0 255
-0.1 0.125 0.120354 -0.0958684 0 0 255
-0.075 0.125 0.127059 -0.0750272 0 0 255
-0.05 0.125 0.133867 -0.0541945 0 0 255
-0.025 0.125 0.140677 -0.0333655 0 0 255
0 0.125 0.147489 -0.0125404 0 0 255
0.025 0.125 0.154303 0.00828157 0 0 255
0.05 0.125 0.161117 0.0291008 0 0 255
0.075 0.125 0.167941 0.0499117 0 0 255
0.1 0.125 0.175555 0.0707369 0 0 255
0.125 0.125 0.174876 0.0717122 0 0 255
0.15 0.125 0.173759 0.0733272 0 0 255
0.175 0.125 0.172223 0.0755599 0 0 255
0.2 0.125 0.170309 0.0783558 0 0 255
0.225 0.125 0.168086 0.0816097 0 0 255
0.25 0.125 0.165645 0.0851811 0 0 255
0.275 0.125 0.163082 0.0889196 0 0 255
0.3 0.125 0.160481 0.0926878 0 0 255
0.325 0.125 0.157907 0.0963749 0 0 255
0.35 0.125 0.155406 0.0999015 0 0 255
0.375 0.125 0.153004 0.103218 0 0 255
0.4 0.125 0.150711 0.106299 0 0 255
0.425 0.125 0.148527 0.109138 0 0 255
0.45 0.125 0.146447 0.111742 0 0 255
0.475 0.125 0.144459 0.114123 0 0 255
0.5 0.125 0.142551 0.116299 0 0 255
-0.5 0.1 0.0631651 -0.135833 0 0 255
-0.475 0.1 0.0664828 -0.133703 0 0 255
-0.45 0.1 0.0699967 -0.131395 0 0 255
-0.425 0.1 0.0737202 -0.1289 0 0 255
-0.4 0.1 0.0776596 -0.126216 0 0 255
-0.375 0.1 0.08181 -0.123348 0 0 255
-0.35 0.1 0.0861502 -0.120313 0 0 255
-0.325 0.1 0.0906376 -0.117147 0 0 255
-0.3 0.1 0.0952032 -0.113903 0 0 255
-0.275 0.1 0.0997491 -0.110657 0 0 255
-0.25 0.1 0.10415 -0.107504 0 0 255
-0.225 0.1 0.108263 -0.104552 0 0 255
-0.2 0.1 0.11194 -0.10191 0 0 255
-0.175 0.1 0.115054 -0.0996727 0 0 255
-0.15 0.1 0.117518 -0.0979037 0 0 255
-0.125 0.1 0.119289 -0.0966321 0 0 255
-0.1 0.1 0.120354 -0.0958684 0 0 255
-0.075 0.1 0.127059 -0.0750272 0 0 255
-0.05 0.1 0.133867 -0.0541945 0 0 255
-0.025 0.1 0.140677 -0.0333655 0 0 255
0 0.1 0.147489 -0.0125404 0 0 255
0.025 0.1 0.154303 0.00828157 0 0 255
0.05 0.1 0.161117 0.0291008 0 0 255
0.075 0.1 0.167941 0.0499117 0 0 255
0.1 0.1 0.175555 0.0707369 0 0 255
0.125 0.1 0.174983 0.0715578 0 0 255
0.15 0.1 0.174037 0.0729247 0 0 255
0.175 0.1 0.172729 0.0748255 0 0 255
0.2 0.1 0.171082 0.0772279 0 0 255
0.225 0.1 0.169144 0.0800622 0 0 255
0.25 0.1 0.166981 0.0832265 0 0 255
0.275 0.1 0.164668 0.0866039 0 0 255
0.3 0.1 0.162277 0.0900786 0 0 255
0.325 0.1 0.159869 0.093549 0 0 255
0.35 0.1 0.157491 0.0969344 0 0 255
0.375 0.1 0.155175 0.100177 0 0 255
0.4 0.1 0.152941 0.10324 0 0 255
0.425 0.1 0.150798 0.106104 0 0 255
0.45 0.1 0.148745 0.108764 0 0 255
0.475 0.1 0.146779 0.111222 0 0 255
0.5 0.1 0.144892 0.113488 0 0 255
-0.5 0.075 0.0670573 -0.133278 0 0 255
-0.475 0.075 0.0703856 -0.131092 0 0 255
-0.45 0.075 0.0738936 -0.128746 0 0 255
-0.425 0.075 0.0775851 -0.126238 0 0 255
-0.4 0.075 0.0814554 -0.123571 0 0 255
-0.375 0.075 0.0854878 -0.120761 0 0 255
-0.35 0.075 0.08965 -0.117834 0 0 255
-0.325 0.075 0.0938905 -0.11483 0 0 255
-0.3 0.075 0.0981368 -0.111805 0 0 255
-0.275 0.075 0.102295 -0.108832 0 0 255
-0.25 0.075 0.106256 -0.105992 0 0 255
-0.225 0.075 0.1099 -0.103376 0 0 255
-0.2 0.075 0.113116 -0.101065 0 0 255
-0.175 0.075 0.115812 -0.0991286 0 0 255
-0.15 0.075 0.11793 -0.0976081 0 0 255
-0.125 0.075 0.119446 -0.0965196 0 0 255
-0.1 0.075 0.120354 -0.0958684 0 0 255
-0.075 0.075 0.127059 -0.0750272 0 0 255
-0.05 0.075 0.133867 -0.0541945 0 0 255
-0.025 0.075 0.140677 -0.0333655 0 0 255
0 0.075 0.147489 -0.0125404 0 0 255
0.025 0.075 0.154303 0.00828157 0 0 255
0.05 0.075 0.161117 0.0291008 0 0 255
0.075 0.075 0.167941 0.0499117 0 0 255
0.1 0.075 0.175555 0.0707369 0 0 255
0.125 0.075 0.175068 0.0714369 0 0 255
0.15 0.075 0.174257 0.072607 0 0 255
0.175 0.075 0.173131 0.0742408 0 0 255
0.2 0.075 0.171704 0.0763205 0 0 255
0.225 0.075 0.170008 0.0787996 0 0 255
0.25 0.075 0.168089 0.0816054 0 0 255
0.275 0.075 0.166007 0.084648 0 0 255
0.3 0.075 0.16382 0.0878323 0 0 255
0.325 0.075 0.161582 0.0910693 0 0 255
0.35 0.075 0.159341 0.0942825 0 0 255
0.375 0.075 0.157129 0.0974119 0 0 255
0.4 0.075 0.154972 0.100414 0 0 255
0.425 0.075 0.152883 0.103261 0 0 255
0.45 0.075 0.15087 0.105938 0 0 255
0.475 0.075 0.148934 0.108439 0 0 255
0.5 0.075 0.147071 0.110766 0 0 255
-0.5 0.05 0.0707256 -0.130828 0 0 255
-0.475 0.05 0.0740418 -0.128613 0 0 255
-0.45 0.05 0.0775159 -0.126258 0 0 255
-0.425 0.05 0.0811434 -0.123766 0 0 255
-0.4 0.05 0.0849108 -0.121148 0 0 255
-0.375 0.05 0.0887931 -0.118426 0 0 255
-0.35 0.05 0.092751 -0.115631 0 0 255
-0.325 0.05 0.0967294 -0.112804 0 0 255
-0.3 0.05 0.100657 -0.110001 0 0 255
-0.275 0.05 0.104449 -0.107287 0 0 255
-0.25 0.05 0.108011 -0.104732 0 0 255
-0.225 0.05 0.111248 -0.102408 0 0 255
-0.2 0.05 0.114074 -0.100378 0 0 255
-0.175 0.05 0.116424 -0.0986895 0 0 255
-0.15 0.05 0.11826 -0.097371 0 0 255
-0.125 0.05 0.119571 -0.0964299 0 0 255
-0.1 0.05 0.120354 -0.0958684 0 0 255
-0.075 0.05 0.127059 -0.0750272 0 0 255
-0.05 0.05 0.133867 -0.0541945 0 0 255
-0.025 0.05 0.140677 -0.0333655 0 0 255
0 0.05 0.147489 -0.0125404 0 0 255
0.025 0.05 0.154303 0.00828157 0 0 255
0.05 0.05 0.161117 0.0291008 0 0 255
0.075 0.05 0.167941 0.0499117 0 0 255
0.1 0.05 0.175555 0.0707369 0 0 255
0.125 0.05 0.175135 0.0713404 0 0 255
0.15 0.05 0.174434 0.0723521 0 0 255
0.175 0.05 0.173457 0.073769 0 0 255
0.2 0.05 0.172212 0.0755819 0 0 255
0.225 0.05 0.170719 0.0777608 0 0 255
0.25 0.05 0.169014 0.0802537 0 0 255
0.275 0.05 0.16714 0.0829921 0 0 255
0.3 0.05 0.165146 0.0858997 0 0 255
0.325 0.05 0.163077 0.0889005 0 0 255
0.35 0.05 0.160977 0.091925 0 0 255
0.375 0.05 0.15888 0.0949149 0 0 255
0.4 0.05 0.156813 0.0978245 0 0 255
0.425 0.05 0.154792 0.100621 0 0 255
0.45 0.05 0.15283 0.103281 0 0 255
0.475 0.05 0.150932 0.105794 0 0 255
0.5 0.05 0.149099 0.108155 0 0 255
-0.5 0.025 0.0741699 -0.128497 0 0 255
-0.475 0.025 0.0774516 -0.126277 0 0 255
-0.45 0.025 0.0808663 -0.123937 0 0 255
-0.425 0.025 0.0844031 -0.121487 0 0 255
-0.4 0.025 0.088042 -0.118943 0 0 255
-0.375 0.025 0.0917523 -0.116329 0 0 255
-0.35 0.025 0.0954915 -0.113679 0 0 255
-0.325 0.025 0.0992046 -0.111035 0 0 255
-0.3 0.025 0.102825 -0.108448 0 0 255
-0.275 0.025 0.106277 -0.105975 0 0 255
-0.25 0.025 0.109483 -0.103675 0 0 255
-0.225 0.025 0.112365 -0.101605 0 0 255
-0.2 0.025 0.114861 -0.099812 0 0 255
-0.175 0.025 0.116923 -0.0983307 0 0 255
-0.15 0.025 0.118529 -0.0971782 0 0 255
-0.125 0.025 0.119672 -0.0963573 0 0 255
-0.1 0.025 0.120354 -0.0958684 0 0 255
-0.075 0.025 0.127059 -0.0750272 0 0 255
-0.05 0.025 0.133867 -0.0541945 0 0 255
-0.025 0.025 0.140677 -0.0333655 0 0 255
0 0.025 0.147489 -0.0125404 0 0 255
0.025 0.025 0.154303 0.00828157 0 0 255
0.05 0.025 0.161117 0.0291008 0 0 255
0.075 0.025 0.167941 0.0499117 0 0 255
0.1 0.025 0.175555 0.0707369 0 0 255
0.125 0.025 0.175189 0.0712624 0 0 255
0.15 0.025 0.174577 0.0721449 0 0 255
0.175 0.025 0.173723 0.0733834 0 0 255
0.2 0.025 0.172629 0.0749744 0 0 255
0.225 0.025 0.17131 0.0768989 0 0 255
0.25 0.025 0.16979 0.0791198 0 0 255
0.275 0.025 0.168103 0.0815857 0 0 255
0.3 0.025 0.166286 0.0842357 0 0 255
0.325 0.025 0.16438 0.0870063 0 0 255
0.35 0.025 0.162422 0.0898362 0 0 255
0.375 0.025 0.160445 0.0926713 0 0 255
0.4 0.025 0.158475 0.095466 0 0 255
0.425 0.025 0.156532 0.0981849 0 0 255
0.45 0.025 0.154631 0.100802 0 0 255
0.475 0.025 0.15278 0.1033 0 0 255
0.5 0.025 0.150984 0.105669 0 0 255
-0.5 0 0.0773918 -0.126295 0 0 255
-0.475 0 0.0806184 -0.124089 0 0 255
-0.45 0 0.0839524 -0.121785 0 0 255
-0.425 0 0.0873775 -0.119397 0 0 255
-0.4 0 0.0908696 -0.116944 0 0 255
-0.375 0 0.094395 -0.114452 0 0 255
-0.35 0 0.0979105 -0.111954 0 0 255
-0.325 0 0.101363 -0.109491 0 0 255
-0.3 0 0.104693 -0.107109 0 0 255
-0.275 0 0.107836 -0.104857 0 0 255
-0.25 0 0.110724 -0.102783 0 0 255
-0.225 0 0.1133 -0.100933 0 0 255
-0.2 0 0.115515 -0.0993423 0 0 255
-0.175 0 0.117336 -0.0980342 0 0 255
-0.15 0 0.11875 -0.0970195 0 0 255
-0.125 0 0.119755 -0.0962977 0 0 255
-0.1 0 0.120354 -0.0958684 0 0 255
-0.075 0 0.127059 -0.0750272 0 0 255
-0.05 0 0.133867 -0.0541945 0 0 255
-0.025 0 0.140677 -0.0333655 0 0 255
0 0 0.147489 -0.0125404 0 0 255
0.025 0 0.154303 0.00828157 0 0 255
0.05 0 0.161117 0.0291008 0 0 255
0.075 0 0.167941 0.0499117 0 0 255
0.1 0 0.175555 0.0707369 0 0 255
0.125 0 0.175234 0.0711984 0 0 255
0.15 0 0.174696 0.0719742 0 0 255
0.175 0 0.173943 0.0730648 0 0 255
0.2 0 0.172976 0.0744698 0 0 255
0.225 0 0.171805 0.0761778 0 0 255
0.25 0 0.170445 0.0781629 0 0 255
0.275 0 0.168924 0.0803864 0 0 255
0.3 0 0.16727 0.0828002 0 0 255
0.325 0 0.165517 0.0853519 0 0 255
0.35 0 0.163697 0.0879889 0 0 255
0.375 0 0.161841 0.0906619 0 0 255
0.4 0 0.159973 0.0933278 0 0 255
0.425 0 0.158115 0.0959507 0 0 255
0.45 0 0.156282 0.0985027 0 0 255
0.475 0 0.154486 0.100963 0 0 255
0.5 0 0.152734 0.103318 0 0 255
