-0.5 1 -0.165912 -0.14284 0 0 255
-0.475 1 -0.1679 -0.139764 0 0 255
-0.45 1 -0.169904 -0.136634 0 0 255
-0.425 1 -0.171911 -0.133471 0 0 255
-0.4 1 -0.173903 -0.1303 0 0 255
-0.375 1 -0.175863 -0.127152 0 0 255
-0.35 1 -0.177768 -0.124065 0 0 255
-0.325 1 -0.179597 -0.12108 0 0 255
-0.3 1 -0.181323 -0.118243 0 0 255
-0.275 1 -0.182922 -0.1156 0 0 255
-0.25 1 -0.18437 -0.113195 0 0 255
-0.225 1 -0.185647 -0.11107 0 0 255
-0.2 1 -0.186736 -0.109255 0 0 255
-0.175 1 -0.187628 -0.107768 0 0 255
-0.15 1 -0.18832 -0.106617 0 0 255
-0.125 1 -0.188813 -0.1058 0 0 255
-0.1 1 -0.189106 -0.105314 0 0 255
-0.075 1 -0.180403 -0.0820418 0 0 255
-0.05 1 -0.171885 -0.0590185 0 0 255
-0.025 1 -0.163374 -0.0360139 0 0 255
0 1 -0.154864 -0.0130204 0 0 255
0.025 1 -0.146356 0.00996263 0 0 255
0.05 1 -0.137848 0.032936 0 0 255
0.075 1 -0.129354 0.0559033 0 0 255
0.1 1 -0.121044 0.0789705 0 0 255
0.125 1 -0.120385 0.0794598 0 0 255
0.15 1 -0.119278 0.0802828 0 0 255
0.175 1 -0.117723 0.0814402 0 0 255
0.2 1 -0.115717 0.0829341 0 0 255
0.225 1 -0.113273 0.0847567 0 0 255
0.25 1 -0.110417 0.0868874 0 0 255
0.275 1 -0.107194 0.089294 0 0 255
0.3 1 -0.103658 0.0919349 0 0 255
0.325 1 -0.0998737 0.0947634 0 0 255
0.35 1 -0.0959052 0.0977311 0 0 255
0.375 1 -0.0918167 0.100791 0 0 255
0.4 1 -0.0876669 0.1039 0 0 255
0.425 1 -0.0835075 0.107021 0 0 255
0.45 1 -0.0793826 0.110122 0 0 255
0.475 1 -0.0753277 0.113176 0 0 255
0.5 1 -0.071371 0.116164 0 0 255
-0.5 0.975 -0.163945 -0.145881 0 0 255
-0.475 0.975 -0.166012 -0.142712 0 0 255
-0.45 0.975 -0.168109 -0.139465 0 0 255
-0.425 0.975 -0.170223 -0.136157 0 0 255
-0.4 0.975 -0.172338 -0.132814 0 0 255
-0.375 0.975 -0.174435 -0.129466 0 0 255
-0.35 0.975 -0.17649 -0.126152 0 0 255
-0.325 0.975 -0.178479 -0.122917 0 0 255
-0.3 0.975 -0.180373 -0.119813 0 0 255
-0.275 0.975 -0.182141 -0.116896 0 0 255
-0.25 0.975 -0.183755 -0.11422 0 0 255
-0.225 0.975 -0.185187 -0.111836 0 0 255
-0.2 0.975 -0.186415 -0.109788 0 0 255
-0.175 0.975 -0.187426 -0.108104 0 0 255
-0.15 0.975 -0.188212 -0.106797 0 0 255
-0.125 0.975 -0.188772 -0.105867 0 0 255
-0.1 0.975 -0.189106 -0.105314 0 0 255
-0.075 0.975 -0.180403 -0.0820418 0 0 255
-0.05 0.975 -0.171885 -0.0590185 0 0 255
-0.025 0.975 -0.163374 -0.0360139 0 0 255
0 0.975 -0.154864 -0.0130204 0 0 255
0.025 0.975 -0.146356 0.00996263 0 0 255
0.05 0.975 -0.137848 0.032936 0 0 255
0.075 0.975 -0.129354 0.0559033 0 0 255
0.1 0.975 -0.121044 0.0789705 0 0 255
0.125 0.975 -0.120294 0.0795277 0 0 255
0.15 0.975 -0.119034 0.0804637 0 0 255
0.175 0.975 -0.117268 0.0817783 0 0 255
0.2 0.975 -0.114997 0.0834706 0 0 255
0.225 0.975 -0.112241 0.085526 0 0 255
0.25 0.975 -0.109041 0.0879143 0 0 255
0.275 0.975 -0.105456 0.0905914 0 0 255
0.3 0.975 -0.101558 0.0935039 0 0 255
0.325 0.975 -0.0974238 0.0965942 0 0 255
0.35 0.975 -0.0931315 0.0998053 0 0 255
0.375 0.975 -0.0887532 0.103084 0 0 255
0.4 0.975 -0.0843528 0.106384 0 0 255
0.425 0.975 -0.0799843 0.109665 0 0 255
0.45 0.975 -0.0756914 0.112896 0 0 255
0.475 0.975 -0.0715079 0.116053 0 0 255
0.5 0.975 -0.0674586 0.119118 0 0 255
-0.5 0.95 -0.161801 -0.149168 0 0 255
-0.475 0.95 -0.16394 -0.145922 0 0 255
-0.45 0.95 -0.166123 -0.142572 0 0 255
-0.425 0.95 -0.168341 -0.139132 0 0 255
-0.4 0.95 -0.170578 -0.135624 0 0 255
-0.375 0.95 -0.172814 -0.132078 0 0 255
-0.35 0.95 -0.175027 -0.128532 0 0 255
-0.325 0.95 -0.177187 -0.125035 0 0 255
-0.3 0.95 -0.179264 -0.121643 0 0 255
-0.275 0.95 -0.181222 -0.118421 0 0 255
-0.25 0.95 -0.183024 -0.115436 0 0 255
-0.225 0.95 -0.184637 -0.112754 0 0 255
-0.2 0.95 -0.18603 -0.110431 0 0 255
-0.175 0.95 -0.187181 -0.108511 0 0 255
-0.15 0.95 -0.18808 -0.107015 0 0 255
-0.125 0.95 -0.188722 -0.105949 0 0 255
-0.1 0.95 -0.189106 -0.105314 0 0 255
-0.075 0.95 -0.180403 -0.0820418 0 0 255
-0.05 0.95 -0.171885 -0.0590185 0 0 255
-0.025 0.95 -0.163374 -0.0360139 0 0 255
0 0.95 -0.154864 -0.0130204 0 0 255
0.025 0.95 -0.146356 0.00996263 0 0 255
0.05 0.95 -0.137848 0.032936 0 0 255
0.075 0.95 -0.129354 0.0559033 0 0 255
0.1 0.95 -0.121044 0.0789705 0 0 255
0.125 0.95 -0.120182 0.0796105 0 0 255
0.15 0.95 -0.118739 0.0806836 0 0 255
0.175 0.95 -0.116718 0.0821876 0 0 255
0.2 0.95 -0.11413 0.0841167 0 0 255
0.225 0.95 -0.111007 0.0864465 0 0 255
0.25 0.95 -0.107408 0.0891331 0 0 255
0.275 0.95 -0.103413 0.0921172 0 0 255
0.3 0.95 -0.0991131 0.0953304 0 0 255
0.325 0.95 -0.0946031 0.0987029 0 0 255
0.35 0.95 -0.0899728 0.102168 0 0 255
0.375 0.95 -0.0853024 0.105668 0 0 255
0.4 0.95 -0.0806593 0.109153 0 0 255
0.425 0.95 -0.0760977 0.112584 0 0 255
0.45 0.95 -0.0716588 0.115931 0 0 255
0.475 0.95 -0.0673723 0.119174 0 0 255
0.5 0.95 -0.0632585 0.122297 0 0 255
-0.5 0.925 -0.159469 -0.152707 0 0 255
-0.475 0.925 -0.161669 -0.149405 0 0 255
-0.45 0.925 -0.163932 -0.145971 0 0 255
-0.425 0.925 -0.166247 -0.142417 0 0 255
-0.4 0.925 -0.168601 -0.138759 0 0 255
-0.375 0.925 -0.170976 -0.135024 0 0 255
-0.35 0.925 -0.173349 -0.131248 0 0 255
-0.325 0.925 -0.17569 -0.12748 0 0 255
-0.3 0.925 -0.177965 -0.123781 0 0 255
-0.275 0.925 -0.180133 -0.120224 0 0 255
-0.25 0.925 -0.18215 -0.11689 0 0 255
-0.225 0.925 -0.183972 -0.113861 0 0 255
-0.2 0.925 -0.18556 -0.111214 0 0 255
-0.175 0.925 -0.186882 -0.109009 0 0 255
-0.15 0.925 -0.187918 -0.107284 0 0 255
-0.125 0.925 -0.188661 -0.106051 0 0 255
-0.1 0.925 -0.189106 -0.105314 0 0 255
-0.075 0.925 -0.180403 -0.0820418 0 0 255
-0.05 0.925 -0.171885 -0.0590185 0 0 255
-0.025 0.925 -0.163374 -0.0360139 0 0 255
0 0.925 -0.154864 -0.0130204 0 0 255
0.025 0.925 -0.146356 0.00996263 0 0 255
0.05 0.925 -0.137848 0.032936 0 0 255
0.075 0.925 -0.129354 0.0559033 0 0 255
0.1 0.925 -0.121044 0.0789705 0 0 255
0.125 0.925 -0.120044 0.0797127 0 0 255
0.15 0.925 -0.118375 0.0809539 0 0 255
0.175 0.925 -0.116046 0.0826885 0 0 255
0.2 0.925 -0.113076 0.0849025 0 0 255
0.225 0.925 -0.109518 0.0875571 0 0 255
0.25 0.925 -0.105457 0.0905893 0 0 255
0.275 0.925 -0.100999 0.0939198 0 0 255
0.3 0.925 -0.0962599 0.0974626 0 0 255
0.325 0.925 -0.0913518 0.101134 0 0 255
0.35 0.925 -0.0863773 0.104859 0 0 255
0.375 0.925 -0.0814221 0.108576 0 0 255
0.4 0.925 -0.0765545 0.112234 0 0 255
0.425 0.925 -0.0718258 0.115797 0 0 255
0.45 0.925 -0.0672719 0.11924 0 0 255
0.475 0.925 -0.0629162 0.122545 0 0 255
0.5 0.925 -0.0587722 0.125703 0 0 255
-0.5 0.9 -0.156941 -0.156503 0 0 255
-0.475 0.9 -0.15919 -0.153168 0 0 255
-0.45 0.9 -0.161519 -0.149676 0 0 255
-0.425 0.9 -0.163921 -0.146031 0 0 255
-0.4 0.9 -0.166384 -0.142245 0 0 255
-0.375 0.9 -0.168893 -0.138338 0 0 255
-0.35 0.9 -0.171426 -0.134342 0 0 255
-0.325 0.9 -0.173954 -0.130304 0 0 255
-0.3 0.9 -0.176439 -0.126285 0 0 255
-0.275 0.9 -0.178838 -0.122365 0 0 255
-0.25 0.9 -0.181098 -0.118638 0 0 255
-0.225 0.9 -0.183164 -0.115208 0 0 255
-0.2 0.9 -0.184984 -0.112176 0 0 255
-0.175 0.9 -0.186511 -0.109627 0 0 255
-0.15 0.9 -0.187716 -0.107619 0 0 255
-0.125 0.9 -0.188584 -0.106178 0 0 255
-0.1 0.9 -0.189106 -0.105314 0 0 255
-0.075 0.9 -0.180403 -0.0820418 0 0 255
-0.05 0.9 -0.171885 -0.0590185 0 0 255
-0.025 0.9 -0.163374 -0.0360139 0 0 255
0 0.9 -0.154864 -0.0130204 0 0 255
0.025 0.9 -0.146356 0.00996263 0 0 255
0.05 0.9 -0.137848 0.032936 0 0 255
0.075 0.9 -0.129354 0.0559033 0 0 255
0.1 0.9 -0.121044 0.0789705 0 0 255
0.125 0.9 -0.119872 0.0798409 0 0 255
0.15 0.9 -0.117922 0.0812909 0 0 255
0.175 0.9 -0.115212 0.0833092 0 0 255
0.2 0.9 -0.11178 0.0858685 0 0 255
0.225 0.9 -0.107707 0.0889086 0 0 255
0.25 0.9 -0.103113 0.0923402 0 0 255
0.275 0.9 -0.098137 0.0960582 0 0 255
0.3 0.9 -0.0929237 0.0999563 0 0 255
0.325 0.9 -0.0876047 0.103937 0 0 255
0.35 0.9 -0.0822916 0.107919 0 0 255
0.375 0.9 -0.0770723 0.111838 0 0 255
0.4 0.9 -0.0720116 0.115648 0 0 255
0.425 0.9 -0.0671536 0.119318 0 0 255
0.45 0.9 -0.0625258 0.122827 0 0 255
0.475 0.9 -0.0581426 0.126167 0 0 255
0.5 0.9 -0.0540091 0.129334 0 0 255
-0.5 0.875 -0.154209 -0.160553 0 0 255
-0.475 0.875 -0.156491 -0.157215 0 0 255
-0.45 0.875 -0.158872 -0.153693 0 0 255
-0.425 0.875 -0.161346 -0.149988 0 0 255
-0.4 0.875 -0.163906 -0.146104 0 0 255
-0.375 0.875 -0.166538 -0.142053 0 0 255
-0.35 0.875 -0.169225 -0.137859 0 0 255
-0.325 0.875 -0.171939 -0.133562 0 0 255
-0.3 0.875 -0.174643 -0.12922 0 0 255
-0.275 0.875 -0.177291 -0.124916 0 0 255
-0.25 0.875 -0.179822 -0.120755 0 0 255
-0.225 0.875 -0.182171 -0.116864 0 0 255
-0.2 0.875 -0.184267 -0.113372 0 0 255
-0.175 0.875 -0.186046 -0.110402 0 0 255
-0.15 0.875 -0.187461 -0.108043 0 0 255
-0.125 0.875 -0.188486 -0.10634 0 0 255
-0.1 0.875 -0.189106 -0.105314 0 0 255
-0.075 0.875 -0.180403 -0.0820418 0 0 255
-0.05 0.875 -0.171885 -0.0590185 0 0 255
-0.025 0.875 -0.163374 -0.0360139 0 0 255
0 0.875 -0.154864 -0.0130204 0 0 255
0.025 0.875 -0.146356 0.00996263 0 0 255
0.05 0.875 -0.137848 0.032936 0 0 255
0.075 0.875 -0.129354 0.0559033 0 0 255
0.1 0.875 -0.121044 0.0789705 0 0 255
0.125 0.875 -0.119651 0.0800046 0 0 255
0.15 0.875 -0.117348 0.0817178 0 0 255
0.175 0.875 -0.114165 0.0840889 0 0 255
0.2 0.875 -0.110169 0.08707 0 0 255
0.225 0.875 -0.105484 0.090568 0 0 255
0.25 0.875 -0.100277 0.0944579 0 0 255
0.275 0.875 -0.0947313 0.0986031 0 0 255
0.3 0.875 -0.0890203 0.102875 0 0 255
0.325 0.875 -0.0832927 0.107164 0 0 255
0.35 0.875 -0.0776645 0.111387 0 0 255
0.375 0.875 -0.0722194 0.115482 0 0 255
0.4 0.875 -0.0670124 0.119412 0 0 255
0.425 0.875 -0.062076 0.123153 0 0 255
0.45 0.875 -0.0574255 0.126695 0 0 255
0.475 0.875 -0.0530643 0.130037 0 0 255
0.5 0.875 -0.0489874 0.133181 0 0 255
-0.5 0.85 -0.151269 -0.164855 0 0 255
-0.475 0.85 -0.153566 -0.161542 0 0 255
-0.45 0.85 -0.155979 -0.158024 0 0 255
-0.425 0.85 -0.158507 -0.154296 0 0 255
-0.4 0.85 -0.161145 -0.150352 0 0 255
-0.375 0.85 -0.163885 -0.146196 0 0 255
-0.35 0.85 -0.166712 -0.141839 0 0 255
-0.325 0.85 -0.169604 -0.13731 0 0 255
-0.3 0.85 -0.172529 -0.132657 0 0 255
-0.275 0.85 -0.175438 -0.12796 0 0 255
-0.25 0.85 -0.178268 -0.123331 0 0 255
-0.225 0.85 -0.180939 -0.118915 0 0 255
-0.2 0.85 -0.183364 -0.114879 0 0 255
-0.175 0.85 -0.185452 -0.111392 0 0 255
-0.15 0.85 -0.187132 -0.10859 0 0 255
-0.125 0.85 -0.188358 -0.106552 0 0 255
-0.1 0.85 -0.189106 -0.105314 0 0 255
-0.075 0.85 -0.180403 -0.0820418 0 0 255
-0.05 0.85 -0.171885 -0.0590185 0 0 255
-0.025 0.85 -0.163374 -0.0360139 0 0 255
0 0.85 -0.154864 -0.0130204 0 0 255
0.025 0.85 -0.146356 0.00996263 0 0 255
0.05 0.85 -0.137848 0.032936 0 0 255
0.075 0.85 -0.129354 0.0559033 0 0 255
0.1 0.85 -0.121044 0.0789705 0 0 255
0.125 0.85 -0.119364 0.080218 0 0 255
0.15 0.85 -0.116608 0.0822683 0 0 255
0.175 0.85 -0.11283 0.0850838 0 0 255
0.2 0.85 -0.108142 0.0885825 0 0 255
0.225 0.85 -0.102731 0.0926233 0 0 255
0.25 0.85 -0.0968307 0.0970326 0 0 255
0.275 0.85 -0.0906723 0.101637 0 0 255
0.3 0.85 -0.0844591 0.106287 0 0 255
0.325 0.85 -0.0783489 0.110867 0 0 255
0.35 0.85 -0.0724528 0.115297 0 0 255
0.375 0.85 -0.0668411 0.119527 0 0 255
0.4 0.85 -0.0615522 0.123533 0 0 255
0.425 0.85 -0.0566015 0.127302 0 0 255
0.45 0.85 -0.051989 0.130836 0 0 255
0.475 0.85 -0.0477053 0.134142 0 0 255
0.5 0.85 -0.043735 0.137231 0 0 255
-0.5 0.825 -0.148119 -0.169398 0 0 255
-0.475 0.825 -0.150409 -0.166142 0 0 255
-0.45 0.825 -0.152833 -0.162665 0 0 255
-0.425 0.825 -0.155392 -0.158953 0 0 255
-0.4 0.825 -0.158085 -0.154995 0 0 255
-0.375 0.825 -0.160909 -0.150782 0 0 255
-0.35 0.825 -0.163855 -0.146313 0 0 255
-0.325 0.825 -0.166908 -0.141598 0 0 255
-0.3 0.825 -0.170043 -0.136671 0 0 255
-0.275 0.825 -0.173216 -0.131595 0 0 255
-0.25 0.825 -0.176364 -0.126478 0 0 255
-0.225 0.825 -0.1794 -0.121478 0 0 255
-0.2 0.825 -0.182212 -0.116802 0 0 255
-0.175 0.825 -0.184682 -0.112677 0 0 255
-0.15 0.825 -0.186698 -0.10931 0 0 255
-0.125 0.825 -0.188187 -0.106835 0 0 255
-0.1 0.825 -0.189106 -0.105314 0 0 255
-0.075 0.825 -0.180403 -0.0820418 0 0 255
-0.05 0.825 -0.171885 -0.0590185 0 0 255
-0.025 0.825 -0.163374 -0.0360139 0 0 255
0 0.825 -0.154864 -0.0130204 0 0 255
0.025 0.825 -0.146356 0.00996263 0 0 255
0.05 0.825 -0.137848 0.032936 0 0 255
0.075 0.825 -0.129354 0.0559033 0 0 255
0.1 0.825 -0.121044 0.0789705 0 0 255
0.125 0.825 -0.11898 0.080503 0 0 255
0.15 0.825 -0.115634 0.0829928 0 0 255
0.175 0.825 -0.111097 0.0863751 0 0 255
0.2 0.825 -0.105557 0.0905116 0 0 255
0.225 0.825 -0.099295 0.0951899 0 0 255
0.25 0.825 -0.0926266 0.100174 0 0 255
0.275 0.825 -0.0858372 0.105252 0 0 255
0.3 0.825 -0.0791495 0.11026 0 0 255
0.325 0.825 -0.0727163 0.115088 0 0 255
0.35 0.825 -0.0666294 0.119672 0 0 255
0.375 0.825 -0.0609342 0.123981 0 0 255
0.4 0.825 -0.0556448 0.128006 0 0 255
0.425 0.825 -0.0507553 0.131753 0 0 255
0.45 0.825 -0.0462486 0.135235 0 0 255
0.475 0.825 -0.042102 0.138467 0 0 255
0.5 0.825 -0.0382903 0.141467 0 0 255
-0.5 0.8 -0.14476 -0.174172 0 0 255
-0.475 0.8 -0.147019 -0.171005 0 0 255
-0.45 0.8 -0.149428 -0.167604 0 0 255
-0.425 0.8 -0.151992 -0.16395 0 0 255
-0.4 0.8 -0.154712 -0.160027 0 0 255
-0.375 0.8 -0.157591 -0.155814 0 0 255
-0.35 0.8 -0.160627 -0.151297 0 0 255
-0.325 0.8 -0.163812 -0.146466 0 0 255
-0.3 0.8 -0.167132 -0.141327 0 0 255
-0.275 0.8 -0.170556 -0.135919 0 0 255
-0.25 0.8 -0.174028 -0.130326 0 0 255
-0.225 0.8 -0.17746 -0.124704 0 0 255
-0.2 0.8 -0.180724 -0.119287 0 0 255
-0.175 0.8 -0.183663 -0.114377 0 0 255
-0.15 0.8 -0.186114 -0.110281 0 0 255
-0.125 0.8 -0.187952 -0.107224 0 0 255
-0.1 0.8 -0.189106 -0.105314 0 0 255
-0.075 0.8 -0.180403 -0.0820418 0 0 255
-0.05 0.8 -0.171885 -0.0590185 0 0 255
-0.025 0.8 -0.163374 -0.0360139 0 0 255
0 0.8 -0.154864 -0.0130204 0 0 255
0.025 0.8 -0.146356 0.00996263 0 0 255
0.05 0.8 -0.137848 0.032936 0 0 255
0.075 0.8 -0.129354 0.0559033 0 0 255
0.1 0.8 -0.121044 0.0789705 0 0 255
0.125 0.8 -0.118452 0.080895 0 0 255
0.15 0.8 -0.114321 0.0839695 0 0 255
0.175 0.8 -0.108806 0.088083 0 0 255
0.2 0.8 -0.102218 0.0930041 0 0 255
0.225 0.8 -0.0949763 0.0984166 0 0 255
0.25 0.8 -0.0874941 0.10401 0 0 255
0.275 0.8 -0.0801003 0.109543 0 0 255
0.3 0.8 -0.073015 0.114854 0 0 255
0.325 0.8 -0.0663617 0.119858 0 0 255
0.35 0.8 -0.0601942 0.124518 0 0 255
0.375 0.8 -0.0545214 0.128832 0 0 255
0.4 0.8 -0.0493269 0.132814 0 0 255
0.425 0.8 -0.0445817 0.136484 0 0 255
0.45 0.8 -0.0402519 0.139867 0 0 255
0.475 0.8 -0.0363027 0.142987 0 0 255
0.5 0.8 -0.032701 0.145866 0 0 255
-0.5 0.775 -0.1412 -0.179164 0 0 255
-0.475 0.775 -0.143398 -0.176118 0 0 255
-0.45 0.775 -0.145763 -0.172828 0 0 255
-0.425 0.775 -0.148301 -0.169274 0 0 255
-0.4 0.775 -0.151017 -0.165434 0 0 255
-0.375 0.775 -0.153918 -0.161281 0 0 255
-0.35 0.775 -0.157006 -0.156788 0 0 255
-0.325 0.775 -0.160284 -0.151926 0 0 255
-0.3 0.775 -0.163749 -0.146671 0 0 255
-0.275 0.775 -0.167388 -0.141022 0 0 255
-0.25 0.775 -0.171164 -0.135017 0 0 255
-0.225 0.775 -0.175004 -0.128777 0 0 255
-0.2 0.775 -0.178778 -0.122539 0 0 255
-0.175 0.775 -0.182289 -0.116674 0 0 255
-0.15 0.775 -0.185305 -0.111628 0 0 255
-0.125 0.775 -0.187617 -0.10778 0 0 255
-0.1 0.775 -0.189106 -0.105314 0 0 255
-0.075 0.775 -0.180403 -0.0820418 0 0 255
-0.05 0.775 -0.171885 -0.0590185 0 0 255
-0.025 0.775 -0.163374 -0.0360139 0 0 255
0 0.775 -0.154864 -0.0130204 0 0 255
0.025 0.775 -0.146356 0.00996263 0 0 255
0.05 0.775 -0.137848 0.032936 0 0 255
0.075 0.775 -0.129354 0.0559033 0 0 255
0.1 0.775 -0.121044 0.0789705 0 0 255
0.125 0.775 -0.117699 0.0814542 0 0 255
0.15 0.775 -0.112501 0.0853237 0 0 255
0.175 0.775 -0.105715 0.0903891 0 0 255
0.2 0.775 -0.0978546 0.0962637 0 0 255
0.225 0.775 -0.0895293 0.102487 0 0 255
0.25 0.775 -0.0812505 0.108678 0 0 255
0.275 0.775 -0.0733539 0.114591 0 0 255
0.3 0.775 -0.0660137 0.120103 0 0 255
0.325 0.775 -0.0592918 0.125175 0 0 255
0.35 0.775 -0.0531847 0.129815 0 0 255
0.375 0.775 -0.0476567 0.134053 0 0 255
0.4 0.775 -0.0426596 0.137924 0 0 255
0.425 0.775 -0.0381433 0.141464 0 0 255
0.45 0.775 -0.0340601 0.144706 0 0 255
0.475 0.775 -0.0303667 0.147677 0 0 255
0.5 0.775 -0.0270243 0.150402 0 0 255
-0.5 0.75 -0.137454 -0.184355 0 0 255
-0.475 0.75 -0.139554 -0.181467 0 0 255
-0.45 0.75 -0.141838 -0.178325 0 0 255
-0.425 0.75 -0.144315 -0.174909 0 0 255
-0.4 0.75 -0.146993 -0.171196 0 0 255
-0.375 0.75 -0.149878 -0.167158 0 0 255
-0.35 0.75 -0.152979 -0.16276 0 0 255
-0.325 0.75 -0.156304 -0.157961 0 0 255
-0.3 0.75 -0.15986 -0.15271 0 0 255
-0.275 0.75 -0.163654 -0.14696 0 0 255
-0.25 0.75 -0.167679 -0.140681 0 0 255
-0.225 0.75 -0.171898 -0.133913 0 0 255
-0.2 0.75 -0.176206 -0.126835 0 0 255
-0.175 0.75 -0.180395 -0.119843 0 0 255
-0.15 0.75 -0.184145 -0.113557 0 0 255
-0.125 0.75 -0.187117 -0.108609 0 0 255
-0.1 0.75 -0.189106 -0.105314 0 0 255
-0.075 0.75 -0.180403 -0.0820418 0 0 255
-0.05 0.75 -0.171885 -0.0590185 0 0 255
-0.025 0.75 -0.163374 -0.0360139 0 0 255
0 0.75 -0.154864 -0.0130204 0 0 255
0.025 0.75 -0.146356 0.00996263 0 0 255
0.05 0.75 -0.137848 0.032936 0 0 255
0.075 0.75 -0.129354 0.0559033 0 0 255
0.1 0.75 -0.121044 0.0789705 0 0 255
0.125 0.75 -0.116575 0.0822895 0 0 255
0.15 0.75 -0.109894 0.0872639 0 0 255
0.175 0.75 -0.101452 0.0935709 0 0 255
0.2 0.75 -0.0920989 0.100565 0 0 255
0.225 0.75 -0.0826751 0.107611 0 0 255
0.25 0.75 -0.0737365 0.114297 0 0 255
0.275 0.75 -0.0655452 0.120437 0 0 255
0.3 0.75 -0.0581675 0.125994 0 0 255
0.325 0.75 -0.0515706 0.131001 0 0 255
0.35 0.75 -0.0456832 0.135515 0 0 255
0.375 0.75 -0.0404262 0.139596 0 0 255
0.4 0.75 -0.0357259 0.143295 0 0 255
0.425 0.75 -0.0315176 0.146658 0 0 255
0.45 0.75 -0.0277458 0.149718 0 0 255
0.475 0.75 -0.0243626 0.152507 0 0 255
0.5 0.75 -0.0213265 0.155049 0 0 255
-0.5 0.725 -0.133552 -0.18972 0 0 255
-0.475 0.725 -0.135508 -0.187032 0 0 255
-0.45 0.725 -0.137665 -0.18408 0 0 255
-0.425 0.725 -0.140036 -0.180843 0 0 255
-0.4 0.725 -0.142632 -0.177298 0 0 255
-0.375 0.725 -0.145462 -0.17342 0 0 255
-0.35 0.725 -0.148535 -0.169176 0 0 255
-0.325 0.725 -0.15186 -0.164522 0 0 255
-0.3 0.725 -0.155449 -0.159397 0 0 255
-0.275 0.725 -0.159322 -0.153717 0 0 255
-0.25 0.725 -0.163502 -0.147382 0 0 255
-0.225 0.725 -0.168005 -0.140309 0 0 255
-0.2 0.725 -0.172801 -0.132518 0 0 255
-0.175 0.725 -0.177732 -0.124307 0 0 255
-0.15 0.725 -0.18242 -0.116431 0 0 255
-0.125 0.725 -0.186322 -0.109925 0 0 255
-0.1 0.725 -0.189106 -0.105314 0 0 255
-0.075 0.725 -0.180403 -0.0820418 0 0 255
-0.05 0.725 -0.171885 -0.0590185 0 0 255
-0.025 0.725 -0.163374 -0.0360139 0 0 255
0 0.725 -0.154864 -0.0130204 0 0 255
0.025 0.725 -0.146356 0.00996263 0 0 255
0.05 0.725 -0.137848 0.032936 0 0 255
0.075 0.725 -0.129354 0.0559033 0 0 255
0.1 0.725 -0.121044 0.0789705 0 0 255
0.125 0.725 -0.11479 0.0836151 0 0 255
0.15 0.725 -0.106015 0.0901521 0 0 255
0.175 0.725 -0.0954564 0.0980504 0 0 255
0.2 0.725 -0.0844958 0.106251 0 0 255
0.225 0.725 -0.0741603 0.113978 0 0 255
0.25 0.725 -0.064886 0.120917 0 0 255
0.275 0.725 -0.0567297 0.127046 0 0 255
0.3 0.725 -0.0495897 0.132455 0 0 255
0.325 0.725 -0.0433269 0.137257 0 0 255
0.35 0.725 -0.0378124 0.14155 0 0 255
0.375 0.725 -0.0329394 0.145407 0 0 255
0.4 0.725 -0.0286223 0.148887 0 0 255
0.425 0.725 -0.0247919 0.152031 0 0 255
0.45 0.725 -0.0213907 0.154875 0 0 255
0.475 0.725 -0.0183698 0.157447 0 0 255
0.5 0.725 -0.0156865 0.15977 0 0 255
-0.5 0.7 -0.129557 -0.195209 0 0 255
-0.475 0.7 -0.131306 -0.192782 0 0 255
-0.45 0.7 -0.133272 -0.190077 0 0 255
-0.425 0.7 -0.135475 -0.187072 0 0 255
-0.4 0.7 -0.13793 -0.183742 0 0 255
-0.375 0.7 -0.140652 -0.180064 0 0 255
-0.35 0.7 -0.143651 -0.176012 0 0 255
-0.325 0.7 -0.146936 -0.171553 0 0 255
-0.3 0.7 -0.150513 -0.166637 0 0 255
-0.275 0.7 -0.154397 -0.161181 0 0 255
-0.25 0.7 -0.158621 -0.155049 0 0 255
-0.225 0.7 -0.163245 -0.148041 0 0 255
-0.2 0.7 -0.168349 -0.13993 0 0 255
-0.175 0.7 -0.173945 -0.130673 0 0 255
-0.15 0.7 -0.17974 -0.120897 0 0 255
-0.125 0.7 -0.184949 -0.112198 0 0 255
-0.1 0.7 -0.189106 -0.105314 0 0 255
-0.075 0.7 -0.180403 -0.0820418 0 0 255
-0.05 0.7 -0.171885 -0.0590185 0 0 255
-0.025 0.7 -0.163374 -0.0360139 0 0 255
0 0.7 -0.154864 -0.0130204 0 0 255
0.025 0.7 -0.146356 0.00996263 0 0 255
0.05 0.7 -0.137848 0.032936 0 0 255
0.075 0.7 -0.129354 0.0559033 0 0 255
0.1 0.7 -0.121044 0.0789705 0 0 255
0.125 0.7 -0.111706 0.0859051 0 0 255
0.15 0.7 -0.0999913 0.0946402 0 0 255
0.175 0.7 -0.0869235 0.104433 0 0 255
0.2 0.7 -0.0746008 0.113655 0 0 255
0.225 0.7 -0.0639037 0.121645 0 0 255
0.25 0.7 -0.0548329 0.128439 0 0 255
0.275 0.7 -0.0471184 0.134267 0 0 255
0.3 0.7 -0.0404888 0.13935 0 0 255
0.325 0.7 -0.0347365 0.143845 0 0 255
0.35 0.7 -0.029713 0.147854 0 0 255
0.375 0.7 -0.0253112 0.151446 0 0 255
0.4 0.7 -0.0214493 0.154668 0 0 255
0.425 0.7 -0.018061 0.157557 0 0 255
0.45 0.7 -0.0150899 0.160143 0 0 255
0.475 0.7 -0.0124861 0.162455 0 0 255
0.5 0.7 -0.0102054 0.164518 0 0 255
-0.5 0.675 -0.125584 -0.200723 0 0 255
-0.475 0.675 -0.127049 -0.198637 0 0 255
-0.45 0.675 -0.128737 -0.196267 0 0 255
-0.425 0.675 -0.130678 -0.193578 0 0 255
-0.4 0.675 -0.132899 -0.190539 0 0 255
-0.375 0.675 -0.135429 -0.18712 0 0 255
-0.35 0.675 -0.138286 -0.183297 0 0 255
-0.325 0.675 -0.141482 -0.179049 0 0 255
-0.3 0.675 -0.145019 -0.174354 0 0 255
-0.275 0.675 -0.14889 -0.169175 0 0 255
-0.25 0.675 -0.153098 -0.16342 0 0 255
-0.225 0.675 -0.157682 -0.156881 0 0 255
-0.2 0.675 -0.162777 -0.149148 0 0 255
-0.175 0.675 -0.16864 -0.13962 0 0 255
-0.15 0.675 -0.175418 -0.128114 0 0 255
-0.125 0.675 -0.182245 -0.116678 0 0 255
-0.1 0.675 -0.189106 -0.105314 255 0 0
-0.075 0.675 -0.180403 -0.0820418 255 0 0
-0.05 0.675 -0.171885 -0.0590185 255 0 0
-0.025 0.675 -0.163374 -0.0360139 255 0 0
0 0.675 -0.154864 -0.0130204 255 0 0
0.025 0.675 -0.146356 0.00996263 255 0 0
0.05 0.675 -0.137848 0.032936 255 0 0
0.075 0.675 -0.129354 0.0559033 255 0 0
0.1 0.675 -0.121044 0.0789705 255 0 0
0.125 0.675 -0.105631 0.0904166 0 0 255
0.15 0.675 -0.0902723 0.101887 0 0 255
0.175 0.675 -0.0749631 0.113396 0 0 255
0.2 0.675 -0.06233 0.122837 0 0 255
0.225 0.675 -0.0522448 0.130355 0 0 255
0.25 0.675 -0.0439989 0.136552 0 0 255
0.275 0.675 -0.0370602 0.141867 0 0 255
0.3 0.675 -0.0311109 0.14654 0 0 255
0.325 0.675 -0.0259656 0.150697 0 0 255
0.35 0.675 -0.0215064 0.154404 0 0 255
0.375 0.675 -0.0176463 0.157701 0 0 255
0.4 0.675 -0.0143128 0.160623 0 0 255
0.425 0.675 -0.0114408 0.163201 0 0 255
0.45 0.675 -0.00897081 0.165469 0 0 255
0.475 0.675 -0.00684854 0.167459 0 0 255
0.5 0.675 -0.00502534 0.169203 0 0 255
-0.5 0.65 -0.12183 -0.206065 0 0 255
-0.475 0.65 -0.122928 -0.204423 0 0 255
-0.45 0.65 -0.124233 -0.202507 0 0 255
-0.425 0.65 -0.125785 -0.20027 0 0 255
-0.4 0.65 -0.127629 -0.197662 0 0 255
-0.375 0.65 -0.129814 -0.194633 0 0 255
-0.35 0.65 -0.132386 -0.191137 0 0 255
-0.325 0.65 -0.135384 -0.187143 0 0 255
-0.3 0.65 -0.138827 -0.182637 0 0 255
-0.275 0.65 -0.142704 -0.177636 0 0 255
-0.25 0.65 -0.146967 -0.172165 0 0 255
-0.225 0.65 -0.151545 -0.166195 0 0 255
-0.2 0.65 -0.156427 -0.159467 0 0 255
-0.175 0.65 -0.161862 -0.151127 0 0 255
-0.15 0.65 -0.168591 -0.13955 0 0 255
-0.125 0.65 -0.175385 -0.128041 255 0 0
-0.1 0.65 -0.166821 -0.104999 255 0 0
-0.075 0.65 -0.158305 -0.0819706 255 0 0
-0.05 0.65 -0.149791 -0.0589521 255 0 0
-0.025 0.65 -0.141279 -0.0359461 255 0 0
0 0.65 -0.132769 -0.0129518 255 0 0
0.025 0.65 -0.12426 0.0100316 255 0 0
0.05 0.65 -0.115752 0.0330049 255 0 0
0.075 0.65 -0.107244 0.0559691 255 0 0
0.1 0.65 -0.0987348 0.0789243 255 0 0
0.125 0.65 -0.0902184 0.101863 255 0 0
0.15 0.65 -0.0749135 0.113358 0 0 255
0.175 0.65 -0.0596538 0.124905 0 0 255
0.2 0.65 -0.0486486 0.133062 0 0 255
0.225 0.65 -0.0400978 0.139409 0 0 255
0.25 0.65 -0.0329717 0.14484 0 0 255
0.275 0.65 -0.0268591 0.149679 0 0 255
0.3 0.65 -0.0215963 0.154015 0 0 255
0.325 0.65 -0.0170943 0.157865 0 0 255
0.35 0.65 -0.0132757 0.161245 0 0 255
0.375 0.65 -0.0100605 0.164181 0 0 255
0.4 0.65 -0.00736697 0.166711 0 0 255
0.425 0.65 -0.00511671 0.168879 0 0 255
0.45 0.65 -0.00323818 0.170733 0 0 255
0.475 0.65 -0.00166868 0.172316 0 0 255
0.5 0.65 -0.000354698 0.173669 0 0 255
-0.5 0.625 -0.118593 -0.210905 0 0 255
-0.475 0.625 -0.119269 -0.209798 0 0 255
-0.45 0.625 -0.1201 -0.208465 0 0 255
-0.425 0.625 -0.12113 -0.206853 0 0 255
-0.4 0.625 -0.122413 -0.204895 0 0 255
-0.375 0.625 -0.124016 -0.202513 0 0 255
-0.35 0.625 -0.126024 -0.199615 0 0 255
-0.325 0.625 -0.128533 -0.196107 0 0 255
-0.3 0.625 -0.131638 -0.19191 0 0 255
-0.275 0.625 -0.135414 -0.186994 0 0 255
-0.25 0.625 -0.139857 -0.181436 0 0 255
-0.225 0.625 -0.144826 -0.175454 0 0 255
-0.2 0.625 -0.150005 -0.169323 0 0 255
-0.175 0.625 -0.155132 -0.162704 0 0 255
-0.15 0.625 -0.161797 -0.151058 255 0 0
-0.125 0.625 -0.153243 -0.127984 255 0 0
-0.1 0.625 -0.144726 -0.10494 255 0 0
-0.075 0.625 -0.136211 -0.0819076 255 0 0
-0.05 0.625 -0.127697 -0.0588869 255 0 0
-0.025 0.625 -0.119185 -0.035879 255 0 0
0 0.625 -0.110674 -0.0128835 255 0 0
0.025 0.625 -0.102165 0.0101004 255 0 0
0.05 0.625 -0.0936565 0.0330738 255 0 0
0.075 0.625 -0.0851485 0.0560378 255 0 0
0.1 0.625 -0.0766406 0.0789934 255 0 0
0.125 0.625 -0.0681326 0.101941 255 0 0
0.15 0.625 -0.0596085 0.124853 255 0 0
0.175 0.625 -0.0443941 0.136452 0 0 255
0.2 0.625 -0.0356421 0.142702 0 0 255
0.225 0.625 -0.0283296 0.148145 0 0 255
0.25 0.625 -0.0219047 0.153275 0 0 255
0.275 0.625 -0.0164035 0.157956 0 0 255
0.3 0.625 -0.011839 0.162052 0 0 255
0.325 0.625 -0.00813646 0.165527 0 0 255
0.35 0.625 -0.00517222 0.168418 0 0 255
0.375 0.625 -0.00281249 0.170799 0 0 255
0.4 0.625 -0.000935008 0.172751 0 0 255
0.425 0.625 0.000563007 0.174353 0 0 255
0.45 0.625 0.00176416 0.175669 0 0 255
0.475 0.625 0.00273327 0.176756 0 0 255
0.5 0.625 0.00352053 0.177659 0 0 255
-0.5 0.6 -0.116219 -0.214794 0 0 255
-0.475 0.6 -0.116503 -0.214229 0 0 255
-0.45 0.6 -0.116863 -0.213532 0 0 255
-0.425 0.6 -0.117325 -0.21266 0 0 255
-0.4 0.6 -0.117928 -0.211558 0 0 255
-0.375 0.6 -0.118728 -0.210145 0 0 255
-0.35 0.6 -0.119806 -0.208311 0 0 255
-0.325 0.6 -0.121286 -0.205901 0 0 255
-0.3 0.6 -0.123345 -0.202707 0 0 255
-0.275 0.6 -0.126241 -0.198469 0 0 255
-0.25 0.6 -0.130302 -0.192939 0 0 255
-0.225 0.6 -0.135811 -0.186128 0 0 255
-0.2 0.6 -0.142532 -0.17897 0 0 255
-0.175 0.6 -0.148467 -0.17435 255 0 0
-0.15 0.6 -0.139668 -0.150991 255 0 0
-0.125 0.6 -0.131149 -0.127931 255 0 0
-0.1 0.6 -0.122632 -0.104882 255 0 0
-0.075 0.6 -0.114117 -0.0818457 255 0 0
-0.05 0.6 -0.105603 -0.0588225 255 0 0
-0.025 0.6 -0.0970906 -0.0358127 255 0 0
0 0.6 -0.0885798 -0.0128157 255 0 0
0.025 0.6 -0.0800702 0.0101693 255 0 0
0.05 0.6 -0.0715614 0.0331435 255 0 0
0.075 0.6 -0.0630532 0.056108 255 0 0
0.1 0.6 -0.0545454 0.0790642 255 0 0
0.125 0.6 -0.0460381 0.102014 255 0 0
0.15 0.6 -0.0375321 0.124957 255 0 0
0.175 0.6 -0.0291797 0.148052 255 0 0
0.2 0.6 -0.0228862 0.151812 0 0 255
0.225 0.6 -0.0156003 0.15762 0 0 255
0.25 0.6 -0.00954926 0.16314 0 0 255
0.275 0.6 -0.00504716 0.167619 0 0 255
0.3 0.6 -0.00181213 0.17105 0 0 255
0.325 0.6 0.00050332 0.173636 0 0 255
0.35 0.6 0.00217598 0.175585 0 0 255
0.375 0.6 0.00340205 0.177069 0 0 255
0.4 0.6 0.0043156 0.178212 0 0 255
0.425 0.6 0.00500757 0.179103 0 0 255
0.45 0.6 0.00554006 0.179807 0 0 255
0.475 0.6 0.00595593 0.180371 0 0 255
0.5 0.6 0.00628522 0.180828 0 0 255
-0.5 0.575 -0.114952 -0.217319 0 0 255
-0.475 0.575 -0.114993 -0.217159 0 0 255
-0.45 0.575 -0.115044 -0.216961 0 0 255
-0.425 0.575 -0.115108 -0.216712 0 0 255
-0.4 0.575 -0.115189 -0.216395 0 0 255
-0.375 0.575 -0.115296 -0.215981 0 0 255
-0.35 0.575 -0.115438 -0.215429 0 0 255
-0.325 0.575 -0.115633 -0.214669 0 0 255
-0.3 0.575 -0.115912 -0.213585 0 0 255
-0.275 0.575 -0.116329 -0.211966 0 0 255
-0.25 0.575 -0.11699 -0.209396 0 0 255
-0.225 0.575 -0.118132 -0.204957 0 0 255
-0.2 0.575 -0.120382 -0.196212 0 0 255
-0.175 0.575 -0.126089 -0.174025 255 0 0
-0.15 0.575 -0.117573 -0.150942 255 0 0
-0.125 0.575 -0.109055 -0.127877 255 0 0
-0.1 0.575 -0.100539 -0.104824 255 0 0
-0.075 0.575 -0.0920234 -0.0817844 255 0 0
-0.05 0.575 -0.0835096 -0.0587589 255 0 0
-0.025 0.575 -0.0749972 -0.0357471 255 0 0
0 0.575 -0.066486 -0.0127484 255 0 0
0.025 0.575 -0.0579757 0.0102382 255 0 0
0.05 0.575 -0.0494661 0.0332139 255 0 0
0.075 0.575 -0.0409572 0.0561799 255 0 0
0.1 0.575 -0.0324488 0.0791375 255 0 0
0.125 0.575 -0.0239412 0.102088 255 0 0
0.15 0.575 -0.0154349 0.125033 255 0 0
0.175 0.575 -0.00692062 0.147949 255 0 0
0.2 0.575 0.000601239 0.165845 0 0 255
0.225 0.575 0.00356599 0.172898 0 0 255
0.25 0.575 0.00507092 0.176479 0 0 255
0.275 0.575 0.00594202 0.178551 0 0 255
0.3 0.575 0.0064909 0.179857 0 0 255
0.325 0.575 0.00685839 0.180731 0 0 255
0.35 0.575 0.00711601 0.181344 0 0 255
0.375 0.575 0.0073033 0.18179 0 0 255
0.4 0.575 0.00744352 0.182123 0 0 255
0.425 0.575 0.00755111 0.182379 0 0 255
0.45 0.575 0.00763537 0.18258 0 0 255
0.475 0.575 0.00770255 0.18274 0 0 255
0.5 0.575 0.00775693 0.182869 0 0 255
-0.5 0.55 -0.114674 -0.2184 0 0 255
-0.475 0.55 -0.114674 -0.2184 0 0 255
-0.45 0.55 -0.114674 -0.2184 0 0 255
-0.425 0.55 -0.114674 -0.2184 0 0 255
-0.4 0.55 -0.114674 -0.2184 0 0 255
-0.375 0.55 -0.114674 -0.2184 0 0 255
-0.35 0.55 -0.114674 -0.2184 0 0 255
-0.325 0.55 -0.114674 -0.2184 0 0 255
-0.3 0.55 -0.114674 -0.2184 0 0 255
-0.275 0.55 -0.114674 -0.2184 0 0 255
-0.25 0.55 -0.114674 -0.2184 0 0 255
-0.225 0.55 -0.114674 -0.2184 0 0 255
-0.2 0.55 -0.114674 -0.2184 255 0 0
-0.175 0.55 -0.103999 -0.17398 255 0 0
-0.15 0.55 -0.0954797 -0.150893 255 0 0
-0.125 0.55 -0.0869626 -0.127822 255 0 0
-0.1 0.55 -0.0784463 -0.104765 255 0 0
-0.075 0.55 -0.0699312 -0.0817232 255 0 0
-0.05 0.55 -0.0614172 -0.0586956 255 0 0
-0.025 0.55 -0.0529044 -0.0356818 255 0 0
0 0.55 -0.0443924 -0.0126812 255 0 0
0.025 0.55 -0.0358811 0.0103074 255 0 0
0.05 0.55 -0.0273703 0.0332852 255 0 0
0.075 0.55 -0.0188599 0.0562535 255 0 0
0.1 0.55 -0.01035 0.0792135 255 0 0
0.125 0.55 -0.00184109 0.102166 255 0 0
0.15 0.55 0.00666623 0.125113 255 0 0
0.175 0.55 0.0151686 0.148043 255 0 0
0.2 0.55 0.0081231 0.18374 255 0 0
0.225 0.55 0.0081231 0.18374 0 0 255
0.25 0.55 0.0081231 0.18374 0 0 255
0.275 0.55 0.0081231 0.18374 0 0 255
0.3 0.55 0.0081231 0.18374 0 0 255
0.325 0.55 0.0081231 0.18374 0 0 255
0.35 0.55 0.0081231 0.18374 0 0 255
0.375 0.55 0.0081231 0.18374 0 0 255
0.4 0.55 0.0081231 0.18374 0 0 255
0.425 0.55 0.0081231 0.18374 0 0 255
0.45 0.55 0.0081231 0.18374 0 0 255
0.475 0.55 0.0081231 0.18374 0 0 255
0.5 0.55 0.0081231 0.18374 0 0 255
-0.5 0.525 -0.0897983 -0.197863 0 0 255
-0.475 0.525 -0.0897983 -0.197863 0 0 255
-0.45 0.525 -0.0897983 -0.197863 0 0 255
-0.425 0.525 -0.0897983 -0.197863 0 0 255
-0.4 0.525 -0.0897983 -0.197863 0 0 255
-0.375 0.525 -0.0897983 -0.197863 0 0 255
-0.35 0.525 -0.0897983 -0.197863 0 0 255
-0.325 0.525 -0.0897983 -0.197863 0 0 255
-0.3 0.525 -0.0897983 -0.197863 0 0 255
-0.275 0.525 -0.0897983 -0.197863 0 0 255
-0.25 0.525 -0.0897983 -0.197863 0 0 255
-0.225 0.525 -0.0897983 -0.197863 0 0 255
-0.2 0.525 -0.0897983 -0.197863 255 0 0
-0.175 0.525 -0.0819035 -0.173927 255 0 0
-0.15 0.525 -0.0733877 -0.150838 255 0 0
-0.125 0.525 -0.0648712 -0.127764 255 0 0
-0.1 0.525 -0.0563551 -0.104706 255 0 0
-0.075 0.525 -0.0478399 -0.0816617 255 0 0
-0.05 0.525 -0.0393256 -0.0586323 255 0 0
-0.025 0.525 -0.0308121 -0.0356166 255 0 0
0 0.525 -0.022299 -0.0126139 255 0 0
0.025 0.525 -0.0137863 0.0103771 255 0 0
0.05 0.525 -0.00527368 0.0333577 255 0 0
0.075 0.525 0.00323892 0.0563292 255 0 0
0.1 0.525 0.0117514 0.0792927 255 0 0
0.125 0.525 0.0202633 0.102249 255 0 0
0.15 0.525 0.0287735 0.1252 255 0 0
0.175 0.525 0.0372791 0.148147 255 0 0
0.2 0.525 0.0453934 0.170618 255 0 0
0.225 0.525 0.0453934 0.170618 0 0 255
0.25 0.525 0.0453934 0.170618 0 0 255
0.275 0.525 0.0453934 0.170618 0 0 255
0.3 0.525 0.0453934 0.170618 0 0 255
0.325 0.525 0.0453934 0.170618 0 0 255
0.35 0.525 0.0453934 0.170618 0 0 255
0.375 0.525 0.0453934 0.170618 0 0 255
0.4 0.525 0.0453934 0.170618 0 0 255
0.425 0.525 0.0453934 0.170618 0 0 255
0.45 0.525 0.0453934 0.170618 0 0 255
0.475 0.525 0.0453934 0.170618 0 0 255
0.5 0.525 0.0453934 0.170618 0 0 255
-0.5 0.5 -0.0682986 -0.197083 0 0 255
-0.475 0.5 -0.0682986 -0.197083 0 0 255
-0.45 0.5 -0.0682986 -0.197083 0 0 255
-0.425 0.5 -0.0682986 -0.197083 0 0 255
-0.4 0.5 -0.0682986 -0.197083 0 0 255
-0.375 0.5 -0.0682986 -0.197083 0 0 255
-0.35 0.5 -0.0682986 -0.197083 0 0 255
-0.325 0.5 -0.0682986 -0.197083 0 0 255
-0.3 0.5 -0.0682986 -0.197083 0 0 255
-0.275 0.5 -0.0682986 -0.197083 0 0 255
-0.25 0.5 -0.0682986 -0.197083 0 0 255
-0.225 0.5 -0.0682986 -0.197083 0 0 255
-0.2 0.5 -0.0682986 -0.197083 255 0 0
-0.175 0.5 -0.0598144 -0.173865 255 0 0
-0.15 0.5 -0.0512979 -0.150777 255 0 0
-0.125 0.5 -0.0427813 -0.127704 255 0 0
-0.1 0.5 -0.0342651 -0.104644 255 0 0
-0.075 0.5 -0.0257495 -0.0815995 255 0 0
-0.05 0.5 -0.0172346 -0.0585686 255 0 0
-0.025 0.5 -0.00872005 -0.0355512 255 0 0
0 0.5 -0.000205636 -0.0125462 255 0 0
0.025 0.5 0.00830893 0.0104476 255 0 0
0.05 0.5 0.0168239 0.0334315 255 0 0
0.075 0.5 0.0253394 0.0564068 255 0 0
0.1 0.5 0.0338553 0.0793748 255 0 0
0.125 0.5 0.0423716 0.102336 255 0 0
0.15 0.5 0.0508876 0.125291 255 0 0
0.175 0.5 0.059403 0.14824 255 0 0
0.2 0.5 0.0680196 0.170653 255 0 0
0.225 0.5 0.0680196 0.170653 0 0 255
0.25 0.5 0.0680196 0.170653 0 0 255
0.275 0.5 0.0680196 0.170653 0 0 255
0.3 0.5 0.0680196 0.170653 0 0 255
0.325 0.5 0.0680196 0.170653 0 0 255
0.35 0.5 0.0680196 0.170653 0 0 255
0.375 0.5 0.0680196 0.170653 0 0 255
0.4 0.5 0.0680196 0.170653 0 0 255
0.425 0.5 0.0680196 0.170653 0 0 255
0.45 0.5 0.0680196 0.170653 0 0 255
0.475 0.5 0.0680196 0.170653 0 0 255
0.5 0.5 0.0680196 0.170653 0 0 255
-0.5 0.475 -0.0464258 -0.197861 0 0 255
-0.475 0.475 -0.0464258 -0.197861 0 0 255
-0.45 0.475 -0.0464258 -0.197861 0 0 255
-0.425 0.475 -0.0464258 -0.197861 0 0 255
-0.4 0.475 -0.0464258 -0.197861 0 0 255
-0.375 0.475 -0.0464258 -0.197861 0 0 255
-0.35 0.475 -0.0464258 -0.197861 0 0 255
-0.325 0.475 -0.0464258 -0.197861 0 0 255
-0.3 0.475 -0.0464258 -0.197861 0 0 255
-0.275 0.475 -0.0464258 -0.197861 0 0 255
-0.25 0.475 -0.0464258 -0.197861 0 0 255
-0.225 0.475 -0.0464258 -0.197861 0 0 255
-0.2 0.475 -0.0464258 -0.197861 255 0 0
-0.175 0.475 -0.0377287 -0.173802 255 0 0
-0.15 0.475 -0.0292099 -0.150714 255 0 0
-0.125 0.475 -0.0206924 -0.127641 255 0 0
-0.1 0.475 -0.0121757 -0.104582 255 0 0
-0.075 0.475 -0.00365962 -0.0815362 255 0 0
-0.05 0.475 0.00485615 -0.0585043 255 0 0
-0.025 0.475 0.0133719 -0.0354853 255 0 0
0 0.475 0.0218879 -0.012478 255 0 0
0.025 0.475 0.0304046 0.0105187 255 0 0
0.05 0.475 0.0389222 0.0335063 255 0 0
0.075 0.475 0.047441 0.0564861 255 0 0
0.1 0.475 0.055961 0.0794594 255 0 0
0.125 0.475 0.0644821 0.102427 255 0 0
0.15 0.475 0.073004 0.125388 255 0 0
0.175 0.475 0.0815266 0.148339 255 0 0
0.2 0.475 0.0903134 0.170668 255 0 0
0.225 0.475 0.0903134 0.170668 0 0 255
0.25 0.475 0.0903134 0.170668 0 0 255
0.275 0.475 0.0903134 0.170668 0 0 255
0.3 0.475 0.0903134 0.170668 0 0 255
0.325 0.475 0.0903134 0.170668 0 0 255
0.35 0.475 0.0903134 0.170668 0 0 255
0.375 0.475 0.0903134 0.170668 0 0 255
0.4 0.475 0.0903134 0.170668 0 0 255
0.425 0.475 0.0903134 0.170668 0 0 255
0.45 0.475 0.0903134 0.170668 0 0 255
0.475 0.475 0.0903134 0.170668 0 0 255
0.5 0.475 0.0903134 0.170668 0 0 255
-0.5 0.45 -0.0288191 -0.217982 0 0 255
-0.475 0.45 -0.0288191 -0.217982 0 0 255
-0.45 0.45 -0.0288191 -0.217982 0 0 255
-0.425 0.45 -0.0288191 -0.217982 0 0 255
-0.4 0.45 -0.0288191 -0.217982 0 0 255
-0.375 0.45 -0.0288191 -0.217982 0 0 255
-0.35 0.45 -0.0288191 -0.217982 0 0 255
-0.325 0.45 -0.0288191 -0.217982 0 0 255
-0.3 0.45 -0.0288191 -0.217982 0 0 255
-0.275 0.45 -0.0288191 -0.217982 0 0 255
-0.25 0.45 -0.0288191 -0.217982 0 0 255
-0.225 0.45 -0.0288191 -0.217982 0 0 255
-0.2 0.45 -0.0288191 -0.217982 255 0 0
-0.175 0.45 -0.0156408 -0.173727 255 0 0
-0.15 0.45 -0.00712177 -0.150645 255 0 0
-0.125 0.45 0.00139612 -0.127575 255 0 0
-0.1 0.45 0.00991335 -0.104517 255 0 0
-0.075 0.45 0.0184301 -0.0814715 255 0 0
-0.05 0.45 0.0269469 -0.0584391 255 0 0
-0.025 0.45 0.0354639 -0.0354186 255 0 0
0 0.45 0.0439817 -0.0124091 255 0 0
0.025 0.45 0.0525006 0.0105906 255 0 0
0.05 0.45 0.0610211 0.033582 255 0 0
0.075 0.45 0.0695433 0.0565665 255 0 0
0.1 0.45 0.0780675 0.0795456 255 0 0
0.125 0.45 0.0865937 0.10252 255 0 0
0.15 0.45 0.0951218 0.125492 255 0 0
0.175 0.45 0.103647 0.148454 255 0 0
0.2 0.45 0.114743 0.16599 255 0 0
0.225 0.45 0.114743 0.16599 0 0 255
0.25 0.45 0.114743 0.16599 0 0 255
0.275 0.45 0.114743 0.16599 0 0 255
0.3 0.45 0.114743 0.16599 0 0 255
0.325 0.45 0.114743 0.16599 0 0 255
0.35 0.45 0.114743 0.16599 0 0 255
0.375 0.45 0.114743 0.16599 0 0 255
0.4 0.45 0.114743 0.16599 0 0 255
0.425 0.45 0.114743 0.16599 0 0 255
0.45 0.45 0.114743 0.16599 0 0 255
0.475 0.45 0.114743 0.16599 0 0 255
0.5 0.45 0.114743 0.16599 0 0 255
-0.5 0.425 -0.0279607 -0.216902 0 0 255
-0.475 0.425 -0.0278332 -0.216742 0 0 255
-0.45 0.425 -0.0276757 -0.216544 0 0 255
-0.425 0.425 -0.0274782 -0.216296 0 0 255
-0.4 0.425 -0.027226 -0.215979 0 0 255
-0.375 0.425 -0.0268972 -0.215566 0 0 255
-0.35 0.425 -0.0264582 -0.215014 0 0 255
-0.325 0.425 -0.0258542 -0.214254 0 0 255
-0.3 0.425 -0.0249927 -0.213172 0 0 255
-0.275 0.425 -0.023706 -0.211554 0 0 255
-0.25 0.425 -0.0216639 -0.208987 0 0 255
-0.225 0.425 -0.0181358 -0.204552 0 0 255
-0.2 0.425 -0.0111855 -0.195815 0 0 255
-0.175 0.425 0.00644805 -0.173648 255 0 0
-0.15 0.425 0.0149671 -0.15057 255 0 0
-0.125 0.425 0.023485 -0.127505 255 0 0
-0.1 0.425 0.0320027 -0.104449 255 0 0
-0.075 0.425 0.0405201 -0.0814052 255 0 0
-0.05 0.425 0.0490378 -0.0583726 255 0 0
-0.025 0.425 0.0575562 -0.0353511 255 0 0
0 0.425 0.0660757 -0.0123397 255 0 0
0.025 0.425 0.0745969 0.0106628 255 0 0
0.05 0.425 0.0831201 0.0336579 255 0 0
0.075 0.425 0.0916457 0.056647 255 0 0
0.1 0.425 0.100174 0.0796318 255 0 0
0.125 0.425 0.108705 0.102614 255 0 0
0.15 0.425 0.11724 0.125597 255 0 0
0.175 0.425 0.125805 0.148633 255 0 0
0.2 0.425 0.120274 0.157312 0 0 255
0.225 0.425 0.118094 0.160733 0 0 255
0.25 0.425 0.116987 0.162469 0 0 255
0.275 0.425 0.116347 0.163474 0 0 255
0.3 0.425 0.115943 0.164107 0 0 255
0.325 0.425 0.115673 0.164531 0 0 255
0.35 0.425 0.115484 0.164829 0 0 255
0.375 0.425 0.115346 0.165045 0 0 255
0.4 0.425 0.115243 0.165206 0 0 255
0.425 0.425 0.115164 0.165331 0 0 255
0.45 0.425 0.115102 0.165428 0 0 255
0.475 0.425 0.115052 0.165505 0 0 255
0.5 0.425 0.115012 0.165568 0 0 255
-0.5 0.4 -0.025339 -0.214372 0 0 255
-0.475 0.4 -0.0247524 -0.213806 0 0 255
-0.45 0.4 -0.0240189 -0.213107 0 0 255
-0.425 0.4 -0.0230896 -0.212234 0 0 255
-0.4 0.4 -0.0218957 -0.211129 0 0 255
-0.375 0.4 -0.0203389 -0.209712 0 0 255
-0.35 0.4 -0.0182777 -0.207872 0 0 255
-0.325 0.4 -0.0155079 -0.205454 0 0 255
-0.3 0.4 -0.0117382 -0.202248 0 0 255
-0.275 0.4 -0.00657398 -0.197992 0 0 255
-0.25 0.4 0.000444754 -0.192436 0 0 255
-0.225 0.4 0.00959511 -0.185586 0 0 255
-0.2 0.4 0.0201369 -0.178376 0 0 255
-0.175 0.4 0.0285297 -0.173703 255 0 0
-0.15 0.4 0.0370563 -0.150494 255 0 0
-0.125 0.4 0.0455745 -0.127432 255 0 0
-0.1 0.4 0.0540926 -0.10438 255 0 0
-0.075 0.4 0.0626106 -0.0813372 255 0 0
-0.05 0.4 0.0711292 -0.058305 255 0 0
-0.025 0.4 0.0796487 -0.0352828 255 0 0
0 0.4 0.0881699 -0.0122697 255 0 0
0.025 0.4 0.0966932 0.0107352 255 0 0
0.05 0.4 0.105219 0.0337335 255 0 0
0.075 0.4 0.113747 0.0567265 255 0 0
0.1 0.4 0.122279 0.0797158 255 0 0
0.125 0.4 0.130812 0.102703 255 0 0
0.15 0.4 0.13935 0.125691 255 0 0
0.175 0.4 0.148701 0.149412 255 0 0
0.2 0.4 0.142694 0.151082 0 0 255
0.225 0.4 0.135918 0.15374 0 0 255
0.25 0.4 0.130376 0.156295 0 0 255
0.275 0.4 0.126299 0.158381 0 0 255
0.3 0.4 0.123396 0.159987 0 0 255
0.325 0.4 0.121333 0.1612 0 0 255
0.35 0.4 0.119854 0.162118 0 0 255
0.375 0.4 0.118776 0.162818 0 0 255
0.4 0.4 0.117977 0.163358 0 0 255
0.425 0.4 0.117375 0.16378 0 0 255
0.45 0.4 0.116915 0.164114 0 0 255
0.475 0.4 0.116556 0.164381 0 0 255
0.5 0.4 0.116274 0.164598 0 0 255
-0.5 0.375 -0.0208576 -0.210471 0 0 255
-0.475 0.375 -0.0195815 -0.20936 0 0 255
-0.45 0.375 -0.0180265 -0.208022 0 0 255
-0.425 0.375 -0.0161203 -0.206405 0 0 255
-0.4 0.375 -0.0137713 -0.20444 0 0 255
-0.375 0.375 -0.0108663 -0.202048 0 0 255
-0.35 0.375 -0.00726947 -0.199139 0 0 255
-0.325 0.375 -0.00282878 -0.195615 0 0 255
-0.3 0.375 0.00260474 -0.191399 0 0 255
-0.275 0.375 0.00913409 -0.18646 0 0 255
-0.25 0.375 0.0167434 -0.180874 0 0 255
-0.225 0.375 0.0252187 -0.174862 0 0 255
-0.2 0.375 0.0341939 -0.168701 0 0 255
-0.175 0.375 0.0438387 -0.162063 0 0 255
-0.15 0.375 0.0591477 -0.150422 255 0 0
-0.125 0.375 0.0676643 -0.127357 255 0 0
-0.1 0.375 0.0761831 -0.104308 255 0 0
-0.075 0.375 0.0847017 -0.0812678 255 0 0
-0.05 0.375 0.093221 -0.0582363 255 0 0
-0.025 0.375 0.101742 -0.0352138 255 0 0
0 0.375 0.110264 -0.0121995 255 0 0
0.025 0.375 0.118789 0.0108076 255 0 0
0.05 0.375 0.127317 0.0338084 255 0 0
0.075 0.375 0.135848 0.0568043 255 0 0
0.1 0.375 0.144381 0.0797966 255 0 0
0.125 0.375 0.152916 0.102786 255 0 0
0.15 0.375 0.161489 0.125809 255 0 0
0.175 0.375 0.155095 0.13761 0 0 255
0.2 0.375 0.150049 0.143092 0 0 255
0.225 0.375 0.144893 0.146977 0 0 255
0.25 0.375 0.139927 0.150165 0 0 255
0.275 0.375 0.13548 0.152846 0 0 255
0.3 0.375 0.131699 0.15508 0 0 255
0.325 0.375 0.12859 0.156916 0 0 255
0.35 0.375 0.126079 0.158411 0 0 255
0.375 0.375 0.124069 0.159624 0 0 255
0.4 0.375 0.122464 0.160608 0 0 255
0.425 0.375 0.121181 0.161407 0 0 255
0.45 0.375 0.120152 0.16206 0 0 255
0.475 0.375 0.11932 0.162597 0 0 255
0.5 0.375 0.118645 0.163041 0 0 255
-0.5 0.35 -0.0149502 -0.205612 0 0 255
-0.475 0.35 -0.0129471 -0.203965 0 0 255
-0.45 0.35 -0.0105816 -0.202041 0 0 255
-0.425 0.35 -0.00778584 -0.199795 0 0 255
-0.4 0.35 -0.00448379 -0.197176 0 0 255
-0.375 0.35 -0.000594438 -0.194134 0 0 255
-0.35 0.35 0.00396217 -0.190623 0 0 255
-0.325 0.35 0.00925481 -0.18661 0 0 255
-0.3 0.35 0.0153278 -0.182084 0 0 255
-0.275 0.35 0.0221902 -0.17706 0 0 255
-0.25 0.35 0.0298232 -0.171565 0 0 255
-0.225 0.35 0.0382453 -0.165571 0 0 255
-0.2 0.35 0.0477104 -0.15882 0 0 255
-0.175 0.35 0.0591471 -0.15046 0 0 255
-0.15 0.35 0.0744554 -0.138857 0 0 255
-0.125 0.35 0.0897631 -0.127292 255 0 0
-0.1 0.35 0.0982748 -0.104237 255 0 0
-0.075 0.35 0.106794 -0.0811976 255 0 0
-0.05 0.35 0.115313 -0.0581669 255 0 0
-0.025 0.35 0.123834 -0.0351442 255 0 0
0 0.35 0.132358 -0.012129 255 0 0
0.025 0.35 0.140885 0.0108796 255 0 0
0.05 0.35 0.149415 0.0338824 255 0 0
0.075 0.35 0.157948 0.0568803 255 0 0
0.1 0.35 0.166485 0.0798753 255 0 0
0.125 0.35 0.175064 0.102885 255 0 0
0.15 0.35 0.168276 0.114347 0 0 255
0.175 0.35 0.161686 0.125979 0 0 255
0.2 0.35 0.156352 0.133822 0 0 255
0.225 0.35 0.15153 0.139358 0 0 255
0.25 0.35 0.146985 0.143591 0 0 255
0.275 0.35 0.14274 0.147006 0 0 255
0.3 0.35 0.138872 0.149835 0 0 255
0.325 0.35 0.135433 0.152203 0 0 255
0.35 0.35 0.132437 0.154192 0 0 255
0.375 0.35 0.129865 0.155861 0 0 255
0.4 0.35 0.127681 0.157262 0 0 255
0.425 0.35 0.125836 0.158438 0 0 255
0.45 0.35 0.124284 0.159427 0 0 255
0.475 0.35 0.12298 0.16026 0 0 255
0.5 0.35 0.121882 0.160964 0 0 255
-0.5 0.325 -0.00818397 -0.200248 0 0 255
-0.475 0.325 -0.00554276 -0.198154 0 0 255
-0.45 0.325 -0.00250908 -0.195774 0 0 255
-0.425 0.325 0.000969155 -0.193073 0 0 255
-0.4 0.325 0.00494509 -0.190021 0 0 255
-0.375 0.325 0.00947024 -0.186587 0 0 255
-0.35 0.325 0.0145917 -0.182747 0 0 255
-0.325 0.325 0.0203505 -0.17848 0 0 255
-0.3 0.325 0.0267858 -0.173765 0 0 255
-0.275 0.325 0.0339503 -0.168564 0 0 255
-0.25 0.325 0.0419496 -0.162784 0 0 255
-0.225 0.325 0.0510174 -0.156218 0 0 255
-0.2 0.325 0.0616217 -0.148453 0 0 255
-0.175 0.325 0.0744671 -0.138879 0 0 255
-0.15 0.325 0.0897872 -0.127298 0 0 255
-0.125 0.325 0.105119 -0.11574 0 0 255
-0.1 0.325 0.120475 -0.104187 255 0 0
-0.075 0.325 0.128888 -0.0811266 255 0 0
-0.05 0.325 0.137406 -0.0580969 255 0 0
-0.025 0.325 0.145927 -0.0350743 255 0 0
0 0.325 0.154451 -0.0120586 255 0 0
0.025 0.325 0.162979 0.0109512 255 0 0
0.05 0.325 0.17151 0.0339561 255 0 0
0.075 0.325 0.180051 0.0569496 255 0 0
0.1 0.325 0.189254 0.0799195 255 0 0
0.125 0.325 0.182159 0.0914023 0 0 255
0.15 0.325 0.175218 0.102875 0 0 255
0.175 0.325 0.168452 0.114427 0 0 255
0.2 0.325 0.162643 0.123738 0 0 255
0.225 0.325 0.157602 0.130824 0 0 255
0.25 0.325 0.153059 0.136286 0 0 255
0.275 0.325 0.148882 0.140626 0 0 255
0.3 0.325 0.145031 0.144169 0 0 255
0.325 0.325 0.141507 0.147118 0 0 255
0.35 0.325 0.13832 0.149604 0 0 255
0.375 0.325 0.135469 0.151714 0 0 255
0.4 0.325 0.132943 0.153513 0 0 255
0.425 0.325 0.130724 0.155051 0 0 255
0.45 0.325 0.128785 0.156369 0 0 255
0.475 0.325 0.127097 0.1575 0 0 255
0.5 0.325 0.125633 0.158473 0 0 255
-0.5 0.3 -0.00102003 -0.194711 0 0 255
-0.475 0.3 0.00213425 -0.192273 0 0 255
-0.45 0.3 0.00567993 -0.189557 0 0 255
-0.425 0.3 0.00965618 -0.186539 0 0 255
-0.4 0.3 0.0141023 -0.183194 0 0 255
-0.375 0.3 0.0190578 -0.1795 0 0 255
-0.35 0.3 0.0245637 -0.17543 0 0 255
-0.325 0.3 0.0306677 -0.170951 0 0 255
-0.3 0.3 0.0374342 -0.166013 0 0 255
-0.275 0.3 0.044962 -0.160532 0 0 255
-0.25 0.3 0.0534076 -0.154372 0 0 255
-0.225 0.3 0.0630009 -0.147329 0 0 255
-0.2 0.3 0.0739957 -0.139173 0 0 255
-0.175 0.3 0.086422 -0.129854 0 0 255
-0.15 0.3 0.0994837 -0.119992 0 0 255
-0.125 0.3 0.111171 -0.111186 0 0 255
-0.1 0.3 0.120475 -0.104187 0 0 255
-0.075 0.3 0.128888 -0.0811266 0 0 255
-0.05 0.3 0.137406 -0.0580969 0 0 255
-0.025 0.3 0.145927 -0.0350743 0 0 255
0 0.3 0.154451 -0.0120586 0 0 255
0.025 0.3 0.162979 0.0109512 0 0 255
0.05 0.3 0.17151 0.0339561 0 0 255
0.075 0.3 0.180051 0.0569496 0 0 255
0.1 0.3 0.189254 0.0799195 0 0 255
0.125 0.3 0.184955 0.0868763 0 0 255
0.15 0.3 0.179633 0.0956203 0 0 255
0.175 0.3 0.173795 0.105439 0 0 255
0.2 0.3 0.168207 0.114608 0 0 255
0.225 0.3 0.163133 0.122367 0 0 255
0.25 0.3 0.158542 0.12871 0 0 255
0.275 0.3 0.154349 0.133882 0 0 255
0.3 0.3 0.15049 0.138142 0 0 255
0.325 0.3 0.146932 0.141698 0 0 255
0.35 0.3 0.143662 0.1447 0 0 255
0.375 0.3 0.140673 0.147258 0 0 255
0.4 0.3 0.137959 0.149455 0 0 255
0.425 0.3 0.135509 0.151349 0 0 255
0.45 0.3 0.133311 0.15299 0 0 255
0.475 0.3 0.131348 0.154415 0 0 255
0.5 0.3 0.129601 0.155655 0 0 255
-0.5 0.275 0.00624112 -0.189198 0 0 255
-0.475 0.275 0.00979583 -0.186499 0 0 255
-0.45 0.275 0.0137296 -0.183534 0 0 255
-0.425 0.275 0.0180749 -0.180282 0 0 255
-0.4 0.275 0.0228658 -0.176722 0 0 255
-0.375 0.275 0.02814 -0.172826 0 0 255
-0.35 0.275 0.0339419 -0.168562 0 0 255
-0.325 0.275 0.0403272 -0.163886 0 0 255
-0.3 0.275 0.0473693 -0.158736 0 0 255
-0.275 0.275 0.0551637 -0.153028 0 0 255
-0.25 0.275 0.0638211 -0.146659 0 0 255
-0.225 0.275 0.0734279 -0.139544 0 0 255
-0.2 0.275 0.0839352 -0.1317 0 0 255
-0.175 0.275 0.0949452 -0.123424 0 0 255
-0.15 0.275 0.105492 -0.115467 0 0 255
-0.125 0.275 0.114244 -0.108875 0 0 255
-0.1 0.275 0.120475 -0.104187 0 0 255
-0.075 0.275 0.128888 -0.0811266 0 0 255
-0.05 0.275 0.137406 -0.0580969 0 0 255
-0.025 0.275 0.145927 -0.0350743 0 0 255
0 0.275 0.154451 -0.0120586 0 0 255
0.025 0.275 0.162979 0.0109512 0 0 255
0.05 0.275 0.17151 0.0339561 0 0 255
0.075 0.275 0.180051 0.0569496 0 0 255
0.1 0.275 0.189254 0.0799195 0 0 255
0.125 0.275 0.186375 0.0845789 0 0 255
0.15 0.275 0.182378 0.0911256 0 0 255
0.175 0.275 0.177631 0.0990421 0 0 255
0.2 0.275 0.172678 0.107223 0 0 255
0.225 0.275 0.167887 0.114824 0 0 255
0.25 0.275 0.163403 0.121487 0 0 255
0.275 0.275 0.159247 0.127177 0 0 255
0.3 0.275 0.155397 0.131998 0 0 255
0.325 0.275 0.151828 0.136088 0 0 255
0.35 0.275 0.14852 0.139576 0 0 255
0.375 0.275 0.145461 0.142571 0 0 255
0.4 0.275 0.142642 0.145157 0 0 255
0.425 0.275 0.140055 0.147403 0 0 255
0.45 0.275 0.137691 0.149362 0 0 255
0.475 0.275 0.135539 0.151076 0 0 255
0.5 0.275 0.133588 0.152581 0 0 255
-0.5 0.25 0.0134244 -0.183809 0 0 255
-0.475 0.25 0.0172912 -0.180908 0 0 255
-0.45 0.25 0.0215226 -0.177752 0 0 255
-0.425 0.25 0.0261479 -0.17432 0 0 255
-0.4 0.25 0.0311993 -0.17059 0 0 255
-0.375 0.25 0.0367134 -0.166533 0 0 255
-0.35 0.25 0.0427333 -0.162114 0 0 255
-0.325 0.25 0.0493093 -0.157291 0 0 255
-0.3 0.25 0.0564971 -0.152013 0 0 255
-0.275 0.25 0.0643479 -0.14623 0 0 255
-0.25 0.25 0.0728819 -0.139913 0 0 255
-0.225 0.25 0.0820327 -0.133099 0 0 255
-0.2 0.25 0.0915562 -0.125965 0 0 255
-0.175 0.25 0.100931 -0.11891 0 0 255
-0.15 0.25 0.10936 -0.112554 0 0 255
-0.125 0.25 0.116022 -0.107537 0 0 255
-0.1 0.25 0.120475 -0.104187 0 0 255
-0.075 0.25 0.128888 -0.0811266 0 0 255
-0.05 0.25 0.137406 -0.0580969 0 0 255
-0.025 0.25 0.145927 -0.0350743 0 0 255
0 0.25 0.154451 -0.0120586 0 0 255
0.025 0.25 0.162979 0.0109512 0 0 255
0.05 0.25 0.17151 0.0339561 0 0 255
0.075 0.25 0.180051 0.0569496 0 0 255
0.1 0.25 0.189254 0.0799195 0 0 255
0.125 0.25 0.187197 0.0832491 0 0 255
0.15 0.25 0.184148 0.0882322 0 0 255
0.175 0.25 0.180337 0.0945529 0 0 255
0.2 0.25 0.176113 0.101542 0 0 255
0.225 0.25 0.171791 0.108519 0 0 255
0.25 0.25 0.167576 0.115035 0 0 255
0.275 0.25 0.163564 0.120884 0 0 255
0.3 0.25 0.159788 0.126023 0 0 255
0.325 0.25 0.156249 0.130497 0 0 255
0.35 0.25 0.152942 0.134382 0 0 255
0.375 0.25 0.149856 0.13776 0 0 255
0.4 0.25 0.146984 0.140705 0 0 255
0.425 0.25 0.144317 0.143283 0 0 255
0.45 0.25 0.141849 0.145547 0 0 255
0.475 0.25 0.139572 0.147542 0 0 255
0.5 0.25 0.137478 0.149305 0 0 255
-0.5 0.225 0.0204306 -0.178594 0 0 255
-0.475 0.225 0.0245404 -0.175535 0 0 255
-0.45 0.225 0.0289998 -0.17223 0 0 255
-0.425 0.225 0.0338351 -0.168658 0 0 255
-0.4 0.225 0.0390749 -0.164799 0 0 255
-0.375 0.225 0.0447509 -0.160626 0 0 255
-0.35 0.225 0.0508959 -0.156109 0 0 255
-0.325 0.225 0.0575411 -0.151221 0 0 255
-0.3 0.225 0.0647075 -0.145936 0 0 255
-0.275 0.225 0.0723884 -0.140252 0 0 255
-0.25 0.225 0.0805195 -0.134206 0 0 255
-0.225 0.225 0.0889346 -0.127919 0 0 255
-0.2 0.225 0.0973177 -0.121627 0 0 255
-0.175 0.225 0.105186 -0.115702 0 0 255
-0.15 0.225 0.111959 -0.110597 0 0 255
-0.125 0.225 0.117143 -0.106694 0 0 255
-0.1 0.225 0.120475 -0.104187 0 0 255
-0.075 0.225 0.128888 -0.0811266 0 0 255
-0.05 0.225 0.137406 -0.0580969 0 0 255
-0.025 0.225 0.145927 -0.0350743 0 0 255
0 0.225 0.154451 -0.0120586 0 0 255
0.025 0.225 0.162979 0.0109512 0 0 255
0.05 0.225 0.17151 0.0339561 0 0 255
0.075 0.225 0.180051 0.0569496 0 0 255
0.1 0.225 0.189254 0.0799195 0 0 255
0.125 0.225 0.187714 0.0824112 0 0 255
0.15 0.225 0.185339 0.0862883 0 0 255
0.175 0.225 0.182267 0.0913644 0 0 255
0.2 0.225 0.178714 0.0972396 0 0 255
0.225 0.225 0.174917 0.103426 0 0 255
0.25 0.225 0.171069 0.109512 0 0 255
0.275 0.225 0.167296 0.11523 0 0 255
0.3 0.225 0.163667 0.120446 0 0 255
0.325 0.225 0.160215 0.125124 0 0 255
0.35 0.225 0.156951 0.129279 0 0 255
0.375 0.225 0.153877 0.132953 0 0 255
0.4 0.225 0.15099 0.1362 0 0 255
0.425 0.225 0.148285 0.139071 0 0 255
0.45 0.225 0.145758 0.141614 0 0 255
0.475 0.225 0.143402 0.143872 0 0 255
0.5 0.225 0.141212 0.145881 0 0 255
-0.5 0.2 0.0272002 -0.173579 0 0 255
-0.475 0.2 0.0314954 -0.170397 0 0 255
-0.45 0.2 0.0361224 -0.166979 0 0 255
-0.425 0.2 0.0411031 -0.163307 0 0 255
-0.4 0.2 0.0464597 -0.159363 0 0 255
-0.375 0.2 0.0522132 -0.155129 0 0 255
-0.35 0.2 0.0583798 -0.150586 0 0 255
-0.325 0.2 0.0649649 -0.145726 0 0 255
-0.3 0.2 0.0719512 -0.140555 0 0 255
-0.275 0.2 0.0792818 -0.13511 0 0 255
-0.25 0.2 0.0868365 -0.129476 0 0 255
-0.225 0.2 0.0944067 -0.123807 0 0 255
-0.2 0.2 0.101682 -0.11834 0 0 255
-0.175 0.2 0.108271 -0.113378 0 0 255
-0.15 0.2 0.113774 -0.109231 0 0 255
-0.125 0.2 0.117893 -0.106129 0 0 255
-0.1 0.2 0.120475 -0.104187 0 0 255
-0.075 0.2 0.128888 -0.0811266 0 0 255
-0.05 0.2 0.137406 -0.0580969 0 0 255
-0.025 0.2 0.145927 -0.0350743 0 0 255
0 0.2 0.154451 -0.0120586 0 0 255
0.025 0.2 0.162979 0.0109512 0 0 255
0.05 0.2 0.17151 0.0339561 0 0 255
0.075 0.2 0.180051 0.0569496 0 0 255
0.1 0.2 0.189254 0.0799195 0 0 255
0.125 0.2 0.188061 0.0818502 0 0 255
0.15 0.2 0.186171 0.0849312 0 0 255
0.175 0.2 0.18367 0.0890534 0 0 255
0.2 0.2 0.180689 0.0939778 0 0 255
0.225 0.2 0.177395 0.0993702 0 0 255
0.25 0.2 0.173947 0.104899 0 0 255
0.275 0.2 0.170469 0.110301 0 0 255
0.3 0.2 0.167048 0.115404 0 0 255
0.325 0.2 0.163735 0.120116 0 0 255
0.35 0.2 0.16056 0.124405 0 0 255
0.375 0.2 0.157536 0.128273 0 0 255
0.4 0.2 0.154669 0.131744 0 0 255
0.425 0.2 0.15196 0.134853 0 0 255
0.45 0.2 0.149408 0.137636 0 0 255
0.475 0.2 0.147008 0.140127 0 0 255
0.5 0.2 0.144758 0.142361 0 0 255
-0.5 0.175 0.0336933 -0.168781 0 0 255
-0.475 0.175 0.0381214 -0.165509 0 0 255
-0.45 0.175 0.0428592 -0.162014 0 0 255
-0.425 0.175 0.047922 -0.158282 0 0 255
-0.4 0.175 0.0533226 -0.154303 0 0 255
-0.375 0.175 0.0590682 -0.150066 0 0 255
-0.35 0.175 0.0651561 -0.14557 0 0 255
-0.325 0.175 0.0715656 -0.140826 0 0 255
-0.3 0.175 0.0782479 -0.135865 0 0 255
-0.275 0.175 0.0851125 -0.130752 0 0 255
-0.25 0.175 0.0920129 -0.125593 0 0 255
-0.225 0.175 0.0987383 -0.12055 0 0 255
-0.2 0.175 0.105019 -0.115827 0 0 255
-0.175 0.175 0.110556 -0.111656 0 0 255
-0.15 0.175 0.115082 -0.108245 0 0 255
-0.125 0.175 0.118419 -0.105734 0 0 255
-0.1 0.175 0.120475 -0.104187 0 0 255
-0.075 0.175 0.128888 -0.0811266 0 0 255
-0.05 0.175 0.137406 -0.0580969 0 0 255
-0.025 0.175 0.145927 -0.0350743 0 0 255
0 0.175 0.154451 -0.0120586 0 0 255
0.025 0.175 0.162979 0.0109512 0 0 255
0.05 0.175 0.17151 0.0339561 0 0 255
0.075 0.175 0.180051 0.0569496 0 0 255
0.1 0.175 0.189254 0.0799195 0 0 255
0.125 0.175 0.188304 0.0814569 0 0 255
0.15 0.175 0.186772 0.0839523 0 0 255
0.175 0.175 0.184711 0.0873418 0 0 255
0.2 0.175 0.182201 0.0914827 0 0 255
0.225 0.175 0.179356 0.0961507 0 0 255
0.25 0.175 0.176299 0.101094 0 0 255
0.275 0.175 0.173139 0.106084 0 0 255
0.3 0.175 0.169962 0.110945 0 0 255
0.325 0.175 0.166829 0.115559 0 0 255
0.35 0.175 0.163782 0.119859 0 0 255
0.375 0.175 0.160844 0.123816 0 0 255
0.4 0.175 0.15803 0.127429 0 0 255
0.425 0.175 0.155347 0.13071 0 0 255
0.45 0.175 0.152799 0.133682 0 0 255
0.475 0.175 0.150385 0.136369 0 0 255
0.5 0.175 0.148103 0.138798 0 0 255
-0.5 0.15 0.0398803 -0.164214 0 0 255
-0.475 0.15 0.0443917 -0.160884 0 0 255
-0.45 0.15 0.0491855 -0.157348 0 0 255
-0.425 0.15 0.0542687 -0.153599 0 0 255
-0.4 0.15 0.0596434 -0.149632 0 0 255
-0.375 0.15 0.0653025 -0.145451 0 0 255
-0.35 0.15 0.0712252 -0.141066 0 0 255
-0.325 0.15 0.0773701 -0.136506 0 0 255
-0.3 0.15 0.0836668 -0.13182 0 0 255
-0.275 0.15 0.090008 -0.127086 0 0 255
-0.25 0.15 0.0962433 -0.122417 0 0 255
-0.225 0.15 0.102181 -0.117959 0 0 255
-0.2 0.15 0.107601 -0.113882 0 0 255
-0.175 0.15 0.112285 -0.110354 0 0 255
-0.15 0.15 0.116053 -0.107515 0 0 255
-0.125 0.15 0.118801 -0.105446 0 0 255
-0.1 0.15 0.120475 -0.104187 0 0 255
-0.075 0.15 0.128888 -0.0811266 0 0 255
-0.05 0.15 0.137406 -0.0580969 0 0 255
-0.025 0.15 0.145927 -0.0350743 0 0 255
0 0.15 0.154451 -0.0120586 0 0 255
0.025 0.15 0.162979 0.0109512 0 0 255
0.05 0.15 0.17151 0.0339561 0 0 255
0.075 0.15 0.180051 0.0569496 0 0 255
0.1 0.15 0.189254 0.0799195 0 0 255
0.125 0.15 0.188481 0.081171 0 0 255
0.15 0.15 0.187218 0.083226 0 0 255
0.175 0.15 0.185499 0.0860478 0 0 255
0.2 0.15 0.183373 0.0895511 0 0 255
0.225 0.15 0.180917 0.0935871 0 0 255
0.25 0.15 0.17822 0.0979707 0 0 255
0.275 0.15 0.175374 0.102516 0 0 255
0.3 0.15 0.172456 0.107061 0 0 255
0.325 0.15 0.169528 0.111483 0 0 255
0.35 0.15 0.166637 0.115697 0 0 255
0.375 0.15 0.163815 0.119652 0 0 255
0.4 0.15 0.161082 0.123326 0 0 255
0.425 0.15 0.158453 0.126712 0 0 255
0.45 0.15 0.155934 0.129817 0 0 255
0.475 0.15 0.15353 0.132656 0 0 255
0.5 0.15 0.151241 0.135246 0 0 255
-0.5 0.125 0.0457393 -0.159889 0 0 255
-0.475 0.125 0.0502871 -0.156533 0 0 255
-0.45 0.125 0.0550848 -0.152991 0 0 255
-0.425 0.125 0.0601312 -0.149265 0 0 255
-0.4 0.125 0.0654174 -0.145357 0 0 255
-0.375 0.125 0.0709236 -0.14128 0 0 255
-0.35 0.125 0.0766146 -0.137058 0 0 255
-0.325 0.125 0.0824347 -0.132729 0 0 255
-0.3 0.125 0.0883023 -0.128354 0 0 255
-0.275 0.125 0.0941062 -0.124014 0 0 255
-0.25 0.125 0.0997056 -0.119816 0 0 255
-0.225 0.125 0.104936 -0.115886 0 0 255
-0.2 0.125 0.109626 -0.112356 0 0 255
-0.175 0.125 0.113617 -0.10935 0 0 255
-0.15 0.125 0.116791 -0.106959 0 0 255
-0.125 0.125 0.119087 -0.105231 0 0 255
-0.1 0.125 0.120475 -0.104187 0 0 255
-0.075 0.125 0.128888 -0.0811266 0 0 255
-0.05 0.125 0.137406 -0.0580969 0 0 255
-0.025 0.125 0.145927 -0.0350743 0 0 255
0 0.125 0.154451 -0.0120586 0 0 255
0.025 0.125 0.162979 0.0109512 0 0 255
0.05 0.125 0.17151 0.0339561 0 0 255
0.075 0.125 0.180051 0.0569496 0 0 255
0.1 0.125 0.189254 0.0799195 0 0 255
0.125 0.125 0.188613 0.0809569 0 0 255
0.15 0.125 0.187557 0.0826743 0 0 255
0.175 0.125 0.186107 0.0850507 0 0 255
0.2 0.125 0.184293 0.0880362 0 0 255
0.225 0.125 0.182166 0.0915327 0 0 255
0.25 0.125 0.179792 0.0954066 0 0 255
0.275 0.125 0.177241 0.0995114 0 0 255
0.3 0.125 0.174581 0.103709 0 0 255
0.325 0.125 0.171869 0.107881 0 0 255
0.35 0.125 0.169152 0.111939 0 0 255
0.375 0.125 0.166467 0.11582 0 0 255
0.4 0.125 0.163839 0.119484 0 0 255
0.425 0.125 0.161285 0.122911 0 0 255
0.45 0.125 0.158818 0.126095 0 0 255
0.475 0.125 0.156445 0.129039 0 0 255
0.5 0.125 0.154171 0.131751 0 0 255
-0.5 0.1 0.0512553 -0.155816 0 0 255
-0.475 0.1 0.0557957 -0.152463 0 0 255
-0.45 0.1 0.0605503 -0.14895 0 0 255
-0.425 0.1 0.0655095 -0.145282 0 0 255
-0.4 0.1 0.0706551 -0.141472 0 0 255
-0.375 0.1 0.0759572 -0.137538 0 0 255
-0.35 0.1 0.0813708 -0.133514 0 0 255
-0.325 0.1 0.0868321 -0.129445 0 0 255
-0.3 0.1 0.0922564 -0.125393 0 0 255
-0.275 0.1 0.0975374 -0.121439 0 0 255
-0.25 0.1 0.10255 -0.117677 0 0 255
-0.225 0.1 0.10716 -0.114212 0 0 255
-0.2 0.1 0.111234 -0.111145 0 0 255
-0.175 0.1 0.114661 -0.108564 0 0 255
-0.15 0.1 0.117363 -0.106529 0 0 255
-0.125 0.1 0.119307 -0.105066 0 0 255
-0.1 0.1 0.120475 -0.104187 0 0 255
-0.075 0.1 0.128888 -0.0811266 0 0 255
-0.05 0.1 0.137406 -0.0580969 0 0 255
-0.025 0.1 0.145927 -0.0350743 0 0 255
0 0.1 0.154451 -0.0120586 0 0 255
0.025 0.1 0.162979 0.0109512 0 0 255
0.05 0.1 0.17151 0.0339561 0 0 255
0.075 0.1 0.180051 0.0569496 0 0 255
0.1 0.1 0.189254 0.0799195 0 0 255
0.125 0.1 0.188714 0.0807927 0 0 255
0.15 0.1 0.187821 0.0822463 0 0 255
0.175 0.1 0.186585 0.0842691 0 0 255
0.2 0.1 0.185025 0.0868328 0 0 255
0.225 0.1 0.183176 0.0898732 0 0 255
0.25 0.1 0.181083 0.0932949 0 0 255
0.275 0.1 0.178802 0.0969854 0 0 255
0.3 0.1 0.176388 0.10083 0 0 255
0.325 0.1 0.173892 0.104724 0 0 255
0.35 0.1 0.171359 0.108581 0 0 255
0.375 0.1 0.168824 0.112332 0 0 255
0.4 0.1 0.166316 0.11593 0 0 255
0.425 0.1 0.163856 0.119343 0 0 255
0.45 0.1 0.161459 0.122555 0 0 255
0.475 0.1 0.159136 0.125559 0 0 255
0.5 0.1 0.156895 0.128355 0 0 255
-0.5 0.075 0.0564204 -0.151998 0 0 255
-0.475 0.075 0.0609142 -0.148676 0 0 255
-0.45 0.075 0.0655845 -0.145221 0 0 255
-0.425 0.075 0.0704149 -0.141643 0 0 255
-0.4 0.075 0.0753797 -0.137961 0 0 255
-0.375 0.075 0.0804418 -0.134199 0 0 255
-0.35 0.075 0.0855507 -0.130395 0 0 255
-0.325 0.075 0.0906399 -0.126597 0 0 255
-0.3 0.075 0.0956275 -0.122866 0 0 255
-0.275 0.075 0.100417 -0.119277 0 0 255
-0.25 0.075 0.104901 -0.11591 0 0 255
-0.225 0.075 0.108971 -0.112848 0 0 255
-0.2 0.075 0.112528 -0.110171 0 0 255
-0.175 0.075 0.115492 -0.107938 0 0 255
-0.15 0.075 0.117815 -0.106188 0 0 255
-0.125 0.075 0.119479 -0.104936 0 0 255
-0.1 0.075 0.120475 -0.104187 0 0 255
-0.075 0.075 0.128888 -0.0811266 0 0 255
-0.05 0.075 0.137406 -0.0580969 0 0 255
-0.025 0.075 0.145927 -0.0350743 0 0 255
0 0.075 0.154451 -0.0120586 0 0 255
0.025 0.075 0.162979 0.0109512 0 0 255
0.05 0.075 0.17151 0.0339561 0 0 255
0.075 0.075 0.180051 0.0569496 0 0 255
0.1 0.075 0.189254 0.0799195 0 0 255
0.125 0.075 0.188794 0.0806641 0 0 255
0.15 0.075 0.188028 0.0819084 0 0 255
0.175 0.075 0.186965 0.083647 0 0 255
0.2 0.075 0.185615 0.085865 0 0 255
0.225 0.075 0.183999 0.0885209 0 0 255
0.25 0.075 0.182151 0.0915474 0 0 255
0.275 0.075 0.180112 0.094859 0 0 255
0.3 0.075 0.177926 0.0983633 0 0 255
0.325 0.075 0.175639 0.10197 0 0 255
0.35 0.075 0.173289 0.1056 0 0 255
0.375 0.075 0.170911 0.109185 0 0 255
0.4 0.075 0.168534 0.112673 0 0 255
0.425 0.075 0.166181 0.116028 0 0 255
0.45 0.075 0.163869 0.119224 0 0 255
0.475 0.075 0.161611 0.122246 0 0 255
0.5 0.075 0.159417 0.125088 0 0 255
-0.5 0.05 0.0612333 -0.148436 0 0 255
-0.475 0.05 0.0656466 -0.14517 0 0 255
-0.45 0.05 0.0701989 -0.141798 0 0 255
-0.425 0.05 0.074868 -0.138335 0 0 255
-0.4 0.05 0.0796232 -0.134802 0 0 255
-0.375 0.05 0.0844232 -0.13123 0 0 255
-0.35 0.05 0.0892153 -0.127656 0 0 255
-0.325 0.05 0.0939346 -0.12413 0 0 255
-0.3 0.05 0.0985048 -0.120708 0 0 255
-0.275 0.05 0.102841 -0.117455 0 0 255
-0.25 0.05 0.106854 -0.11444 0 0 255
-0.225 0.05 0.110459 -0.111728 0 0 255
-0.2 0.05 0.11358 -0.109378 0 0 255
-0.175 0.05 0.116163 -0.107433 0 0 255
-0.15 0.05 0.118178 -0.105916 0 0 255
-0.125 0.05 0.119616 -0.104833 0 0 255
-0.1 0.05 0.120475 -0.104187 0 0 255
-0.075 0.05 0.128888 -0.0811266 0 0 255
-0.05 0.05 0.137406 -0.0580969 0 0 255
-0.025 0.05 0.145927 -0.0350743 0 0 255
0 0.05 0.154451 -0.0120586 0 0 255
0.025 0.05 0.162979 0.0109512 0 0 255
0.05 0.05 0.17151 0.0339561 0 0 255
0.075 0.05 0.180051 0.0569496 0 0 255
0.1 0.05 0.189254 0.0799195 0 0 255
0.125 0.05 0.188857 0.0805615 0 0 255
0.15 0.05 0.188195 0.0816374 0 0 255
0.175 0.05 0.187273 0.083145 0 0 255
0.2 0.05 0.186095 0.0850777 0 0 255
0.225 0.05 0.184675 0.0874094 0 0 255
0.25 0.05 0.183038 0.0900929 0 0 255
0.275 0.05 0.181214 0.0930641 0 0 255
0.3 0.05 0.179238 0.0962496 0 0 255
0.325 0.05 0.177146 0.0995739 0 0 255
0.35 0.05 0.174975 0.102966 0 0 255
0.375 0.05 0.172755 0.106363 0 0 255
0.4 0.05 0.170515 0.109712 0 0 255
0.425 0.05 0.168277 0.112974 0 0 255
0.45 0.05 0.16606 0.116117 0 0 255
0.475 0.05 0.163879 0.119123 0 0 255
0.5 0.05 0.161744 0.121976 0 0 255
-0.5 0.025 0.0656987 -0.145128 0 0 255
-0.475 0.025 0.0700038 -0.141939 0 0 255
-0.45 0.025 0.0744115 -0.138669 0 0 255
-0.425 0.025 0.0788959 -0.135339 0 0 255
-0.4 0.025 0.083423 -0.13197 0 0 255
-0.375 0.025 0.0879501 -0.128596 0 0 255
-0.35 0.025 0.092425 -0.125255 0 0 255
-0.325 0.025 0.0967866 -0.121993 0 0 255
-0.3 0.025 0.100966 -0.11886 0 0 255
-0.275 0.025 0.104891 -0.115914 0 0 255
-0.25 0.025 0.108489 -0.11321 0 0 255
-0.225 0.025 0.111692 -0.1108 0 0 255
-0.2 0.025 0.114445 -0.108727 0 0 255
-0.175 0.025 0.116711 -0.10702 0 0 255
-0.15 0.025 0.118472 -0.105694 0 0 255
-0.125 0.025 0.119727 -0.104749 0 0 255
-0.1 0.025 0.120475 -0.104187 0 0 255
-0.075 0.025 0.128888 -0.0811266 0 0 255
-0.05 0.025 0.137406 -0.0580969 0 0 255
-0.025 0.025 0.145927 -0.0350743 0 0 255
0 0.025 0.154451 -0.0120586 0 0 255
0.025 0.025 0.162979 0.0109512 0 0 255
0.05 0.025 0.17151 0.0339561 0 0 255
0.075 0.025 0.180051 0.0569496 0 0 255
0.1 0.025 0.189254 0.0799195 0 0 255
0.125 0.025 0.188909 0.0804785 0 0 255
0.15 0.025 0.188331 0.081417 0 0 255
0.175 0.025 0.187524 0.0827347 0 0 255
0.2 0.025 0.18649 0.0844303 0 0 255
0.225 0.025 0.185237 0.0864879 0 0 255
0.25 0.025 0.183781 0.0888748 0 0 255
0.275 0.025 0.182146 0.0915433 0 0 255
0.3 0.025 0.180358 0.0944357 0 0 255
0.325 0.025 0.178449 0.0974899 0 0 255
0.35 0.025 0.176448 0.100644 0 0 255
0.375 0.025 0.174383 0.103842 0 0 255
0.4 0.025 0.17228 0.107034 0 0 255
0.425 0.025 0.170162 0.110177 0 0 255
0.45 0.025 0.168047 0.11324 0 0 255
0.475 0.025 0.165951 0.116198 0 0 255
0.5 0.025 0.163886 0.119034 0 0 255
-0.5 0 0.0698267 -0.142066 0 0 255
-0.475 0 0.0740015 -0.13897 0 0 255
-0.45 0 0.0782451 -0.135818 0 0 255
-0.425 0 0.0825294 -0.132632 0 0 255
-0.4 0 0.0868189 -0.129437 0 0 255
-0.375 0 0.0910712 -0.126264 0 0 255
-0.35 0 0.0952365 -0.12315 0 0 255
-0.325 0 0.099259 -0.120138 0 0 255
-0.3 0 0.103079 -0.117274 0 0 255
-0.275 0 0.106634 -0.114604 0 0 255
-0.25 0 0.109866 -0.112174 0 0 255
-0.225 0 0.112722 -0.110024 0 0 255
-0.2 0 0.115164 -0.108185 0 0 255
-0.175 0 0.117164 -0.106679 0 0 255
-0.15 0 0.118715 -0.105511 0 0 255
-0.125 0 0.119818 -0.104681 0 0 255
-0.1 0 0.120475 -0.104187 0 0 255
-0.075 0 0.128888 -0.0811266 0 0 255
-0.05 0 0.137406 -0.0580969 0 0 255
-0.025 0 0.145927 -0.0350743 0 0 255
0 0 0.154451 -0.0120586 0 0 255
0.025 0 0.162979 0.0109512 0 0 255
0.05 0 0.17151 0.0339561 0 0 255
0.075 0 0.180051 0.0569496 0 0 255
0.1 0 0.189254 0.0799195 0 0 255
0.125 0 0.188951 0.0804104 0 0 255
0.15 0 0.188443 0.0812355 0 0 255
0.175 0 0.187732 0.0823957 0 0 255
0.2 0 0.186818 0.0838927 0 0 255
0.225 0 0.185706 0.0857176 0 0 255
0.25 0 0.184407 0.0878481 0 0 255
0.275 0 0.182938 0.0902489 0 0 255
0.3 0 0.18132 0.0928753 0 0 255
0.325 0 0.179577 0.0956766 0 0 255
0.35 0 0.177735 0.0986007 0 0 255
0.375 0 0.175819 0.101597 0 0 255
0.4 0 0.173851 0.10462 0 0 255
0.425 0 0.171854 0.107628 0 0 255
0.45 0 0.169845 0.11059 0 0 255
0.475 0 0.16784 0.113478 0 0 255
0.5 0 0.165852 0.116272 0 0 255
