-0.5 1 -0.183516 -0.16844 0 0 255
-0.475 1 -0.185424 -0.165292 0 0 255
-0.45 1 -0.187342 -0.162058 0 0 255
-0.425 1 -0.189255 -0.158761 0 0 255
-0.4 1 -0.191149 -0.15543 0 0 255
-0.375 1 -0.193007 -0.152099 0 0 255
-0.35 1 -0.194808 -0.14881 0 0 255
-0.325 1 -0.196532 -0.145613 0 0 255
-0.3 1 -0.198156 -0.14256 0 0 255
-0.275 1 -0.199657 -0.139704 0 0 255
-0.25 1 -0.201014 -0.137099 0 0 255
-0.225 1 -0.202208 -0.134792 0 0 255
-0.2 1 -0.203226 -0.132817 0 0 255
-0.175 1 -0.204059 -0.1312 0 0 255
-0.15 1 -0.204705 -0.129947 0 0 255
-0.125 1 -0.205164 -0.129057 0 0 255
-0.1 1 -0.205437 -0.128529 0 0 255
-0.075 1 -0.194853 -0.102611 0 0 255
-0.05 1 -0.184381 -0.0770178 0 0 255
-0.025 1 -0.173911 -0.0514452 0 0 255
0 1 -0.163441 -0.0258853 0 0 255
0.025 1 -0.152973 -0.000338296 0 0 255
0.05 1 -0.142506 0.0251968 0 0 255
0.075 1 -0.132049 0.0507224 0 0 255
0.1 1 -0.1216 0.0762205 0 0 255
0.125 1 -0.12088 0.076778 0 0 255
0.15 1 -0.119669 0.0777152 0 0 255
0.175 1 -0.117966 0.0790326 0 0 255
0.2 1 -0.11577 0.080732 0 0 255
0.225 1 -0.11309 0.0828034 0 0 255
0.25 1 -0.109956 0.085222 0 0 255
0.275 1 -0.106412 0.087949 0 0 255
0.3 1 -0.102518 0.0909351 0 0 255
0.325 1 -0.0983401 0.0941249 0 0 255
0.35 1 -0.0939468 0.097461 0 0 255
0.375 1 -0.0894058 0.100888 0 0 255
0.4 1 -0.0847798 0.104356 0 0 255
0.425 1 -0.080124 0.107819 0 0 255
0.45 1 -0.0754858 0.111243 0 0 255
0.475 1 -0.070904 0.114596 0 0 255
0.5 1 -0.0664096 0.117855 0 0 255
-0.5 0.975 -0.181629 -0.171554 0 0 255
-0.475 0.975 -0.183618 -0.168338 0 0 255
-0.45 0.975 -0.18563 -0.165008 0 0 255
-0.425 0.975 -0.18765 -0.161583 0 0 255
-0.4 0.975 -0.189665 -0.15809 0 0 255
-0.375 0.975 -0.191657 -0.154562 0 0 255
-0.35 0.975 -0.193603 -0.151045 0 0 255
-0.325 0.975 -0.195481 -0.14759 0 0 255
-0.3 0.975 -0.197264 -0.144256 0 0 255
-0.275 0.975 -0.198925 -0.141109 0 0 255
-0.25 0.975 -0.200438 -0.138211 0 0 255
-0.225 0.975 -0.201778 -0.135625 0 0 255
-0.2 0.975 -0.202927 -0.133398 0 0 255
-0.175 0.975 -0.20387 -0.131566 0 0 255
-0.15 0.975 -0.204603 -0.130143 0 0 255
-0.125 0.975 -0.205126 -0.129131 0 0 255
-0.1 0.975 -0.205437 -0.128529 0 0 255
-0.075 0.975 -0.194853 -0.102611 0 0 255
-0.05 0.975 -0.184381 -0.0770178 0 0 255
-0.025 0.975 -0.173911 -0.0514452 0 0 255
0 0.975 -0.163441 -0.0258853 0 0 255
0.025 0.975 -0.152973 -0.000338296 0 0 255
0.05 0.975 -0.142506 0.0251968 0 0 255
0.075 0.975 -0.132049 0.0507224 0 0 255
0.1 0.975 -0.1216 0.0762205 0 0 255
0.125 0.975 -0.12078 0.0768553 0 0 255
0.15 0.975 -0.119402 0.0779213 0 0 255
0.175 0.975 -0.117469 0.0794176 0 0 255
0.2 0.975 -0.114981 0.0813423 0 0 255
0.225 0.975 -0.111959 0.0836777 0 0 255
0.25 0.975 -0.108445 0.0863875 0 0 255
0.275 0.975 -0.104502 0.0894192 0 0 255
0.3 0.975 -0.100205 0.0927092 0 0 255
0.325 0.975 -0.0956355 0.0961896 0 0 255
0.35 0.975 -0.0908761 0.0997927 0 0 255
0.375 0.975 -0.0860033 0.103456 0 0 255
0.4 0.975 -0.0810854 0.107125 0 0 255
0.425 0.975 -0.0761802 0.110754 0 0 255
0.45 0.975 -0.0713353 0.114306 0 0 255
0.475 0.975 -0.0665878 0.117754 0 0 255
0.5 0.975 -0.0619656 0.121079 0 0 255
-0.5 0.95 -0.179566 -0.17489 0 0 255
-0.475 0.95 -0.18163 -0.17163 0 0 255
-0.45 0.95 -0.183731 -0.168226 0 0 255
-0.425 0.95 -0.185857 -0.164691 0 0 255
-0.4 0.95 -0.187994 -0.16105 0 0 255
-0.375 0.95 -0.190123 -0.157335 0 0 255
-0.35 0.95 -0.192222 -0.153588 0 0 255
-0.325 0.95 -0.194265 -0.149864 0 0 255
-0.3 0.95 -0.196222 -0.14623 0 0 255
-0.275 0.95 -0.198063 -0.14276 0 0 255
-0.25 0.95 -0.199754 -0.139531 0 0 255
-0.225 0.95 -0.201264 -0.136622 0 0 255
-0.2 0.95 -0.202566 -0.134098 0 0 255
-0.175 0.95 -0.203642 -0.132009 0 0 255
-0.15 0.95 -0.204481 -0.13038 0 0 255
-0.125 0.95 -0.20508 -0.12922 0 0 255
-0.1 0.95 -0.205437 -0.128529 0 0 255
-0.075 0.95 -0.194853 -0.102611 0 0 255
-0.05 0.95 -0.184381 -0.0770178 0 0 255
-0.025 0.95 -0.173911 -0.0514452 0 0 255
0 0.95 -0.163441 -0.0258853 0 0 255
0.025 0.95 -0.152973 -0.000338296 0 0 255
0.05 0.95 -0.142506 0.0251968 0 0 255
0.075 0.95 -0.132049 0.0507224 0 0 255
0.1 0.95 -0.1216 0.0762205 0 0 255
0.125 0.95 -0.120658 0.0769496 0 0 255
0.15 0.95 -0.119079 0.0781716 0 0 255
0.175 0.95 -0.116867 0.0798834 0 0 255
0.2 0.95 -0.114031 0.0820772 0 0 255
0.225 0.95 -0.110606 0.0847237 0 0 255
0.25 0.95 -0.106652 0.0877705 0 0 255
0.275 0.95 -0.102255 0.091147 0 0 255
0.3 0.95 -0.0975099 0.0947725 0 0 255
0.325 0.95 -0.0925178 0.0985643 0 0 255
0.35 0.95 -0.0873737 0.102444 0 0 255
0.375 0.95 -0.0821628 0.106343 0 0 255
0.4 0.95 -0.0769574 0.110204 0 0 255
0.425 0.95 -0.0718161 0.113982 0 0 255
0.45 0.95 -0.0667841 0.117643 0 0 255
0.475 0.95 -0.0618947 0.121163 0 0 255
0.5 0.95 -0.0571712 0.124527 0 0 255
-0.5 0.925 -0.177314 -0.178444 0 0 255
-0.475 0.925 -0.179446 -0.175169 0 0 255
-0.45 0.925 -0.18163 -0.171718 0 0 255
-0.425 0.925 -0.183857 -0.168101 0 0 255
-0.4 0.925 -0.186112 -0.164335 0 0 255
-0.375 0.925 -0.188379 -0.160448 0 0 255
-0.35 0.925 -0.190635 -0.156479 0 0 255
-0.325 0.925 -0.192853 -0.152484 0 0 255
-0.3 0.925 -0.195001 -0.148533 0 0 255
-0.275 0.925 -0.197042 -0.14471 0 0 255
-0.25 0.925 -0.198936 -0.141108 0 0 255
-0.225 0.925 -0.200643 -0.137825 0 0 255
-0.2 0.925 -0.202128 -0.134949 0 0 255
-0.175 0.925 -0.203363 -0.132551 0 0 255
-0.15 0.925 -0.20433 -0.130673 0 0 255
-0.125 0.925 -0.205023 -0.12933 0 0 255
-0.1 0.925 -0.205437 -0.128529 0 0 255
-0.075 0.925 -0.194853 -0.102611 0 0 255
-0.05 0.925 -0.184381 -0.0770178 0 0 255
-0.025 0.925 -0.173911 -0.0514452 0 0 255
0 0.925 -0.163441 -0.0258853 0 0 255
0.025 0.925 -0.152973 -0.000338296 0 0 255
0.05 0.925 -0.142506 0.0251968 0 0 255
0.075 0.925 -0.132049 0.0507224 0 0 255
0.1 0.925 -0.1216 0.0762205 0 0 255
0.125 0.925 -0.120507 0.0770661 0 0 255
0.15 0.925 -0.118681 0.0784795 0 0 255
0.175 0.925 -0.11613 0.0804535 0 0 255
0.2 0.925 -0.112876 0.0829708 0 0 255
0.225 0.925 -0.108973 0.0859852 0 0 255
0.25 0.925 -0.104509 0.0894219 0 0 255
0.275 0.925 -0.0995982 0.0931868 0 0 255
0.3 0.925 -0.0943615 0.0971783 0 0 255
0.325 0.925 -0.088919 0.101298 0 0 255
0.35 0.925 -0.0833791 0.105457 0 0 255
0.375 0.925 -0.0778334 0.109583 0 0 255
0.4 0.925 -0.0723556 0.113618 0 0 255
0.425 0.925 -0.0670014 0.11752 0 0 255
0.45 0.925 -0.061811 0.12126 0 0 255
0.475 0.925 -0.0568117 0.124822 0 0 255
0.5 0.925 -0.0520201 0.128196 0 0 255
-0.5 0.9 -0.174864 -0.182209 0 0 255
-0.475 0.9 -0.177052 -0.178951 0 0 255
-0.45 0.9 -0.17931 -0.175488 0 0 255
-0.425 0.9 -0.181628 -0.171822 0 0 255
-0.4 0.9 -0.183996 -0.167963 0 0 255
-0.375 0.9 -0.186398 -0.163931 0 0 255
-0.35 0.9 -0.188813 -0.15976 0 0 255
-0.325 0.9 -0.191213 -0.155501 0 0 255
-0.3 0.9 -0.193565 -0.151224 0 0 255
-0.275 0.9 -0.195826 -0.147022 0 0 255
-0.25 0.9 -0.19795 -0.143004 0 0 255
-0.225 0.9 -0.199887 -0.139289 0 0 255
-0.2 0.9 -0.20159 -0.135996 0 0 255
-0.175 0.9 -0.203017 -0.133223 0 0 255
-0.15 0.9 -0.204142 -0.131037 0 0 255
-0.125 0.9 -0.204951 -0.129469 0 0 255
-0.1 0.9 -0.205437 -0.128529 0 0 255
-0.075 0.9 -0.194853 -0.102611 0 0 255
-0.05 0.9 -0.184381 -0.0770178 0 0 255
-0.025 0.9 -0.173911 -0.0514452 0 0 255
0 0.9 -0.163441 -0.0258853 0 0 255
0.025 0.9 -0.152973 -0.000338296 0 0 255
0.05 0.9 -0.142506 0.0251968 0 0 255
0.075 0.9 -0.132049 0.0507224 0 0 255
0.1 0.9 -0.1216 0.0762205 0 0 255
0.125 0.9 -0.120319 0.0772122 0 0 255
0.15 0.9 -0.118185 0.0788633 0 0 255
0.175 0.9 -0.115218 0.0811598 0 0 255
0.2 0.9 -0.111456 0.0840693 0 0 255
0.225 0.9 -0.106985 0.0875199 0 0 255
0.25 0.9 -0.101932 0.0914062 0 0 255
0.275 0.9 -0.0964448 0.0956041 0 0 255
0.3 0.9 -0.0906754 0.0999879 0 0 255
0.325 0.9 -0.0847638 0.104443 0 0 255
0.35 0.9 -0.0788291 0.108873 0 0 255
0.375 0.9 -0.0729654 0.113204 0 0 255
0.4 0.9 -0.0672431 0.117384 0 0 255
0.425 0.9 -0.0617112 0.121375 0 0 255
0.45 0.9 -0.0564016 0.125159 0 0 255
0.475 0.9 -0.0513326 0.128726 0 0 255
0.5 0.9 -0.0465128 0.132075 0 0 255
-0.5 0.875 -0.172206 -0.186168 0 0 255
-0.475 0.875 -0.174437 -0.182963 0 0 255
-0.45 0.875 -0.176754 -0.179527 0 0 255
-0.425 0.875 -0.179153 -0.175855 0 0 255
-0.4 0.875 -0.181624 -0.171947 0 0 255
-0.375 0.875 -0.184153 -0.16781 0 0 255
-0.35 0.875 -0.186723 -0.16347 0 0 255
-0.325 0.875 -0.189307 -0.158967 0 0 255
-0.3 0.875 -0.191872 -0.15437 0 0 255
-0.275 0.875 -0.194372 -0.149773 0 0 255
-0.25 0.875 -0.196754 -0.145297 0 0 255
-0.225 0.875 -0.198958 -0.141087 0 0 255
-0.2 0.875 -0.20092 -0.137297 0 0 255
-0.175 0.875 -0.202582 -0.134067 0 0 255
-0.15 0.875 -0.203903 -0.131499 0 0 255
-0.125 0.875 -0.20486 -0.129646 0 0 255
-0.1 0.875 -0.205437 -0.128529 0 0 255
-0.075 0.875 -0.194853 -0.102611 0 0 255
-0.05 0.875 -0.184381 -0.0770178 0 0 255
-0.025 0.875 -0.173911 -0.0514452 0 0 255
0 0.875 -0.163441 -0.0258853 0 0 255
0.025 0.875 -0.152973 -0.000338296 0 0 255
0.05 0.875 -0.142506 0.0251968 0 0 255
0.075 0.875 -0.132049 0.0507224 0 0 255
0.1 0.875 -0.1216 0.0762205 0 0 255
0.125 0.875 -0.120078 0.0773987 0 0 255
0.15 0.875 -0.117557 0.0793493 0 0 255
0.175 0.875 -0.114071 0.0820471 0 0 255
0.2 0.875 -0.10969 0.085435 0 0 255
0.225 0.875 -0.104545 0.0894034 0 0 255
0.25 0.875 -0.0988135 0.0938046 0 0 255
0.275 0.875 -0.0926889 0.0984775 0 0 255
0.3 0.875 -0.0863556 0.10327 0 0 255
0.325 0.875 -0.0799715 0.108054 0 0 255
0.35 0.875 -0.0736606 0.112731 0 0 255
0.375 0.875 -0.0675132 0.117232 0 0 255
0.4 0.875 -0.0615903 0.121512 0 0 255
0.425 0.875 -0.0559293 0.125547 0 0 255
0.45 0.875 -0.0505499 0.129329 0 0 255
0.475 0.875 -0.0454596 0.132859 0 0 255
0.5 0.875 -0.0406573 0.136143 0 0 255
-0.5 0.85 -0.169332 -0.190297 0 0 255
-0.475 0.85 -0.171589 -0.187184 0 0 255
-0.45 0.85 -0.17395 -0.18382 0 0 255
-0.425 0.85 -0.176413 -0.180191 0 0 255
-0.4 0.85 -0.178971 -0.176284 0 0 255
-0.375 0.85 -0.181615 -0.172097 0 0 255
-0.35 0.85 -0.18433 -0.167639 0 0 255
-0.325 0.85 -0.187094 -0.162935 0 0 255
-0.3 0.85 -0.189875 -0.158042 0 0 255
-0.275 0.85 -0.192628 -0.153049 0 0 255
-0.25 0.85 -0.195296 -0.148083 0 0 255
-0.225 0.85 -0.197805 -0.143314 0 0 255
-0.2 0.85 -0.200076 -0.138937 0 0 255
-0.175 0.85 -0.202028 -0.135144 0 0 255
-0.15 0.85 -0.203596 -0.132094 0 0 255
-0.125 0.85 -0.20474 -0.129876 0 0 255
-0.1 0.85 -0.205437 -0.128529 0 0 255
-0.075 0.85 -0.194853 -0.102611 0 0 255
-0.05 0.85 -0.184381 -0.0770178 0 0 255
-0.025 0.85 -0.173911 -0.0514452 0 0 255
0 0.85 -0.163441 -0.0258853 0 0 255
0.025 0.85 -0.152973 -0.000338296 0 0 255
0.05 0.85 -0.142506 0.0251968 0 0 255
0.075 0.85 -0.132049 0.0507224 0 0 255
0.1 0.85 -0.1216 0.0762205 0 0 255
0.125 0.85 -0.119763 0.0776418 0 0 255
0.15 0.85 -0.116747 0.0799761 0 0 255
0.175 0.85 -0.112609 0.0831791 0 0 255
0.2 0.85 -0.107467 0.0871541 0 0 255
0.225 0.85 -0.101522 0.0917351 0 0 255
0.25 0.85 -0.0950197 0.0967178 0 0 255
0.275 0.85 -0.0882063 0.101898 0 0 255
0.3 0.85 -0.0812973 0.107098 0 0 255
0.325 0.85 -0.074461 0.112184 0 0 255
0.35 0.85 -0.0678167 0.117062 0 0 255
0.375 0.85 -0.0614414 0.121677 0 0 255
0.4 0.85 -0.0553793 0.126 0 0 255
0.425 0.85 -0.0496511 0.130023 0 0 255
0.45 0.85 -0.0442613 0.13375 0 0 255
0.475 0.85 -0.0392048 0.137195 0 0 255
0.5 0.85 -0.0344703 0.140375 0 0 255
-0.5 0.825 -0.166237 -0.194566 0 0 255
-0.475 0.825 -0.1685 -0.191584 0 0 255
-0.45 0.825 -0.170885 -0.188337 0 0 255
-0.425 0.825 -0.173392 -0.184803 0 0 255
-0.4 0.825 -0.176018 -0.180961 0 0 255
-0.375 0.825 -0.178757 -0.176791 0 0 255
-0.35 0.825 -0.1816 -0.172284 0 0 255
-0.325 0.825 -0.18453 -0.167446 0 0 255
-0.3 0.825 -0.187522 -0.16231 0 0 255
-0.275 0.825 -0.190534 -0.156947 0 0 255
-0.25 0.825 -0.193508 -0.151481 0 0 255
-0.225 0.825 -0.196363 -0.146095 0 0 255
-0.2 0.825 -0.199 -0.141027 0 0 255
-0.175 0.825 -0.201309 -0.136543 0 0 255
-0.15 0.825 -0.203192 -0.132878 0 0 255
-0.125 0.825 -0.204581 -0.130184 0 0 255
-0.1 0.825 -0.205437 -0.128529 0 0 255
-0.075 0.825 -0.194853 -0.102611 0 0 255
-0.05 0.825 -0.184381 -0.0770178 0 0 255
-0.025 0.825 -0.173911 -0.0514452 0 0 255
0 0.825 -0.163441 -0.0258853 0 0 255
0.025 0.825 -0.152973 -0.000338296 0 0 255
0.05 0.825 -0.142506 0.0251968 0 0 255
0.075 0.825 -0.132049 0.0507224 0 0 255
0.1 0.825 -0.1216 0.0762205 0 0 255
0.125 0.825 -0.119344 0.0779665 0 0 255
0.15 0.825 -0.115681 0.0808009 0 0 255
0.175 0.825 -0.110711 0.084648 0 0 255
0.2 0.825 -0.104632 0.0893457 0 0 255
0.225 0.825 -0.0977462 0.0946449 0 0 255
0.25 0.825 -0.0903868 0.100268 0 0 255
0.275 0.825 -0.0828569 0.105964 0 0 255
0.3 0.825 -0.0753933 0.111542 0 0 255
0.325 0.825 -0.0681591 0.116872 0 0 255
0.35 0.825 -0.0612542 0.121881 0 0 255
0.375 0.825 -0.0547308 0.126534 0 0 255
0.4 0.825 -0.0486084 0.130828 0 0 255
0.425 0.825 -0.0428867 0.134773 0 0 255
0.45 0.825 -0.0375535 0.13839 0 0 255
0.475 0.825 -0.0325907 0.141702 0 0 255
0.5 0.825 -0.0279774 0.144734 0 0 255
-0.5 0.8 -0.162919 -0.19894 0 0 255
-0.475 0.8 -0.165164 -0.196124 0 0 255
-0.45 0.8 -0.167549 -0.193039 0 0 255
-0.425 0.8 -0.170077 -0.189656 0 0 255
-0.4 0.8 -0.172746 -0.185942 0 0 255
-0.375 0.8 -0.175556 -0.181865 0 0 255
-0.35 0.8 -0.178502 -0.177398 0 0 255
-0.325 0.8 -0.181576 -0.172519 0 0 255
-0.3 0.8 -0.184759 -0.167229 0 0 255
-0.275 0.8 -0.188021 -0.161566 0 0 255
-0.25 0.8 -0.19131 -0.155626 0 0 255
-0.225 0.8 -0.194544 -0.149589 0 0 255
-0.2 0.8 -0.197608 -0.143729 0 0 255
-0.175 0.8 -0.200358 -0.138394 0 0 255
-0.15 0.8 -0.202647 -0.133935 0 0 255
-0.125 0.8 -0.204362 -0.130608 0 0 255
-0.1 0.8 -0.205437 -0.128529 0 0 255
-0.075 0.8 -0.194853 -0.102611 0 0 255
-0.05 0.8 -0.184381 -0.0770178 0 0 255
-0.025 0.8 -0.173911 -0.0514452 0 0 255
0 0.8 -0.163441 -0.0258853 0 0 255
0.025 0.8 -0.152973 -0.000338296 0 0 255
0.05 0.8 -0.142506 0.0251968 0 0 255
0.075 0.8 -0.132049 0.0507224 0 0 255
0.1 0.8 -0.1216 0.0762205 0 0 255
0.125 0.8 -0.118767 0.0784132 0 0 255
0.15 0.8 -0.114244 0.0819129 0 0 255
0.175 0.8 -0.108201 0.0865906 0 0 255
0.2 0.8 -0.10097 0.0921764 0 0 255
0.225 0.8 -0.0929969 0.0982997 0 0 255
0.25 0.8 -0.0847223 0.104596 0 0 255
0.275 0.8 -0.0764944 0.110778 0 0 255
0.3 0.8 -0.068547 0.116659 0 0 255
0.325 0.8 -0.0610133 0.122137 0 0 255
0.35 0.8 -0.0539543 0.127176 0 0 255
0.375 0.8 -0.0473852 0.131775 0 0 255
0.4 0.8 -0.0412957 0.135957 0 0 255
0.425 0.8 -0.0356624 0.139754 0 0 255
0.45 0.8 -0.030457 0.143202 0 0 255
0.475 0.8 -0.02565 0.146334 0 0 255
0.5 0.8 -0.0212129 0.149182 0 0 255
-0.5 0.775 -0.159381 -0.203377 0 0 255
-0.475 0.775 -0.161579 -0.200762 0 0 255
-0.45 0.775 -0.163935 -0.197878 0 0 255
-0.425 0.775 -0.166455 -0.194695 0 0 255
-0.4 0.775 -0.169139 -0.191173 0 0 255
-0.375 0.775 -0.171991 -0.187272 0 0 255
-0.35 0.775 -0.175009 -0.182943 0 0 255
-0.325 0.775 -0.178193 -0.17814 0 0 255
-0.3 0.775 -0.181535 -0.172825 0 0 255
-0.275 0.775 -0.18502 -0.166986 0 0 255
-0.25 0.775 -0.188611 -0.160664 0 0 255
-0.225 0.775 -0.19224 -0.153997 0 0 255
-0.2 0.775 -0.195787 -0.147263 0 0 255
-0.175 0.775 -0.199075 -0.140893 0 0 255
-0.15 0.775 -0.201891 -0.135401 0 0 255
-0.125 0.775 -0.204049 -0.131212 0 0 255
-0.1 0.775 -0.205437 -0.128529 0 0 255
-0.075 0.775 -0.194853 -0.102611 0 0 255
-0.05 0.775 -0.184381 -0.0770178 0 0 255
-0.025 0.775 -0.173911 -0.0514452 0 0 255
0 0.775 -0.163441 -0.0258853 0 0 255
0.025 0.775 -0.152973 -0.000338296 0 0 255
0.05 0.775 -0.142506 0.0251968 0 0 255
0.075 0.775 -0.132049 0.0507224 0 0 255
0.1 0.775 -0.1216 0.0762205 0 0 255
0.125 0.775 -0.117943 0.0790503 0 0 255
0.15 0.775 -0.112252 0.0834543 0 0 255
0.175 0.775 -0.104814 0.089213 0 0 255
0.2 0.775 -0.0961798 0.0958763 0 0 255
0.225 0.775 -0.0870002 0.102905 0 0 255
0.25 0.775 -0.0778175 0.109849 0 0 255
0.275 0.775 -0.0689868 0.116419 0 0 255
0.3 0.775 -0.0606938 0.122469 0 0 255
0.325 0.775 -0.0530078 0.127959 0 0 255
0.35 0.775 -0.0459317 0.132902 0 0 255
0.375 0.775 -0.039436 0.13734 0 0 255
0.4 0.775 -0.0334795 0.141325 0 0 255
0.425 0.775 -0.0280189 0.144906 0 0 255
0.45 0.775 -0.0230131 0.148132 0 0 255
0.475 0.775 -0.0184246 0.151041 0 0 255
0.5 0.775 -0.0142195 0.153671 0 0 255
-0.5 0.75 -0.155634 -0.207836 0 0 255
-0.475 0.75 -0.157748 -0.205449 0 0 255
-0.45 0.75 -0.16004 -0.202801 0 0 255
-0.425 0.75 -0.162516 -0.199861 0 0 255
-0.4 0.75 -0.165183 -0.196587 0 0 255
-0.375 0.75 -0.168043 -0.192933 0 0 255
-0.35 0.75 -0.171099 -0.188842 0 0 255
-0.325 0.75 -0.174354 -0.184245 0 0 255
-0.3 0.75 -0.177811 -0.179068 0 0 255
-0.275 0.75 -0.181469 -0.173238 0 0 255
-0.25 0.75 -0.185318 -0.166715 0 0 255
-0.225 0.75 -0.18932 -0.159541 0 0 255
-0.2 0.75 -0.193379 -0.151928 0 0 255
-0.175 0.75 -0.197306 -0.144344 0 0 255
-0.15 0.75 -0.200809 -0.137501 0 0 255
-0.125 0.75 -0.203583 -0.132114 0 0 255
-0.1 0.75 -0.205437 -0.128529 0 0 255
-0.075 0.75 -0.194853 -0.102611 0 0 255
-0.05 0.75 -0.184381 -0.0770178 0 0 255
-0.025 0.75 -0.173911 -0.0514452 0 0 255
0 0.75 -0.163441 -0.0258853 0 0 255
0.025 0.75 -0.152973 -0.000338296 0 0 255
0.05 0.75 -0.142506 0.0251968 0 0 255
0.075 0.75 -0.132049 0.0507224 0 0 255
0.1 0.75 -0.1216 0.0762205 0 0 255
0.125 0.75 -0.116713 0.080002 0 0 255
0.15 0.75 -0.109398 0.0856625 0 0 255
0.175 0.75 -0.100141 0.0928303 0 0 255
0.2 0.75 -0.0898577 0.100755 0 0 255
0.225 0.75 -0.0794426 0.108692 0 0 255
0.25 0.75 -0.0694831 0.116152 0 0 255
0.275 0.75 -0.0602545 0.122915 0 0 255
0.3 0.75 -0.0518292 0.128937 0 0 255
0.325 0.75 -0.0441792 0.134264 0 0 255
0.35 0.75 -0.0372398 0.138973 0 0 255
0.375 0.75 -0.0309399 0.143145 0 0 255
0.4 0.75 -0.0252146 0.146854 0 0 255
0.425 0.75 -0.020008 0.150161 0 0 255
0.45 0.75 -0.0152721 0.153119 0 0 255
0.475 0.75 -0.0109653 0.155771 0 0 255
0.5 0.75 -0.00705096 0.158153 0 0 255
-0.5 0.725 -0.151708 -0.21227 0 0 255
-0.475 0.725 -0.153688 -0.210138 0 0 255
-0.45 0.725 -0.155867 -0.207756 0 0 255
-0.425 0.725 -0.158255 -0.205092 0 0 255
-0.4 0.725 -0.160861 -0.202109 0 0 255
-0.375 0.725 -0.16369 -0.19876 0 0 255
-0.35 0.725 -0.166747 -0.194988 0 0 255
-0.325 0.725 -0.170034 -0.190715 0 0 255
-0.3 0.725 -0.173558 -0.185846 0 0 255
-0.275 0.725 -0.177326 -0.180258 0 0 255
-0.25 0.725 -0.181355 -0.173818 0 0 255
-0.225 0.725 -0.185652 -0.166419 0 0 255
-0.2 0.725 -0.190187 -0.158093 0 0 255
-0.175 0.725 -0.194817 -0.149203 0 0 255
-0.15 0.725 -0.199199 -0.140629 0 0 255
-0.125 0.725 -0.202842 -0.133546 0 0 255
-0.1 0.725 -0.205437 -0.128529 0 0 255
-0.075 0.725 -0.194853 -0.102611 0 0 255
-0.05 0.725 -0.184381 -0.0770178 0 0 255
-0.025 0.725 -0.173911 -0.0514452 0 0 255
0 0.725 -0.163441 -0.0258853 0 0 255
0.025 0.725 -0.152973 -0.000338296 0 0 255
0.05 0.725 -0.142506 0.0251968 0 0 255
0.075 0.725 -0.132049 0.0507224 0 0 255
0.1 0.725 -0.1216 0.0762205 0 0 255
0.125 0.725 -0.114762 0.0815123 0 0 255
0.15 0.725 -0.105151 0.0889492 0 0 255
0.175 0.725 -0.093567 0.097921 0 0 255
0.2 0.725 -0.0814983 0.107198 0 0 255
0.225 0.725 -0.0700322 0.115863 0 0 255
0.25 0.725 -0.0596216 0.123539 0 0 255
0.275 0.725 -0.0503227 0.130193 0 0 255
0.3 0.725 -0.0420333 0.135939 0 0 255
0.325 0.725 -0.0346196 0.140921 0 0 255
0.35 0.725 -0.0279625 0.145269 0 0 255
0.375 0.725 -0.0219677 0.149087 0 0 255
0.4 0.725 -0.016562 0.152458 0 0 255
0.425 0.725 -0.0116867 0.155447 0 0 255
0.45 0.725 -0.0072927 0.158103 0 0 255
0.475 0.725 -0.00333669 0.160469 0 0 255
0.5 0.725 0.000220717 0.162578 0 0 255
-0.5 0.7 -0.147664 -0.216625 0 0 255
-0.475 0.7 -0.149444 -0.214777 0 0 255
-0.45 0.7 -0.151442 -0.212691 0 0 255
-0.425 0.7 -0.153676 -0.210334 0 0 255
-0.4 0.7 -0.156159 -0.207673 0 0 255
-0.375 0.7 -0.158905 -0.204667 0 0 255
-0.35 0.7 -0.161918 -0.201263 0 0 255
-0.325 0.7 -0.165202 -0.197394 0 0 255
-0.3 0.7 -0.168754 -0.192968 0 0 255
-0.275 0.7 -0.172579 -0.187847 0 0 255
-0.25 0.7 -0.176697 -0.181838 0 0 255
-0.225 0.7 -0.181151 -0.174681 0 0 255
-0.2 0.7 -0.186008 -0.166119 0 0 255
-0.175 0.7 -0.191276 -0.156133 0 0 255
-0.15 0.7 -0.196698 -0.145491 0 0 255
-0.125 0.7 -0.201562 -0.13602 0 0 255
-0.1 0.7 -0.205437 -0.128529 0 0 255
-0.075 0.7 -0.194853 -0.102611 0 0 255
-0.05 0.7 -0.184381 -0.0770178 0 0 255
-0.025 0.7 -0.173911 -0.0514452 0 0 255
0 0.7 -0.163441 -0.0258853 0 0 255
0.025 0.7 -0.152973 -0.000338296 0 0 255
0.05 0.7 -0.142506 0.0251968 0 0 255
0.075 0.7 -0.132049 0.0507224 0 0 255
0.1 0.7 -0.1216 0.0762205 0 0 255
0.125 0.7 -0.11139 0.0841215 0 0 255
0.15 0.7 -0.0985521 0.094055 0 0 255
0.175 0.7 -0.0842061 0.105171 0 0 255
0.2 0.7 -0.070603 0.115573 0 0 255
0.225 0.7 -0.0586537 0.124462 0 0 255
0.25 0.7 -0.0483369 0.131858 0 0 255
0.275 0.7 -0.039365 0.138035 0 0 255
0.3 0.7 -0.0314674 0.143264 0 0 255
0.325 0.7 -0.0244503 0.147755 0 0 255
0.35 0.7 -0.018185 0.151654 0 0 255
0.375 0.7 -0.0125836 0.155064 0 0 255
0.4 0.7 -0.00758012 0.15806 0 0 255
0.425 0.7 -0.00311972 0.160698 0 0 255
0.45 0.7 0.000847375 0.163024 0 0 255
0.475 0.7 0.00436814 0.165076 0 0 255
0.5 0.7 0.00748737 0.166887 0 0 255
-0.5 0.675 -0.14362 -0.220822 0 0 255
-0.475 0.675 -0.145118 -0.219295 0 0 255
-0.45 0.675 -0.146843 -0.217543 0 0 255
-0.425 0.675 -0.148823 -0.215533 0 0 255
-0.4 0.675 -0.151086 -0.21323 0 0 255
-0.375 0.675 -0.153658 -0.210594 0 0 255
-0.35 0.675 -0.156555 -0.207582 0 0 255
-0.325 0.675 -0.159785 -0.204144 0 0 255
-0.3 0.675 -0.163343 -0.200211 0 0 255
-0.275 0.675 -0.167211 -0.195683 0 0 255
-0.25 0.675 -0.171376 -0.190385 0 0 255
-0.225 0.675 -0.175858 -0.184014 0 0 255
-0.2 0.675 -0.180761 -0.176063 0 0 255
-0.175 0.675 -0.186314 -0.165873 0 0 255
-0.15 0.675 -0.192662 -0.153348 0 0 255
-0.125 0.675 -0.199041 -0.140894 0 0 255
-0.1 0.675 -0.205437 -0.128529 255 0 0
-0.075 0.675 -0.194853 -0.102611 255 0 0
-0.05 0.675 -0.184381 -0.0770178 255 0 0
-0.025 0.675 -0.173911 -0.0514452 255 0 0
0 0.675 -0.163441 -0.0258853 255 0 0
0.025 0.675 -0.152973 -0.000338296 255 0 0
0.05 0.675 -0.142506 0.0251968 255 0 0
0.075 0.675 -0.132049 0.0507224 255 0 0
0.1 0.675 -0.1216 0.0762205 255 0 0
0.125 0.675 -0.104747 0.0892618 0 0 255
0.15 0.675 -0.0879016 0.102296 0 0 255
0.175 0.675 -0.0710759 0.115345 0 0 255
0.2 0.675 -0.057057 0.12593 0 0 255
0.225 0.675 -0.04563 0.134151 0 0 255
0.25 0.675 -0.0360146 0.140693 0 0 255
0.275 0.675 -0.0276673 0.146088 0 0 255
0.3 0.675 -0.0202957 0.150661 0 0 255
0.325 0.675 -0.0137511 0.154602 0 0 255
0.35 0.675 -0.00794962 0.158023 0 0 255
0.375 0.675 -0.00282967 0.161003 0 0 255
0.4 0.675 0.00166585 0.163597 0 0 255
0.425 0.675 0.00559518 0.165853 0 0 255
0.45 0.675 0.00901753 0.167815 0 0 255
0.475 0.675 0.0119912 0.169519 0 0 255
0.5 0.675 0.0145717 0.170999 0 0 255
-0.5 0.65 -0.139783 -0.224733 0 0 255
-0.475 0.65 -0.140909 -0.223571 0 0 255
-0.45 0.65 -0.142248 -0.222207 0 0 255
-0.425 0.65 -0.143839 -0.220605 0 0 255
-0.4 0.65 -0.145728 -0.218722 0 0 255
-0.375 0.65 -0.147964 -0.216513 0 0 255
-0.35 0.65 -0.150593 -0.213929 0 0 255
-0.325 0.65 -0.153651 -0.210924 0 0 255
-0.3 0.65 -0.157156 -0.207453 0 0 255
-0.275 0.65 -0.161087 -0.203471 0 0 255
-0.25 0.65 -0.165383 -0.198905 0 0 255
-0.225 0.65 -0.169952 -0.193591 0 0 255
-0.2 0.65 -0.174749 -0.187098 0 0 255
-0.175 0.65 -0.179965 -0.178397 0 0 255
-0.15 0.65 -0.186284 -0.165802 0 0 255
-0.125 0.65 -0.192645 -0.15326 255 0 0
-0.1 0.65 -0.182134 -0.127638 255 0 0
-0.075 0.65 -0.171658 -0.102035 255 0 0
-0.05 0.65 -0.161184 -0.0764454 255 0 0
-0.025 0.65 -0.150713 -0.0508706 255 0 0
0 0.65 -0.140243 -0.0253095 255 0 0
0.025 0.65 -0.129775 0.000238206 255 0 0
0.05 0.65 -0.119306 0.0257734 255 0 0
0.075 0.65 -0.108838 0.0512971 255 0 0
0.1 0.65 -0.0983686 0.0768095 255 0 0
0.125 0.65 -0.0878932 0.102303 255 0 0
0.15 0.65 -0.0710565 0.115331 0 0 255
0.175 0.65 -0.0542502 0.128395 0 0 255
0.2 0.65 -0.0418748 0.137393 0 0 255
0.225 0.65 -0.031867 0.144052 0 0 255
0.25 0.65 -0.023156 0.149441 0 0 255
0.275 0.65 -0.0153955 0.154019 0 0 255
0.3 0.65 -0.00850652 0.157975 0 0 255
0.325 0.65 -0.00246706 0.161396 0 0 255
0.35 0.65 0.00275861 0.164339 0 0 255
0.375 0.65 0.00723211 0.166857 0 0 255
0.4 0.65 0.011033 0.169001 0 0 255
0.425 0.65 0.0142476 0.170822 0 0 255
0.45 0.65 0.0169604 0.172367 0 0 255
0.475 0.65 0.0192491 0.173678 0 0 255
0.5 0.65 0.0211823 0.174793 0 0 255
-0.5 0.625 -0.136461 -0.228159 0 0 255
-0.475 0.625 -0.137156 -0.227395 0 0 255
-0.45 0.625 -0.138011 -0.226474 0 0 255
-0.425 0.625 -0.13907 -0.225358 0 0 255
-0.4 0.625 -0.140389 -0.223998 0 0 255
-0.375 0.625 -0.142037 -0.222337 0 0 255
-0.35 0.625 -0.144101 -0.220306 0 0 255
-0.325 0.625 -0.146678 -0.21783 0 0 255
-0.3 0.625 -0.149867 -0.214838 0 0 255
-0.275 0.625 -0.153739 -0.21128 0 0 255
-0.25 0.625 -0.158287 -0.207158 0 0 255
-0.225 0.625 -0.163352 -0.202527 0 0 255
-0.2 0.625 -0.168584 -0.197382 0 0 255
-0.175 0.625 -0.173646 -0.190992 0 0 255
-0.15 0.625 -0.179923 -0.178344 255 0 0
-0.125 0.625 -0.169413 -0.152694 255 0 0
-0.1 0.625 -0.158936 -0.127074 255 0 0
-0.075 0.625 -0.148461 -0.101467 255 0 0
-0.05 0.625 -0.137987 -0.0758743 255 0 0
-0.025 0.625 -0.127516 -0.0502969 255 0 0
0 0.625 -0.117045 -0.0247341 255 0 0
0.025 0.625 -0.106576 0.00081458 255 0 0
0.05 0.625 -0.096108 0.0263502 255 0 0
0.075 0.625 -0.0856397 0.051874 255 0 0
0.1 0.625 -0.0751712 0.0773868 255 0 0
0.125 0.625 -0.0647021 0.10289 255 0 0
0.15 0.625 -0.0542197 0.128358 255 0 0
0.175 0.625 -0.037444 0.141459 0 0 255
0.2 0.625 -0.0272488 0.148029 0 0 255
0.225 0.625 -0.0180935 0.153217 0 0 255
0.25 0.625 -0.00962751 0.157809 0 0 255
0.275 0.625 -0.00212144 0.16185 0 0 255
0.3 0.625 0.00426603 0.16531 0 0 255
0.325 0.625 0.00954974 0.168203 0 0 255
0.35 0.625 0.0138481 0.170586 0 0 255
0.375 0.625 0.0173166 0.172533 0 0 255
0.4 0.625 0.0201093 0.174122 0 0 255
0.425 0.625 0.0223612 0.175418 0 0 255
0.45 0.625 0.0241844 0.176481 0 0 255
0.475 0.625 0.0256683 0.177355 0 0 255
0.5 0.625 0.0268838 0.178079 0 0 255
-0.5 0.6 -0.134021 -0.230841 0 0 255
-0.475 0.6 -0.134313 -0.230457 0 0 255
-0.45 0.6 -0.134682 -0.229984 0 0 255
-0.425 0.6 -0.135158 -0.229392 0 0 255
-0.4 0.6 -0.135778 -0.228644 0 0 255
-0.375 0.6 -0.136602 -0.227686 0 0 255
-0.35 0.6 -0.137713 -0.226444 0 0 255
-0.325 0.6 -0.139238 -0.224812 0 0 255
-0.3 0.6 -0.141362 -0.222652 0 0 255
-0.275 0.6 -0.144351 -0.21979 0 0 255
-0.25 0.6 -0.148546 -0.216063 0 0 255
-0.225 0.6 -0.154245 -0.211484 0 0 255
-0.2 0.6 -0.161206 -0.206694 0 0 255
-0.175 0.6 -0.167369 -0.20364 255 0 0
-0.15 0.6 -0.156695 -0.177775 255 0 0
-0.125 0.6 -0.146216 -0.152137 255 0 0
-0.1 0.6 -0.135739 -0.126511 255 0 0
-0.075 0.6 -0.125263 -0.1009 255 0 0
-0.05 0.6 -0.11479 -0.0753043 255 0 0
-0.025 0.6 -0.104318 -0.0497242 255 0 0
0 0.6 -0.0938479 -0.0241594 255 0 0
0.025 0.6 -0.0833785 0.00139089 255 0 0
0.05 0.6 -0.0729097 0.0269277 255 0 0
0.075 0.6 -0.0624412 0.0524524 255 0 0
0.1 0.6 -0.0519728 0.0779662 255 0 0
0.125 0.6 -0.0415046 0.103471 255 0 0
0.15 0.6 -0.0310377 0.128969 255 0 0
0.175 0.6 -0.0206683 0.154559 255 0 0
0.2 0.6 -0.0123896 0.157604 0 0 255
0.225 0.6 -0.00215635 0.162248 0 0 255
0.25 0.6 0.00665326 0.16664 0 0 255
0.275 0.6 0.0133734 0.170193 0 0 255
0.3 0.6 0.0182973 0.172909 0 0 255
0.325 0.6 0.0218793 0.174953 0 0 255
0.35 0.6 0.0245035 0.176493 0 0 255
0.375 0.6 0.0264514 0.177663 0 0 255
0.4 0.6 0.0279192 0.178564 0 0 255
0.425 0.6 0.0290427 0.179266 0 0 255
0.45 0.6 0.0299155 0.17982 0 0 255
0.475 0.6 0.0306032 0.180264 0 0 255
0.5 0.6 0.0311523 0.180623 0 0 255
-0.5 0.575 -0.132719 -0.232557 0 0 255
-0.475 0.575 -0.13276 -0.232447 0 0 255
-0.45 0.575 -0.132812 -0.232312 0 0 255
-0.425 0.575 -0.132877 -0.232141 0 0 255
-0.4 0.575 -0.132959 -0.231924 0 0 255
-0.375 0.575 -0.133067 -0.23164 0 0 255
-0.35 0.575 -0.13321 -0.231262 0 0 255
-0.325 0.575 -0.133408 -0.230741 0 0 255
-0.3 0.575 -0.133689 -0.229998 0 0 255
-0.275 0.575 -0.13411 -0.228888 0 0 255
-0.25 0.575 -0.134778 -0.227127 0 0 255
-0.225 0.575 -0.135932 -0.224085 0 0 255
-0.2 0.575 -0.138206 -0.218091 0 0 255
-0.175 0.575 -0.143974 -0.202884 255 0 0
-0.15 0.575 -0.133497 -0.177224 255 0 0
-0.125 0.575 -0.123019 -0.15158 255 0 0
-0.1 0.575 -0.112542 -0.12595 255 0 0
-0.075 0.575 -0.102067 -0.100335 255 0 0
-0.05 0.575 -0.0915935 -0.0747355 255 0 0
-0.025 0.575 -0.0811215 -0.0491526 255 0 0
0 0.575 -0.0706507 -0.0235854 255 0 0
0.025 0.575 -0.0601806 0.00196691 255 0 0
0.05 0.575 -0.0497111 0.0275056 255 0 0
0.075 0.575 -0.0392418 0.053032 255 0 0
0.1 0.575 -0.0287727 0.0785477 255 0 0
0.125 0.575 -0.0183041 0.104054 255 0 0
0.15 0.575 -0.00783662 0.129555 255 0 0
0.175 0.575 0.00263486 0.155035 255 0 0
0.2 0.575 0.018507 0.16897 0 0 255
0.225 0.575 0.024763 0.174463 0 0 255
0.25 0.575 0.0279386 0.177251 0 0 255
0.275 0.575 0.0297767 0.178865 0 0 255
0.3 0.575 0.0309349 0.179882 0 0 255
0.325 0.575 0.0317104 0.180563 0 0 255
0.35 0.575 0.032254 0.18104 0 0 255
0.375 0.575 0.0326492 0.181387 0 0 255
0.4 0.575 0.0329451 0.181647 0 0 255
0.425 0.575 0.0331721 0.181846 0 0 255
0.45 0.575 0.0333499 0.182002 0 0 255
0.475 0.575 0.0334917 0.182127 0 0 255
0.5 0.575 0.0336064 0.182227 0 0 255
-0.5 0.55 -0.132438 -0.233298 0 0 255
-0.475 0.55 -0.132438 -0.233298 0 0 255
-0.45 0.55 -0.132438 -0.233298 0 0 255
-0.425 0.55 -0.132438 -0.233298 0 0 255
-0.4 0.55 -0.132438 -0.233298 0 0 255
-0.375 0.55 -0.132438 -0.233298 0 0 255
-0.35 0.55 -0.132438 -0.233298 0 0 255
-0.325 0.55 -0.132438 -0.233298 0 0 255
-0.3 0.55 -0.132438 -0.233298 0 0 255
-0.275 0.55 -0.132438 -0.233298 0 0 255
-0.25 0.55 -0.132438 -0.233298 0 0 255
-0.225 0.55 -0.132438 -0.233298 0 0 255
-0.2 0.55 -0.132438 -0.233298 255 0 0
-0.175 0.55 -0.120782 -0.202338 255 0 0
-0.15 0.55 -0.110301 -0.176673 255 0 0
-0.125 0.55 -0.099823 -0.151023 255 0 0
-0.1 0.55 -0.0893463 -0.125388 255 0 0
-0.075 0.55 -0.0788712 -0.0997699 255 0 0
-0.05 0.55 -0.0683976 -0.0741678 255 0 0
-0.025 0.55 -0.0579252 -0.0485822 255 0 0
0 0.55 -0.0474537 -0.0230124 255 0 0
0.025 0.55 -0.0369826 0.00254252 255 0 0
0.05 0.55 -0.0265117 0.0280838 255 0 0
0.075 0.55 -0.0160408 0.0536127 255 0 0
0.1 0.55 -0.00556999 0.0791309 255 0 0
0.125 0.55 0.0049003 0.10464 255 0 0
0.15 0.55 0.0153693 0.130141 255 0 0
0.175 0.55 0.0258345 0.15563 255 0 0
0.2 0.55 0.0343791 0.182906 255 0 0
0.225 0.55 0.0343791 0.182906 0 0 255
0.25 0.55 0.0343791 0.182906 0 0 255
0.275 0.55 0.0343791 0.182906 0 0 255
0.3 0.55 0.0343791 0.182906 0 0 255
0.325 0.55 0.0343791 0.182906 0 0 255
0.35 0.55 0.0343791 0.182906 0 0 255
0.375 0.55 0.0343791 0.182906 0 0 255
0.4 0.55 0.0343791 0.182906 0 0 255
0.425 0.55 0.0343791 0.182906 0 0 255
0.45 0.55 0.0343791 0.182906 0 0 255
0.475 0.55 0.0343791 0.182906 0 0 255
0.5 0.55 0.0343791 0.182906 0 0 255
-0.5 0.525 -0.107957 -0.227783 0 0 255
-0.475 0.525 -0.107957 -0.227783 0 0 255
-0.45 0.525 -0.107957 -0.227783 0 0 255
-0.425 0.525 -0.107957 -0.227783 0 0 255
-0.4 0.525 -0.107957 -0.227783 0 0 255
-0.375 0.525 -0.107957 -0.227783 0 0 255
-0.35 0.525 -0.107957 -0.227783 0 0 255
-0.325 0.525 -0.107957 -0.227783 0 0 255
-0.3 0.525 -0.107957 -0.227783 0 0 255
-0.275 0.525 -0.107957 -0.227783 0 0 255
-0.25 0.525 -0.107957 -0.227783 0 0 255
-0.225 0.525 -0.107957 -0.227783 0 0 255
-0.2 0.525 -0.107957 -0.227783 255 0 0
-0.175 0.525 -0.0975839 -0.201787 255 0 0
-0.15 0.525 -0.0871056 -0.176118 255 0 0
-0.125 0.525 -0.0766278 -0.150465 255 0 0
-0.1 0.525 -0.0661514 -0.124827 255 0 0
-0.075 0.525 -0.0556763 -0.099206 255 0 0
-0.05 0.525 -0.0452024 -0.0736013 255 0 0
-0.025 0.525 -0.0347293 -0.0480129 255 0 0
0 0.525 -0.0242567 -0.0224402 255 0 0
0.025 0.525 -0.0137841 0.00311766 255 0 0
0.05 0.525 -0.00331126 0.0286621 255 0 0
0.075 0.525 0.00716204 0.0541944 255 0 0
0.1 0.525 0.0176357 0.079716 255 0 0
0.125 0.525 0.0281093 0.105228 255 0 0
0.15 0.525 0.0385818 0.130733 255 0 0
0.175 0.525 0.0490511 0.156232 255 0 0
0.2 0.525 0.0594345 0.18161 255 0 0
0.225 0.525 0.0594345 0.18161 0 0 255
0.25 0.525 0.0594345 0.18161 0 0 255
0.275 0.525 0.0594345 0.18161 0 0 255
0.3 0.525 0.0594345 0.18161 0 0 255
0.325 0.525 0.0594345 0.18161 0 0 255
0.35 0.525 0.0594345 0.18161 0 0 255
0.375 0.525 0.0594345 0.18161 0 0 255
0.4 0.525 0.0594345 0.18161 0 0 255
0.425 0.525 0.0594345 0.18161 0 0 255
0.45 0.525 0.0594345 0.18161 0 0 255
0.475 0.525 0.0594345 0.18161 0 0 255
0.5 0.525 0.0594345 0.18161 0 0 255
-0.5 0.5 -0.0848502 -0.226964 0 0 255
-0.475 0.5 -0.0848502 -0.226964 0 0 255
-0.45 0.5 -0.0848502 -0.226964 0 0 255
-0.425 0.5 -0.0848502 -0.226964 0 0 255
-0.4 0.5 -0.0848502 -0.226964 0 0 255
-0.375 0.5 -0.0848502 -0.226964 0 0 255
-0.35 0.5 -0.0848502 -0.226964 0 0 255
-0.325 0.5 -0.0848502 -0.226964 0 0 255
-0.3 0.5 -0.0848502 -0.226964 0 0 255
-0.275 0.5 -0.0848502 -0.226964 0 0 255
-0.25 0.5 -0.0848502 -0.226964 0 0 255
-0.225 0.5 -0.0848502 -0.226964 0 0 255
-0.2 0.5 -0.0848502 -0.226964 255 0 0
-0.175 0.5 -0.074389 -0.201227 255 0 0
-0.15 0.5 -0.0639111 -0.17556 255 0 0
-0.125 0.5 -0.0534337 -0.149905 255 0 0
-0.1 0.5 -0.0429573 -0.124266 255 0 0
-0.075 0.5 -0.0324821 -0.0986428 255 0 0
-0.05 0.5 -0.0220077 -0.0730357 255 0 0
-0.025 0.5 -0.0115337 -0.0474446 255 0 0
0 0.5 -0.00105972 -0.021869 255 0 0
0.025 0.5 0.00941479 0.00369224 255 0 0
0.05 0.5 0.0198902 0.0292403 255 0 0
0.075 0.5 0.0303666 0.0547767 255 0 0
0.1 0.5 0.0408441 0.0803028 255 0 0
0.125 0.5 0.0513223 0.10582 255 0 0
0.15 0.5 0.0618005 0.131328 255 0 0
0.175 0.5 0.0722783 0.156828 255 0 0
0.2 0.5 0.0827879 0.182155 255 0 0
0.225 0.5 0.0827879 0.182155 0 0 255
0.25 0.5 0.0827879 0.182155 0 0 255
0.275 0.5 0.0827879 0.182155 0 0 255
0.3 0.5 0.0827879 0.182155 0 0 255
0.325 0.5 0.0827879 0.182155 0 0 255
0.35 0.5 0.0827879 0.182155 0 0 255
0.375 0.5 0.0827879 0.182155 0 0 255
0.4 0.5 0.0827879 0.182155 0 0 255
0.425 0.5 0.0827879 0.182155 0 0 255
0.45 0.5 0.0827879 0.182155 0 0 255
0.475 0.5 0.0827879 0.182155 0 0 255
0.5 0.5 0.0827879 0.182155 0 0 255
-0.5 0.475 -0.0617094 -0.226568 0 0 255
-0.475 0.475 -0.0617094 -0.226568 0 0 255
-0.45 0.475 -0.0617094 -0.226568 0 0 255
-0.425 0.475 -0.0617094 -0.226568 0 0 255
-0.4 0.475 -0.0617094 -0.226568 0 0 255
-0.375 0.475 -0.0617094 -0.226568 0 0 255
-0.35 0.475 -0.0617094 -0.226568 0 0 255
-0.325 0.475 -0.0617094 -0.226568 0 0 255
-0.3 0.475 -0.0617094 -0.226568 0 0 255
-0.275 0.475 -0.0617094 -0.226568 0 0 255
-0.25 0.475 -0.0617094 -0.226568 0 0 255
-0.225 0.475 -0.0617094 -0.226568 0 0 255
-0.2 0.475 -0.0617094 -0.226568 255 0 0
-0.175 0.475 -0.0511972 -0.200668 255 0 0
-0.15 0.475 -0.0407182 -0.175 255 0 0
-0.125 0.475 -0.0302405 -0.149345 255 0 0
-0.1 0.475 -0.019764 -0.123705 255 0 0
-0.075 0.475 -0.0092884 -0.0980803 255 0 0
-0.05 0.475 0.00118664 -0.072471 255 0 0
-0.025 0.475 0.0116617 -0.0468774 255 0 0
0 0.475 0.0221373 -0.0212987 255 0 0
0.025 0.475 0.0326141 0.00426611 255 0 0
0.05 0.475 0.0430924 0.0298183 255 0 0
0.075 0.475 0.0535726 0.0553593 255 0 0
0.1 0.475 0.0640545 0.0808906 255 0 0
0.125 0.475 0.074538 0.106413 255 0 0
0.15 0.475 0.0850222 0.131927 255 0 0
0.175 0.475 0.0955062 0.15743 255 0 0
0.2 0.475 0.106053 0.182704 255 0 0
0.225 0.475 0.106053 0.182704 0 0 255
0.25 0.475 0.106053 0.182704 0 0 255
0.275 0.475 0.106053 0.182704 0 0 255
0.3 0.475 0.106053 0.182704 0 0 255
0.325 0.475 0.106053 0.182704 0 0 255
0.35 0.475 0.106053 0.182704 0 0 255
0.375 0.475 0.106053 0.182704 0 0 255
0.4 0.475 0.106053 0.182704 0 0 255
0.425 0.475 0.106053 0.182704 0 0 255
0.45 0.475 0.106053 0.182704 0 0 255
0.475 0.475 0.106053 0.182704 0 0 255
0.5 0.475 0.106053 0.182704 0 0 255
-0.5 0.45 -0.0389563 -0.228133 0 0 255
-0.475 0.45 -0.0389563 -0.228133 0 0 255
-0.45 0.45 -0.0389563 -0.228133 0 0 255
-0.425 0.45 -0.0389563 -0.228133 0 0 255
-0.4 0.45 -0.0389563 -0.228133 0 0 255
-0.375 0.45 -0.0389563 -0.228133 0 0 255
-0.35 0.45 -0.0389563 -0.228133 0 0 255
-0.325 0.45 -0.0389563 -0.228133 0 0 255
-0.3 0.45 -0.0389563 -0.228133 0 0 255
-0.275 0.45 -0.0389563 -0.228133 0 0 255
-0.25 0.45 -0.0389563 -0.228133 0 0 255
-0.225 0.45 -0.0389563 -0.228133 0 0 255
-0.2 0.45 -0.0389563 -0.228133 255 0 0
-0.175 0.45 -0.028005 -0.200102 255 0 0
-0.15 0.45 -0.0175256 -0.174437 255 0 0
-0.125 0.45 -0.00704762 -0.148785 255 0 0
-0.1 0.45 0.00342911 -0.123144 255 0 0
-0.075 0.45 0.013905 -0.0975182 255 0 0
-0.05 0.45 0.0243808 -0.0719071 255 0 0
-0.025 0.45 0.034857 -0.046311 255 0 0
0 0.45 0.0453344 -0.0207293 255 0 0
0.025 0.45 0.0558136 0.00483909 255 0 0
0.05 0.45 0.0662951 0.0303955 255 0 0
0.075 0.45 0.0767792 0.0559414 255 0 0
0.1 0.45 0.0872661 0.0814784 255 0 0
0.125 0.45 0.0977555 0.107008 255 0 0
0.15 0.45 0.108246 0.132531 255 0 0
0.175 0.45 0.118734 0.158044 255 0 0
0.2 0.45 0.12964 0.181985 255 0 0
0.225 0.45 0.12964 0.181985 0 0 255
0.25 0.45 0.12964 0.181985 0 0 255
0.275 0.45 0.12964 0.181985 0 0 255
0.3 0.45 0.12964 0.181985 0 0 255
0.325 0.45 0.12964 0.181985 0 0 255
0.35 0.45 0.12964 0.181985 0 0 255
0.375 0.45 0.12964 0.181985 0 0 255
0.4 0.45 0.12964 0.181985 0 0 255
0.425 0.45 0.12964 0.181985 0 0 255
0.45 0.45 0.12964 0.181985 0 0 255
0.475 0.45 0.12964 0.181985 0 0 255
0.5 0.45 0.12964 0.181985 0 0 255
-0.5 0.425 -0.0381252 -0.227436 0 0 255
-0.475 0.425 -0.0380017 -0.227333 0 0 255
-0.45 0.425 -0.0378493 -0.227205 0 0 255
-0.425 0.425 -0.037658 -0.227045 0 0 255
-0.4 0.425 -0.0374138 -0.226841 0 0 255
-0.375 0.425 -0.0370956 -0.226574 0 0 255
-0.35 0.425 -0.0366705 -0.226218 0 0 255
-0.325 0.425 -0.0360858 -0.225728 0 0 255
-0.3 0.425 -0.0352517 -0.22503 0 0 255
-0.275 0.425 -0.0340059 -0.223986 0 0 255
-0.25 0.425 -0.0320288 -0.22233 0 0 255
-0.225 0.425 -0.0286131 -0.219469 0 0 255
-0.2 0.425 -0.021884 -0.213833 0 0 255
-0.175 0.425 -0.00481179 -0.199533 255 0 0
-0.15 0.425 0.00566749 -0.173872 255 0 0
-0.125 0.425 0.0161455 -0.148223 255 0 0
-0.1 0.425 0.0266223 -0.122583 255 0 0
-0.075 0.425 0.0370985 -0.0969564 255 0 0
-0.05 0.425 0.0475748 -0.0713438 255 0 0
-0.025 0.425 0.0580522 -0.0457455 255 0 0
0 0.425 0.0685313 -0.0201609 255 0 0
0.025 0.425 0.079013 0.00541096 255 0 0
0.05 0.425 0.0894977 0.0309715 255 0 0
0.075 0.425 0.0999859 0.0565222 255 0 0
0.1 0.425 0.110478 0.0820649 255 0 0
0.125 0.425 0.120973 0.107602 255 0 0
0.15 0.425 0.131472 0.133136 255 0 0
0.175 0.425 0.141991 0.158699 255 0 0
0.2 0.425 0.135815 0.170342 0 0 255
0.225 0.425 0.133381 0.174931 0 0 255
0.25 0.425 0.132146 0.177261 0 0 255
0.275 0.425 0.13143 0.178609 0 0 255
0.3 0.425 0.13098 0.179458 0 0 255
0.325 0.425 0.130678 0.180027 0 0 255
0.35 0.425 0.130466 0.180426 0 0 255
0.375 0.425 0.130313 0.180716 0 0 255
0.4 0.425 0.130198 0.180933 0 0 255
0.425 0.425 0.130109 0.181099 0 0 255
0.45 0.425 0.13004 0.18123 0 0 255
0.475 0.425 0.129985 0.181334 0 0 255
0.5 0.425 0.12994 0.181418 0 0 255
-0.5 0.4 -0.0355373 -0.22579 0 0 255
-0.475 0.4 -0.0349582 -0.225421 0 0 255
-0.45 0.4 -0.0342336 -0.224966 0 0 255
-0.425 0.4 -0.0333147 -0.224397 0 0 255
-0.4 0.4 -0.0321331 -0.223676 0 0 255
-0.375 0.4 -0.0305908 -0.222752 0 0 255
-0.35 0.4 -0.0285465 -0.221551 0 0 255
-0.325 0.4 -0.0257958 -0.219971 0 0 255
-0.3 0.4 -0.0220467 -0.217874 0 0 255
-0.275 0.4 -0.0169018 -0.215086 0 0 255
-0.25 0.4 -0.00989449 -0.211439 0 0 255
-0.225 0.4 -0.000733511 -0.206932 0 0 255
-0.2 0.4 0.00986475 -0.202166 0 0 255
-0.175 0.4 0.0183718 -0.19904 255 0 0
-0.15 0.4 0.0288609 -0.173307 255 0 0
-0.125 0.4 0.0393394 -0.147661 255 0 0
-0.1 0.4 0.049816 -0.122022 255 0 0
-0.075 0.4 0.0602922 -0.0963947 255 0 0
-0.05 0.4 0.0707688 -0.0707809 255 0 0
-0.025 0.4 0.0812471 -0.0451807 255 0 0
0 0.4 0.0917278 -0.0195935 255 0 0
0.025 0.4 0.102212 0.0059816 255 0 0
0.05 0.4 0.1127 0.0315459 255 0 0
0.075 0.4 0.123192 0.0571008 255 0 0
0.1 0.4 0.133688 0.0826482 255 0 0
0.125 0.4 0.144189 0.108191 255 0 0
0.15 0.4 0.154692 0.13373 255 0 0
0.175 0.4 0.165609 0.159563 255 0 0
0.2 0.4 0.159313 0.161841 0 0 255
0.225 0.4 0.15217 0.165447 0 0 255
0.25 0.4 0.146308 0.168905 0 0 255
0.275 0.4 0.141985 0.171725 0 0 255
0.3 0.4 0.138899 0.173893 0 0 255
0.325 0.4 0.136704 0.175531 0 0 255
0.35 0.4 0.135126 0.176769 0 0 255
0.375 0.4 0.133975 0.177713 0 0 255
0.4 0.4 0.133121 0.178441 0 0 255
0.425 0.4 0.132477 0.17901 0 0 255
0.45 0.4 0.131983 0.179459 0 0 255
0.475 0.4 0.131599 0.17982 0 0 255
0.5 0.4 0.131296 0.180112 0 0 255
-0.5 0.375 -0.0310703 -0.223183 0 0 255
-0.475 0.375 -0.0297983 -0.22244 0 0 255
-0.45 0.375 -0.0282467 -0.221544 0 0 255
-0.425 0.375 -0.0263422 -0.220456 0 0 255
-0.4 0.375 -0.0239921 -0.219127 0 0 255
-0.375 0.375 -0.0210811 -0.217501 0 0 255
-0.35 0.375 -0.0174701 -0.215506 0 0 255
-0.325 0.375 -0.0130019 -0.213068 0 0 255
-0.3 0.375 -0.00751924 -0.21011 0 0 255
-0.275 0.375 -0.000905895 -0.206575 0 0 255
-0.25 0.375 0.00684287 -0.202452 0 0 255
-0.225 0.375 0.0155463 -0.197779 0 0 255
-0.2 0.375 0.0248984 -0.192521 0 0 255
-0.175 0.375 0.0352133 -0.185904 0 0 255
-0.15 0.375 0.0520549 -0.172768 255 0 0
-0.125 0.375 0.0625351 -0.147102 255 0 0
-0.1 0.375 0.0730107 -0.121461 255 0 0
-0.075 0.375 0.0834862 -0.0958327 255 0 0
-0.05 0.375 0.0939626 -0.0702179 255 0 0
-0.025 0.375 0.104441 -0.0446162 255 0 0
0 0.375 0.114923 -0.0190268 255 0 0
0.025 0.375 0.125409 0.00655108 255 0 0
0.05 0.375 0.1359 0.0321185 255 0 0
0.075 0.375 0.146396 0.0576767 255 0 0
0.1 0.375 0.156896 0.0832272 255 0 0
0.125 0.375 0.167403 0.108773 255 0 0
0.15 0.375 0.177968 0.134353 255 0 0
0.175 0.375 0.171788 0.146958 0 0 255
0.2 0.375 0.166712 0.153015 0 0 255
0.225 0.375 0.161406 0.157551 0 0 255
0.25 0.375 0.156241 0.161435 0 0 255
0.275 0.375 0.151589 0.164793 0 0 255
0.3 0.375 0.147619 0.16764 0 0 255
0.325 0.375 0.144345 0.170007 0 0 255
0.35 0.375 0.141695 0.171951 0 0 255
0.375 0.375 0.13957 0.173537 0 0 255
0.4 0.375 0.137872 0.174829 0 0 255
0.425 0.375 0.136512 0.175882 0 0 255
0.45 0.375 0.135419 0.176746 0 0 255
0.475 0.375 0.134536 0.177456 0 0 255
0.5 0.375 0.133818 0.178045 0 0 255
-0.5 0.35 -0.0244633 -0.219638 0 0 255
-0.475 0.35 -0.0222487 -0.21845 0 0 255
-0.45 0.35 -0.0195967 -0.217048 0 0 255
-0.425 0.35 -0.0164111 -0.215392 0 0 255
-0.4 0.35 -0.0125773 -0.213438 0 0 255
-0.375 0.35 -0.00796174 -0.211137 0 0 255
-0.35 0.35 -0.00241534 -0.208447 0 0 255
-0.325 0.35 0.00421783 -0.205337 0 0 255
-0.3 0.35 0.0120832 -0.201806 0 0 255
-0.275 0.35 0.0212875 -0.197907 0 0 255
-0.25 0.35 0.031857 -0.193779 0 0 255
-0.225 0.35 0.0436723 -0.189682 0 0 255
-0.2 0.35 0.0563196 -0.186041 0 0 255
-0.175 0.35 0.0686453 -0.183499 0 0 255
-0.15 0.35 0.0776033 -0.182855 255 0 0
-0.125 0.35 0.085747 -0.146556 255 0 0
-0.1 0.35 0.0962057 -0.120897 255 0 0
-0.075 0.35 0.10668 -0.0952692 255 0 0
-0.05 0.35 0.117156 -0.0696542 255 0 0
-0.025 0.35 0.127634 -0.0440515 255 0 0
0 0.35 0.138117 -0.0184605 255 0 0
0.025 0.35 0.148605 0.00711961 255 0 0
0.05 0.35 0.159099 0.0326899 255 0 0
0.075 0.35 0.169598 0.0582507 255 0 0
0.1 0.35 0.180099 0.0838043 255 0 0
0.125 0.35 0.190585 0.109301 255 0 0
0.15 0.35 0.220738 0.130985 255 0 0
0.175 0.35 0.210394 0.134361 0 0 255
0.2 0.35 0.198086 0.139617 0 0 255
0.225 0.35 0.186709 0.145179 0 0 255
0.25 0.35 0.176934 0.150394 0 0 255
0.275 0.35 0.168758 0.155039 0 0 255
0.3 0.35 0.162004 0.159065 0 0 255
0.325 0.35 0.156467 0.162496 0 0 255
0.35 0.35 0.151949 0.165388 0 0 255
0.375 0.35 0.148271 0.167809 0 0 255
0.4 0.35 0.145276 0.16983 0 0 255
0.425 0.35 0.142835 0.171516 0 0 255
0.45 0.35 0.140839 0.172924 0 0 255
0.475 0.35 0.1392 0.174102 0 0 255
0.5 0.35 0.137849 0.175092 0 0 255
-0.5 0.325 -0.0158011 -0.215343 0 0 255
-0.475 0.325 -0.0125283 -0.21372 0 0 255
-0.45 0.325 -0.00870361 -0.211859 0 0 255
-0.425 0.325 -0.0042414 -0.209734 0 0 255
-0.4 0.325 0.000945498 -0.207322 0 0 255
-0.375 0.325 0.00693646 -0.204612 0 0 255
-0.35 0.325 0.0137884 -0.201611 0 0 255
-0.325 0.325 0.0215146 -0.198351 0 0 255
-0.3 0.325 0.0300583 -0.194901 0 0 255
-0.275 0.325 0.0392653 -0.191364 0 0 255
-0.25 0.325 0.048865 -0.18787 0 0 255
-0.225 0.325 0.0584702 -0.184532 0 0 255
-0.2 0.325 0.0676033 -0.181354 0 0 255
-0.175 0.325 0.0757694 -0.177961 0 0 255
-0.15 0.325 0.0828936 -0.172422 0 0 255
-0.125 0.325 0.102637 -0.133486 0 0 255
-0.1 0.325 0.119527 -0.120417 255 0 0
-0.075 0.325 0.129877 -0.0947041 255 0 0
-0.05 0.325 0.140349 -0.0690895 255 0 0
-0.025 0.325 0.150825 -0.0434866 255 0 0
0 0.325 0.161306 -0.0178944 255 0 0
0.025 0.325 0.171798 0.00768738 255 0 0
0.05 0.325 0.182294 0.0332606 255 0 0
0.075 0.325 0.192802 0.0588192 255 0 0
0.1 0.325 0.203905 0.0843544 255 0 0
0.125 0.325 0.197245 0.0968276 0 0 255
0.15 0.325 0.215774 0.123767 0 0 255
0.175 0.325 0.213084 0.129064 0 0 255
0.2 0.325 0.206787 0.133494 0 0 255
0.225 0.325 0.199124 0.137954 0 0 255
0.25 0.325 0.191116 0.142444 0 0 255
0.275 0.325 0.183333 0.146828 0 0 255
0.3 0.325 0.176108 0.150973 0 0 255
0.325 0.325 0.169614 0.154783 0 0 255
0.35 0.325 0.163911 0.158207 0 0 255
0.375 0.325 0.158983 0.161232 0 0 255
0.4 0.325 0.154775 0.163872 0 0 255
0.425 0.325 0.151207 0.166156 0 0 255
0.45 0.325 0.148194 0.168123 0 0 255
0.475 0.325 0.145655 0.169811 0 0 255
0.5 0.325 0.143514 0.171259 0 0 255
-0.5 0.3 -0.00575219 -0.21066 0 0 255
-0.475 0.3 -0.001565 -0.208708 0 0 255
-0.45 0.3 0.00317727 -0.20654 0 0 255
-0.425 0.3 0.00851407 -0.204151 0 0 255
-0.4 0.3 0.0144673 -0.201545 0 0 255
-0.375 0.3 0.021031 -0.198741 0 0 255
-0.35 0.3 0.0281604 -0.195771 0 0 255
-0.325 0.3 0.0357621 -0.192682 0 0 255
-0.3 0.3 0.0436898 -0.189528 0 0 255
-0.275 0.3 0.05175 -0.186352 0 0 255
-0.25 0.3 0.059723 -0.183151 0 0 255
-0.225 0.3 0.067405 -0.179812 0 0 255
-0.2 0.3 0.0746904 -0.175964 0 0 255
-0.175 0.3 0.0817935 -0.170562 0 0 255
-0.15 0.3 0.0901654 -0.160279 0 0 255
-0.125 0.3 0.109294 -0.128335 0 0 255
-0.1 0.3 0.119527 -0.120417 0 0 255
-0.075 0.3 0.129877 -0.0947041 0 0 255
-0.05 0.3 0.140349 -0.0690895 0 0 255
-0.025 0.3 0.150825 -0.0434866 0 0 255
0 0.3 0.161306 -0.0178944 0 0 255
0.025 0.3 0.171798 0.00768738 0 0 255
0.05 0.3 0.182294 0.0332606 0 0 255
0.075 0.3 0.192802 0.0588192 0 0 255
0.1 0.3 0.203905 0.0843544 0 0 255
0.125 0.3 0.19987 0.0919113 0 0 255
0.15 0.3 0.211393 0.114993 0 0 255
0.175 0.3 0.212376 0.123176 0 0 255
0.2 0.3 0.209579 0.128341 0 0 255
0.225 0.3 0.204883 0.132659 0 0 255
0.25 0.3 0.199178 0.136713 0 0 255
0.275 0.3 0.193003 0.140655 0 0 255
0.3 0.3 0.186725 0.144489 0 0 255
0.325 0.3 0.180608 0.148169 0 0 255
0.35 0.3 0.174832 0.151642 0 0 255
0.375 0.3 0.169508 0.154863 0 0 255
0.4 0.3 0.164693 0.157807 0 0 255
0.425 0.3 0.160402 0.160464 0 0 255
0.45 0.3 0.156618 0.162838 0 0 255
0.475 0.3 0.153308 0.164943 0 0 255
0.5 0.3 0.150427 0.166801 0 0 255
-0.5 0.275 0.00473264 -0.205973 0 0 255
-0.475 0.275 0.00950854 -0.203838 0 0 255
-0.45 0.275 0.0147461 -0.201534 0 0 255
-0.425 0.275 0.0204368 -0.199072 0 0 255
-0.4 0.275 0.0265503 -0.196468 0 0 255
-0.375 0.275 0.0330301 -0.193745 0 0 255
-0.35 0.275 0.0397918 -0.19093 0 0 255
-0.325 0.275 0.0467261 -0.188044 0 0 255
-0.3 0.275 0.0537075 -0.185091 0 0 255
-0.275 0.275 0.060611 -0.182033 0 0 255
-0.25 0.275 0.0673403 -0.178753 0 0 255
-0.225 0.275 0.0738766 -0.174979 0 0 255
-0.2 0.275 0.0803769 -0.170123 0 0 255
-0.175 0.275 0.0874216 -0.162888 0 0 255
-0.15 0.275 0.0967542 -0.150163 0 0 255
-0.125 0.275 0.112674 -0.12572 0 0 255
-0.1 0.275 0.119527 -0.120417 0 0 255
-0.075 0.275 0.129877 -0.0947041 0 0 255
-0.05 0.275 0.140349 -0.0690895 0 0 255
-0.025 0.275 0.150825 -0.0434866 0 0 255
0 0.275 0.161306 -0.0178944 0 0 255
0.025 0.275 0.171798 0.00768738 0 0 255
0.05 0.275 0.182294 0.0332606 0 0 255
0.075 0.275 0.192802 0.0588192 0 0 255
0.1 0.275 0.203905 0.0843544 0 0 255
0.125 0.275 0.201203 0.0894157 0 0 255
0.15 0.275 0.20841 0.107506 0 0 255
0.175 0.275 0.210884 0.117281 0 0 255
0.2 0.275 0.210162 0.123401 0 0 255
0.225 0.275 0.207517 0.12804 0 0 255
0.25 0.275 0.203666 0.132045 0 0 255
0.275 0.275 0.199063 0.135762 0 0 255
0.3 0.275 0.19403 0.139322 0 0 255
0.325 0.275 0.188808 0.142764 0 0 255
0.35 0.275 0.183588 0.14608 0 0 255
0.375 0.275 0.178513 0.149246 0 0 255
0.4 0.275 0.173689 0.152234 0 0 255
0.425 0.275 0.169185 0.155024 0 0 255
0.45 0.275 0.165042 0.1576 0 0 255
0.475 0.275 0.161274 0.159958 0 0 255
0.5 0.275 0.157879 0.1621 0 0 255
-0.5 0.25 0.0148412 -0.201551 0 0 255
-0.475 0.25 0.019861 -0.199356 0 0 255
-0.45 0.25 0.0252119 -0.197039 0 0 255
-0.425 0.25 0.0308581 -0.194614 0 0 255
-0.4 0.25 0.0367477 -0.192094 0 0 255
-0.375 0.25 0.042814 -0.189492 0 0 255
-0.35 0.25 0.0489791 -0.186812 0 0 255
-0.325 0.25 0.0551612 -0.184041 0 0 255
-0.3 0.25 0.0612858 -0.181134 0 0 255
-0.275 0.25 0.0673036 -0.177993 0 0 255
-0.25 0.25 0.0732175 -0.174423 0 0 255
-0.225 0.25 0.0791296 -0.170068 0 0 255
-0.2 0.25 0.0853315 -0.164271 0 0 255
-0.175 0.25 0.0924913 -0.155815 0 0 255
-0.15 0.25 0.101949 -0.142619 0 0 255
-0.125 0.25 0.11463 -0.124207 0 0 255
-0.1 0.25 0.119527 -0.120417 0 0 255
-0.075 0.25 0.129877 -0.0947041 0 0 255
-0.05 0.25 0.140349 -0.0690895 0 0 255
-0.025 0.25 0.150825 -0.0434866 0 0 255
0 0.25 0.161306 -0.0178944 0 0 255
0.025 0.25 0.171798 0.00768738 0 0 255
0.05 0.25 0.182294 0.0332606 0 0 255
0.075 0.25 0.192802 0.0588192 0 0 255
0.1 0.25 0.203905 0.0843544 0 0 255
0.125 0.25 0.201974 0.0879712 0 0 255
0.15 0.25 0.20654 0.101828 0 0 255
0.175 0.25 0.209368 0.111888 0 0 255
0.2 0.25 0.209837 0.118692 0 0 255
0.225 0.25 0.208581 0.123753 0 0 255
0.25 0.25 0.206116 0.127912 0 0 255
0.275 0.25 0.202808 0.131594 0 0 255
0.3 0.25 0.198922 0.135015 0 0 255
0.325 0.25 0.194668 0.138275 0 0 255
0.35 0.25 0.190211 0.141414 0 0 255
0.375 0.25 0.185689 0.144441 0 0 255
0.4 0.25 0.181213 0.147348 0 0 255
0.425 0.25 0.17687 0.15012 0 0 255
0.45 0.25 0.172725 0.152741 0 0 255
0.475 0.25 0.168823 0.1552 0 0 255
0.5 0.25 0.165192 0.15749 0 0 255
-0.5 0.225 0.0240915 -0.197516 0 0 255
-0.475 0.225 0.0290931 -0.195334 0 0 255
-0.45 0.225 0.0343049 -0.193064 0 0 255
-0.425 0.225 0.0396838 -0.190712 0 0 255
-0.4 0.225 0.0451791 -0.188283 0 0 255
-0.375 0.225 0.0507352 -0.185772 0 0 255
-0.35 0.225 0.0562974 -0.18316 0 0 255
-0.325 0.225 0.0618193 -0.180404 0 0 255
-0.3 0.225 0.0672739 -0.177425 0 0 255
-0.275 0.225 0.0726688 -0.174083 0 0 255
-0.25 0.225 0.078071 -0.170147 0 0 255
-0.225 0.225 0.0836456 -0.165234 0 0 255
-0.2 0.225 0.0897216 -0.158731 0 0 255
-0.175 0.225 0.0968768 -0.1497 0 0 255
-0.15 0.225 0.10585 -0.13719 0 0 255
-0.125 0.225 0.115862 -0.123253 0 0 255
-0.1 0.225 0.119527 -0.120417 0 0 255
-0.075 0.225 0.129877 -0.0947041 0 0 255
-0.05 0.225 0.140349 -0.0690895 0 0 255
-0.025 0.225 0.150825 -0.0434866 0 0 255
0 0.225 0.161306 -0.0178944 0 0 255
0.025 0.225 0.171798 0.00768738 0 0 255
0.05 0.225 0.182294 0.0332606 0 0 255
0.075 0.225 0.192802 0.0588192 0 0 255
0.1 0.225 0.203905 0.0843544 0 0 255
0.125 0.225 0.20246 0.087061 0 0 255
0.15 0.225 0.205396 0.097688 0 0 255
0.175 0.225 0.208064 0.107227 0 0 255
0.2 0.225 0.209163 0.114333 0 0 255
0.225 0.225 0.208829 0.119737 0 0 255
0.25 0.225 0.207379 0.124107 0 0 255
0.275 0.225 0.205085 0.127863 0 0 255
0.3 0.225 0.202164 0.131253 0 0 255
0.325 0.225 0.198789 0.134415 0 0 255
0.35 0.225 0.1951 0.137425 0 0 255
0.375 0.225 0.191218 0.140319 0 0 255
0.4 0.225 0.187244 0.143111 0 0 255
0.425 0.225 0.183263 0.145801 0 0 255
0.45 0.225 0.179346 0.14838 0 0 255
0.475 0.225 0.175549 0.150841 0 0 255
0.5 0.225 0.171914 0.153174 0 0 255
-0.5 0.2 0.0323007 -0.19388 0 0 255
-0.475 0.2 0.0371243 -0.191744 0 0 255
-0.45 0.2 0.0420666 -0.189534 0 0 255
-0.425 0.2 0.0470889 -0.18725 0 0 255
-0.4 0.2 0.0521512 -0.184883 0 0 255
-0.375 0.2 0.0572159 -0.182413 0 0 255
-0.35 0.2 0.062253 -0.179802 0 0 255
-0.325 0.2 0.0672465 -0.176986 0 0 255
-0.3 0.2 0.0722045 -0.173863 0 0 255
-0.275 0.2 0.0771718 -0.170274 0 0 255
-0.25 0.2 0.0822499 -0.165977 0 0 255
-0.225 0.2 0.0876238 -0.160616 0 0 255
-0.2 0.2 0.0935938 -0.153685 0 0 255
-0.175 0.2 0.100565 -0.144602 0 0 255
-0.15 0.2 0.108744 -0.133297 0 0 255
-0.125 0.2 0.116687 -0.122615 0 0 255
-0.1 0.2 0.119527 -0.120417 0 0 255
-0.075 0.2 0.129877 -0.0947041 0 0 255
-0.05 0.2 0.140349 -0.0690895 0 0 255
-0.025 0.2 0.150825 -0.0434866 0 0 255
0 0.2 0.161306 -0.0178944 0 0 255
0.025 0.2 0.171798 0.00768738 0 0 255
0.05 0.2 0.182294 0.0332606 0 0 255
0.075 0.2 0.192802 0.0588192 0 0 255
0.1 0.2 0.203905 0.0843544 0 0 255
0.125 0.2 0.202785 0.0864516 0 0 255
0.15 0.2 0.204699 0.0946873 0 0 255
0.175 0.2 0.207018 0.103329 0 0 255
0.2 0.2 0.208397 0.110403 0 0 255
0.225 0.2 0.208656 0.116004 0 0 255
0.25 0.2 0.207938 0.120562 0 0 255
0.275 0.2 0.206426 0.124432 0 0 255
0.3 0.2 0.204287 0.127855 0 0 255
0.325 0.2 0.201662 0.130987 0 0 255
0.35 0.2 0.198669 0.133923 0 0 255
0.375 0.2 0.19541 0.13672 0 0 255
0.4 0.2 0.191974 0.139409 0 0 255
0.425 0.2 0.188437 0.142005 0 0 255
0.45 0.2 0.184866 0.144509 0 0 255
0.475 0.2 0.181317 0.146921 0 0 255
0.5 0.2 0.177837 0.149236 0 0 255
-0.5 0.175 0.0394745 -0.190602 0 0 255
-0.475 0.175 0.0440427 -0.188514 0 0 255
-0.45 0.175 0.0486682 -0.186355 0 0 255
-0.425 0.175 0.0533218 -0.184114 0 0 255
-0.4 0.175 0.0579768 -0.181772 0 0 255
-0.375 0.175 0.0626129 -0.179296 0 0 255
-0.35 0.175 0.0672205 -0.176636 0 0 255
-0.325 0.175 0.0718065 -0.173714 0 0 255
-0.3 0.175 0.0764019 -0.170416 0 0 255
-0.275 0.175 0.0810726 -0.166581 0 0 255
-0.25 0.175 0.085932 -0.16198 0 0 255
-0.225 0.175 0.0911552 -0.15631 0 0 255
-0.2 0.175 0.0969776 -0.149211 0 0 255
-0.175 0.175 0.103616 -0.140434 0 0 255
-0.15 0.175 0.1109 -0.130482 0 0 255
-0.125 0.175 0.117266 -0.122167 0 0 255
-0.1 0.175 0.119527 -0.120417 0 0 255
-0.075 0.175 0.129877 -0.0947041 0 0 255
-0.05 0.175 0.140349 -0.0690895 0 0 255
-0.025 0.175 0.150825 -0.0434866 0 0 255
0 0.175 0.161306 -0.0178944 0 0 255
0.025 0.175 0.171798 0.00768738 0 0 255
0.05 0.175 0.182294 0.0332606 0 0 255
0.075 0.175 0.192802 0.0588192 0 0 255
0.1 0.175 0.203905 0.0843544 0 0 255
0.125 0.175 0.203013 0.0860244 0 0 255
0.15 0.175 0.204272 0.0924961 0 0 255
0.175 0.175 0.206207 0.100131 0 0 255
0.2 0.175 0.207658 0.106935 0 0 255
0.225 0.175 0.208279 0.11258 0 0 255
0.25 0.175 0.208079 0.117262 0 0 255
0.275 0.175 0.207162 0.121239 0 0 255
0.3 0.175 0.205648 0.124724 0 0 255
0.325 0.175 0.203647 0.127867 0 0 255
0.35 0.175 0.201258 0.130774 0 0 255
0.375 0.175 0.198565 0.133513 0 0 255
0.4 0.175 0.195644 0.136126 0 0 255
0.425 0.175 0.192563 0.138639 0 0 255
0.45 0.175 0.18938 0.141066 0 0 255
0.475 0.175 0.186149 0.143412 0 0 255
0.5 0.175 0.182915 0.145678 0 0 255
-0.5 0.15 0.0457107 -0.187621 0 0 255
-0.475 0.15 0.0499991 -0.185572 0 0 255
-0.45 0.15 0.0543082 -0.183443 0 0 255
-0.425 0.15 0.0586189 -0.181218 0 0 255
-0.4 0.15 0.0629168 -0.178867 0 0 255
-0.375 0.15 0.0671958 -0.176351 0 0 255
-0.35 0.15 0.0714617 -0.17361 0 0 255
-0.325 0.15 0.0757364 -0.17056 0 0 255
-0.3 0.15 0.0800648 -0.167086 0 0 255
-0.275 0.15 0.0845206 -0.163035 0 0 255
-0.25 0.15 0.089214 -0.158208 0 0 255
-0.225 0.15 0.0942913 -0.152371 0 0 255
-0.2 0.15 0.0999088 -0.145314 0 0 255
-0.175 0.15 0.106117 -0.137059 0 0 255
-0.15 0.15 0.112523 -0.128416 0 0 255
-0.125 0.15 0.117686 -0.121842 0 0 255
-0.1 0.15 0.119527 -0.120417 0 0 255
-0.075 0.15 0.129877 -0.0947041 0 0 255
-0.05 0.15 0.140349 -0.0690895 0 0 255
-0.025 0.15 0.150825 -0.0434866 0 0 255
0 0.15 0.161306 -0.0178944 0 0 255
0.025 0.15 0.171798 0.00768738 0 0 255
0.05 0.15 0.182294 0.0332606 0 0 255
0.075 0.15 0.192802 0.0588192 0 0 255
0.1 0.15 0.203905 0.0843544 0 0 255
0.125 0.15 0.203179 0.0857138 0 0 255
0.15 0.15 0.204011 0.0908743 0 0 255
0.175 0.15 0.205591 0.0975315 0 0 255
0.2 0.15 0.206995 0.103919 0 0 255
0.225 0.15 0.207819 0.109477 0 0 255
0.25 0.15 0.207977 0.114206 0 0 255
0.275 0.15 0.207507 0.11826 0 0 255
0.3 0.15 0.206487 0.121808 0 0 255
0.325 0.15 0.204998 0.124984 0 0 255
0.35 0.15 0.203121 0.12789 0 0 255
0.375 0.15 0.200924 0.130601 0 0 255
0.4 0.15 0.198473 0.133165 0 0 255
0.425 0.15 0.195826 0.135617 0 0 255
0.45 0.15 0.193034 0.137978 0 0 255
0.475 0.15 0.190144 0.140259 0 0 255
0.5 0.15 0.187199 0.142467 0 0 255
-0.5 0.125 0.0511379 -0.18488 0 0 255
-0.475 0.125 0.0551524 -0.182852 0 0 255
-0.45 0.125 0.0591688 -0.180733 0 0 255
-0.425 0.125 0.0631768 -0.178499 0 0 255
-0.4 0.125 0.0671724 -0.176115 0 0 255
-0.375 0.125 0.0711601 -0.173536 0 0 255
-0.35 0.125 0.0751561 -0.170698 0 0 255
-0.325 0.125 0.0791916 -0.167517 0 0 255
-0.3 0.125 0.0833171 -0.163885 0 0 255
-0.275 0.125 0.0876057 -0.159663 0 0 255
-0.25 0.125 0.0921538 -0.154693 0 0 255
-0.225 0.125 0.0970698 -0.148817 0 0 255
-0.2 0.125 0.102432 -0.141958 0 0 255
-0.175 0.125 0.108163 -0.134334 0 0 255
-0.15 0.125 0.113761 -0.126875 0 0 255
-0.125 0.125 0.118001 -0.121598 0 0 255
-0.1 0.125 0.119527 -0.120417 0 0 255
-0.075 0.125 0.129877 -0.0947041 0 0 255
-0.05 0.125 0.140349 -0.0690895 0 0 255
-0.025 0.125 0.150825 -0.0434866 0 0 255
0 0.125 0.161306 -0.0178944 0 0 255
0.025 0.125 0.171798 0.00768738 0 0 255
0.05 0.125 0.182294 0.0332606 0 0 255
0.075 0.125 0.192802 0.0588192 0 0 255
0.1 0.125 0.203905 0.0843544 0 0 255
0.125 0.125 0.203303 0.0854813 0 0 255
0.15 0.125 0.203851 0.0896552 0 0 255
0.175 0.125 0.205125 0.0954239 0 0 255
0.2 0.125 0.206423 0.101323 0 0 255
0.225 0.125 0.207343 0.106694 0 0 255
0.25 0.125 0.20774 0.111395 0 0 255
0.275 0.125 0.207601 0.115485 0 0 255
0.3 0.125 0.206967 0.119081 0 0 255
0.325 0.125 0.205896 0.122293 0 0 255
0.35 0.125 0.204447 0.125215 0 0 255
0.375 0.125 0.202679 0.127919 0 0 255
0.4 0.125 0.200644 0.130457 0 0 255
0.425 0.125 0.198394 0.132867 0 0 255
0.45 0.125 0.195971 0.135177 0 0 255
0.475 0.125 0.193419 0.137403 0 0 255
0.5 0.125 0.190774 0.139556 0 0 255
-0.5 0.1 0.055884 -0.182329 0 0 255
-0.475 0.1 0.0596457 -0.180307 0 0 255
-0.45 0.1 0.0634021 -0.178178 0 0 255
-0.425 0.1 0.0671504 -0.175916 0 0 255
-0.4 0.1 0.0708943 -0.173482 0 0 255
-0.375 0.1 0.0746457 -0.170829 0 0 255
-0.35 0.1 0.0784273 -0.167891 0 0 255
-0.325 0.1 0.0822747 -0.16459 0 0 255
-0.3 0.1 0.0862386 -0.160827 0 0 255
-0.275 0.1 0.0903852 -0.156488 0 0 255
-0.25 0.1 0.094791 -0.151455 0 0 255
-0.225 0.1 0.0995242 -0.145643 0 0 255
-0.2 0.1 0.104594 -0.139088 0 0 255
-0.175 0.1 0.109836 -0.132131 0 0 255
-0.15 0.1 0.11472 -0.125706 0 0 255
-0.125 0.1 0.118243 -0.121411 0 0 255
-0.1 0.1 0.119527 -0.120417 0 0 255
-0.075 0.1 0.129877 -0.0947041 0 0 255
-0.05 0.1 0.140349 -0.0690895 0 0 255
-0.025 0.1 0.150825 -0.0434866 0 0 255
0 0.1 0.161306 -0.0178944 0 0 255
0.025 0.1 0.171798 0.00768738 0 0 255
0.05 0.1 0.182294 0.0332606 0 0 255
0.075 0.1 0.192802 0.0588192 0 0 255
0.1 0.1 0.203905 0.0843544 0 0 255
0.125 0.1 0.203398 0.0853029 0 0 255
0.15 0.1 0.203754 0.0887244 0 0 255
0.175 0.1 0.204775 0.0937139 0 0 255
0.2 0.1 0.205942 0.0991005 0 0 255
0.225 0.1 0.206886 0.104217 0 0 255
0.25 0.1 0.207434 0.108826 0 0 255
0.275 0.1 0.207536 0.11291 0 0 255
0.3 0.1 0.207202 0.11653 0 0 255
0.325 0.1 0.206467 0.119772 0 0 255
0.35 0.1 0.205375 0.122714 0 0 255
0.375 0.1 0.203972 0.125422 0 0 255
0.4 0.1 0.202302 0.12795 0 0 255
0.425 0.1 0.200406 0.130335 0 0 255
0.45 0.1 0.198323 0.132609 0 0 255
0.475 0.1 0.19609 0.134792 0 0 255
0.5 0.1 0.19374 0.136898 0 0 255
-0.5 0.075 0.0600636 -0.179928 0 0 255
-0.475 0.075 0.0635992 -0.177897 0 0 255
-0.45 0.075 0.0671298 -0.175745 0 0 255
-0.425 0.075 0.0706582 -0.173443 0 0 255
-0.4 0.075 0.0741935 -0.170951 0 0 255
-0.375 0.075 0.0777524 -0.16822 0 0 255
-0.35 0.075 0.081361 -0.165189 0 0 255
-0.325 0.075 0.0850554 -0.161786 0 0 255
-0.3 0.075 0.0888829 -0.157927 0 0 255
-0.275 0.075 0.0928984 -0.153522 0 0 255
-0.25 0.075 0.0971563 -0.148497 0 0 255
-0.225 0.075 0.101687 -0.142831 0 0 255
-0.2 0.075 0.106444 -0.136644 0 0 255
-0.175 0.075 0.11121 -0.130346 0 0 255
-0.15 0.075 0.115472 -0.124806 0 0 255
-0.125 0.075 0.118432 -0.121265 0 0 255
-0.1 0.075 0.119527 -0.120417 0 0 255
-0.075 0.075 0.129877 -0.0947041 0 0 255
-0.05 0.075 0.140349 -0.0690895 0 0 255
-0.025 0.075 0.150825 -0.0434866 0 0 255
0 0.075 0.161306 -0.0178944 0 0 255
0.025 0.075 0.171798 0.00768738 0 0 255
0.05 0.075 0.182294 0.0332606 0 0 255
0.075 0.075 0.192802 0.0588192 0 0 255
0.1 0.075 0.203905 0.0843544 0 0 255
0.125 0.075 0.203473 0.0851632 0 0 255
0.15 0.075 0.203697 0.0880028 0 0 255
0.175 0.075 0.204512 0.0923217 0 0 255
0.2 0.075 0.205542 0.0972052 0 0 255
0.225 0.075 0.206466 0.102026 0 0 255
0.25 0.075 0.207102 0.106494 0 0 255
0.275 0.075 0.207375 0.110528 0 0 255
0.3 0.075 0.207271 0.114147 0 0 255
0.325 0.075 0.206806 0.117405 0 0 255
0.35 0.075 0.206008 0.120364 0 0 255
0.375 0.075 0.204914 0.123082 0 0 255
0.4 0.075 0.203558 0.125608 0 0 255
0.425 0.075 0.201976 0.127981 0 0 255
0.45 0.075 0.2002 0.130231 0 0 255
0.475 0.075 0.198261 0.132383 0 0 255
0.5 0.075 0.196189 0.134452 0 0 255
-0.5 0.05 0.0637732 -0.177649 0 0 255
-0.475 0.05 0.0671105 -0.175598 0 0 255
-0.45 0.05 0.0704471 -0.173414 0 0 255
-0.425 0.05 0.0737901 -0.171064 0 0 255
-0.4 0.05 0.077152 -0.16851 0 0 255
-0.375 0.05 0.0805522 -0.165706 0 0 255
-0.35 0.05 0.0840176 -0.162594 0 0 255
-0.325 0.05 0.0875824 -0.159112 0 0 255
-0.3 0.05 0.0912873 -0.155192 0 0 255
-0.275 0.05 0.0951746 -0.15077 0 0 255
-0.25 0.05 0.0992762 -0.145812 0 0 255
-0.225 0.05 0.103589 -0.140351 0 0 255
-0.2 0.05 0.108026 -0.134565 0 0 255
-0.175 0.05 0.112343 -0.128891 0 0 255
-0.15 0.05 0.11607 -0.124103 0 0 255
-0.125 0.05 0.118583 -0.121148 0 0 255
-0.1 0.05 0.119527 -0.120417 0 0 255
-0.075 0.05 0.129877 -0.0947041 0 0 255
-0.05 0.05 0.140349 -0.0690895 0 0 255
-0.025 0.05 0.150825 -0.0434866 0 0 255
0 0.05 0.161306 -0.0178944 0 0 255
0.025 0.05 0.171798 0.00768738 0 0 255
0.05 0.05 0.182294 0.0332606 0 0 255
0.075 0.05 0.192802 0.0588192 0 0 255
0.1 0.05 0.203905 0.0843544 0 0 255
0.125 0.05 0.203533 0.0850518 0 0 255
0.15 0.05 0.203666 0.0874353 0 0 255
0.175 0.05 0.204315 0.0911828 0 0 255
0.2 0.05 0.205213 0.0955904 0 0 255
0.225 0.05 0.20609 0.100095 0 0 255
0.25 0.05 0.206768 0.104385 0 0 255
0.275 0.05 0.207159 0.108336 0 0 255
0.3 0.05 0.207228 0.111926 0 0 255
0.325 0.05 0.206977 0.115183 0 0 255
0.35 0.05 0.206422 0.118152 0 0 255
0.375 0.05 0.205588 0.120879 0 0 255
0.4 0.05 0.204503 0.123408 0 0 255
0.425 0.05 0.203195 0.125775 0 0 255
0.45 0.05 0.201691 0.128012 0 0 255
0.475 0.05 0.20002 0.130142 0 0 255
0.5 0.05 0.198206 0.132183 0 0 255
-0.5 0.025 0.0670924 -0.17547 0 0 255
-0.475 0.025 0.0702573 -0.173392 0 0 255
-0.45 0.025 0.0734279 -0.171169 0 0 255
-0.425 0.025 0.0766142 -0.16877 0 0 255
-0.4 0.025 0.0798307 -0.166157 0 0 255
-0.375 0.025 0.0830976 -0.163287 0 0 255
-0.35 0.025 0.0864406 -0.160111 0 0 255
-0.325 0.025 0.0898905 -0.156574 0 0 255
-0.3 0.025 0.0934799 -0.152627 0 0 255
-0.275 0.025 0.0972374 -0.148232 0 0 255
-0.25 0.025 0.101174 -0.143388 0 0 255
-0.225 0.025 0.10526 -0.138171 0 0 255
-0.2 0.025 0.109379 -0.132797 0 0 255
-0.175 0.025 0.113282 -0.127698 0 0 255
-0.15 0.025 0.116552 -0.123545 0 0 255
-0.125 0.025 0.118705 -0.121053 0 0 255
-0.1 0.025 0.119527 -0.120417 0 0 255
-0.075 0.025 0.129877 -0.0947041 0 0 255
-0.05 0.025 0.140349 -0.0690895 0 0 255
-0.025 0.025 0.150825 -0.0434866 0 0 255
0 0.025 0.161306 -0.0178944 0 0 255
0.025 0.025 0.171798 0.00768738 0 0 255
0.05 0.025 0.182294 0.0332606 0 0 255
0.075 0.025 0.192802 0.0588192 0 0 255
0.1 0.025 0.203905 0.0843544 0 0 255
0.125 0.025 0.203581 0.0849616 0 0 255
0.15 0.025 0.20365 0.086983 0 0 255
0.175 0.025 0.204167 0.0902457 0 0 255
0.2 0.025 0.204944 0.0942141 0 0 255
0.225 0.025 0.205759 0.0983979 0 0 255
0.25 0.025 0.206448 0.102486 0 0 255
0.275 0.025 0.206914 0.106324 0 0 255
0.3 0.025 0.207112 0.109862 0 0 255
0.325 0.025 0.20703 0.113101 0 0 255
0.35 0.025 0.206673 0.116068 0 0 255
0.375 0.025 0.206057 0.118799 0 0 255
0.4 0.025 0.205203 0.121331 0 0 255
0.425 0.025 0.204134 0.123698 0 0 255
0.45 0.025 0.202872 0.125927 0 0 255
0.475 0.025 0.201441 0.128042 0 0 255
0.5 0.025 0.199862 0.130063 0 0 255
-0.5 0 0.0700856 -0.173376 0 0 255
-0.475 0 0.0731011 -0.171267 0 0 255
-0.45 0 0.0761296 -0.169003 0 0 255
-0.425 0 0.0791824 -0.166556 0 0 255
-0.4 0 0.082275 -0.16389 0 0 255
-0.375 0 0.0854272 -0.160965 0 0 255
-0.35 0 0.0886623 -0.157741 0 0 255
-0.325 0 0.092006 -0.154176 0 0 255
-0.3 0 0.0954824 -0.150234 0 0 255
-0.275 0 0.099107 -0.145902 0 0 255
-0.25 0 0.102873 -0.141207 0 0 255
-0.225 0 0.106727 -0.136258 0 0 255
-0.2 0 0.110539 -0.131291 0 0 255
-0.175 0 0.114065 -0.126714 0 0 255
-0.15 0 0.116944 -0.123098 0 0 255
-0.125 0 0.118805 -0.120976 0 0 255
-0.1 0 0.119527 -0.120417 0 0 255
-0.075 0 0.129877 -0.0947041 0 0 255
-0.05 0 0.140349 -0.0690895 0 0 255
-0.025 0 0.150825 -0.0434866 0 0 255
0 0 0.161306 -0.0178944 0 0 255
0.025 0 0.171798 0.00768738 0 0 255
0.05 0 0.182294 0.0332606 0 0 255
0.075 0 0.192802 0.0588192 0 0 255
0.1 0 0.203905 0.0843544 0 0 255
0.125 0 0.20362 0.0848876 0 0 255
0.15 0 0.203645 0.0866181 0 0 255
0.175 0 0.204055 0.0894699 0 0 255
0.2 0 0.204724 0.0930394 0 0 255
0.225 0 0.205471 0.0969086 0 0 255
0.25 0 0.206149 0.10078 0 0 255
0.275 0 0.206661 0.104485 0 0 255
0.3 0 0.206952 0.107948 0 0 255
0.325 0 0.207 0.111152 0 0 255
0.35 0 0.206804 0.114105 0 0 255
0.375 0 0.20637 0.116834 0 0 255
0.4 0 0.205712 0.119367 0 0 255
0.425 0 0.20485 0.121733 0 0 255
0.45 0 0.203801 0.123958 0 0 255
0.475 0 0.202583 0.126064 0 0 255
0.5 0 0.201217 0.128071 0 0 255
