-0.5 1 -0.136896 -0.0966382 0 0 255
-0.475 1 -0.138486 -0.0945412 0 0 255
-0.45 1 -0.140159 -0.0923376 0 0 255
-0.425 1 -0.141904 -0.0900415 0 0 255
-0.4 1 -0.143707 -0.0876731 0 0 255
-0.375 1 -0.145546 -0.0852599 0 0 255
-0.35 1 -0.147396 -0.0828361 0 0 255
-0.325 1 -0.149225 -0.0804429 0 0 255
-0.3 1 -0.150999 -0.0781264 0 0 255
-0.275 1 -0.152679 -0.0759358 0 0 255
-0.25 1 -0.154228 -0.0739198 0 0 255
-0.225 1 -0.155612 -0.0721222 0 0 255
-0.2 1 -0.156804 -0.0705778 0 0 255
-0.175 1 -0.157785 -0.0693096 0 0 255
-0.15 1 -0.158546 -0.068327 0 0 255
-0.125 1 -0.159087 -0.0676289 0 0 255
-0.1 1 -0.159409 -0.067214 0 0 255
-0.075 1 -0.154407 -0.0486373 0 0 255
-0.05 1 -0.149464 -0.0302574 0 0 255
-0.025 1 -0.144523 -0.0118818 0 0 255
0 1 -0.139584 0.00649239 0 0 255
0.025 1 -0.134645 0.0248654 0 0 255
0.05 1 -0.129707 0.043237 0 0 255
0.075 1 -0.124783 0.0616113 0 0 255
0.1 1 -0.120377 0.0803235 0 0 255
0.125 1 -0.119832 0.080682 0 0 255
0.15 1 -0.118916 0.0812857 0 0 255
0.175 1 -0.117632 0.0821363 0 0 255
0.2 1 -0.11598 0.083235 0 0 255
0.225 1 -0.113975 0.0845738 0 0 255
0.25 1 -0.111649 0.086133 0 0 255
0.275 1 -0.109048 0.0878827 0 0 255
0.3 1 -0.10623 0.0897846 0 0 255
0.325 1 -0.103256 0.0917966 0 0 255
0.35 1 -0.100191 0.0938761 0 0 255
0.375 1 -0.0970923 0.0959826 0 0 255
0.4 1 -0.0940131 0.0980806 0 0 255
0.425 1 -0.0909961 0.10014 0 0 255
0.45 1 -0.0880757 0.102137 0 0 255
0.475 1 -0.0852769 0.104054 0 0 255
0.5 1 -0.0826172 0.105878 0 0 255
-0.5 0.975 -0.135306 -0.0987352 0 0 255
-0.475 0.975 -0.136895 -0.0966368 0 0 255
-0.45 0.975 -0.138585 -0.0944082 0 0 255
-0.425 0.975 -0.140368 -0.0920599 0 0 255
-0.4 0.975 -0.142231 -0.0896095 0 0 255
-0.375 0.975 -0.144155 -0.0870824 0 0 255
-0.35 0.975 -0.146114 -0.0845131 0 0 255
-0.325 0.975 -0.148075 -0.0819448 0 0 255
-0.3 0.975 -0.149999 -0.0794292 0 0 255
-0.275 0.975 -0.151843 -0.0770233 0 0 255
-0.25 0.975 -0.153561 -0.0747863 0 0 255
-0.225 0.975 -0.155109 -0.0727741 0 0 255
-0.2 0.975 -0.156452 -0.0710333 0 0 255
-0.175 0.975 -0.157562 -0.0695967 0 0 255
-0.15 0.975 -0.158427 -0.0684805 0 0 255
-0.125 0.975 -0.159043 -0.0676864 0 0 255
-0.1 0.975 -0.159409 -0.067214 0 0 255
-0.075 0.975 -0.154407 -0.0486373 0 0 255
-0.05 0.975 -0.149464 -0.0302574 0 0 255
-0.025 0.975 -0.144523 -0.0118818 0 0 255
0 0.975 -0.139584 0.00649239 0 0 255
0.025 0.975 -0.134645 0.0248654 0 0 255
0.05 0.975 -0.129707 0.043237 0 0 255
0.075 0.975 -0.124783 0.0616113 0 0 255
0.1 0.975 -0.120377 0.0803235 0 0 255
0.125 0.975 -0.119756 0.0807317 0 0 255
0.15 0.975 -0.118715 0.0814185 0 0 255
0.175 0.975 -0.117256 0.0823849 0 0 255
0.2 0.975 -0.115387 0.0836296 0 0 255
0.225 0.975 -0.113129 0.0851389 0 0 255
0.25 0.975 -0.110528 0.0868847 0 0 255
0.275 0.975 -0.107645 0.0888264 0 0 255
0.3 0.975 -0.104553 0.0909157 0 0 255
0.325 0.975 -0.101328 0.0931012 0 0 255
0.35 0.975 -0.0980428 0.0953331 0 0 255
0.375 0.975 -0.0947626 0.0975666 0 0 255
0.4 0.975 -0.0915422 0.0997639 0 0 255
0.425 0.975 -0.0884249 0.101895 0 0 255
0.45 0.975 -0.0854421 0.103938 0 0 255
0.475 0.975 -0.0826154 0.105877 0 0 255
0.5 0.975 -0.0799574 0.107703 0 0 255
-0.5 0.95 -0.133634 -0.100942 0 0 255
-0.475 0.95 -0.135205 -0.0988654 0 0 255
-0.45 0.95 -0.136894 -0.0966351 0 0 255
-0.425 0.95 -0.138698 -0.0942568 0 0 255
-0.4 0.95 -0.140606 -0.0917433 0 0 255
-0.375 0.95 -0.142604 -0.0891165 0 0 255
-0.35 0.95 -0.144666 -0.086409 0 0 255
-0.325 0.95 -0.146759 -0.083665 0 0 255
-0.3 0.95 -0.148842 -0.0809399 0 0 255
-0.275 0.95 -0.150863 -0.0782992 0 0 255
-0.25 0.95 -0.15277 -0.0758137 0 0 255
-0.225 0.95 -0.154508 -0.0735538 0 0 255
-0.2 0.95 -0.156028 -0.0715818 0 0 255
-0.175 0.95 -0.157293 -0.0699442 0 0 255
-0.15 0.95 -0.158282 -0.068667 0 0 255
-0.125 0.95 -0.158988 -0.0677566 0 0 255
-0.1 0.95 -0.159409 -0.067214 0 0 255
-0.075 0.95 -0.154407 -0.0486373 0 0 255
-0.05 0.95 -0.149464 -0.0302574 0 0 255
-0.025 0.95 -0.144523 -0.0118818 0 0 255
0 0.95 -0.139584 0.00649239 0 0 255
0.025 0.95 -0.134645 0.0248654 0 0 255
0.05 0.95 -0.129707 0.043237 0 0 255
0.075 0.95 -0.124783 0.0616113 0 0 255
0.1 0.95 -0.120377 0.0803235 0 0 255
0.125 0.95 -0.119664 0.0807923 0 0 255
0.15 0.95 -0.11847 0.0815798 0 0 255
0.175 0.95 -0.116802 0.0826857 0 0 255
0.2 0.95 -0.114673 0.0841048 0 0 255
0.225 0.95 -0.112118 0.0858149 0 0 255
0.25 0.95 -0.1092 0.087776 0 0 255
0.275 0.95 -0.106001 0.0899339 0 0 255
0.3 0.95 -0.102612 0.0922277 0 0 255
0.325 0.95 -0.0991228 0.0945956 0 0 255
0.35 0.95 -0.0956174 0.0969808 0 0 255
0.375 0.95 -0.0921657 0.0993348 0 0 255
0.4 0.95 -0.0888231 0.101619 0 0 255
0.425 0.95 -0.0856301 0.103806 0 0 255
0.45 0.95 -0.0826135 0.105875 0 0 255
0.475 0.95 -0.0797887 0.107816 0 0 255
0.5 0.95 -0.0771622 0.109623 0 0 255
-0.5 0.925 -0.131892 -0.103245 0 0 255
-0.475 0.925 -0.133424 -0.101217 0 0 255
-0.45 0.925 -0.135091 -0.0990134 0 0 255
-0.425 0.925 -0.136893 -0.0966332 0 0 255
-0.4 0.925 -0.138827 -0.0940829 0 0 255
-0.375 0.925 -0.140881 -0.0913787 0 0 255
-0.35 0.925 -0.143034 -0.0885486 0 0 255
-0.325 0.925 -0.145254 -0.0856349 0 0 255
-0.3 0.925 -0.147498 -0.0826953 0 0 255
-0.275 0.925 -0.14971 -0.0798022 0 0 255
-0.25 0.925 -0.151828 -0.0770391 0 0 255
-0.225 0.925 -0.153783 -0.074494 0 0 255
-0.2 0.925 -0.155512 -0.0722489 0 0 255
-0.175 0.925 -0.156964 -0.0703696 0 0 255
-0.15 0.925 -0.158104 -0.0688963 0 0 255
-0.125 0.925 -0.158921 -0.0678432 0 0 255
-0.1 0.925 -0.159409 -0.067214 0 0 255
-0.075 0.925 -0.154407 -0.0486373 0 0 255
-0.05 0.925 -0.149464 -0.0302574 0 0 255
-0.025 0.925 -0.144523 -0.0118818 0 0 255
0 0.925 -0.139584 0.00649239 0 0 255
0.025 0.925 -0.134645 0.0248654 0 0 255
0.05 0.925 -0.129707 0.043237 0 0 255
0.075 0.925 -0.124783 0.0616113 0 0 255
0.1 0.925 -0.120377 0.0803235 0 0 255
0.125 0.925 -0.11955 0.0808672 0 0 255
0.15 0.925 -0.11817 0.0817782 0 0 255
0.175 0.925 -0.116247 0.083054 0 0 255
0.2 0.925 -0.113805 0.0846829 0 0 255
0.225 0.925 -0.1109 0.0866303 0 0 255
0.25 0.925 -0.107618 0.0888394 0 0 255
0.275 0.925 -0.104067 0.0912389 0 0 255
0.3 0.925 -0.100359 0.0937524 0 0 255
0.325 0.925 -0.0966007 0.0963073 0 0 255
0.35 0.925 -0.0928842 0.0988405 0 0 255
0.375 0.925 -0.0892818 0.101302 0 0 255
0.4 0.925 -0.0858459 0.103654 0 0 255
0.425 0.925 -0.0826112 0.105873 0 0 255
0.45 0.925 -0.0795968 0.107944 0 0 255
0.475 0.925 -0.0768101 0.109862 0 0 255
0.5 0.925 -0.0742496 0.111627 0 0 255
-0.5 0.9 -0.130095 -0.105624 0 0 255
-0.475 0.9 -0.131565 -0.103675 0 0 255
-0.45 0.9 -0.133184 -0.101531 0 0 255
-0.425 0.9 -0.134959 -0.0991835 0 0 255
-0.4 0.9 -0.136892 -0.096631 0 0 255
-0.375 0.9 -0.138978 -0.0938811 0 0 255
-0.35 0.9 -0.141201 -0.0909543 0 0 255
-0.325 0.9 -0.143534 -0.0878873 0 0 255
-0.3 0.9 -0.145936 -0.0847364 0 0 255
-0.275 0.9 -0.148349 -0.0815786 0 0 255
-0.25 0.9 -0.150698 -0.0785097 0 0 255
-0.225 0.9 -0.152903 -0.0756373 0 0 255
-0.2 0.9 -0.154879 -0.073069 0 0 255
-0.175 0.9 -0.156556 -0.0708968 0 0 255
-0.15 0.9 -0.157882 -0.0691823 0 0 255
-0.125 0.9 -0.158836 -0.0679519 0 0 255
-0.1 0.9 -0.159409 -0.067214 0 0 255
-0.075 0.9 -0.154407 -0.0486373 0 0 255
-0.05 0.9 -0.149464 -0.0302574 0 0 255
-0.025 0.9 -0.144523 -0.0118818 0 0 255
0 0.9 -0.139584 0.00649239 0 0 255
0.025 0.9 -0.134645 0.0248654 0 0 255
0.05 0.9 -0.129707 0.043237 0 0 255
0.075 0.9 -0.124783 0.0616113 0 0 255
0.1 0.9 -0.120377 0.0803235 0 0 255
0.125 0.9 -0.119407 0.0809612 0 0 255
0.15 0.9 -0.117795 0.0820256 0 0 255
0.175 0.9 -0.115559 0.0835105 0 0 255
0.2 0.9 -0.11274 0.0853937 0 0 255
0.225 0.9 -0.10942 0.087622 0 0 255
0.25 0.9 -0.105722 0.0901157 0 0 255
0.275 0.9 -0.101783 0.0927816 0 0 255
0.3 0.9 -0.0977427 0.0955258 0 0 255
0.325 0.9 -0.0937211 0.098265 0 0 255
0.35 0.9 -0.0898157 0.100932 0 0 255
0.375 0.9 -0.0860964 0.103478 0 0 255
0.4 0.9 -0.0826085 0.10587 0 0 255
0.425 0.9 -0.0793765 0.108092 0 0 255
0.45 0.9 -0.0764086 0.110135 0 0 255
0.475 0.9 -0.0737018 0.112002 0 0 255
0.5 0.9 -0.0712453 0.113698 0 0 255
-0.5 0.875 -0.128264 -0.108052 0 0 255
-0.475 0.875 -0.129647 -0.106214 0 0 255
-0.45 0.875 -0.131191 -0.104167 0 0 255
-0.425 0.875 -0.132908 -0.101892 0 0 255
-0.4 0.875 -0.134807 -0.0993808 0 0 255
-0.375 0.875 -0.136891 -0.0966283 0 0 255
-0.35 0.875 -0.139154 -0.0936439 0 0 255
-0.325 0.875 -0.141578 -0.090454 0 0 255
-0.3 0.875 -0.144125 -0.0871081 0 0 255
-0.275 0.875 -0.146738 -0.0836829 0 0 255
-0.25 0.875 -0.149337 -0.0802839 0 0 255
-0.225 0.875 -0.151824 -0.0770396 0 0 255
-0.2 0.875 -0.154092 -0.0740888 0 0 255
-0.175 0.875 -0.156043 -0.0715592 0 0 255
-0.15 0.875 -0.157601 -0.0695445 0 0 255
-0.125 0.875 -0.158729 -0.0680908 0 0 255
-0.1 0.875 -0.159409 -0.067214 0 0 255
-0.075 0.875 -0.154407 -0.0486373 0 0 255
-0.05 0.875 -0.149464 -0.0302574 0 0 255
-0.025 0.875 -0.144523 -0.0118818 0 0 255
0 0.875 -0.139584 0.00649239 0 0 255
0.025 0.875 -0.134645 0.0248654 0 0 255
0.05 0.875 -0.129707 0.043237 0 0 255
0.075 0.875 -0.124783 0.0616113 0 0 255
0.1 0.875 -0.120377 0.0803235 0 0 255
0.125 0.875 -0.119224 0.0810811 0 0 255
0.15 0.875 -0.11732 0.082339 0 0 255
0.175 0.875 -0.114695 0.0840843 0 0 255
0.2 0.875 -0.111416 0.0862778 0 0 255
0.225 0.875 -0.107608 0.0888387 0 0 255
0.25 0.875 -0.103437 0.0916561 0 0 255
0.275 0.875 -0.0990829 0.0946095 0 0 255
0.3 0.875 -0.0947079 0.0975868 0 0 255
0.325 0.875 -0.0904453 0.100496 0 0 255
0.35 0.875 -0.0863908 0.103271 0 0 255
0.375 0.875 -0.0826054 0.105868 0 0 255
0.4 0.875 -0.0791206 0.108263 0 0 255
0.425 0.875 -0.0759463 0.110449 0 0 255
0.45 0.875 -0.0730765 0.112429 0 0 255
0.475 0.875 -0.0704961 0.114212 0 0 255
0.5 0.875 -0.068184 0.115812 0 0 255
-0.5 0.85 -0.126424 -0.110495 0 0 255
-0.475 0.85 -0.127697 -0.108801 0 0 255
-0.45 0.85 -0.129136 -0.106888 0 0 255
-0.425 0.85 -0.130761 -0.104733 0 0 255
-0.4 0.85 -0.132587 -0.102313 0 0 255
-0.375 0.85 -0.134628 -0.0996127 0 0 255
-0.35 0.85 -0.136889 -0.0966251 0 0 255
-0.325 0.85 -0.139365 -0.0933609 0 0 255
-0.3 0.85 -0.142029 -0.0898552 0 0 255
-0.275 0.85 -0.144831 -0.0861768 0 0 255
-0.25 0.85 -0.147688 -0.082434 0 0 255
-0.225 0.85 -0.15049 -0.0787742 0 0 255
-0.2 0.85 -0.153102 -0.0753724 0 0 255
-0.175 0.85 -0.155389 -0.0724045 0 0 255
-0.15 0.85 -0.157239 -0.0700116 0 0 255
-0.125 0.85 -0.158588 -0.0682717 0 0 255
-0.1 0.85 -0.159409 -0.067214 0 0 255
-0.075 0.85 -0.154407 -0.0486373 0 0 255
-0.05 0.85 -0.149464 -0.0302574 0 0 255
-0.025 0.85 -0.144523 -0.0118818 0 0 255
0 0.85 -0.139584 0.00649239 0 0 255
0.025 0.85 -0.134645 0.0248654 0 0 255
0.05 0.85 -0.129707 0.043237 0 0 255
0.075 0.85 -0.124783 0.0616113 0 0 255
0.1 0.85 -0.120377 0.0803235 0 0 255
0.125 0.85 -0.118986 0.0812375 0 0 255
0.15 0.85 -0.116709 0.0827431 0 0 255
0.175 0.85 -0.113594 0.0848166 0 0 255
0.2 0.85 -0.109752 0.0873909 0 0 255
0.225 0.85 -0.105369 0.090344 0 0 255
0.25 0.85 -0.100674 0.0935233 0 0 255
0.275 0.85 -0.0958879 0.0967763 0 0 255
0.3 0.85 -0.091199 0.0999747 0 0 255
0.325 0.85 -0.086742 0.103024 0 0 255
0.35 0.85 -0.0826016 0.105864 0 0 255
0.375 0.85 -0.0788199 0.108464 0 0 255
0.4 0.85 -0.0754081 0.110815 0 0 255
0.425 0.85 -0.0723562 0.112922 0 0 255
0.45 0.85 -0.0696419 0.114799 0 0 255
0.475 0.85 -0.0672366 0.116464 0 0 255
0.5 0.85 -0.0651091 0.11794 0 0 255
-0.5 0.825 -0.124607 -0.112913 0 0 255
-0.475 0.825 -0.125747 -0.111392 0 0 255
-0.45 0.825 -0.127053 -0.109653 0 0 255
-0.425 0.825 -0.128549 -0.107664 0 0 255
-0.4 0.825 -0.130259 -0.105393 0 0 255
-0.375 0.825 -0.132208 -0.102809 0 0 255
-0.35 0.825 -0.134414 -0.0998894 0 0 255
-0.325 0.825 -0.136887 -0.0966212 0 0 255
-0.3 0.825 -0.139621 -0.093017 0 0 255
-0.275 0.825 -0.142579 -0.0891256 0 0 255
-0.25 0.825 -0.145689 -0.085046 0 0 255
-0.225 0.825 -0.14883 -0.0809364 0 0 255
-0.2 0.825 -0.151841 -0.0770091 0 0 255
-0.175 0.825 -0.154541 -0.073502 0 0 255
-0.15 0.825 -0.156762 -0.0706264 0 0 255
-0.125 0.825 -0.158401 -0.0685133 0 0 255
-0.1 0.825 -0.159409 -0.067214 0 0 255
-0.075 0.825 -0.154407 -0.0486373 0 0 255
-0.05 0.825 -0.149464 -0.0302574 0 0 255
-0.025 0.825 -0.144523 -0.0118818 0 0 255
0 0.825 -0.139584 0.00649239 0 0 255
0.025 0.825 -0.134645 0.0248654 0 0 255
0.05 0.825 -0.129707 0.043237 0 0 255
0.075 0.825 -0.124783 0.0616113 0 0 255
0.1 0.825 -0.120377 0.0803235 0 0 255
0.125 0.825 -0.118668 0.0814463 0 0 255
0.15 0.825 -0.115904 0.0832752 0 0 255
0.175 0.825 -0.112166 0.0857674 0 0 255
0.2 0.825 -0.107633 0.0888105 0 0 255
0.225 0.825 -0.102584 0.0922211 0 0 255
0.25 0.825 -0.097322 0.0957923 0 0 255
0.275 0.825 -0.0921176 0.0993393 0 0 255
0.3 0.825 -0.0871685 0.102724 0 0 255
0.325 0.825 -0.0825969 0.10586 0 0 255
0.35 0.825 -0.0784611 0.108704 0 0 255
0.375 0.825 -0.0747736 0.111246 0 0 255
0.4 0.825 -0.0715175 0.113496 0 0 255
0.425 0.825 -0.0686599 0.115473 0 0 255
0.45 0.825 -0.0661607 0.117206 0 0 255
0.475 0.825 -0.0639783 0.118721 0 0 255
0.5 0.825 -0.0620728 0.120046 0 0 255
-0.5 0.8 -0.122847 -0.115259 0 0 255
-0.475 0.8 -0.123837 -0.113936 0 0 255
-0.45 0.8 -0.124984 -0.112405 0 0 255
-0.425 0.8 -0.126317 -0.110627 0 0 255
-0.4 0.8 -0.127867 -0.108564 0 0 255
-0.375 0.8 -0.129668 -0.106171 0 0 255
-0.35 0.8 -0.131754 -0.103403 0 0 255
-0.325 0.8 -0.134154 -0.100225 0 0 255
-0.3 0.8 -0.136885 -0.0966162 0 0 255
-0.275 0.8 -0.139939 -0.0925902 0 0 255
-0.25 0.8 -0.143265 -0.0882174 0 0 255
-0.225 0.8 -0.146751 -0.0836479 0 0 255
-0.2 0.8 -0.150215 -0.0791228 0 0 255
-0.175 0.8 -0.153419 -0.074954 0 0 255
-0.15 0.8 -0.15612 -0.0714554 0 0 255
-0.125 0.8 -0.158143 -0.0688457 0 0 255
-0.1 0.8 -0.159409 -0.067214 0 0 255
-0.075 0.8 -0.154407 -0.0486373 0 0 255
-0.05 0.8 -0.149464 -0.0302574 0 0 255
-0.025 0.8 -0.144523 -0.0118818 0 0 255
0 0.8 -0.139584 0.00649239 0 0 255
0.025 0.8 -0.134645 0.0248654 0 0 255
0.05 0.8 -0.129707 0.043237 0 0 255
0.075 0.8 -0.124783 0.0616113 0 0 255
0.1 0.8 -0.120377 0.0803235 0 0 255
0.125 0.8 -0.118231 0.0817335 0 0 255
0.15 0.8 -0.114819 0.0839927 0 0 255
0.175 0.8 -0.110278 0.0870259 0 0 255
0.2 0.8 -0.104902 0.0906446 0 0 255
0.225 0.8 -0.0990973 0.0945758 0 0 255
0.25 0.8 -0.0932617 0.0985482 0 0 255
0.275 0.8 -0.0876979 0.102351 0 0 255
0.3 0.8 -0.082591 0.105855 0 0 255
0.325 0.8 -0.0780253 0.108996 0 0 255
0.35 0.8 -0.0740142 0.111763 0 0 255
0.375 0.8 -0.070529 0.114172 0 0 255
0.4 0.8 -0.0675202 0.116257 0 0 255
0.425 0.8 -0.0649306 0.118054 0 0 255
0.45 0.8 -0.0627035 0.119602 0 0 255
0.475 0.8 -0.0607867 0.120937 0 0 255
0.5 0.8 -0.0591338 0.12209 0 0 255
-0.5 0.775 -0.121184 -0.117482 0 0 255
-0.475 0.775 -0.12201 -0.116375 0 0 255
-0.45 0.775 -0.122979 -0.115078 0 0 255
-0.425 0.775 -0.12412 -0.113552 0 0 255
-0.4 0.775 -0.12547 -0.111751 0 0 255
-0.375 0.775 -0.127068 -0.109621 0 0 255
-0.35 0.775 -0.128962 -0.107101 0 0 255
-0.325 0.775 -0.131201 -0.104127 0 0 255
-0.3 0.775 -0.133831 -0.100642 0 0 255
-0.275 0.775 -0.136882 -0.0966098 0 0 255
-0.25 0.775 -0.140344 -0.0920454 0 0 255
-0.225 0.775 -0.144141 -0.0870568 0 0 255
-0.2 0.775 -0.148091 -0.0818852 0 0 255
-0.175 0.775 -0.151905 -0.0769154 0 0 255
-0.15 0.775 -0.155229 -0.0726049 0 0 255
-0.125 0.775 -0.157774 -0.0693198 0 0 255
-0.1 0.775 -0.159409 -0.067214 0 0 255
-0.075 0.775 -0.154407 -0.0486373 0 0 255
-0.05 0.775 -0.149464 -0.0302574 0 0 255
-0.025 0.775 -0.144523 -0.0118818 0 0 255
0 0.775 -0.139584 0.00649239 0 0 255
0.025 0.775 -0.134645 0.0248654 0 0 255
0.05 0.775 -0.129707 0.043237 0 0 255
0.075 0.775 -0.124783 0.0616113 0 0 255
0.1 0.775 -0.120377 0.0803235 0 0 255
0.125 0.775 -0.117608 0.0821432 0 0 255
0.15 0.775 -0.113316 0.0849878 0 0 255
0.175 0.775 -0.107732 0.0887265 0 0 255
0.2 0.775 -0.101339 0.0930424 0 0 255
0.225 0.775 -0.0947246 0.0975374 0 0 255
0.25 0.775 -0.0883731 0.101876 0 0 255
0.275 0.775 -0.0825833 0.105848 0 0 255
0.3 0.775 -0.0774841 0.109358 0 0 255
0.325 0.775 -0.0730889 0.112392 0 0 255
0.35 0.775 -0.0693478 0.114982 0 0 255
0.375 0.775 -0.0661838 0.117177 0 0 255
0.4 0.775 -0.0635139 0.119032 0 0 255
0.425 0.775 -0.0612601 0.120602 0 0 255
0.45 0.775 -0.0593531 0.121932 0 0 255
0.475 0.775 -0.0577344 0.123062 0 0 255
0.5 0.775 -0.0563546 0.124027 0 0 255
-0.5 0.75 -0.119653 -0.119535 0 0 255
-0.475 0.75 -0.120311 -0.11865 0 0 255
-0.45 0.75 -0.121091 -0.117602 0 0 255
-0.425 0.75 -0.122022 -0.116353 0 0 255
-0.4 0.75 -0.123139 -0.114857 0 0 255
-0.375 0.75 -0.124486 -0.113055 0 0 255
-0.35 0.75 -0.12612 -0.110875 0 0 255
-0.325 0.75 -0.128104 -0.108231 0 0 255
-0.3 0.75 -0.130512 -0.105029 0 0 255
-0.275 0.75 -0.133419 -0.101174 0 0 255
-0.25 0.75 -0.136877 -0.096601 0 0 255
-0.225 0.75 -0.14088 -0.0913258 0 0 255
-0.2 0.75 -0.145297 -0.0855267 0 0 255
-0.175 0.75 -0.149817 -0.0796229 0 0 255
-0.15 0.75 -0.153952 -0.0742521 0 0 255
-0.125 0.75 -0.157225 -0.0700279 0 0 255
-0.1 0.75 -0.159409 -0.067214 0 0 255
-0.075 0.75 -0.154407 -0.0486373 0 0 255
-0.05 0.75 -0.149464 -0.0302574 0 0 255
-0.025 0.75 -0.144523 -0.0118818 0 0 255
0 0.75 -0.139584 0.00649239 0 0 255
0.025 0.75 -0.134645 0.0248654 0 0 255
0.05 0.75 -0.129707 0.043237 0 0 255
0.075 0.75 -0.124783 0.0616113 0 0 255
0.1 0.75 -0.120377 0.0803235 0 0 255
0.125 0.75 -0.116676 0.0827551 0 0 255
0.15 0.75 -0.111164 0.086414 0 0 255
0.175 0.75 -0.104224 0.0910749 0 0 255
0.2 0.75 -0.0966551 0.0962048 0 0 255
0.225 0.75 -0.0892646 0.101248 0 0 255
0.25 0.75 -0.0825729 0.105838 0 0 255
0.275 0.75 -0.0767936 0.109819 0 0 255
0.3 0.75 -0.071937 0.113176 0 0 255
0.325 0.75 -0.0679134 0.115965 0 0 255
0.35 0.75 -0.0645993 0.118268 0 0 255
0.375 0.75 -0.0618713 0.120168 0 0 255
0.4 0.75 -0.0596202 0.121739 0 0 255
0.425 0.75 -0.0577544 0.123043 0 0 255
0.45 0.75 -0.0561996 0.124131 0 0 255
0.475 0.75 -0.0548962 0.125045 0 0 255
0.5 0.75 -0.0537968 0.125816 0 0 255
-0.5 0.725 -0.118287 -0.12137 0 0 255
-0.475 0.725 -0.118782 -0.120702 0 0 255
-0.45 0.725 -0.119375 -0.119904 0 0 255
-0.425 0.725 -0.120089 -0.118943 0 0 255
-0.4 0.725 -0.120957 -0.117775 0 0 255
-0.375 0.725 -0.122022 -0.116345 0 0 255
-0.35 0.725 -0.12334 -0.114579 0 0 255
-0.325 0.725 -0.124982 -0.112381 0 0 255
-0.3 0.725 -0.127042 -0.109631 0 0 255
-0.275 0.725 -0.129632 -0.106182 0 0 255
-0.25 0.725 -0.132875 -0.101876 0 0 255
-0.225 0.725 -0.136871 -0.0965883 0 0 255
-0.2 0.725 -0.14162 -0.0903313 0 0 255
-0.175 0.725 -0.14688 -0.0834374 0 0 255
-0.15 0.725 -0.152052 -0.0767048 0 0 255
-0.125 0.725 -0.156352 -0.0711518 0 0 255
-0.1 0.725 -0.159409 -0.067214 0 0 255
-0.075 0.725 -0.154407 -0.0486373 0 0 255
-0.05 0.725 -0.149464 -0.0302574 0 0 255
-0.025 0.725 -0.144523 -0.0118818 0 0 255
0 0.725 -0.139584 0.00649239 0 0 255
0.025 0.725 -0.134645 0.0248654 0 0 255
0.05 0.725 -0.129707 0.043237 0 0 255
0.075 0.725 -0.124783 0.0616113 0 0 255
0.1 0.725 -0.120377 0.0803235 0 0 255
0.125 0.725 -0.115198 0.0837263 0 0 255
0.15 0.725 -0.107964 0.0885385 0 0 255
0.175 0.725 -0.0992952 0.0943852 0 0 255
0.2 0.725 -0.0904952 0.10038 0 0 255
0.225 0.725 -0.0825578 0.105824 0 0 255
0.25 0.725 -0.0758812 0.110428 0 0 255
0.275 0.725 -0.070465 0.114178 0 0 255
0.3 0.725 -0.0661397 0.117183 0 0 255
0.325 0.725 -0.0626993 0.11958 0 0 255
0.35 0.725 -0.0599559 0.121495 0 0 255
0.375 0.725 -0.057755 0.123035 0 0 255
0.4 0.725 -0.0559758 0.124282 0 0 255
0.425 0.725 -0.0545252 0.1253 0 0 255
0.45 0.725 -0.0533323 0.126138 0 0 255
0.475 0.725 -0.0523431 0.126834 0 0 255
0.5 0.725 -0.051516 0.127417 0 0 255
-0.5 0.7 -0.117115 -0.122953 0 0 255
-0.475 0.7 -0.117461 -0.122484 0 0 255
-0.45 0.7 -0.117877 -0.121921 0 0 255
-0.425 0.7 -0.118383 -0.121236 0 0 255
-0.4 0.7 -0.119006 -0.120395 0 0 255
-0.375 0.7 -0.119781 -0.11935 0 0 255
-0.35 0.7 -0.120756 -0.118036 0 0 255
-0.325 0.7 -0.121999 -0.116364 0 0 255
-0.3 0.7 -0.123605 -0.114209 0 0 255
-0.275 0.7 -0.125704 -0.111398 0 0 255
-0.25 0.7 -0.128471 -0.107703 0 0 255
-0.225 0.7 -0.132122 -0.102845 0 0 255
-0.2 0.7 -0.136861 -0.0965681 0 0 255
-0.175 0.7 -0.1427 -0.0888782 0 0 255
-0.15 0.7 -0.1491 -0.0805172 0 0 255
-0.125 0.7 -0.154844 -0.0730934 0 0 255
-0.1 0.7 -0.159409 -0.067214 0 0 255
-0.075 0.7 -0.154407 -0.0486373 0 0 255
-0.05 0.7 -0.149464 -0.0302574 0 0 255
-0.025 0.7 -0.144523 -0.0118818 0 0 255
0 0.7 -0.139584 0.00649239 0 0 255
0.025 0.7 -0.134645 0.0248654 0 0 255
0.05 0.7 -0.129707 0.043237 0 0 255
0.075 0.7 -0.124783 0.0616113 0 0 255
0.1 0.7 -0.120377 0.0803235 0 0 255
0.125 0.7 -0.112644 0.0854042 0 0 255
0.15 0.7 -0.102998 0.0918423 0 0 255
0.175 0.7 -0.0922897 0.0991101 0 0 255
0.2 0.7 -0.0825338 0.105803 0 0 255
0.225 0.7 -0.0746204 0.111269 0 0 255
0.25 0.7 -0.068524 0.115502 0 0 255
0.275 0.7 -0.0639034 0.118722 0 0 255
0.3 0.7 -0.0603982 0.121172 0 0 255
0.325 0.7 -0.0577163 0.123051 0 0 255
0.35 0.7 -0.0556397 0.124509 0 0 255
0.375 0.7 -0.054011 0.125654 0 0 255
0.4 0.7 -0.0527172 0.126565 0 0 255
0.425 0.7 -0.0516768 0.127299 0 0 255
0.45 0.7 -0.0508304 0.127896 0 0 255
0.475 0.7 -0.0501345 0.128388 0 0 255
0.5 0.7 -0.0495568 0.128797 0 0 255
-0.5 0.675 -0.116152 -0.124257 0 0 255
-0.475 0.675 -0.11637 -0.123961 0 0 255
-0.45 0.675 -0.116634 -0.123602 0 0 255
-0.425 0.675 -0.116956 -0.123163 0 0 255
-0.4 0.675 -0.117356 -0.12262 0 0 255
-0.375 0.675 -0.117859 -0.121938 0 0 255
-0.35 0.675 -0.118501 -0.121068 0 0 255
-0.325 0.675 -0.119334 -0.119941 0 0 255
-0.3 0.675 -0.120437 -0.11845 0 0 255
-0.275 0.675 -0.121927 -0.116441 0 0 255
-0.25 0.675 -0.123985 -0.113673 0 0 255
-0.225 0.675 -0.126885 -0.109784 0 0 255
-0.2 0.675 -0.131022 -0.104258 0 0 255
-0.175 0.675 -0.136842 -0.0965307 0 0 255
-0.15 0.675 -0.144334 -0.0866763 0 0 255
-0.125 0.675 -0.151874 -0.0769184 0 0 255
-0.1 0.675 -0.159409 -0.067214 255 0 0
-0.075 0.675 -0.154407 -0.0486373 255 0 0
-0.05 0.675 -0.149464 -0.0302574 255 0 0
-0.025 0.675 -0.144523 -0.0118818 255 0 0
0 0.675 -0.139584 0.00649239 255 0 0
0.025 0.675 -0.134645 0.0248654 255 0 0
0.05 0.675 -0.129707 0.043237 255 0 0
0.075 0.675 -0.124783 0.0616113 255 0 0
0.1 0.675 -0.120377 0.0803235 255 0 0
0.125 0.675 -0.107614 0.0887095 0 0 255
0.15 0.675 -0.0949941 0.0971836 0 0 255
0.175 0.675 -0.0824893 0.105762 0 0 255
0.2 0.675 -0.0727779 0.112495 0 0 255
0.225 0.675 -0.0658733 0.117312 0 0 255
0.25 0.675 -0.0610329 0.120702 0 0 255
0.275 0.675 -0.0575972 0.123116 0 0 255
0.3 0.675 -0.0551086 0.124869 0 0 255
0.325 0.675 -0.0532663 0.126169 0 0 255
0.35 0.675 -0.051874 0.127152 0 0 255
0.375 0.675 -0.0508016 0.127911 0 0 255
0.4 0.675 -0.0499612 0.128506 0 0 255
0.425 0.675 -0.0492925 0.12898 0 0 255
0.45 0.675 -0.0487529 0.129363 0 0 255
0.475 0.675 -0.048312 0.129676 0 0 255
0.5 0.675 -0.0479478 0.129934 0 0 255
-0.5 0.65 -0.115407 -0.125272 0 0 255
-0.475 0.65 -0.115523 -0.125113 0 0 255
-0.45 0.65 -0.115665 -0.124919 0 0 255
-0.425 0.65 -0.115838 -0.124682 0 0 255
-0.4 0.65 -0.116055 -0.124386 0 0 255
-0.375 0.65 -0.11633 -0.124011 0 0 255
-0.35 0.65 -0.116684 -0.123527 0 0 255
-0.325 0.65 -0.11715 -0.122892 0 0 255
-0.3 0.65 -0.117779 -0.122035 0 0 255
-0.275 0.65 -0.118651 -0.120848 0 0 255
-0.25 0.65 -0.119902 -0.119148 0 0 255
-0.225 0.65 -0.121765 -0.116621 0 0 255
-0.2 0.65 -0.124663 -0.112701 0 0 255
-0.175 0.65 -0.12935 -0.106385 0 0 255
-0.15 0.65 -0.136794 -0.0964342 0 0 255
-0.125 0.65 -0.144339 -0.0866228 255 0 0
-0.1 0.65 -0.139331 -0.0682367 255 0 0
-0.075 0.65 -0.134388 -0.0498615 255 0 0
-0.05 0.65 -0.129447 -0.0314862 255 0 0
-0.025 0.65 -0.124507 -0.0131113 255 0 0
0 0.65 -0.119567 0.00526266 255 0 0
0.025 0.65 -0.114628 0.0236356 255 0 0
0.05 0.65 -0.109689 0.0420073 255 0 0
0.075 0.65 -0.104749 0.0603776 255 0 0
0.1 0.65 -0.0998079 0.0787452 255 0 0
0.125 0.65 -0.0948499 0.0970956 255 0 0
0.15 0.65 -0.0823745 0.105658 0 0 255
0.175 0.65 -0.0699845 0.11434 0 0 255
0.2 0.65 -0.0621672 0.119851 0 0 255
0.225 0.65 -0.0573294 0.123272 0 0 255
0.25 0.65 -0.0542175 0.125477 0 0 255
0.275 0.65 -0.0521278 0.126959 0 0 255
0.3 0.65 -0.0506695 0.127995 0 0 255
0.325 0.65 -0.049618 0.128743 0 0 255
0.35 0.65 -0.0488381 0.129297 0 0 255
0.375 0.65 -0.0482456 0.129719 0 0 255
0.4 0.65 -0.0477862 0.130046 0 0 255
0.425 0.65 -0.0474235 0.130305 0 0 255
0.45 0.65 -0.0471326 0.130512 0 0 255
0.475 0.65 -0.0468961 0.13068 0 0 255
0.5 0.65 -0.0467014 0.130819 0 0 255
-0.5 0.625 -0.114878 -0.125995 0 0 255
-0.475 0.625 -0.114922 -0.125935 0 0 255
-0.45 0.625 -0.114975 -0.125862 0 0 255
-0.425 0.625 -0.11504 -0.125772 0 0 255
-0.4 0.625 -0.115123 -0.125659 0 0 255
-0.375 0.625 -0.115228 -0.125515 0 0 255
-0.35 0.625 -0.115364 -0.125327 0 0 255
-0.325 0.625 -0.115547 -0.125076 0 0 255
-0.3 0.625 -0.115799 -0.12473 0 0 255
-0.275 0.625 -0.116157 -0.124237 0 0 255
-0.25 0.625 -0.116693 -0.123501 0 0 255
-0.225 0.625 -0.117544 -0.122332 0 0 255
-0.2 0.625 -0.119013 -0.120313 0 0 255
-0.175 0.625 -0.121907 -0.116336 0 0 255
-0.15 0.625 -0.129249 -0.106246 255 0 0
-0.125 0.625 -0.124255 -0.0878423 255 0 0
-0.1 0.625 -0.119313 -0.0694666 255 0 0
-0.075 0.625 -0.114372 -0.0510912 255 0 0
-0.05 0.625 -0.109431 -0.032716 255 0 0
-0.025 0.625 -0.104491 -0.0143413 255 0 0
0 0.625 -0.0995511 0.00403262 255 0 0
0.025 0.625 -0.0946117 0.0224054 255 0 0
0.05 0.625 -0.0896724 0.0407769 255 0 0
0.075 0.625 -0.0847329 0.0591467 255 0 0
0.1 0.625 -0.079793 0.0775148 255 0 0
0.125 0.625 -0.0748529 0.0958808 255 0 0
0.15 0.625 -0.0698991 0.11422 255 0 0
0.175 0.625 -0.0575946 0.123023 0 0 255
0.2 0.625 -0.0527447 0.126493 0 0 255
0.225 0.625 -0.0502829 0.128255 0 0 255
0.25 0.625 -0.0488579 0.129274 0 0 255
0.275 0.625 -0.04796 0.129917 0 0 255
0.3 0.625 -0.0473589 0.130347 0 0 255
0.325 0.625 -0.0469374 0.130648 0 0 255
0.35 0.625 -0.0466311 0.130867 0 0 255
0.375 0.625 -0.0464017 0.131031 0 0 255
0.4 0.625 -0.0462257 0.131157 0 0 255
0.425 0.625 -0.0460878 0.131256 0 0 255
0.45 0.625 -0.045978 0.131335 0 0 255
0.475 0.625 -0.045889 0.131398 0 0 255
0.5 0.625 -0.045816 0.131451 0 0 255
-0.5 0.6 -0.114564 -0.126427 0 0 255
-0.475 0.6 -0.114564 -0.126427 0 0 255
-0.45 0.6 -0.114564 -0.126427 0 0 255
-0.425 0.6 -0.114564 -0.126427 0 0 255
-0.4 0.6 -0.114564 -0.126427 0 0 255
-0.375 0.6 -0.114564 -0.126427 0 0 255
-0.35 0.6 -0.114564 -0.126427 0 0 255
-0.325 0.6 -0.114564 -0.126427 0 0 255
-0.3 0.6 -0.114564 -0.126427 0 0 255
-0.275 0.6 -0.114564 -0.126427 0 0 255
-0.25 0.6 -0.114564 -0.126427 0 0 255
-0.225 0.6 -0.114564 -0.126427 0 0 255
-0.2 0.6 -0.114564 -0.126427 0 0 255
-0.175 0.6 -0.114564 -0.126427 255 0 0
-0.15 0.6 -0.109178 -0.107448 255 0 0
-0.125 0.6 -0.104236 -0.0890717 255 0 0
-0.1 0.6 -0.0992955 -0.0706964 255 0 0
-0.075 0.6 -0.0943548 -0.0523212 255 0 0
-0.05 0.6 -0.0894146 -0.0339462 255 0 0
-0.025 0.6 -0.0844748 -0.0155716 255 0 0
0 0.6 -0.0795353 0.00280221 255 0 0
0.025 0.6 -0.074596 0.0211749 255 0 0
0.05 0.6 -0.0696568 0.0395462 255 0 0
0.075 0.6 -0.0647175 0.0579159 255 0 0
0.1 0.6 -0.0597781 0.0762838 255 0 0
0.125 0.6 -0.0548388 0.0946503 255 0 0
0.15 0.6 -0.0498999 0.113015 255 0 0
0.175 0.6 -0.04529 0.131827 255 0 0
0.2 0.6 -0.04529 0.131827 0 0 255
0.225 0.6 -0.04529 0.131827 0 0 255
0.25 0.6 -0.04529 0.131827 0 0 255
0.275 0.6 -0.04529 0.131827 0 0 255
0.3 0.6 -0.04529 0.131827 0 0 255
0.325 0.6 -0.04529 0.131827 0 0 255
0.35 0.6 -0.04529 0.131827 0 0 255
0.375 0.6 -0.04529 0.131827 0 0 255
0.4 0.6 -0.04529 0.131827 0 0 255
0.425 0.6 -0.04529 0.131827 0 0 255
0.45 0.6 -0.04529 0.131827 0 0 255
0.475 0.6 -0.04529 0.131827 0 0 255
0.5 0.6 -0.04529 0.131827 0 0 255
-0.5 0.575 -0.0940944 -0.127055 0 0 255
-0.475 0.575 -0.0940944 -0.127055 0 0 255
-0.45 0.575 -0.0940944 -0.127055 0 0 255
-0.425 0.575 -0.0940944 -0.127055 0 0 255
-0.4 0.575 -0.0940944 -0.127055 0 0 255
-0.375 0.575 -0.0940944 -0.127055 0 0 255
-0.35 0.575 -0.0940944 -0.127055 0 0 255
-0.325 0.575 -0.0940944 -0.127055 0 0 255
-0.3 0.575 -0.0940944 -0.127055 0 0 255
-0.275 0.575 -0.0940944 -0.127055 0 0 255
-0.25 0.575 -0.0940944 -0.127055 0 0 255
-0.225 0.575 -0.0940944 -0.127055 0 0 255
-0.2 0.575 -0.0940944 -0.127055 0 0 255
-0.175 0.575 -0.0940944 -0.127055 255 0 0
-0.15 0.575 -0.0891581 -0.108676 255 0 0
-0.125 0.575 -0.0842184 -0.0903011 255 0 0
-0.1 0.575 -0.0792784 -0.0719264 255 0 0
-0.075 0.575 -0.0743385 -0.0535516 255 0 0
-0.05 0.575 -0.0693988 -0.0351768 255 0 0
-0.025 0.575 -0.0644593 -0.0168024 255 0 0
0 0.575 -0.05952 0.00157133 255 0 0
0.025 0.575 -0.0545809 0.0199439 255 0 0
0.05 0.575 -0.0496417 0.0383151 255 0 0
0.075 0.575 -0.0447026 0.0566847 255 0 0
0.1 0.575 -0.0397634 0.0750525 255 0 0
0.125 0.575 -0.0348244 0.0934189 255 0 0
0.15 0.575 -0.0298858 0.111785 255 0 0
0.175 0.575 -0.02495 0.130158 255 0 0
0.2 0.575 -0.02495 0.130158 0 0 255
0.225 0.575 -0.02495 0.130158 0 0 255
0.25 0.575 -0.02495 0.130158 0 0 255
0.275 0.575 -0.02495 0.130158 0 0 255
0.3 0.575 -0.02495 0.130158 0 0 255
0.325 0.575 -0.02495 0.130158 0 0 255
0.35 0.575 -0.02495 0.130158 0 0 255
0.375 0.575 -0.02495 0.130158 0 0 255
0.4 0.575 -0.02495 0.130158 0 0 255
0.425 0.575 -0.02495 0.130158 0 0 255
0.45 0.575 -0.02495 0.130158 0 0 255
0.475 0.575 -0.02495 0.130158 0 0 255
0.5 0.575 -0.02495 0.130158 0 0 255
-0.5 0.55 -0.0740779 -0.128275 0 0 255
-0.475 0.55 -0.0740779 -0.128275 0 0 255
-0.45 0.55 -0.0740779 -0.128275 0 0 255
-0.425 0.55 -0.0740779 -0.128275 0 0 255
-0.4 0.55 -0.0740779 -0.128275 0 0 255
-0.375 0.55 -0.0740779 -0.128275 0 0 255
-0.35 0.55 -0.0740779 -0.128275 0 0 255
-0.325 0.55 -0.0740779 -0.128275 0 0 255
-0.3 0.55 -0.0740779 -0.128275 0 0 255
-0.275 0.55 -0.0740779 -0.128275 0 0 255
-0.25 0.55 -0.0740779 -0.128275 0 0 255
-0.225 0.55 -0.0740779 -0.128275 0 0 255
-0.2 0.55 -0.0740779 -0.128275 0 0 255
-0.175 0.55 -0.0740779 -0.128275 255 0 0
-0.15 0.55 -0.0691399 -0.109904 255 0 0
-0.125 0.55 -0.0642011 -0.0915306 255 0 0
-0.1 0.55 -0.059262 -0.0731567 255 0 0
-0.075 0.55 -0.0543227 -0.0547824 255 0 0
-0.05 0.55 -0.0493835 -0.0364079 255 0 0
-0.025 0.55 -0.0444444 -0.0180337 255 0 0
0 0.55 -0.0395053 0.000339912 255 0 0
0.025 0.55 -0.0345662 0.0187124 255 0 0
0.05 0.55 -0.0296271 0.0370836 255 0 0
0.075 0.55 -0.0246879 0.055453 255 0 0
0.1 0.55 -0.0197487 0.0738206 255 0 0
0.125 0.55 -0.0148096 0.0921864 255 0 0
0.15 0.55 -0.00987058 0.110551 255 0 0
0.175 0.55 -0.00493083 0.128914 255 0 0
0.2 0.55 -0.00493083 0.128914 0 0 255
0.225 0.55 -0.00493083 0.128914 0 0 255
0.25 0.55 -0.00493083 0.128914 0 0 255
0.275 0.55 -0.00493083 0.128914 0 0 255
0.3 0.55 -0.00493083 0.128914 0 0 255
0.325 0.55 -0.00493083 0.128914 0 0 255
0.35 0.55 -0.00493083 0.128914 0 0 255
0.375 0.55 -0.00493083 0.128914 0 0 255
0.4 0.55 -0.00493083 0.128914 0 0 255
0.425 0.55 -0.00493083 0.128914 0 0 255
0.45 0.55 -0.00493083 0.128914 0 0 255
0.475 0.55 -0.00493083 0.128914 0 0 255
0.5 0.55 -0.00493083 0.128914 0 0 255
-0.5 0.525 -0.0540604 -0.129502 0 0 255
-0.475 0.525 -0.0540604 -0.129502 0 0 255
-0.45 0.525 -0.0540604 -0.129502 0 0 255
-0.425 0.525 -0.0540604 -0.129502 0 0 255
-0.4 0.525 -0.0540604 -0.129502 0 0 255
-0.375 0.525 -0.0540604 -0.129502 0 0 255
-0.35 0.525 -0.0540604 -0.129502 0 0 255
-0.325 0.525 -0.0540604 -0.129502 0 0 255
-0.3 0.525 -0.0540604 -0.129502 0 0 255
-0.275 0.525 -0.0540604 -0.129502 0 0 255
-0.25 0.525 -0.0540604 -0.129502 0 0 255
-0.225 0.525 -0.0540604 -0.129502 0 0 255
-0.2 0.525 -0.0540604 -0.129502 0 0 255
-0.175 0.525 -0.0540604 -0.129502 255 0 0
-0.15 0.525 -0.049123 -0.111133 255 0 0
-0.125 0.525 -0.0441849 -0.092761 255 0 0
-0.1 0.525 -0.0392463 -0.0743878 255 0 0
-0.075 0.525 -0.0343076 -0.0560139 255 0 0
-0.05 0.525 -0.0293688 -0.0376396 255 0 0
-0.025 0.525 -0.0244299 -0.0192655 255 0 0
0 0.525 -0.0194909 -0.000892037 255 0 0
0.025 0.525 -0.0145519 0.0174804 255 0 0
0.05 0.525 -0.00961269 0.0358515 255 0 0
0.075 0.525 -0.00467338 0.0542208 255 0 0
0.1 0.525 0.000266006 0.0725882 255 0 0
0.125 0.525 0.00520537 0.0909534 255 0 0
0.15 0.525 0.0101446 0.109317 255 0 0
0.175 0.525 0.0150839 0.127677 255 0 0
0.2 0.525 0.0150839 0.127677 0 0 255
0.225 0.525 0.0150839 0.127677 0 0 255
0.25 0.525 0.0150839 0.127677 0 0 255
0.275 0.525 0.0150839 0.127677 0 0 255
0.3 0.525 0.0150839 0.127677 0 0 255
0.325 0.525 0.0150839 0.127677 0 0 255
0.35 0.525 0.0150839 0.127677 0 0 255
0.375 0.525 0.0150839 0.127677 0 0 255
0.4 0.525 0.0150839 0.127677 0 0 255
0.425 0.525 0.0150839 0.127677 0 0 255
0.45 0.525 0.0150839 0.127677 0 0 255
0.475 0.525 0.0150839 0.127677 0 0 255
0.5 0.525 0.0150839 0.127677 0 0 255
-0.5 0.5 -0.034044 -0.130732 0 0 255
-0.475 0.5 -0.034044 -0.130732 0 0 255
-0.45 0.5 -0.034044 -0.130732 0 0 255
-0.425 0.5 -0.034044 -0.130732 0 0 255
-0.4 0.5 -0.034044 -0.130732 0 0 255
-0.375 0.5 -0.034044 -0.130732 0 0 255
-0.35 0.5 -0.034044 -0.130732 0 0 255
-0.325 0.5 -0.034044 -0.130732 0 0 255
-0.3 0.5 -0.034044 -0.130732 0 0 255
-0.275 0.5 -0.034044 -0.130732 0 0 255
-0.25 0.5 -0.034044 -0.130732 0 0 255
-0.225 0.5 -0.034044 -0.130732 0 0 255
-0.2 0.5 -0.034044 -0.130732 0 0 255
-0.175 0.5 -0.034044 -0.130732 255 0 0
-0.15 0.5 -0.0291072 -0.112364 255 0 0
-0.125 0.5 -0.0241695 -0.0939926 255 0 0
-0.1 0.5 -0.0192314 -0.0756197 255 0 0
-0.075 0.5 -0.014293 -0.057246 255 0 0
-0.05 0.5 -0.00935447 -0.0388719 255 0 0
-0.025 0.5 -0.00441574 -0.0204979 255 0 0
0 0.5 0.000523176 -0.00212444 255 0 0
0.025 0.5 0.00546231 0.016248 255 0 0
0.05 0.5 0.0104017 0.0346191 255 0 0
0.075 0.5 0.0153413 0.0529884 255 0 0
0.1 0.5 0.020281 0.0713556 255 0 0
0.125 0.5 0.0252207 0.0897205 255 0 0
0.15 0.5 0.0301601 0.108083 255 0 0
0.175 0.5 0.0350988 0.12644 255 0 0
0.2 0.5 0.0350988 0.12644 0 0 255
0.225 0.5 0.0350988 0.12644 0 0 255
0.25 0.5 0.0350988 0.12644 0 0 255
0.275 0.5 0.0350988 0.12644 0 0 255
0.3 0.5 0.0350988 0.12644 0 0 255
0.325 0.5 0.0350988 0.12644 0 0 255
0.35 0.5 0.0350988 0.12644 0 0 255
0.375 0.5 0.0350988 0.12644 0 0 255
0.4 0.5 0.0350988 0.12644 0 0 255
0.425 0.5 0.0350988 0.12644 0 0 255
0.45 0.5 0.0350988 0.12644 0 0 255
0.475 0.5 0.0350988 0.12644 0 0 255
0.5 0.5 0.0350988 0.12644 0 0 255
-0.5 0.475 -0.0140296 -0.131967 0 0 255
-0.475 0.475 -0.0140296 -0.131967 0 0 255
-0.45 0.475 -0.0140296 -0.131967 0 0 255
-0.425 0.475 -0.0140296 -0.131967 0 0 255
-0.4 0.475 -0.0140296 -0.131967 0 0 255
-0.375 0.475 -0.0140296 -0.131967 0 0 255
-0.35 0.475 -0.0140296 -0.131967 0 0 255
-0.325 0.475 -0.0140296 -0.131967 0 0 255
-0.3 0.475 -0.0140296 -0.131967 0 0 255
-0.275 0.475 -0.0140296 -0.131967 0 0 255
-0.25 0.475 -0.0140296 -0.131967 0 0 255
-0.225 0.475 -0.0140296 -0.131967 0 0 255
-0.2 0.475 -0.0140296 -0.131967 0 0 255
-0.175 0.475 -0.0140296 -0.131967 255 0 0
-0.15 0.475 -0.00909243 -0.113597 255 0 0
-0.125 0.475 -0.00415486 -0.0952253 255 0 0
-0.1 0.475 0.000783017 -0.0768524 255 0 0
-0.075 0.475 0.00572116 -0.0584787 255 0 0
-0.05 0.475 0.0106596 -0.0401046 255 0 0
-0.025 0.475 0.0155982 -0.0217306 255 0 0
0 0.475 0.0205372 -0.00335717 255 0 0
0.025 0.475 0.0254766 0.0150154 255 0 0
0.05 0.475 0.0304162 0.0333865 255 0 0
0.075 0.475 0.0353562 0.0517559 255 0 0
0.1 0.475 0.0402964 0.0701233 255 0 0
0.125 0.475 0.0452366 0.0884882 255 0 0
0.15 0.475 0.0501765 0.10685 255 0 0
0.175 0.475 0.055116 0.125209 255 0 0
0.2 0.475 0.055116 0.125209 0 0 255
0.225 0.475 0.055116 0.125209 0 0 255
0.25 0.475 0.055116 0.125209 0 0 255
0.275 0.475 0.055116 0.125209 0 0 255
0.3 0.475 0.055116 0.125209 0 0 255
0.325 0.475 0.055116 0.125209 0 0 255
0.35 0.475 0.055116 0.125209 0 0 255
0.375 0.475 0.055116 0.125209 0 0 255
0.4 0.475 0.055116 0.125209 0 0 255
0.425 0.475 0.055116 0.125209 0 0 255
0.45 0.475 0.055116 0.125209 0 0 255
0.475 0.475 0.055116 0.125209 0 0 255
0.5 0.475 0.055116 0.125209 0 0 255
-0.5 0.45 0.00598414 -0.133203 0 0 255
-0.475 0.45 0.00598414 -0.133203 0 0 255
-0.45 0.45 0.00598414 -0.133203 0 0 255
-0.425 0.45 0.00598414 -0.133203 0 0 255
-0.4 0.45 0.00598414 -0.133203 0 0 255
-0.375 0.45 0.00598414 -0.133203 0 0 255
-0.35 0.45 0.00598414 -0.133203 0 0 255
-0.325 0.45 0.00598414 -0.133203 0 0 255
-0.3 0.45 0.00598414 -0.133203 0 0 255
-0.275 0.45 0.00598414 -0.133203 0 0 255
-0.25 0.45 0.00598414 -0.133203 0 0 255
-0.225 0.45 0.00598414 -0.133203 0 0 255
-0.2 0.45 0.00598414 -0.133203 0 0 255
-0.175 0.45 0.00598414 -0.133203 255 0 0
-0.15 0.45 0.0109217 -0.114832 255 0 0
-0.125 0.45 0.0158593 -0.0964589 255 0 0
-0.1 0.45 0.0207971 -0.0780856 255 0 0
-0.075 0.45 0.0257352 -0.0597118 255 0 0
-0.05 0.45 0.0306735 -0.0413377 255 0 0
-0.025 0.45 0.0356123 -0.0229636 255 0 0
0 0.45 0.0405514 -0.00459008 255 0 0
0.025 0.45 0.0454911 0.0137826 255 0 0
0.05 0.45 0.0504312 0.0321539 255 0 0
0.075 0.45 0.0553716 0.0505236 255 0 0
0.1 0.45 0.0603124 0.0688913 255 0 0
0.125 0.45 0.0652532 0.0872566 255 0 0
0.15 0.45 0.0701939 0.10562 255 0 0
0.175 0.45 0.0751347 0.12398 255 0 0
0.2 0.45 0.0751347 0.12398 0 0 255
0.225 0.45 0.0751347 0.12398 0 0 255
0.25 0.45 0.0751347 0.12398 0 0 255
0.275 0.45 0.0751347 0.12398 0 0 255
0.3 0.45 0.0751347 0.12398 0 0 255
0.325 0.45 0.0751347 0.12398 0 0 255
0.35 0.45 0.0751347 0.12398 0 0 255
0.375 0.45 0.0751347 0.12398 0 0 255
0.4 0.45 0.0751347 0.12398 0 0 255
0.425 0.45 0.0751347 0.12398 0 0 255
0.45 0.45 0.0751347 0.12398 0 0 255
0.475 0.45 0.0751347 0.12398 0 0 255
0.5 0.45 0.0751347 0.12398 0 0 255
-0.5 0.425 0.0259977 -0.134443 0 0 255
-0.475 0.425 0.0259977 -0.134443 0 0 255
-0.45 0.425 0.0259977 -0.134443 0 0 255
-0.425 0.425 0.0259977 -0.134443 0 0 255
-0.4 0.425 0.0259977 -0.134443 0 0 255
-0.375 0.425 0.0259977 -0.134443 0 0 255
-0.35 0.425 0.0259977 -0.134443 0 0 255
-0.325 0.425 0.0259977 -0.134443 0 0 255
-0.3 0.425 0.0259977 -0.134443 0 0 255
-0.275 0.425 0.0259977 -0.134443 0 0 255
-0.25 0.425 0.0259977 -0.134443 0 0 255
-0.225 0.425 0.0259977 -0.134443 0 0 255
-0.2 0.425 0.0259977 -0.134443 0 0 255
-0.175 0.425 0.0259977 -0.134443 255 0 0
-0.15 0.425 0.0309357 -0.116066 255 0 0
-0.125 0.425 0.0358733 -0.0976929 255 0 0
-0.1 0.425 0.0408111 -0.0793192 255 0 0
-0.075 0.425 0.0457492 -0.0609451 255 0 0
-0.05 0.425 0.0506876 -0.0425709 255 0 0
-0.025 0.425 0.0556265 -0.0241967 255 0 0
0 0.425 0.0605659 -0.00582305 255 0 0
0.025 0.425 0.065506 0.0125498 255 0 0
0.05 0.425 0.0704466 0.0309214 255 0 0
0.075 0.425 0.0753877 0.0492915 255 0 0
0.1 0.425 0.0803292 0.0676598 255 0 0
0.125 0.425 0.0852706 0.086026 255 0 0
0.15 0.425 0.090212 0.10439 255 0 0
0.175 0.425 0.0951571 0.122745 255 0 0
0.2 0.425 0.0951571 0.122745 0 0 255
0.225 0.425 0.0951571 0.122745 0 0 255
0.25 0.425 0.0951571 0.122745 0 0 255
0.275 0.425 0.0951571 0.122745 0 0 255
0.3 0.425 0.0951571 0.122745 0 0 255
0.325 0.425 0.0951571 0.122745 0 0 255
0.35 0.425 0.0951571 0.122745 0 0 255
0.375 0.425 0.0951571 0.122745 0 0 255
0.4 0.425 0.0951571 0.122745 0 0 255
0.425 0.425 0.0951571 0.122745 0 0 255
0.45 0.425 0.0951571 0.122745 0 0 255
0.475 0.425 0.0951571 0.122745 0 0 255
0.5 0.425 0.0951571 0.122745 0 0 255
-0.5 0.4 0.0460377 -0.135888 0 0 255
-0.475 0.4 0.0460377 -0.135888 0 0 255
-0.45 0.4 0.0460377 -0.135888 0 0 255
-0.425 0.4 0.0460377 -0.135888 0 0 255
-0.4 0.4 0.0460377 -0.135888 0 0 255
-0.375 0.4 0.0460377 -0.135888 0 0 255
-0.35 0.4 0.0460377 -0.135888 0 0 255
-0.325 0.4 0.0460377 -0.135888 0 0 255
-0.3 0.4 0.0460377 -0.135888 0 0 255
-0.275 0.4 0.0460377 -0.135888 0 0 255
-0.25 0.4 0.0460377 -0.135888 0 0 255
-0.225 0.4 0.0460377 -0.135888 0 0 255
-0.2 0.4 0.0460377 -0.135888 0 0 255
-0.175 0.4 0.0460377 -0.135888 255 0 0
-0.15 0.4 0.0509497 -0.117301 255 0 0
-0.125 0.4 0.0558874 -0.0989268 255 0 0
-0.1 0.4 0.0608253 -0.0805527 255 0 0
-0.075 0.4 0.0657634 -0.0621784 255 0 0
-0.05 0.4 0.070702 -0.043804 255 0 0
-0.025 0.4 0.0756411 -0.0254298 255 0 0
0 0.4 0.0805809 -0.00705596 255 0 0
0.025 0.4 0.0855214 0.0113171 255 0 0
0.05 0.4 0.0904626 0.0296891 255 0 0
0.075 0.4 0.0954045 0.0480598 255 0 0
0.1 0.4 0.100347 0.0664289 255 0 0
0.125 0.4 0.105289 0.0847964 255 0 0
0.15 0.4 0.11023 0.103161 255 0 0
0.175 0.4 0.115356 0.121202 255 0 0
0.2 0.4 0.115356 0.121202 0 0 255
0.225 0.4 0.115356 0.121202 0 0 255
0.25 0.4 0.115356 0.121202 0 0 255
0.275 0.4 0.115356 0.121202 0 0 255
0.3 0.4 0.115356 0.121202 0 0 255
0.325 0.4 0.115356 0.121202 0 0 255
0.35 0.4 0.115356 0.121202 0 0 255
0.375 0.4 0.115356 0.121202 0 0 255
0.4 0.4 0.115356 0.121202 0 0 255
0.425 0.4 0.115356 0.121202 0 0 255
0.45 0.4 0.115356 0.121202 0 0 255
0.475 0.4 0.115356 0.121202 0 0 255
0.5 0.4 0.115356 0.121202 0 0 255
-0.5 0.375 0.0465706 -0.135517 0 0 255
-0.475 0.375 0.0466445 -0.135465 0 0 255
-0.45 0.375 0.0467346 -0.135403 0 0 255
-0.425 0.375 0.0468459 -0.135325 0 0 255
-0.4 0.375 0.0469855 -0.135228 0 0 255
-0.375 0.375 0.0471638 -0.135104 0 0 255
-0.35 0.375 0.0473962 -0.134942 0 0 255
-0.325 0.375 0.0477065 -0.134726 0 0 255
-0.3 0.375 0.0481334 -0.134429 0 0 255
-0.275 0.375 0.0487423 -0.134006 0 0 255
-0.25 0.375 0.0496519 -0.133373 0 0 255
-0.225 0.375 0.0510953 -0.132368 0 0 255
-0.2 0.375 0.053589 -0.130633 0 0 255
-0.175 0.375 0.0585018 -0.127215 0 0 255
-0.15 0.375 0.0709658 -0.118541 255 0 0
-0.125 0.375 0.0759016 -0.10016 255 0 0
-0.1 0.375 0.0808396 -0.081786 255 0 0
-0.075 0.375 0.0857779 -0.0634116 255 0 0
-0.05 0.375 0.0907166 -0.0450371 255 0 0
-0.025 0.375 0.095656 -0.0266627 255 0 0
0 0.375 0.100596 -0.00828877 255 0 0
0.025 0.375 0.105537 0.0100845 255 0 0
0.05 0.375 0.110479 0.0284569 255 0 0
0.075 0.375 0.115422 0.0468282 255 0 0
0.1 0.375 0.120365 0.0651983 255 0 0
0.125 0.375 0.125308 0.0835674 255 0 0
0.15 0.375 0.130297 0.101995 255 0 0
0.175 0.375 0.122827 0.111598 0 0 255
0.2 0.375 0.119882 0.115384 0 0 255
0.225 0.375 0.118388 0.117305 0 0 255
0.25 0.375 0.117523 0.118417 0 0 255
0.275 0.375 0.116977 0.119118 0 0 255
0.3 0.375 0.116612 0.119587 0 0 255
0.325 0.375 0.116357 0.119916 0 0 255
0.35 0.375 0.116171 0.120155 0 0 255
0.375 0.375 0.116031 0.120334 0 0 255
0.4 0.375 0.115925 0.120471 0 0 255
0.425 0.375 0.115841 0.120579 0 0 255
0.45 0.375 0.115774 0.120665 0 0 255
0.475 0.375 0.11572 0.120734 0 0 255
0.5 0.375 0.115676 0.120791 0 0 255
-0.5 0.35 0.0474664 -0.134894 0 0 255
-0.475 0.35 0.0476634 -0.134757 0 0 255
-0.45 0.35 0.0479028 -0.134591 0 0 255
-0.425 0.35 0.048197 -0.134386 0 0 255
-0.4 0.35 0.0485639 -0.134131 0 0 255
-0.375 0.35 0.0490286 -0.133809 0 0 255
-0.35 0.35 0.0496278 -0.133392 0 0 255
-0.325 0.35 0.0504164 -0.132845 0 0 255
-0.3 0.35 0.0514795 -0.132106 0 0 255
-0.275 0.35 0.0529533 -0.131083 0 0 255
-0.25 0.35 0.0550647 -0.129618 0 0 255
-0.225 0.35 0.0582075 -0.127437 0 0 255
-0.2 0.35 0.0630905 -0.124052 0 0 255
-0.175 0.35 0.0709732 -0.118592 0 0 255
-0.15 0.35 0.0834446 -0.109969 0 0 255
-0.125 0.35 0.0959234 -0.101397 255 0 0
-0.1 0.35 0.100854 -0.0830191 255 0 0
-0.075 0.35 0.105793 -0.0646445 255 0 0
-0.05 0.35 0.110732 -0.04627 255 0 0
-0.025 0.35 0.115671 -0.0278956 255 0 0
0 0.35 0.120612 -0.00952151 255 0 0
0.025 0.35 0.125553 0.00885199 255 0 0
0.05 0.35 0.130496 0.0272246 255 0 0
0.075 0.35 0.13544 0.0455964 255 0 0
0.1 0.35 0.140385 0.0639676 255 0 0
0.125 0.35 0.145378 0.0823618 255 0 0
0.15 0.35 0.137838 0.0921786 0 0 255
0.175 0.35 0.130332 0.101889 0 0 255
0.2 0.35 0.125594 0.108008 0 0 255
0.225 0.35 0.12266 0.111792 0 0 255
0.25 0.35 0.120773 0.114226 0 0 255
0.275 0.35 0.119505 0.11586 0 0 255
0.3 0.35 0.118621 0.116999 0 0 255
0.325 0.35 0.117983 0.117821 0 0 255
0.35 0.35 0.11751 0.11843 0 0 255
0.375 0.35 0.11715 0.118893 0 0 255
0.4 0.35 0.116871 0.119252 0 0 255
0.425 0.35 0.116651 0.119536 0 0 255
0.45 0.35 0.116475 0.119763 0 0 255
0.475 0.35 0.116331 0.119947 0 0 255
0.5 0.35 0.116213 0.1201 0 0 255
-0.5 0.325 0.048726 -0.13402 0 0 255
-0.475 0.325 0.049094 -0.133764 0 0 255
-0.45 0.325 0.0495394 -0.133455 0 0 255
-0.425 0.325 0.0500845 -0.133077 0 0 255
-0.4 0.325 0.0507598 -0.132608 0 0 255
-0.375 0.325 0.0516082 -0.132019 0 0 255
-0.35 0.325 0.0526906 -0.131269 0 0 255
-0.325 0.325 0.0540953 -0.130295 0 0 255
-0.3 0.325 0.055953 -0.129007 0 0 255
-0.275 0.325 0.0584609 -0.12727 0 0 255
-0.25 0.325 0.0619205 -0.124874 0 0 255
-0.225 0.325 0.0667897 -0.121506 0 0 255
-0.2 0.325 0.0737251 -0.116712 0 0 255
-0.175 0.325 0.0834586 -0.109994 0 0 255
-0.15 0.325 0.0959441 -0.101397 0 0 255
-0.125 0.325 0.108444 -0.0928249 0 0 255
-0.1 0.325 0.120964 -0.0842532 255 0 0
-0.075 0.325 0.125809 -0.0658769 255 0 0
-0.05 0.325 0.130747 -0.0475027 255 0 0
-0.025 0.325 0.135687 -0.0291283 255 0 0
0 0.325 0.140628 -0.0107542 255 0 0
0.025 0.325 0.145569 0.00761952 255 0 0
0.05 0.325 0.150512 0.0259924 255 0 0
0.075 0.325 0.155464 0.0443607 255 0 0
0.1 0.325 0.161438 0.0628617 255 0 0
0.125 0.325 0.153408 0.0726117 0 0 255
0.15 0.325 0.145623 0.0823952 0 0 255
0.175 0.325 0.137977 0.0921419 0 0 255
0.2 0.325 0.13206 0.0997238 0 0 255
0.225 0.325 0.127859 0.105118 0 0 255
0.25 0.325 0.124916 0.1089 0 0 255
0.275 0.325 0.122829 0.111585 0 0 255
0.3 0.325 0.121317 0.11353 0 0 255
0.325 0.325 0.120198 0.11497 0 0 255
0.35 0.325 0.119353 0.116058 0 0 255
0.375 0.325 0.118702 0.116896 0 0 255
0.4 0.325 0.118192 0.117553 0 0 255
0.425 0.325 0.117786 0.118075 0 0 255
0.45 0.325 0.117458 0.118497 0 0 255
0.475 0.325 0.117191 0.118841 0 0 255
0.5 0.325 0.11697 0.119126 0 0 255
-0.5 0.3 0.0503496 -0.132894 0 0 255
-0.475 0.3 0.0509326 -0.132489 0 0 255
-0.45 0.3 0.0516346 -0.132003 0 0 255
-0.425 0.3 0.0524881 -0.131411 0 0 255
-0.4 0.3 0.053537 -0.130684 0 0 255
-0.375 0.3 0.0548408 -0.129781 0 0 255
-0.35 0.3 0.0564812 -0.128644 0 0 255
-0.325 0.3 0.0585716 -0.127197 0 0 255
-0.3 0.3 0.0612694 -0.12533 0 0 255
-0.275 0.3 0.0647923 -0.122894 0 0 255
-0.25 0.3 0.0694315 -0.119688 0 0 255
-0.225 0.3 0.075544 -0.115467 0 0 255
-0.2 0.3 0.0834641 -0.110004 0 0 255
-0.175 0.3 0.093203 -0.103296 0 0 255
-0.15 0.3 0.10385 -0.0959781 0 0 255
-0.125 0.3 0.113378 -0.0894464 0 0 255
-0.1 0.3 0.120964 -0.0842532 0 0 255
-0.075 0.3 0.125809 -0.0658769 0 0 255
-0.05 0.3 0.130747 -0.0475027 0 0 255
-0.025 0.3 0.135687 -0.0291283 0 0 255
0 0.3 0.140628 -0.0107542 0 0 255
0.025 0.3 0.145569 0.00761952 0 0 255
0.05 0.3 0.150512 0.0259924 0 0 255
0.075 0.3 0.155464 0.0443607 0 0 255
0.1 0.3 0.161438 0.0628617 0 0 255
0.125 0.3 0.156573 0.0687687 0 0 255
0.15 0.3 0.150588 0.0762164 0 0 255
0.175 0.3 0.144004 0.0845314 0 0 255
0.2 0.3 0.138032 0.0921276 0 0 255
0.225 0.3 0.1332 0.0982977 0 0 255
0.25 0.3 0.129483 0.103055 0 0 255
0.275 0.3 0.126669 0.106662 0 0 255
0.3 0.3 0.124536 0.109399 0 0 255
0.325 0.3 0.122905 0.111494 0 0 255
0.35 0.3 0.121642 0.113116 0 0 255
0.375 0.3 0.120653 0.114389 0 0 255
0.4 0.3 0.119866 0.115399 0 0 255
0.425 0.3 0.119234 0.116212 0 0 255
0.45 0.3 0.11872 0.116874 0 0 255
0.475 0.3 0.118298 0.117417 0 0 255
0.5 0.3 0.117947 0.117869 0 0 255
-0.5 0.275 0.0523239 -0.131526 0 0 255
-0.475 0.275 0.0531574 -0.130948 0 0 255
-0.45 0.275 0.0541539 -0.130258 0 0 255
-0.425 0.275 0.055355 -0.129426 0 0 255
-0.4 0.275 0.056815 -0.128415 0 0 255
-0.375 0.275 0.0586048 -0.127177 0 0 255
-0.35 0.275 0.0608174 -0.125646 0 0 255
-0.325 0.275 0.0635736 -0.12374 0 0 255
-0.3 0.275 0.0670271 -0.121354 0 0 255
-0.275 0.275 0.0713646 -0.118358 0 0 255
-0.25 0.275 0.0767896 -0.114614 0 0 255
-0.225 0.275 0.083467 -0.11001 0 0 255
-0.2 0.275 0.0913899 -0.104552 0 0 255
-0.175 0.275 0.100151 -0.0985251 0 0 255
-0.15 0.275 0.108748 -0.092621 0 0 255
-0.125 0.275 0.115883 -0.0877314 0 0 255
-0.1 0.275 0.120964 -0.0842532 0 0 255
-0.075 0.275 0.125809 -0.0658769 0 0 255
-0.05 0.275 0.130747 -0.0475027 0 0 255
-0.025 0.275 0.135687 -0.0291283 0 0 255
0 0.275 0.140628 -0.0107542 0 0 255
0.025 0.275 0.145569 0.00761952 0 0 255
0.05 0.275 0.150512 0.0259924 0 0 255
0.075 0.275 0.155464 0.0443607 0 0 255
0.1 0.275 0.161438 0.0628617 0 0 255
0.125 0.275 0.158179 0.066818 0 0 255
0.15 0.275 0.153678 0.0723905 0 0 255
0.175 0.275 0.148328 0.0791052 0 0 255
0.2 0.275 0.142922 0.0859422 0 0 255
0.225 0.275 0.138061 0.0921199 0 0 255
0.25 0.275 0.13398 0.0973222 0 0 255
0.275 0.275 0.130674 0.101546 0 0 255
0.3 0.275 0.128037 0.10492 0 0 255
0.325 0.275 0.125941 0.107605 0 0 255
0.35 0.275 0.12427 0.109747 0 0 255
0.375 0.275 0.122931 0.111465 0 0 255
0.4 0.275 0.121849 0.112855 0 0 255
0.425 0.275 0.120967 0.113988 0 0 255
0.45 0.275 0.120241 0.114919 0 0 255
0.475 0.275 0.11964 0.115692 0 0 255
0.5 0.275 0.119137 0.116338 0 0 255
-0.5 0.25 0.0546193 -0.129937 0 0 255
-0.475 0.25 0.0557257 -0.129171 0 0 255
-0.45 0.25 0.057037 -0.128263 0 0 255
-0.425 0.25 0.0586003 -0.127182 0 0 255
-0.4 0.25 0.0604754 -0.125885 0 0 255
-0.375 0.25 0.0627364 -0.124322 0 0 255
-0.35 0.25 0.0654744 -0.122429 0 0 255
-0.325 0.25 0.0687982 -0.120134 0 0 255
-0.3 0.25 0.07283 -0.11735 0 0 255
-0.275 0.25 0.0776913 -0.113996 0 0 255
-0.25 0.25 0.0834688 -0.110013 0 0 255
-0.225 0.25 0.0901481 -0.105412 0 0 255
-0.2 0.25 0.0975102 -0.100345 0 0 255
-0.175 0.25 0.105031 -0.0951759 0 0 255
-0.15 0.25 0.111902 -0.0904602 0 0 255
-0.125 0.25 0.117333 -0.0867387 0 0 255
-0.1 0.25 0.120964 -0.0842532 0 0 255
-0.075 0.25 0.125809 -0.0658769 0 0 255
-0.05 0.25 0.130747 -0.0475027 0 0 255
-0.025 0.25 0.135687 -0.0291283 0 0 255
0 0.25 0.140628 -0.0107542 0 0 255
0.025 0.25 0.145569 0.00761952 0 0 255
0.05 0.25 0.150512 0.0259924 0 0 255
0.075 0.25 0.155464 0.0443607 0 0 255
0.1 0.25 0.161438 0.0628617 0 0 255
0.125 0.25 0.159109 0.0656889 0 0 255
0.15 0.25 0.155673 0.0699287 0 0 255
0.175 0.25 0.151378 0.0752944 0 0 255
0.2 0.25 0.146716 0.0811648 0 0 255
0.225 0.25 0.142179 0.086908 0 0 255
0.25 0.25 0.138079 0.0921151 0 0 255
0.275 0.25 0.134545 0.0966164 0 0 255
0.3 0.25 0.131578 0.100402 0 0 255
0.325 0.25 0.129123 0.103539 0 0 255
0.35 0.25 0.127102 0.106124 0 0 255
0.375 0.25 0.125439 0.108253 0 0 255
0.4 0.25 0.124068 0.11001 0 0 255
0.425 0.25 0.122932 0.111467 0 0 255
0.45 0.25 0.121986 0.112681 0 0 255
0.475 0.25 0.121193 0.113698 0 0 255
0.5 0.25 0.120525 0.114557 0 0 255
-0.5 0.225 0.0571904 -0.128158 0 0 255
-0.475 0.225 0.0585773 -0.127199 0 0 255
-0.45 0.225 0.0602038 -0.126074 0 0 255
-0.425 0.225 0.0621187 -0.12475 0 0 255
-0.4 0.225 0.0643808 -0.123187 0 0 255
-0.375 0.225 0.0670586 -0.121337 0 0 255
-0.35 0.225 0.0702299 -0.119147 0 0 255
-0.325 0.225 0.0739764 -0.116562 0 0 255
-0.3 0.225 0.0783739 -0.113528 0 0 255
-0.275 0.225 0.0834701 -0.110015 0 0 255
-0.25 0.225 0.0892489 -0.106034 0 0 255
-0.225 0.225 0.0955784 -0.101677 0 0 255
-0.2 0.225 0.102157 -0.097153 0 0 255
-0.175 0.225 0.108499 -0.0927965 0 0 255
-0.15 0.225 0.114021 -0.0890085 0 0 255
-0.125 0.225 0.118247 -0.0861132 0 0 255
-0.1 0.225 0.120964 -0.0842532 0 0 255
-0.075 0.225 0.125809 -0.0658769 0 0 255
-0.05 0.225 0.130747 -0.0475027 0 0 255
-0.025 0.225 0.135687 -0.0291283 0 0 255
0 0.225 0.140628 -0.0107542 0 0 255
0.025 0.225 0.145569 0.00761952 0 0 255
0.05 0.225 0.150512 0.0259924 0 0 255
0.075 0.225 0.155464 0.0443607 0 0 255
0.1 0.225 0.161438 0.0628617 0 0 255
0.125 0.225 0.159695 0.0649774 0 0 255
0.15 0.225 0.157016 0.0682752 0 0 255
0.175 0.225 0.153553 0.0725863 0 0 255
0.2 0.225 0.149607 0.0775372 0 0 255
0.225 0.225 0.145538 0.0826706 0 0 255
0.25 0.225 0.141639 0.0876071 0 0 255
0.275 0.225 0.138092 0.0921118 0 0 255
0.3 0.225 0.134972 0.0960823 0 0 255
0.325 0.225 0.132286 0.0995067 0 0 255
0.35 0.225 0.130001 0.102423 0 0 255
0.375 0.225 0.128071 0.10489 0 0 255
0.4 0.225 0.126443 0.106973 0 0 255
0.425 0.225 0.125069 0.108731 0 0 255
0.45 0.225 0.123907 0.11022 0 0 255
0.475 0.225 0.122922 0.111483 0 0 255
0.5 0.225 0.122082 0.11256 0 0 255
-0.5 0.2 0.059981 -0.126229 0 0 255
-0.475 0.2 0.0616407 -0.125082 0 0 255
-0.45 0.2 0.0635644 -0.123752 0 0 255
-0.425 0.2 0.0657982 -0.122209 0 0 255
-0.4 0.2 0.0683942 -0.120417 0 0 255
-0.375 0.2 0.0714084 -0.118336 0 0 255
-0.35 0.2 0.0748971 -0.115929 0 0 255
-0.325 0.2 0.0789089 -0.113162 0 0 255
-0.3 0.2 0.0834711 -0.110017 0 0 255
-0.275 0.2 0.0885682 -0.106505 0 0 255
-0.25 0.2 0.0941141 -0.102687 0 0 255
-0.225 0.2 0.0999217 -0.098692 0 0 255
-0.2 0.2 0.105687 -0.0947293 0 0 255
-0.175 0.2 0.111014 -0.0910717 0 0 255
-0.15 0.2 0.1155 -0.0879952 0 0 255
-0.125 0.2 0.118859 -0.0856945 0 0 255
-0.1 0.2 0.120964 -0.0842532 0 0 255
-0.075 0.2 0.125809 -0.0658769 0 0 255
-0.05 0.2 0.130747 -0.0475027 0 0 255
-0.025 0.2 0.135687 -0.0291283 0 0 255
0 0.2 0.140628 -0.0107542 0 0 255
0.025 0.2 0.145569 0.00761952 0 0 255
0.05 0.2 0.150512 0.0259924 0 0 255
0.075 0.2 0.155464 0.0443607 0 0 255
0.1 0.2 0.161438 0.0628617 0 0 255
0.125 0.2 0.160088 0.064501 0 0 255
0.15 0.2 0.157956 0.0671211 0 0 255
0.175 0.2 0.155135 0.0706231 0 0 255
0.2 0.2 0.15181 0.0747816 0 0 255
0.225 0.2 0.148233 0.079281 0 0 255
0.25 0.2 0.144645 0.0838117 0 0 255
0.275 0.2 0.141231 0.0881363 0 0 255
0.3 0.2 0.138101 0.0921093 0 0 255
0.325 0.2 0.135307 0.0956637 0 0 255
0.35 0.2 0.132855 0.0987881 0 0 255
0.375 0.2 0.130725 0.101504 0 0 255
0.4 0.2 0.128889 0.10385 0 0 255
0.425 0.2 0.127309 0.105869 0 0 255
0.45 0.2 0.12595 0.107606 0 0 255
0.475 0.2 0.124782 0.109102 0 0 255
0.5 0.2 0.123775 0.110392 0 0 255
-0.5 0.175 0.0629291 -0.124192 0 0 255
-0.475 0.175 0.0648405 -0.122872 0 0 255
-0.45 0.175 0.0670285 -0.121361 0 0 255
-0.425 0.175 0.0695327 -0.119632 0 0 255
-0.4 0.175 0.0723942 -0.117657 0 0 255
-0.375 0.175 0.0756526 -0.115409 0 0 255
-0.35 0.175 0.0793399 -0.112866 0 0 255
-0.325 0.175 0.0834718 -0.110018 0 0 255
-0.3 0.175 0.0880346 -0.106875 0 0 255
-0.275 0.175 0.0929687 -0.103477 0 0 255
-0.25 0.175 0.0981504 -0.0999119 0 0 255
-0.225 0.175 0.103381 -0.0963155 0 0 255
-0.2 0.175 0.108391 -0.0928735 0 0 255
-0.175 0.175 0.112877 -0.0897942 0 0 255
-0.15 0.175 0.116567 -0.0872642 0 0 255
-0.125 0.175 0.119287 -0.0854009 0 0 255
-0.1 0.175 0.120964 -0.0842532 0 0 255
-0.075 0.175 0.125809 -0.0658769 0 0 255
-0.05 0.175 0.130747 -0.0475027 0 0 255
-0.025 0.175 0.135687 -0.0291283 0 0 255
0 0.175 0.140628 -0.0107542 0 0 255
0.025 0.175 0.145569 0.00761952 0 0 255
0.05 0.175 0.150512 0.0259924 0 0 255
0.075 0.175 0.155464 0.0443607 0 0 255
0.1 0.175 0.161438 0.0628617 0 0 255
0.125 0.175 0.160363 0.0641671 0 0 255
0.15 0.175 0.158634 0.0662888 0 0 255
0.175 0.175 0.156309 0.0691688 0 0 255
0.2 0.175 0.153502 0.0726709 0 0 255
0.225 0.175 0.150385 0.0765813 0 0 255
0.25 0.175 0.147145 0.0806623 0 0 255
0.275 0.175 0.143947 0.084704 0 0 255
0.3 0.175 0.14091 0.0885511 0 0 255
0.325 0.175 0.138109 0.0921074 0 0 255
0.35 0.175 0.135577 0.0953267 0 0 255
0.375 0.175 0.133321 0.0981985 0 0 255
0.4 0.175 0.131331 0.100735 0 0 255
0.425 0.175 0.129586 0.102963 0 0 255
0.45 0.175 0.128061 0.104911 0 0 255
0.475 0.175 0.126729 0.106613 0 0 255
0.5 0.175 0.125567 0.108099 0 0 255
-0.5 0.15 0.065972 -0.122091 0 0 255
-0.475 0.15 0.0681041 -0.120619 0 0 255
-0.45 0.15 0.0705134 -0.118956 0 0 255
-0.425 0.15 0.0732306 -0.117081 0 0 255
-0.4 0.15 0.0762838 -0.114975 0 0 255
-0.375 0.15 0.0796947 -0.112623 0 0 255
-0.35 0.15 0.0834723 -0.110019 0 0 255
-0.325 0.15 0.0876048 -0.107172 0 0 255
-0.3 0.15 0.0920488 -0.104112 0 0 255
-0.275 0.15 0.0967188 -0.100898 0 0 255
-0.25 0.15 0.101479 -0.0976243 0 0 255
-0.225 0.15 0.106142 -0.0944191 0 0 255
-0.2 0.15 0.110486 -0.0914356 0 0 255
-0.175 0.15 0.114286 -0.0888282 0 0 255
-0.15 0.15 0.117359 -0.0867219 0 0 255
-0.125 0.15 0.119599 -0.0851875 0 0 255
-0.1 0.15 0.120964 -0.0842532 0 0 255
-0.075 0.15 0.125809 -0.0658769 0 0 255
-0.05 0.15 0.130747 -0.0475027 0 0 255
-0.025 0.15 0.135687 -0.0291283 0 0 255
0 0.15 0.140628 -0.0107542 0 0 255
0.025 0.15 0.145569 0.00761952 0 0 255
0.05 0.15 0.150512 0.0259924 0 0 255
0.075 0.15 0.155464 0.0443607 0 0 255
0.1 0.15 0.161438 0.0628617 0 0 255
0.125 0.15 0.160563 0.0639243 0 0 255
0.15 0.15 0.159137 0.0656714 0 0 255
0.175 0.15 0.157198 0.0680692 0 0 255
0.2 0.15 0.154816 0.0710352 0 0 255
0.225 0.15 0.152107 0.074426 0 0 255
0.25 0.15 0.149212 0.078065 0 0 255
0.275 0.15 0.146267 0.0817784 0 0 255
0.3 0.15 0.143386 0.0854205 0 0 255
0.325 0.15 0.140652 0.0888852 0 0 255
0.35 0.15 0.138114 0.0921059 0 0 255
0.375 0.15 0.135799 0.0950492 0 0 255
0.4 0.15 0.133712 0.0977059 0 0 255
0.425 0.15 0.131846 0.100083 0 0 255
0.45 0.15 0.130188 0.102198 0 0 255
0.475 0.15 0.128719 0.104073 0 0 255
0.5 0.15 0.12742 0.105732 0 0 255
-0.5 0.125 0.069051 -0.119966 0 0 255
-0.475 0.125 0.0713662 -0.118368 0 0 255
-0.45 0.125 0.0739487 -0.116587 0 0 255
-0.425 0.125 0.0768191 -0.114607 0 0 255
-0.4 0.125 0.0799921 -0.112419 0 0 255
-0.375 0.125 0.0834728 -0.11002 0 0 255
-0.35 0.125 0.0872509 -0.107417 0 0 255
-0.325 0.125 0.091294 -0.104633 0 0 255
-0.3 0.125 0.0955404 -0.10171 0 0 255
-0.275 0.125 0.0998938 -0.0987153 0 0 255
-0.25 0.125 0.104221 -0.0957401 0 0 255
-0.225 0.125 0.108359 -0.0928969 0 0 255
-0.2 0.125 0.112131 -0.0903073 0 0 255
-0.175 0.125 0.115372 -0.0880839 0 0 255
-0.15 0.125 0.11796 -0.08631 0 0 255
-0.125 0.125 0.119833 -0.0850277 0 0 255
-0.1 0.125 0.120964 -0.0842532 0 0 255
-0.075 0.125 0.125809 -0.0658769 0 0 255
-0.05 0.125 0.130747 -0.0475027 0 0 255
-0.025 0.125 0.135687 -0.0291283 0 0 255
0 0.125 0.140628 -0.0107542 0 0 255
0.025 0.125 0.145569 0.00761952 0 0 255
0.05 0.125 0.150512 0.0259924 0 0 255
0.075 0.125 0.155464 0.0443607 0 0 255
0.1 0.125 0.161438 0.0628617 0 0 255
0.125 0.125 0.160712 0.0637426 0 0 255
0.15 0.125 0.15952 0.0652024 0 0 255
0.175 0.125 0.157885 0.0672218 0 0 255
0.2 0.125 0.155849 0.0697515 0 0 255
0.225 0.125 0.153492 0.0726955 0 0 255
0.25 0.125 0.150918 0.0759249 0 0 255
0.275 0.125 0.148235 0.0793012 0 0 255
0.3 0.125 0.145544 0.0826969 0 0 255
0.325 0.125 0.142926 0.0860083 0 0 255
0.35 0.125 0.140439 0.0891602 0 0 255
0.375 0.125 0.138119 0.0921047 0 0 255
0.4 0.125 0.135985 0.0948166 0 0 255
0.425 0.125 0.134043 0.0972881 0 0 255
0.45 0.125 0.132288 0.0995232 0 0 255
0.475 0.125 0.130711 0.101534 0 0 255
0.5 0.125 0.129299 0.103336 0 0 255
-0.5 0.1 0.0721142 -0.117853 0 0 255
-0.475 0.1 0.0745721 -0.116157 0 0 255
-0.45 0.1 0.0772789 -0.114291 0 0 255
-0.425 0.1 0.0802451 -0.112246 0 0 255
-0.4 0.1 0.0834732 -0.110021 0 0 255
-0.375 0.1 0.0869543 -0.107622 0 0 255
-0.35 0.1 0.0906634 -0.105068 0 0 255
-0.325 0.1 0.0945548 -0.102389 0 0 255
-0.3 0.1 0.0985578 -0.0996351 0 0 255
-0.275 0.1 0.102575 -0.0968722 0 0 255
-0.25 0.1 0.106486 -0.0941843 0 0 255
-0.225 0.1 0.110153 -0.0916656 0 0 255
-0.2 0.1 0.113439 -0.0894106 0 0 255
-0.175 0.1 0.116224 -0.0875005 0 0 255
-0.15 0.1 0.118427 -0.0859904 0 0 255
-0.125 0.1 0.120012 -0.0849051 0 0 255
-0.1 0.1 0.120964 -0.0842532 0 0 255
-0.075 0.1 0.125809 -0.0658769 0 0 255
-0.05 0.1 0.130747 -0.0475027 0 0 255
-0.025 0.1 0.135687 -0.0291283 0 0 255
0 0.1 0.140628 -0.0107542 0 0 255
0.025 0.1 0.145569 0.00761952 0 0 255
0.05 0.1 0.150512 0.0259924 0 0 255
0.075 0.1 0.155464 0.0443607 0 0 255
0.1 0.1 0.161438 0.0628617 0 0 255
0.125 0.1 0.160827 0.0636031 0 0 255
0.15 0.1 0.159818 0.0648386 0 0 255
0.175 0.1 0.158423 0.0665576 0 0 255
0.2 0.1 0.156671 0.0687312 0 0 255
0.225 0.1 0.154615 0.0712954 0 0 255
0.25 0.1 0.152329 0.0741572 0 0 255
0.275 0.1 0.149901 0.0772088 0 0 255
0.3 0.1 0.147413 0.080343 0 0 255
0.325 0.1 0.14494 0.0834651 0 0 255
0.35 0.1 0.142542 0.0864994 0 0 255
0.375 0.1 0.14026 0.0893907 0 0 255
0.4 0.1 0.138123 0.0921037 0 0 255
0.425 0.1 0.136143 0.0946188 0 0 255
0.45 0.1 0.134327 0.0969292 0 0 255
0.475 0.1 0.132672 0.0990372 0 0 255
0.5 0.1 0.13117 0.100951 0 0 255
-0.5 0.075 0.0751181 -0.115782 0 0 255
-0.475 0.075 0.0776783 -0.114016 0 0 255
-0.45 0.075 0.080463 -0.112096 0 0 255
-0.425 0.075 0.0834735 -0.110021 0 0 255
-0.4 0.075 0.086702 -0.107797 0 0 255
-0.375 0.075 0.0901287 -0.105437 0 0 255
-0.35 0.075 0.0937187 -0.102966 0 0 255
-0.325 0.075 0.097419 -0.100419 0 0 255
-0.3 0.075 0.101157 -0.0978482 0 0 255
-0.275 0.075 0.104841 -0.0953155 0 0 255
-0.25 0.075 0.108365 -0.0928942 0 0 255
-0.225 0.075 0.111617 -0.0906613 0 0 255
-0.2 0.075 0.114491 -0.0886892 0 0 255
-0.175 0.075 0.116901 -0.087036 0 0 255
-0.15 0.075 0.118795 -0.0857381 0 0 255
-0.125 0.075 0.120152 -0.084809 0 0 255
-0.1 0.075 0.120964 -0.0842532 0 0 255
-0.075 0.075 0.125809 -0.0658769 0 0 255
-0.05 0.075 0.130747 -0.0475027 0 0 255
-0.025 0.075 0.135687 -0.0291283 0 0 255
0 0.075 0.140628 -0.0107542 0 0 255
0.025 0.075 0.145569 0.00761952 0 0 255
0.05 0.075 0.150512 0.0259924 0 0 255
0.075 0.075 0.155464 0.0443607 0 0 255
0.1 0.075 0.161438 0.0628617 0 0 255
0.125 0.075 0.160917 0.0634939 0 0 255
0.15 0.075 0.160052 0.0645515 0 0 255
0.175 0.075 0.158853 0.066029 0 0 255
0.2 0.075 0.157334 0.0679102 0 0 255
0.225 0.075 0.155532 0.0701531 0 0 255
0.25 0.075 0.153502 0.0726909 0 0 255
0.275 0.075 0.15131 0.0754408 0 0 255
0.3 0.075 0.149025 0.0783151 0 0 255
0.325 0.075 0.146712 0.0812309 0 0 255
0.35 0.075 0.144428 0.0841167 0 0 255
0.375 0.075 0.142216 0.0869158 0 0 255
0.4 0.075 0.140109 0.0895869 0 0 255
0.425 0.075 0.138126 0.0921028 0 0 255
0.45 0.075 0.13628 0.0944484 0 0 255
0.475 0.075 0.134574 0.0966176 0 0 255
0.5 0.075 0.133008 0.0986114 0 0 255
-0.5 0.05 0.0780284 -0.113775 0 0 255
-0.475 0.05 0.0806528 -0.111966 0 0 255
-0.45 0.05 0.0834738 -0.110022 0 0 255
-0.425 0.05 0.0864846 -0.107948 0 0 255
-0.4 0.05 0.0896693 -0.105754 0 0 255
-0.375 0.05 0.0930007 -0.10346 0 0 255
-0.35 0.05 0.0964381 -0.101095 0 0 255
-0.325 0.05 0.099926 -0.0986954 0 0 255
-0.3 0.05 0.103394 -0.0963107 0 0 255
-0.275 0.05 0.106759 -0.0939978 0 0 255
-0.25 0.05 0.109932 -0.0918186 0 0 255
-0.225 0.05 0.112821 -0.0898351 0 0 255
-0.2 0.05 0.115347 -0.0881022 0 0 255
-0.175 0.05 0.117448 -0.0866612 0 0 255
-0.15 0.05 0.119091 -0.0855358 0 0 255
-0.125 0.05 0.120264 -0.0847325 0 0 255
-0.1 0.05 0.120964 -0.0842532 0 0 255
-0.075 0.05 0.125809 -0.0658769 0 0 255
-0.05 0.05 0.130747 -0.0475027 0 0 255
-0.025 0.05 0.135687 -0.0291283 0 0 255
0 0.05 0.140628 -0.0107542 0 0 255
0.025 0.05 0.145569 0.00761952 0 0 255
0.05 0.05 0.150512 0.0259924 0 0 255
0.075 0.05 0.155464 0.0443607 0 0 255
0.1 0.05 0.161438 0.0628617 0 0 255
0.125 0.05 0.160989 0.0634068 0 0 255
0.15 0.05 0.160241 0.0643211 0 0 255
0.175 0.05 0.159199 0.0656023 0 0 255
0.2 0.05 0.157874 0.0672422 0 0 255
0.225 0.05 0.156288 0.0692133 0 0 255
0.25 0.05 0.154482 0.0714682 0 0 255
0.275 0.05 0.152505 0.0739438 0 0 255
0.3 0.05 0.150415 0.0765697 0 0 255
0.325 0.05 0.148266 0.0792751 0 0 255
0.35 0.05 0.146109 0.0819956 0 0 255
0.375 0.05 0.143988 0.0846761 0 0 255
0.4 0.05 0.141936 0.0872734 0 0 255
0.425 0.05 0.139978 0.0897558 0 0 255
0.45 0.05 0.138129 0.0921021 0 0 255
0.475 0.05 0.136399 0.0943 0 0 255
0.5 0.05 0.134791 0.0963443 0 0 255
-0.5 0.025 0.0808197 -0.111852 0 0 255
-0.475 0.025 0.083474 -0.110022 0 0 255
-0.45 0.025 0.0862952 -0.108079 0 0 255
-0.425 0.025 0.0892703 -0.106029 0 0 255
-0.4 0.025 0.0923776 -0.10389 0 0 255
-0.375 0.025 0.0955852 -0.101682 0 0 255
-0.35 0.025 0.0988499 -0.0994361 0 0 255
-0.325 0.025 0.102117 -0.0971894 0 0 255
-0.3 0.025 0.105321 -0.0949869 0 0 255
-0.275 0.025 0.108389 -0.0928787 0 0 255
-0.25 0.025 0.111246 -0.0909166 0 0 255
-0.225 0.025 0.11382 -0.0891497 0 0 255
-0.2 0.025 0.116051 -0.0876194 0 0 255
-0.175 0.025 0.117895 -0.086355 0 0 255
-0.15 0.025 0.119331 -0.0853712 0 0 255
-0.125 0.025 0.120354 -0.0846705 0 0 255
-0.1 0.025 0.120964 -0.0842532 0 0 255
-0.075 0.025 0.125809 -0.0658769 0 0 255
-0.05 0.025 0.130747 -0.0475027 0 0 255
-0.025 0.025 0.135687 -0.0291283 0 0 255
0 0.025 0.140628 -0.0107542 0 0 255
0.025 0.025 0.145569 0.00761952 0 0 255
0.05 0.025 0.150512 0.0259924 0 0 255
0.075 0.025 0.155464 0.0443607 0 0 255
0.1 0.025 0.161438 0.0628617 0 0 255
0.125 0.025 0.161047 0.0633363 0 0 255
0.15 0.025 0.160394 0.0641338 0 0 255
0.175 0.025 0.159483 0.0652537 0 0 255
0.2 0.025 0.158319 0.0666927 0 0 255
0.225 0.025 0.156916 0.0684336 0 0 255
0.25 0.025 0.155305 0.0704426 0 0 255
0.275 0.025 0.153522 0.0726721 0 0 255
0.3 0.025 0.151613 0.0750663 0 0 255
0.325 0.025 0.149625 0.0775659 0 0 255
0.35 0.025 0.147603 0.0801143 0 0 255
0.375 0.025 0.145585 0.0826604 0 0 255
0.4 0.025 0.143607 0.0851616 0 0 255
0.425 0.025 0.141693 0.087584 0 0 255
0.45 0.025 0.139864 0.089903 0 0 255
0.475 0.025 0.138131 0.0921015 0 0 255
0.5 0.025 0.136503 0.0941696 0 0 255
-0.5 0 0.0834742 -0.110023 0 0 255
-0.475 0 0.0861288 -0.108194 0 0 255
-0.45 0 0.0889205 -0.106271 0 0 255
-0.425 0 0.0918318 -0.104266 0 0 255
-0.4 0 0.0948373 -0.102198 0 0 255
-0.375 0 0.0979026 -0.100088 0 0 255
-0.35 0 0.100984 -0.0979685 0 0 255
-0.325 0 0.104031 -0.0958738 0 0 255
-0.3 0 0.106983 -0.0938448 0 0 255
-0.275 0 0.109779 -0.0919244 0 0 255
-0.25 0 0.112355 -0.0901554 0 0 255
-0.225 0 0.114656 -0.0885764 0 0 255
-0.2 0 0.116636 -0.0872184 0 0 255
-0.175 0 0.118265 -0.0861019 0 0 255
-0.15 0 0.119529 -0.0852357 0 0 255
-0.125 0 0.120428 -0.0846197 0 0 255
-0.1 0 0.120964 -0.0842532 0 0 255
-0.075 0 0.125809 -0.0658769 0 0 255
-0.05 0 0.130747 -0.0475027 0 0 255
-0.025 0 0.135687 -0.0291283 0 0 255
0 0 0.140628 -0.0107542 0 0 255
0.025 0 0.145569 0.00761952 0 0 255
0.05 0 0.150512 0.0259924 0 0 255
0.075 0 0.155464 0.0443607 0 0 255
0.1 0 0.161438 0.0628617 0 0 255
0.125 0 0.161094 0.0632785 0 0 255
0.15 0 0.16052 0.0639796 0 0 255
0.175 0 0.159718 0.0649656 0 0 255
0.2 0 0.158688 0.0662364 0 0 255
0.225 0 0.157442 0.0677814 0 0 255
0.25 0 0.156 0.069577 0 0 255
0.275 0 0.15439 0.0715876 0 0 255
0.3 0 0.152649 0.0737689 0 0 255
0.325 0 0.150815 0.0760724 0 0 255
0.35 0 0.148926 0.078449 0 0 255
0.375 0 0.147019 0.0808529 0 0 255
0.4 0 0.145126 0.0832434 0 0 255
0.425 0 0.143273 0.0855868 0 0 255
0.45 0 0.14148 0.0878564 0 0 255
0.475 0 0.139764 0.0900323 0 0 255
0.5 0 0.138133 0.0921009 0 0 255
