-0.5 1 -0.177161 -0.160261 0 0 255
-0.475 1 -0.179103 -0.157183 0 0 255
-0.45 1 -0.181056 -0.154028 0 0 255
-0.425 1 -0.183007 -0.150815 0 0 255
-0.4 1 -0.184942 -0.147573 0 0 255
-0.375 1 -0.186841 -0.144336 0 0 255
-0.35 1 -0.188684 -0.141143 0 0 255
-0.325 1 -0.19045 -0.138042 0 0 255
-0.3 1 -0.192115 -0.135082 0 0 255
-0.275 1 -0.193656 -0.132316 0 0 255
-0.25 1 -0.195049 -0.129794 0 0 255
-0.225 1 -0.196277 -0.12756 0 0 255
-0.2 1 -0.197323 -0.12565 0 0 255
-0.175 1 -0.19818 -0.124085 0 0 255
-0.15 1 -0.198845 -0.122873 0 0 255
-0.125 1 -0.199318 -0.122012 0 0 255
-0.1 1 -0.199599 -0.1215 0 0 255
-0.075 1 -0.18969 -0.0964539 0 0 255
-0.05 1 -0.179937 -0.0716996 0 0 255
-0.025 1 -0.170187 -0.0469659 0 0 255
0 1 -0.160439 -0.0222443 0 0 255
0.025 1 -0.150691 0.00246518 0 0 255
0.05 1 -0.140945 0.0271636 0 0 255
0.075 1 -0.13121 0.0518538 0 0 255
0.1 1 -0.121545 0.0765596 0 0 255
0.125 1 -0.120847 0.0770981 0 0 255
0.15 1 -0.119674 0.0780034 0 0 255
0.175 1 -0.118025 0.0792762 0 0 255
0.2 1 -0.115897 0.0809182 0 0 255
0.225 1 -0.113303 0.0829202 0 0 255
0.25 1 -0.110268 0.0852582 0 0 255
0.275 1 -0.106838 0.0878951 0 0 255
0.3 1 -0.10307 0.0907836 0 0 255
0.325 1 -0.0990285 0.0938703 0 0 255
0.35 1 -0.09478 0.0971003 0 0 255
0.375 1 -0.0903903 0.10042 0 0 255
0.4 1 -0.0859202 0.103781 0 0 255
0.425 1 -0.0814235 0.107141 0 0 255
0.45 1 -0.0769459 0.110464 0 0 255
0.475 1 -0.0725251 0.113721 0 0 255
0.5 1 -0.068191 0.116891 0 0 255
-0.5 0.975 -0.175241 -0.163304 0 0 255
-0.475 0.975 -0.177263 -0.160156 0 0 255
-0.45 0.975 -0.17931 -0.156902 0 0 255
-0.425 0.975 -0.181369 -0.153561 0 0 255
-0.4 0.975 -0.183425 -0.150159 0 0 255
-0.375 0.975 -0.185459 -0.146728 0 0 255
-0.35 0.975 -0.18745 -0.143311 0 0 255
-0.325 0.975 -0.189373 -0.139958 0 0 255
-0.3 0.975 -0.1912 -0.136726 0 0 255
-0.275 0.975 -0.192905 -0.133676 0 0 255
-0.25 0.975 -0.194458 -0.13087 0 0 255
-0.225 0.975 -0.195835 -0.128367 0 0 255
-0.2 0.975 -0.197016 -0.126212 0 0 255
-0.175 0.975 -0.197986 -0.124439 0 0 255
-0.15 0.975 -0.198741 -0.123062 0 0 255
-0.125 0.975 -0.199279 -0.122083 0 0 255
-0.1 0.975 -0.199599 -0.1215 0 0 255
-0.075 0.975 -0.18969 -0.0964539 0 0 255
-0.05 0.975 -0.179937 -0.0716996 0 0 255
-0.025 0.975 -0.170187 -0.0469659 0 0 255
0 0.975 -0.160439 -0.0222443 0 0 255
0.025 0.975 -0.150691 0.00246518 0 0 255
0.05 0.975 -0.140945 0.0271636 0 0 255
0.075 0.975 -0.13121 0.0518538 0 0 255
0.1 0.975 -0.121545 0.0765596 0 0 255
0.125 0.975 -0.12075 0.0771728 0 0 255
0.15 0.975 -0.119416 0.0782025 0 0 255
0.175 0.975 -0.117543 0.0796481 0 0 255
0.2 0.975 -0.115133 0.0815079 0 0 255
0.225 0.975 -0.112207 0.0837652 0 0 255
0.25 0.975 -0.108806 0.0863849 0 0 255
0.275 0.975 -0.104989 0.0893167 0 0 255
0.3 0.975 -0.100832 0.0924997 0 0 255
0.325 0.975 -0.0964122 0.0958684 0 0 255
0.35 0.975 -0.0918105 0.0993578 0 0 255
0.375 0.975 -0.0871012 0.102908 0 0 255
0.4 0.975 -0.0823504 0.106466 0 0 255
0.425 0.975 -0.0776144 0.109987 0 0 255
0.45 0.975 -0.0729392 0.113438 0 0 255
0.475 0.975 -0.0683605 0.11679 0 0 255
0.5 0.975 -0.0639055 0.120026 0 0 255
-0.5 0.95 -0.173144 -0.166569 0 0 255
-0.475 0.95 -0.17524 -0.163372 0 0 255
-0.45 0.95 -0.177376 -0.160041 0 0 255
-0.425 0.95 -0.17954 -0.156589 0 0 255
-0.4 0.95 -0.181717 -0.153038 0 0 255
-0.375 0.95 -0.18389 -0.149421 0 0 255
-0.35 0.95 -0.186035 -0.145778 0 0 255
-0.325 0.95 -0.188126 -0.142163 0 0 255
-0.3 0.95 -0.190131 -0.138638 0 0 255
-0.275 0.95 -0.192019 -0.135275 0 0 255
-0.25 0.95 -0.193755 -0.132148 0 0 255
-0.225 0.95 -0.195306 -0.129332 0 0 255
-0.2 0.95 -0.196645 -0.126889 0 0 255
-0.175 0.95 -0.197752 -0.124867 0 0 255
-0.15 0.95 -0.198614 -0.123292 0 0 255
-0.125 0.95 -0.199231 -0.122169 0 0 255
-0.1 0.95 -0.199599 -0.1215 0 0 255
-0.075 0.95 -0.18969 -0.0964539 0 0 255
-0.05 0.95 -0.179937 -0.0716996 0 0 255
-0.025 0.95 -0.170187 -0.0469659 0 0 255
0 0.95 -0.160439 -0.0222443 0 0 255
0.025 0.95 -0.150691 0.00246518 0 0 255
0.05 0.95 -0.140945 0.0271636 0 0 255
0.075 0.95 -0.13121 0.0518538 0 0 255
0.1 0.95 -0.121545 0.0765596 0 0 255
0.125 0.95 -0.120632 0.0772639 0 0 255
0.15 0.95 -0.119102 0.0784443 0 0 255
0.175 0.95 -0.11696 0.0800981 0 0 255
0.2 0.95 -0.114214 0.082218 0 0 255
0.225 0.95 -0.110897 0.084776 0 0 255
0.25 0.95 -0.10707 0.0877218 0 0 255
0.275 0.95 -0.102814 0.0909876 0 0 255
0.3 0.95 -0.0982242 0.0944959 0 0 255
0.325 0.95 -0.0933967 0.0981669 0 0 255
0.35 0.95 -0.0884241 0.101926 0 0 255
0.375 0.95 -0.0833895 0.105706 0 0 255
0.4 0.95 -0.0783628 0.109452 0 0 255
0.425 0.95 -0.0734008 0.11312 0 0 255
0.45 0.95 -0.0685473 0.116679 0 0 255
0.475 0.95 -0.0638344 0.120104 0 0 255
0.5 0.95 -0.0592845 0.123382 0 0 255
-0.5 0.925 -0.170858 -0.170055 0 0 255
-0.475 0.925 -0.173019 -0.166836 0 0 255
-0.45 0.925 -0.175237 -0.163452 0 0 255
-0.425 0.925 -0.1775 -0.159914 0 0 255
-0.4 0.925 -0.179797 -0.156236 0 0 255
-0.375 0.925 -0.182108 -0.152447 0 0 255
-0.35 0.925 -0.184412 -0.148586 0 0 255
-0.325 0.925 -0.18668 -0.144704 0 0 255
-0.3 0.925 -0.188879 -0.14087 0 0 255
-0.275 0.925 -0.190971 -0.137163 0 0 255
-0.25 0.925 -0.192914 -0.133675 0 0 255
-0.225 0.925 -0.194668 -0.130496 0 0 255
-0.2 0.925 -0.196194 -0.127713 0 0 255
-0.175 0.925 -0.197464 -0.125392 0 0 255
-0.15 0.925 -0.198459 -0.123575 0 0 255
-0.125 0.925 -0.199172 -0.122276 0 0 255
-0.1 0.925 -0.199599 -0.1215 0 0 255
-0.075 0.925 -0.18969 -0.0964539 0 0 255
-0.05 0.925 -0.179937 -0.0716996 0 0 255
-0.025 0.925 -0.170187 -0.0469659 0 0 255
0 0.925 -0.160439 -0.0222443 0 0 255
0.025 0.925 -0.150691 0.00246518 0 0 255
0.05 0.925 -0.140945 0.0271636 0 0 255
0.075 0.925 -0.13121 0.0518538 0 0 255
0.1 0.925 -0.121545 0.0765596 0 0 255
0.125 0.925 -0.120486 0.0773764 0 0 255
0.15 0.925 -0.118717 0.0787417 0 0 255
0.175 0.925 -0.116246 0.0806489 0 0 255
0.2 0.925 -0.113095 0.0830816 0 0 255
0.225 0.925 -0.109316 0.0859954 0 0 255
0.25 0.925 -0.104996 0.0893185 0 0 255
0.275 0.925 -0.100244 0.0929605 0 0 255
0.3 0.925 -0.0951784 0.0968238 0 0 255
0.325 0.925 -0.0899165 0.100813 0 0 255
0.35 0.925 -0.0845628 0.104844 0 0 255
0.375 0.925 -0.0792066 0.108846 0 0 255
0.4 0.925 -0.073919 0.112764 0 0 255
0.425 0.925 -0.068754 0.116556 0 0 255
0.45 0.925 -0.0637506 0.120195 0 0 255
0.475 0.925 -0.0589349 0.123665 0 0 255
0.5 0.925 -0.0543228 0.126956 0 0 255
-0.5 0.9 -0.168375 -0.173754 0 0 255
-0.475 0.9 -0.170589 -0.170544 0 0 255
-0.45 0.9 -0.172878 -0.16714 0 0 255
-0.425 0.9 -0.175232 -0.163547 0 0 255
-0.4 0.9 -0.17764 -0.159773 0 0 255
-0.375 0.9 -0.180086 -0.155837 0 0 255
-0.35 0.9 -0.182549 -0.151774 0 0 255
-0.325 0.9 -0.185001 -0.147632 0 0 255
-0.3 0.9 -0.187406 -0.143479 0 0 255
-0.275 0.9 -0.189723 -0.139404 0 0 255
-0.25 0.9 -0.191902 -0.13551 0 0 255
-0.225 0.9 -0.193891 -0.131913 0 0 255
-0.2 0.9 -0.19564 -0.128725 0 0 255
-0.175 0.9 -0.197108 -0.126042 0 0 255
-0.15 0.9 -0.198265 -0.123928 0 0 255
-0.125 0.9 -0.199098 -0.12241 0 0 255
-0.1 0.9 -0.199599 -0.1215 0 0 255
-0.075 0.9 -0.18969 -0.0964539 0 0 255
-0.05 0.9 -0.179937 -0.0716996 0 0 255
-0.025 0.9 -0.170187 -0.0469659 0 0 255
0 0.9 -0.160439 -0.0222443 0 0 255
0.025 0.9 -0.150691 0.00246518 0 0 255
0.05 0.9 -0.140945 0.0271636 0 0 255
0.075 0.9 -0.13121 0.0518538 0 0 255
0.1 0.9 -0.121545 0.0765596 0 0 255
0.125 0.9 -0.120304 0.0775175 0 0 255
0.15 0.9 -0.118236 0.0791124 0 0 255
0.175 0.9 -0.115362 0.0813313 0 0 255
0.2 0.9 -0.11172 0.0841431 0 0 255
0.225 0.9 -0.107392 0.0874789 0 0 255
0.25 0.9 -0.102501 0.0912373 0 0 255
0.275 0.9 -0.0971924 0.095299 0 0 255
0.3 0.9 -0.0916131 0.0995431 0 0 255
0.325 0.9 -0.0858991 0.103859 0 0 255
0.35 0.9 -0.0801658 0.108155 0 0 255
0.375 0.9 -0.0745048 0.112359 0 0 255
0.4 0.9 -0.068984 0.11642 0 0 255
0.425 0.9 -0.0636509 0.120303 0 0 255
0.45 0.9 -0.058536 0.123989 0 0 255
0.475 0.9 -0.053657 0.127468 0 0 255
0.5 0.9 -0.0490218 0.130739 0 0 255
-0.5 0.875 -0.165684 -0.177655 0 0 255
-0.475 0.875 -0.167938 -0.174487 0 0 255
-0.45 0.875 -0.170283 -0.171101 0 0 255
-0.425 0.875 -0.172715 -0.167492 0 0 255
-0.4 0.875 -0.175223 -0.16366 0 0 255
-0.375 0.875 -0.177796 -0.159616 0 0 255
-0.35 0.875 -0.180413 -0.155381 0 0 255
-0.325 0.875 -0.183051 -0.150998 0 0 255
-0.3 0.875 -0.185672 -0.14653 0 0 255
-0.275 0.875 -0.188231 -0.142068 0 0 255
-0.25 0.875 -0.190674 -0.13773 0 0 255
-0.225 0.875 -0.192936 -0.133653 0 0 255
-0.2 0.875 -0.194951 -0.129985 0 0 255
-0.175 0.875 -0.196661 -0.126859 0 0 255
-0.15 0.875 -0.19802 -0.124374 0 0 255
-0.125 0.875 -0.199004 -0.122581 0 0 255
-0.1 0.875 -0.199599 -0.1215 0 0 255
-0.075 0.875 -0.18969 -0.0964539 0 0 255
-0.05 0.875 -0.179937 -0.0716996 0 0 255
-0.025 0.875 -0.170187 -0.0469659 0 0 255
0 0.875 -0.160439 -0.0222443 0 0 255
0.025 0.875 -0.150691 0.00246518 0 0 255
0.05 0.875 -0.140945 0.0271636 0 0 255
0.075 0.875 -0.13121 0.0518538 0 0 255
0.1 0.875 -0.121545 0.0765596 0 0 255
0.125 0.875 -0.12007 0.0776976 0 0 255
0.15 0.875 -0.117628 0.079582 0 0 255
0.175 0.875 -0.114252 0.0821886 0 0 255
0.2 0.875 -0.11001 0.085463 0 0 255
0.225 0.875 -0.105029 0.0892997 0 0 255
0.25 0.875 -0.099483 0.0935567 0 0 255
0.275 0.875 -0.0935587 0.0980791 0 0 255
0.3 0.875 -0.0874356 0.102721 0 0 255
0.325 0.875 -0.0812669 0.107358 0 0 255
0.35 0.875 -0.0751729 0.111896 0 0 255
0.375 0.875 -0.069241 0.116268 0 0 255
0.4 0.875 -0.0635303 0.120431 0 0 255
0.425 0.875 -0.0580767 0.124362 0 0 255
0.45 0.875 -0.052899 0.128051 0 0 255
0.475 0.875 -0.0480041 0.131499 0 0 255
0.5 0.875 -0.0433905 0.134713 0 0 255
-0.5 0.85 -0.16278 -0.181736 0 0 255
-0.475 0.85 -0.165056 -0.178647 0 0 255
-0.45 0.85 -0.167441 -0.17532 0 0 255
-0.425 0.85 -0.169933 -0.171741 0 0 255
-0.4 0.85 -0.172525 -0.167901 0 0 255
-0.375 0.85 -0.17521 -0.163798 0 0 255
-0.35 0.85 -0.177971 -0.15944 0 0 255
-0.325 0.85 -0.180788 -0.154854 0 0 255
-0.3 0.85 -0.183627 -0.150094 0 0 255
-0.275 0.85 -0.186444 -0.145244 0 0 255
-0.25 0.85 -0.189177 -0.140428 0 0 255
-0.225 0.85 -0.191751 -0.135809 0 0 255
-0.2 0.85 -0.194084 -0.131571 0 0 255
-0.175 0.85 -0.196091 -0.127901 0 0 255
-0.15 0.85 -0.197704 -0.124951 0 0 255
-0.125 0.85 -0.198881 -0.122804 0 0 255
-0.1 0.85 -0.199599 -0.1215 0 0 255
-0.075 0.85 -0.18969 -0.0964539 0 0 255
-0.05 0.85 -0.179937 -0.0716996 0 0 255
-0.025 0.85 -0.170187 -0.0469659 0 0 255
0 0.85 -0.160439 -0.0222443 0 0 255
0.025 0.85 -0.150691 0.00246518 0 0 255
0.05 0.85 -0.140945 0.0271636 0 0 255
0.075 0.85 -0.13121 0.0518538 0 0 255
0.1 0.85 -0.121545 0.0765596 0 0 255
0.125 0.85 -0.119765 0.0779324 0 0 255
0.15 0.85 -0.116843 0.0801874 0 0 255
0.175 0.85 -0.112835 0.0832824 0 0 255
0.2 0.85 -0.107857 0.0871244 0 0 255
0.225 0.85 -0.102103 0.091554 0 0 255
0.25 0.85 -0.0958118 0.0963744 0 0 255
0.275 0.85 -0.0892228 0.101389 0 0 255
0.3 0.85 -0.0825452 0.106428 0 0 255
0.325 0.85 -0.0759423 0.111361 0 0 255
0.35 0.85 -0.0695297 0.116099 0 0 255
0.375 0.85 -0.0633821 0.120586 0 0 255
0.4 0.85 -0.0575418 0.124796 0 0 255
0.425 0.85 -0.0520285 0.128721 0 0 255
0.45 0.85 -0.0468463 0.132363 0 0 255
0.475 0.85 -0.0419894 0.135735 0 0 255
0.5 0.85 -0.0374466 0.138853 0 0 255
-0.5 0.825 -0.159659 -0.185973 0 0 255
-0.475 0.825 -0.161936 -0.182999 0 0 255
-0.45 0.825 -0.164341 -0.179774 0 0 255
-0.425 0.825 -0.166871 -0.176275 0 0 255
-0.4 0.825 -0.169527 -0.172485 0 0 255
-0.375 0.825 -0.172303 -0.168385 0 0 255
-0.35 0.825 -0.175189 -0.163969 0 0 255
-0.325 0.825 -0.178171 -0.159243 0 0 255
-0.3 0.825 -0.181221 -0.154238 0 0 255
-0.275 0.825 -0.184298 -0.149025 0 0 255
-0.25 0.825 -0.187342 -0.14372 0 0 255
-0.225 0.825 -0.19027 -0.1385 0 0 255
-0.2 0.825 -0.192977 -0.133594 0 0 255
-0.175 0.825 -0.195351 -0.129255 0 0 255
-0.15 0.825 -0.197288 -0.125709 0 0 255
-0.125 0.825 -0.198717 -0.123102 0 0 255
-0.1 0.825 -0.199599 -0.1215 0 0 255
-0.075 0.825 -0.18969 -0.0964539 0 0 255
-0.05 0.825 -0.179937 -0.0716996 0 0 255
-0.025 0.825 -0.170187 -0.0469659 0 0 255
0 0.825 -0.160439 -0.0222443 0 0 255
0.025 0.825 -0.150691 0.00246518 0 0 255
0.05 0.825 -0.140945 0.0271636 0 0 255
0.075 0.825 -0.13121 0.0518538 0 0 255
0.1 0.825 -0.121545 0.0765596 0 0 255
0.125 0.825 -0.119359 0.0782461 0 0 255
0.15 0.825 -0.11581 0.0809843 0 0 255
0.175 0.825 -0.110997 0.0847017 0 0 255
0.2 0.825 -0.105113 0.0892428 0 0 255
0.225 0.825 -0.0984483 0.0943675 0 0 255
0.25 0.825 -0.0913293 0.0998089 0 0 255
0.275 0.825 -0.0840496 0.105326 0 0 255
0.3 0.825 -0.0768389 0.110734 0 0 255
0.325 0.825 -0.0698556 0.115908 0 0 255
0.35 0.825 -0.0631962 0.120778 0 0 255
0.375 0.825 -0.056911 0.12531 0 0 255
0.4 0.825 -0.0510187 0.129499 0 0 255
0.425 0.825 -0.045518 0.133355 0 0 255
0.45 0.825 -0.0403967 0.136896 0 0 255
0.475 0.825 -0.0356365 0.140147 0 0 255
0.5 0.825 -0.0312166 0.143129 0 0 255
-0.5 0.8 -0.156319 -0.190333 0 0 255
-0.475 0.8 -0.158574 -0.18751 0 0 255
-0.45 0.8 -0.160973 -0.184428 0 0 255
-0.425 0.8 -0.163518 -0.181062 0 0 255
-0.4 0.8 -0.166212 -0.177381 0 0 255
-0.375 0.8 -0.169053 -0.173358 0 0 255
-0.35 0.8 -0.172037 -0.168966 0 0 255
-0.325 0.8 -0.175158 -0.164186 0 0 255
-0.3 0.8 -0.178398 -0.159021 0 0 255
-0.275 0.8 -0.181726 -0.153507 0 0 255
-0.25 0.8 -0.185089 -0.147737 0 0 255
-0.225 0.8 -0.188403 -0.141884 0 0 255
-0.2 0.8 -0.191547 -0.136209 0 0 255
-0.175 0.8 -0.194373 -0.131045 0 0 255
-0.15 0.8 -0.196727 -0.126732 0 0 255
-0.125 0.8 -0.198492 -0.123512 0 0 255
-0.1 0.8 -0.199599 -0.1215 0 0 255
-0.075 0.8 -0.18969 -0.0964539 0 0 255
-0.05 0.8 -0.179937 -0.0716996 0 0 255
-0.025 0.8 -0.170187 -0.0469659 0 0 255
0 0.8 -0.160439 -0.0222443 0 0 255
0.025 0.8 -0.150691 0.00246518 0 0 255
0.05 0.8 -0.140945 0.0271636 0 0 255
0.075 0.8 -0.13121 0.0518538 0 0 255
0.1 0.8 -0.121545 0.0765596 0 0 255
0.125 0.8 -0.118799 0.0786775 0 0 255
0.15 0.8 -0.114418 0.0820585 0 0 255
0.175 0.8 -0.108567 0.0865789 0 0 255
0.2 0.8 -0.101567 0.091979 0 0 255
0.225 0.8 -0.0938521 0.0979021 0 0 255
0.25 0.8 -0.0858499 0.103997 0 0 255
0.275 0.8 -0.0778985 0.109988 0 0 255
0.3 0.8 -0.0702246 0.115695 0 0 255
0.325 0.8 -0.0629575 0.12102 0 0 255
0.35 0.8 -0.0561558 0.125926 0 0 255
0.375 0.8 -0.0498338 0.130413 0 0 255
0.4 0.8 -0.0439806 0.134502 0 0 255
0.425 0.8 -0.0385728 0.138223 0 0 255
0.45 0.8 -0.0335821 0.141609 0 0 255
0.475 0.8 -0.0289792 0.144692 0 0 255
0.5 0.8 -0.0247355 0.147502 0 0 255
-0.5 0.775 -0.152766 -0.194782 0 0 255
-0.475 0.775 -0.154968 -0.192142 0 0 255
-0.45 0.775 -0.157333 -0.189243 0 0 255
-0.425 0.775 -0.159864 -0.186055 0 0 255
-0.4 0.775 -0.162566 -0.182545 0 0 255
-0.375 0.775 -0.165441 -0.178673 0 0 255
-0.35 0.775 -0.168491 -0.174398 0 0 255
-0.325 0.775 -0.171715 -0.169675 0 0 255
-0.3 0.775 -0.175109 -0.16447 0 0 255
-0.275 0.775 -0.178657 -0.158772 0 0 255
-0.25 0.775 -0.182324 -0.152622 0 0 255
-0.225 0.775 -0.186038 -0.146152 0 0 255
-0.2 0.775 -0.189675 -0.139629 0 0 255
-0.175 0.775 -0.193053 -0.133464 0 0 255
-0.15 0.775 -0.19595 -0.12815 0 0 255
-0.125 0.775 -0.19817 -0.124097 0 0 255
-0.1 0.775 -0.199599 -0.1215 0 0 255
-0.075 0.775 -0.18969 -0.0964539 0 0 255
-0.05 0.775 -0.179937 -0.0716996 0 0 255
-0.025 0.775 -0.170187 -0.0469659 0 0 255
0 0.775 -0.160439 -0.0222443 0 0 255
0.025 0.775 -0.150691 0.00246518 0 0 255
0.05 0.775 -0.140945 0.0271636 0 0 255
0.075 0.775 -0.13121 0.0518538 0 0 255
0.1 0.775 -0.121545 0.0765596 0 0 255
0.125 0.775 -0.118002 0.0792928 0 0 255
0.15 0.775 -0.112489 0.0835477 0 0 255
0.175 0.775 -0.105286 0.0891132 0 0 255
0.2 0.775 -0.0969299 0.0955559 0 0 255
0.225 0.775 -0.0880497 0.102357 0 0 255
0.25 0.775 -0.0791725 0.109083 0 0 255
0.275 0.775 -0.0706431 0.115455 0 0 255
0.3 0.775 -0.0626418 0.121334 0 0 255
0.325 0.775 -0.0552353 0.126678 0 0 255
0.35 0.775 -0.0484256 0.131501 0 0 255
0.375 0.775 -0.0421835 0.135843 0 0 255
0.4 0.775 -0.0364678 0.139751 0 0 255
0.425 0.775 -0.0312354 0.143272 0 0 255
0.45 0.775 -0.0264453 0.146451 0 0 255
0.475 0.775 -0.0220604 0.149326 0 0 255
0.5 0.775 -0.0180469 0.15193 0 0 255
-0.5 0.75 -0.149011 -0.199283 0 0 255
-0.475 0.75 -0.151124 -0.196855 0 0 255
-0.45 0.75 -0.153418 -0.194172 0 0 255
-0.425 0.75 -0.1559 -0.191205 0 0 255
-0.4 0.75 -0.158576 -0.187917 0 0 255
-0.375 0.75 -0.161451 -0.184266 0 0 255
-0.35 0.75 -0.16453 -0.180199 0 0 255
-0.325 0.75 -0.167817 -0.175653 0 0 255
-0.3 0.75 -0.171317 -0.17056 0 0 255
-0.275 0.75 -0.175032 -0.164853 0 0 255
-0.25 0.75 -0.178953 -0.158494 0 0 255
-0.225 0.75 -0.183043 -0.151523 0 0 255
-0.2 0.75 -0.187202 -0.144143 0 0 255
-0.175 0.75 -0.191234 -0.136802 0 0 255
-0.15 0.75 -0.194836 -0.130182 0 0 255
-0.125 0.75 -0.19769 -0.12497 0 0 255
-0.1 0.75 -0.199599 -0.1215 0 0 255
-0.075 0.75 -0.18969 -0.0964539 0 0 255
-0.05 0.75 -0.179937 -0.0716996 0 0 255
-0.025 0.75 -0.170187 -0.0469659 0 0 255
0 0.75 -0.160439 -0.0222443 0 0 255
0.025 0.75 -0.150691 0.00246518 0 0 255
0.05 0.75 -0.140945 0.0271636 0 0 255
0.075 0.75 -0.13121 0.0518538 0 0 255
0.1 0.75 -0.121545 0.0765596 0 0 255
0.125 0.75 -0.11681 0.080212 0 0 255
0.15 0.75 -0.109724 0.0856811 0 0 255
0.175 0.75 -0.100762 0.0926091 0 0 255
0.2 0.75 -0.0908108 0.100274 0 0 255
0.225 0.75 -0.0807385 0.107956 0 0 255
0.25 0.75 -0.0711154 0.115188 0 0 255
0.275 0.75 -0.0622088 0.121756 0 0 255
0.3 0.75 -0.0540888 0.127618 0 0 255
0.325 0.75 -0.0467277 0.132817 0 0 255
0.35 0.75 -0.0400611 0.137426 0 0 255
0.375 0.75 -0.034019 0.141522 0 0 255
0.4 0.75 -0.028537 0.145173 0 0 255
0.425 0.75 -0.0235592 0.148438 0 0 255
0.45 0.75 -0.019038 0.151367 0 0 255
0.475 0.75 -0.0149321 0.153999 0 0 255
0.5 0.75 -0.0112049 0.156369 0 0 255
-0.5 0.725 -0.145086 -0.203794 0 0 255
-0.475 0.725 -0.147061 -0.201607 0 0 255
-0.45 0.725 -0.149237 -0.199171 0 0 255
-0.425 0.725 -0.151624 -0.196459 0 0 255
-0.4 0.725 -0.154231 -0.193435 0 0 255
-0.375 0.725 -0.157067 -0.190059 0 0 255
-0.35 0.725 -0.160135 -0.186276 0 0 255
-0.325 0.725 -0.163443 -0.182018 0 0 255
-0.3 0.725 -0.166998 -0.177196 0 0 255
-0.275 0.725 -0.170812 -0.171697 0 0 255
-0.25 0.725 -0.174903 -0.165396 0 0 255
-0.225 0.725 -0.179285 -0.158191 0 0 255
-0.2 0.725 -0.183925 -0.150112 0 0 255
-0.175 0.725 -0.188675 -0.141503 0 0 255
-0.15 0.725 -0.193179 -0.133208 0 0 255
-0.125 0.725 -0.196927 -0.126356 0 0 255
-0.1 0.725 -0.199599 -0.1215 0 0 255
-0.075 0.725 -0.18969 -0.0964539 0 0 255
-0.05 0.725 -0.179937 -0.0716996 0 0 255
-0.025 0.725 -0.170187 -0.0469659 0 0 255
0 0.725 -0.160439 -0.0222443 0 0 255
0.025 0.725 -0.150691 0.00246518 0 0 255
0.05 0.725 -0.140945 0.0271636 0 0 255
0.075 0.725 -0.13121 0.0518538 0 0 255
0.1 0.725 -0.121545 0.0765596 0 0 255
0.125 0.725 -0.114918 0.0816706 0 0 255
0.15 0.725 -0.10561 0.0888566 0 0 255
0.175 0.725 -0.0943974 0.0975296 0 0 255
0.2 0.725 -0.0827214 0.106504 0 0 255
0.225 0.725 -0.0716378 0.114898 0 0 255
0.25 0.725 -0.0615869 0.122348 0 0 255
0.275 0.725 -0.0526236 0.128824 0 0 255
0.3 0.725 -0.0446481 0.134434 0 0 255
0.325 0.725 -0.0375288 0.139314 0 0 255
0.35 0.725 -0.0311487 0.143588 0 0 255
0.375 0.725 -0.0254141 0.147354 0 0 255
0.4 0.725 -0.0202519 0.150691 0 0 255
0.425 0.725 -0.0156037 0.153657 0 0 255
0.45 0.725 -0.0114205 0.156301 0 0 255
0.475 0.725 -0.0076592 0.158661 0 0 255
0.5 0.725 -0.00428096 0.16077 0 0 255
-0.5 0.7 -0.141051 -0.208263 0 0 255
-0.475 0.7 -0.142824 -0.20635 0 0 255
-0.45 0.7 -0.144815 -0.204196 0 0 255
-0.425 0.7 -0.147042 -0.201772 0 0 255
-0.4 0.7 -0.14952 -0.199046 0 0 255
-0.375 0.7 -0.152263 -0.19598 0 0 255
-0.35 0.7 -0.155277 -0.192529 0 0 255
-0.325 0.7 -0.158567 -0.188632 0 0 255
-0.3 0.7 -0.162136 -0.184205 0 0 255
-0.275 0.7 -0.16599 -0.179123 0 0 255
-0.25 0.7 -0.170154 -0.173205 0 0 255
-0.225 0.7 -0.17468 -0.166208 0 0 255
-0.2 0.7 -0.179636 -0.157883 0 0 255
-0.175 0.7 -0.185035 -0.148207 0 0 255
-0.15 0.7 -0.190606 -0.137912 0 0 255
-0.125 0.7 -0.195609 -0.12875 0 0 255
-0.1 0.7 -0.199599 -0.1215 0 0 255
-0.075 0.7 -0.18969 -0.0964539 0 0 255
-0.05 0.7 -0.179937 -0.0716996 0 0 255
-0.025 0.7 -0.170187 -0.0469659 0 0 255
0 0.7 -0.160439 -0.0222443 0 0 255
0.025 0.7 -0.150691 0.00246518 0 0 255
0.05 0.7 -0.140945 0.0271636 0 0 255
0.075 0.7 -0.13121 0.0518538 0 0 255
0.1 0.7 -0.121545 0.0765596 0 0 255
0.125 0.7 -0.111651 0.0841907 0 0 255
0.15 0.7 -0.0992198 0.0937902 0 0 255
0.175 0.7 -0.085336 0.104538 0 0 255
0.2 0.7 -0.0721805 0.114606 0 0 255
0.225 0.7 -0.0606389 0.123228 0 0 255
0.25 0.7 -0.0506922 0.130423 0 0 255
0.275 0.7 -0.0420614 0.136455 0 0 255
0.3 0.7 -0.0344821 0.141584 0 0 255
0.325 0.7 -0.0277636 0.146008 0 0 255
0.35 0.7 -0.021778 0.149865 0 0 255
0.375 0.7 -0.0164371 0.153251 0 0 255
0.4 0.7 -0.0116747 0.156235 0 0 255
0.425 0.7 -0.00743577 0.15887 0 0 255
0.45 0.7 -0.00367086 0.161199 0 0 255
0.475 0.7 -0.000333646 0.163258 0 0 255
0.5 0.7 0.00261969 0.165078 0 0 255
-0.5 0.675 -0.137024 -0.212608 0 0 255
-0.475 0.675 -0.138514 -0.211013 0 0 255
-0.45 0.675 -0.140229 -0.209187 0 0 255
-0.425 0.675 -0.142199 -0.207098 0 0 255
-0.4 0.675 -0.144452 -0.204711 0 0 255
-0.375 0.675 -0.147013 -0.20199 0 0 255
-0.35 0.675 -0.149902 -0.198896 0 0 255
-0.325 0.675 -0.153127 -0.195383 0 0 255
-0.3 0.675 -0.156684 -0.191393 0 0 255
-0.275 0.675 -0.160561 -0.186839 0 0 255
-0.25 0.675 -0.16475 -0.181562 0 0 255
-0.225 0.675 -0.169277 -0.175282 0 0 255
-0.2 0.675 -0.17426 -0.167517 0 0 255
-0.175 0.675 -0.179937 -0.157631 0 0 255
-0.15 0.675 -0.186456 -0.145513 0 0 255
-0.125 0.675 -0.193014 -0.133466 0 0 255
-0.1 0.675 -0.199599 -0.1215 255 0 0
-0.075 0.675 -0.18969 -0.0964539 255 0 0
-0.05 0.675 -0.179937 -0.0716996 255 0 0
-0.025 0.675 -0.170187 -0.0469659 255 0 0
0 0.675 -0.160439 -0.0222443 255 0 0
0.025 0.675 -0.150691 0.00246518 255 0 0
0.05 0.675 -0.140945 0.0271636 255 0 0
0.075 0.675 -0.13121 0.0518538 255 0 0
0.1 0.675 -0.121545 0.0765596 255 0 0
0.125 0.675 -0.105214 0.0891553 0 0 255
0.15 0.675 -0.0889064 0.101754 0 0 255
0.175 0.675 -0.0726287 0.114376 0 0 255
0.2 0.675 -0.0590804 0.124631 0 0 255
0.225 0.675 -0.0480595 0.132625 0 0 255
0.25 0.675 -0.0388119 0.139018 0 0 255
0.275 0.675 -0.0308084 0.14432 0 0 255
0.3 0.675 -0.0237608 0.14884 0 0 255
0.325 0.675 -0.0175197 0.152753 0 0 255
0.35 0.675 -0.0119995 0.156166 0 0 255
0.375 0.675 -0.00713685 0.159147 0 0 255
0.4 0.675 -0.00287419 0.161749 0 0 255
0.425 0.675 0.000846377 0.164019 0 0 255
0.45 0.675 0.00408289 0.165996 0 0 255
0.475 0.675 0.00689201 0.167716 0 0 255
0.5 0.675 0.00932727 0.169212 0 0 255
-0.5 0.65 -0.133209 -0.216692 0 0 255
-0.475 0.65 -0.134328 -0.215469 0 0 255
-0.45 0.65 -0.135657 -0.214036 0 0 255
-0.425 0.65 -0.137237 -0.212354 0 0 255
-0.4 0.65 -0.139114 -0.210381 0 0 255
-0.375 0.65 -0.141337 -0.208072 0 0 255
-0.35 0.65 -0.143951 -0.20538 0 0 255
-0.325 0.65 -0.146994 -0.202261 0 0 255
-0.3 0.65 -0.150483 -0.198678 0 0 255
-0.275 0.65 -0.154403 -0.194595 0 0 255
-0.25 0.65 -0.158695 -0.189961 0 0 255
-0.225 0.65 -0.163276 -0.184635 0 0 255
-0.2 0.65 -0.168112 -0.178224 0 0 255
-0.175 0.65 -0.173417 -0.169748 0 0 255
-0.15 0.65 -0.179898 -0.157561 0 0 255
-0.125 0.65 -0.186428 -0.145431 255 0 0
-0.1 0.65 -0.176634 -0.120653 255 0 0
-0.075 0.65 -0.166879 -0.0958909 255 0 0
-0.05 0.65 -0.157127 -0.071141 255 0 0
-0.025 0.65 -0.147377 -0.0464053 255 0 0
0 0.65 -0.137628 -0.0216827 255 0 0
0.025 0.65 -0.12788 0.00302737 255 0 0
0.05 0.65 -0.118133 0.0277258 255 0 0
0.075 0.65 -0.108385 0.0524137 255 0 0
0.1 0.65 -0.0986369 0.0770911 255 0 0
0.125 0.65 -0.0888822 0.101751 255 0 0
0.15 0.65 -0.072599 0.114353 0 0 255
0.175 0.65 -0.056351 0.126997 0 0 255
0.2 0.65 -0.0444079 0.135738 0 0 255
0.225 0.65 -0.0347856 0.142252 0 0 255
0.25 0.65 -0.0264452 0.147567 0 0 255
0.275 0.65 -0.019042 0.152115 0 0 255
0.3 0.65 -0.0124896 0.156068 0 0 255
0.325 0.65 -0.00675904 0.159501 0 0 255
0.35 0.65 -0.00181032 0.162464 0 0 255
0.375 0.65 0.0024192 0.165005 0 0 255
0.4 0.65 0.00600775 0.167173 0 0 255
0.425 0.65 0.00903905 0.169017 0 0 255
0.45 0.65 0.0115944 0.170583 0 0 255
0.475 0.65 0.0137483 0.171914 0 0 255
0.5 0.65 0.0155659 0.173046 0 0 255
-0.5 0.625 -0.12991 -0.220299 0 0 255
-0.475 0.625 -0.1306 -0.21949 0 0 255
-0.45 0.625 -0.131448 -0.218515 0 0 255
-0.425 0.625 -0.132499 -0.217333 0 0 255
-0.4 0.625 -0.133808 -0.215896 0 0 255
-0.375 0.625 -0.135444 -0.214141 0 0 255
-0.35 0.625 -0.137493 -0.211998 0 0 255
-0.325 0.625 -0.140051 -0.20939 0 0 255
-0.3 0.625 -0.143216 -0.206247 0 0 255
-0.275 0.625 -0.147061 -0.202523 0 0 255
-0.25 0.625 -0.15158 -0.198232 0 0 255
-0.225 0.625 -0.15662 -0.193458 0 0 255
-0.2 0.625 -0.161842 -0.188242 0 0 255
-0.175 0.625 -0.166937 -0.181935 0 0 255
-0.15 0.625 -0.173368 -0.16969 255 0 0
-0.125 0.625 -0.163579 -0.144881 255 0 0
-0.1 0.625 -0.153823 -0.120102 255 0 0
-0.075 0.625 -0.144069 -0.0953363 255 0 0
-0.05 0.625 -0.134317 -0.0705837 255 0 0
-0.025 0.625 -0.124566 -0.0458456 255 0 0
0 0.625 -0.114817 -0.0211215 255 0 0
0.025 0.625 -0.105069 0.00358942 255 0 0
0.05 0.625 -0.0953217 0.0282882 255 0 0
0.075 0.625 -0.0855743 0.0529759 255 0 0
0.1 0.625 -0.0758267 0.0776538 255 0 0
0.125 0.625 -0.0660786 0.102323 255 0 0
0.15 0.625 -0.0563158 0.126956 255 0 0
0.175 0.625 -0.0401031 0.139641 0 0 255
0.2 0.625 -0.0302928 0.146068 0 0 255
0.225 0.625 -0.0215428 0.151218 0 0 255
0.25 0.625 -0.0134921 0.155821 0 0 255
0.275 0.625 -0.00637899 0.159896 0 0 255
0.3 0.625 -0.000341278 0.163397 0 0 255
0.325 0.625 0.00464318 0.166331 0 0 255
0.35 0.625 0.00869148 0.168752 0 0 255
0.375 0.625 0.0119537 0.170733 0 0 255
0.4 0.625 0.014577 0.17235 0 0 255
0.425 0.625 0.0166901 0.173671 0 0 255
0.45 0.625 0.0183992 0.174754 0 0 255
0.475 0.625 0.019789 0.175646 0 0 255
0.5 0.625 0.0209265 0.176385 0 0 255
-0.5 0.6 -0.127488 -0.223141 0 0 255
-0.475 0.6 -0.127777 -0.222733 0 0 255
-0.45 0.6 -0.128144 -0.222229 0 0 255
-0.425 0.6 -0.128616 -0.221599 0 0 255
-0.4 0.6 -0.129232 -0.220804 0 0 255
-0.375 0.6 -0.130049 -0.219784 0 0 255
-0.35 0.6 -0.131152 -0.218462 0 0 255
-0.325 0.6 -0.132664 -0.216726 0 0 255
-0.3 0.6 -0.13477 -0.214427 0 0 255
-0.275 0.6 -0.137732 -0.211381 0 0 255
-0.25 0.6 -0.141888 -0.207413 0 0 255
-0.225 0.6 -0.14753 -0.202537 0 0 255
-0.2 0.6 -0.154416 -0.197435 0 0 255
-0.175 0.6 -0.160506 -0.19418 255 0 0
-0.15 0.6 -0.150527 -0.169134 255 0 0
-0.125 0.6 -0.140769 -0.144337 255 0 0
-0.1 0.6 -0.131013 -0.119553 255 0 0
-0.075 0.6 -0.121259 -0.094783 255 0 0
-0.05 0.6 -0.111507 -0.0700274 255 0 0
-0.025 0.6 -0.101757 -0.0452869 255 0 0
0 0.6 -0.0920072 -0.0205609 255 0 0
0.025 0.6 -0.0822587 0.00415145 255 0 0
0.05 0.6 -0.0725108 0.0288512 255 0 0
0.075 0.6 -0.0627631 0.0535397 255 0 0
0.1 0.6 -0.0530155 0.0782183 255 0 0
0.125 0.6 -0.043268 0.102889 255 0 0
0.15 0.6 -0.0335218 0.127553 255 0 0
0.175 0.6 -0.0238904 0.152325 255 0 0
0.2 0.6 -0.0159945 0.155435 0 0 255
0.225 0.6 -0.00631141 0.160182 0 0 255
0.25 0.6 0.00199002 0.164673 0 0 255
0.275 0.6 0.0083048 0.168308 0 0 255
0.3 0.6 0.0129217 0.171087 0 0 255
0.325 0.6 0.0162744 0.173178 0 0 255
0.35 0.6 0.018727 0.174753 0 0 255
0.375 0.6 0.020545 0.175951 0 0 255
0.4 0.6 0.0219135 0.176873 0 0 255
0.425 0.6 0.0229597 0.177591 0 0 255
0.45 0.6 0.0237717 0.178159 0 0 255
0.475 0.6 0.0244109 0.178613 0 0 255
0.5 0.6 0.0249209 0.17898 0 0 255
-0.5 0.575 -0.126194 -0.224967 0 0 255
-0.475 0.575 -0.126235 -0.22485 0 0 255
-0.45 0.575 -0.126287 -0.224706 0 0 255
-0.425 0.575 -0.126352 -0.224525 0 0 255
-0.4 0.575 -0.126434 -0.224293 0 0 255
-0.375 0.575 -0.126542 -0.223992 0 0 255
-0.35 0.575 -0.126686 -0.223589 0 0 255
-0.325 0.575 -0.126884 -0.223036 0 0 255
-0.3 0.575 -0.127166 -0.222246 0 0 255
-0.275 0.575 -0.127588 -0.221066 0 0 255
-0.25 0.575 -0.128257 -0.219193 0 0 255
-0.225 0.575 -0.129414 -0.215958 0 0 255
-0.2 0.575 -0.131691 -0.209585 0 0 255
-0.175 0.575 -0.137471 -0.193416 255 0 0
-0.15 0.575 -0.127716 -0.168597 255 0 0
-0.125 0.575 -0.117959 -0.143794 255 0 0
-0.1 0.575 -0.108204 -0.119005 255 0 0
-0.075 0.575 -0.0984502 -0.0942309 255 0 0
-0.05 0.575 -0.0886981 -0.0694723 255 0 0
-0.025 0.575 -0.0789472 -0.0447291 255 0 0
0 0.575 -0.0691974 -0.0200009 255 0 0
0.025 0.575 -0.0594483 0.0047133 255 0 0
0.05 0.575 -0.0496995 0.0294148 255 0 0
0.075 0.575 -0.039951 0.0541048 255 0 0
0.1 0.575 -0.0302026 0.078785 255 0 0
0.125 0.575 -0.0204547 0.103457 255 0 0
0.15 0.575 -0.0107077 0.128123 255 0 0
0.175 0.575 -0.000955628 0.152766 255 0 0
0.2 0.575 0.0134734 0.167042 0 0 255
0.225 0.575 0.0191606 0.172669 0 0 255
0.25 0.575 0.0220475 0.175525 0 0 255
0.275 0.575 0.0237185 0.177178 0 0 255
0.3 0.575 0.0247714 0.17822 0 0 255
0.325 0.575 0.0254764 0.178917 0 0 255
0.35 0.575 0.0259706 0.179406 0 0 255
0.375 0.575 0.0263298 0.179762 0 0 255
0.4 0.575 0.0265988 0.180028 0 0 255
0.425 0.575 0.0268052 0.180232 0 0 255
0.45 0.575 0.0269668 0.180392 0 0 255
0.475 0.575 0.0270957 0.18052 0 0 255
0.5 0.575 0.0272 0.180623 0 0 255
-0.5 0.55 -0.125912 -0.225754 0 0 255
-0.475 0.55 -0.125912 -0.225754 0 0 255
-0.45 0.55 -0.125912 -0.225754 0 0 255
-0.425 0.55 -0.125912 -0.225754 0 0 255
-0.4 0.55 -0.125912 -0.225754 0 0 255
-0.375 0.55 -0.125912 -0.225754 0 0 255
-0.35 0.55 -0.125912 -0.225754 0 0 255
-0.325 0.55 -0.125912 -0.225754 0 0 255
-0.3 0.55 -0.125912 -0.225754 0 0 255
-0.275 0.55 -0.125912 -0.225754 0 0 255
-0.25 0.55 -0.125912 -0.225754 0 0 255
-0.225 0.55 -0.125912 -0.225754 0 0 255
-0.2 0.55 -0.125912 -0.225754 255 0 0
-0.175 0.55 -0.114665 -0.192884 255 0 0
-0.15 0.55 -0.104906 -0.168059 255 0 0
-0.125 0.55 -0.0951502 -0.143251 255 0 0
-0.1 0.55 -0.0853953 -0.118457 255 0 0
-0.075 0.55 -0.0756418 -0.0936797 255 0 0
-0.05 0.55 -0.0658896 -0.0689181 255 0 0
-0.025 0.55 -0.0561383 -0.0441724 255 0 0
0 0.55 -0.0463878 -0.0194417 255 0 0
0.025 0.55 -0.0366376 0.00527491 255 0 0
0.05 0.55 -0.0268875 0.0299787 255 0 0
0.075 0.55 -0.0171373 0.0546712 255 0 0
0.1 0.55 -0.00738711 0.0793537 255 0 0
0.125 0.55 0.00236259 0.104028 255 0 0
0.15 0.55 0.012111 0.128694 255 0 0
0.175 0.55 0.0218553 0.153348 255 0 0
0.2 0.55 0.0279024 0.181318 255 0 0
0.225 0.55 0.0279024 0.181318 0 0 255
0.25 0.55 0.0279024 0.181318 0 0 255
0.275 0.55 0.0279024 0.181318 0 0 255
0.3 0.55 0.0279024 0.181318 0 0 255
0.325 0.55 0.0279024 0.181318 0 0 255
0.35 0.55 0.0279024 0.181318 0 0 255
0.375 0.55 0.0279024 0.181318 0 0 255
0.4 0.55 0.0279024 0.181318 0 0 255
0.425 0.55 0.0279024 0.181318 0 0 255
0.45 0.55 0.0279024 0.181318 0 0 255
0.475 0.55 0.0279024 0.181318 0 0 255
0.5 0.55 0.0279024 0.181318 0 0 255
-0.5 0.525 -0.101423 -0.217622 0 0 255
-0.475 0.525 -0.101423 -0.217622 0 0 255
-0.45 0.525 -0.101423 -0.217622 0 0 255
-0.425 0.525 -0.101423 -0.217622 0 0 255
-0.4 0.525 -0.101423 -0.217622 0 0 255
-0.375 0.525 -0.101423 -0.217622 0 0 255
-0.35 0.525 -0.101423 -0.217622 0 0 255
-0.325 0.525 -0.101423 -0.217622 0 0 255
-0.3 0.525 -0.101423 -0.217622 0 0 255
-0.275 0.525 -0.101423 -0.217622 0 0 255
-0.25 0.525 -0.101423 -0.217622 0 0 255
-0.225 0.525 -0.101423 -0.217622 0 0 255
-0.2 0.525 -0.101423 -0.217622 255 0 0
-0.175 0.525 -0.0918534 -0.192345 255 0 0
-0.15 0.525 -0.0820976 -0.167518 255 0 0
-0.125 0.525 -0.0723421 -0.142705 255 0 0
-0.1 0.525 -0.0625876 -0.117909 255 0 0
-0.075 0.525 -0.0528341 -0.093129 255 0 0
-0.05 0.525 -0.0430816 -0.0683649 255 0 0
-0.025 0.525 -0.0333298 -0.0436165 255 0 0
0 0.525 -0.0235782 -0.0188832 255 0 0
0.025 0.525 -0.0138265 0.00583624 255 0 0
0.05 0.525 -0.00407434 0.0305431 255 0 0
0.075 0.525 0.00567831 0.0552387 255 0 0
0.1 0.525 0.0154314 0.0799246 255 0 0
0.125 0.525 0.0251845 0.104602 255 0 0
0.15 0.525 0.0349364 0.129272 255 0 0
0.175 0.525 0.0446848 0.153938 255 0 0
0.2 0.525 0.0542935 0.178419 255 0 0
0.225 0.525 0.0542935 0.178419 0 0 255
0.25 0.525 0.0542935 0.178419 0 0 255
0.275 0.525 0.0542935 0.178419 0 0 255
0.3 0.525 0.0542935 0.178419 0 0 255
0.325 0.525 0.0542935 0.178419 0 0 255
0.35 0.525 0.0542935 0.178419 0 0 255
0.375 0.525 0.0542935 0.178419 0 0 255
0.4 0.525 0.0542935 0.178419 0 0 255
0.425 0.525 0.0542935 0.178419 0 0 255
0.45 0.525 0.0542935 0.178419 0 0 255
0.475 0.525 0.0542935 0.178419 0 0 255
0.5 0.525 0.0542935 0.178419 0 0 255
-0.5 0.5 -0.0787771 -0.216711 0 0 255
-0.475 0.5 -0.0787771 -0.216711 0 0 255
-0.45 0.5 -0.0787771 -0.216711 0 0 255
-0.425 0.5 -0.0787771 -0.216711 0 0 255
-0.4 0.5 -0.0787771 -0.216711 0 0 255
-0.375 0.5 -0.0787771 -0.216711 0 0 255
-0.35 0.5 -0.0787771 -0.216711 0 0 255
-0.325 0.5 -0.0787771 -0.216711 0 0 255
-0.3 0.5 -0.0787771 -0.216711 0 0 255
-0.275 0.5 -0.0787771 -0.216711 0 0 255
-0.25 0.5 -0.0787771 -0.216711 0 0 255
-0.225 0.5 -0.0787771 -0.216711 0 0 255
-0.2 0.5 -0.0787771 -0.216711 255 0 0
-0.175 0.5 -0.0690455 -0.191798 255 0 0
-0.15 0.5 -0.0592901 -0.166972 255 0 0
-0.125 0.5 -0.0495349 -0.142159 255 0 0
-0.1 0.5 -0.0397805 -0.117361 255 0 0
-0.075 0.5 -0.030027 -0.092579 255 0 0
-0.05 0.5 -0.020274 -0.0678125 255 0 0
-0.025 0.5 -0.0105213 -0.0430616 255 0 0
0 0.5 -0.000768317 -0.0183254 255 0 0
0.025 0.5 0.00898531 0.00639721 255 0 0
0.05 0.5 0.0187399 0.0311076 255 0 0
0.075 0.5 0.0284958 0.0558072 255 0 0
0.1 0.5 0.0382528 0.0804975 255 0 0
0.125 0.5 0.0480105 0.10518 255 0 0
0.15 0.5 0.0577683 0.129854 255 0 0
0.175 0.5 0.0675258 0.15452 255 0 0
0.2 0.5 0.0773296 0.17894 255 0 0
0.225 0.5 0.0773296 0.17894 0 0 255
0.25 0.5 0.0773296 0.17894 0 0 255
0.275 0.5 0.0773296 0.17894 0 0 255
0.3 0.5 0.0773296 0.17894 0 0 255
0.325 0.5 0.0773296 0.17894 0 0 255
0.35 0.5 0.0773296 0.17894 0 0 255
0.375 0.5 0.0773296 0.17894 0 0 255
0.4 0.5 0.0773296 0.17894 0 0 255
0.425 0.5 0.0773296 0.17894 0 0 255
0.45 0.5 0.0773296 0.17894 0 0 255
0.475 0.5 0.0773296 0.17894 0 0 255
0.5 0.5 0.0773296 0.17894 0 0 255
-0.5 0.475 -0.0560541 -0.216443 0 0 255
-0.475 0.475 -0.0560541 -0.216443 0 0 255
-0.45 0.475 -0.0560541 -0.216443 0 0 255
-0.425 0.475 -0.0560541 -0.216443 0 0 255
-0.4 0.475 -0.0560541 -0.216443 0 0 255
-0.375 0.475 -0.0560541 -0.216443 0 0 255
-0.35 0.475 -0.0560541 -0.216443 0 0 255
-0.325 0.475 -0.0560541 -0.216443 0 0 255
-0.3 0.475 -0.0560541 -0.216443 0 0 255
-0.275 0.475 -0.0560541 -0.216443 0 0 255
-0.25 0.475 -0.0560541 -0.216443 0 0 255
-0.225 0.475 -0.0560541 -0.216443 0 0 255
-0.2 0.475 -0.0560541 -0.216443 255 0 0
-0.175 0.475 -0.0462406 -0.191252 255 0 0
-0.15 0.475 -0.0364839 -0.166425 255 0 0
-0.125 0.475 -0.0267283 -0.141612 255 0 0
-0.1 0.475 -0.0169738 -0.116813 255 0 0
-0.075 0.475 -0.00722003 -0.0920294 255 0 0
-0.05 0.475 0.00253351 -0.0672609 255 0 0
-0.025 0.475 0.0122873 -0.0425075 255 0 0
0 0.475 0.0220419 -0.0177684 255 0 0
0.025 0.475 0.0317977 0.00695766 255 0 0
0.05 0.475 0.0415553 0.0316719 255 0 0
0.075 0.475 0.0513148 0.056376 255 0 0
0.1 0.475 0.0610763 0.0810715 255 0 0
0.125 0.475 0.0708394 0.105759 255 0 0
0.15 0.475 0.0806034 0.130439 255 0 0
0.175 0.475 0.0903675 0.155108 255 0 0
0.2 0.475 0.10023 0.179462 255 0 0
0.225 0.475 0.10023 0.179462 0 0 255
0.25 0.475 0.10023 0.179462 0 0 255
0.275 0.475 0.10023 0.179462 0 0 255
0.3 0.475 0.10023 0.179462 0 0 255
0.325 0.475 0.10023 0.179462 0 0 255
0.35 0.475 0.10023 0.179462 0 0 255
0.375 0.475 0.10023 0.179462 0 0 255
0.4 0.475 0.10023 0.179462 0 0 255
0.425 0.475 0.10023 0.179462 0 0 255
0.45 0.475 0.10023 0.179462 0 0 255
0.475 0.475 0.10023 0.179462 0 0 255
0.5 0.475 0.10023 0.179462 0 0 255
-0.5 0.45 -0.0341482 -0.220245 0 0 255
-0.475 0.45 -0.0341482 -0.220245 0 0 255
-0.45 0.45 -0.0341482 -0.220245 0 0 255
-0.425 0.45 -0.0341482 -0.220245 0 0 255
-0.4 0.45 -0.0341482 -0.220245 0 0 255
-0.375 0.45 -0.0341482 -0.220245 0 0 255
-0.35 0.45 -0.0341482 -0.220245 0 0 255
-0.325 0.45 -0.0341482 -0.220245 0 0 255
-0.3 0.45 -0.0341482 -0.220245 0 0 255
-0.275 0.45 -0.0341482 -0.220245 0 0 255
-0.25 0.45 -0.0341482 -0.220245 0 0 255
-0.225 0.45 -0.0341482 -0.220245 0 0 255
-0.2 0.45 -0.0341482 -0.220245 255 0 0
-0.175 0.45 -0.0234345 -0.190699 255 0 0
-0.15 0.45 -0.0136775 -0.165875 255 0 0
-0.125 0.45 -0.00392184 -0.141064 255 0 0
-0.1 0.45 0.00583284 -0.116265 255 0 0
-0.075 0.45 0.015587 -0.0914801 255 0 0
-0.05 0.45 0.0253412 -0.0667099 255 0 0
-0.025 0.45 0.0350961 -0.0419542 255 0 0
0 0.45 0.0448524 -0.0172121 255 0 0
0.025 0.45 0.0546107 0.00751737 255 0 0
0.05 0.45 0.0643714 0.0322357 255 0 0
0.075 0.45 0.0741348 0.0569446 255 0 0
0.1 0.45 0.0839011 0.0816458 255 0 0
0.125 0.45 0.0936702 0.106341 255 0 0
0.15 0.45 0.103441 0.13103 255 0 0
0.175 0.45 0.113209 0.15571 255 0 0
0.2 0.45 0.123696 0.178065 255 0 0
0.225 0.45 0.123696 0.178065 0 0 255
0.25 0.45 0.123696 0.178065 0 0 255
0.275 0.45 0.123696 0.178065 0 0 255
0.3 0.45 0.123696 0.178065 0 0 255
0.325 0.45 0.123696 0.178065 0 0 255
0.35 0.45 0.123696 0.178065 0 0 255
0.375 0.45 0.123696 0.178065 0 0 255
0.4 0.45 0.123696 0.178065 0 0 255
0.425 0.45 0.123696 0.178065 0 0 255
0.45 0.45 0.123696 0.178065 0 0 255
0.475 0.45 0.123696 0.178065 0 0 255
0.5 0.45 0.123696 0.178065 0 0 255
-0.5 0.425 -0.0333323 -0.219512 0 0 255
-0.475 0.425 -0.0332111 -0.219404 0 0 255
-0.45 0.425 -0.0330614 -0.219269 0 0 255
-0.425 0.425 -0.0328737 -0.219101 0 0 255
-0.4 0.425 -0.0326339 -0.218885 0 0 255
-0.375 0.425 -0.0323215 -0.218605 0 0 255
-0.35 0.425 -0.0319042 -0.21823 0 0 255
-0.325 0.425 -0.0313301 -0.217714 0 0 255
-0.3 0.425 -0.0305113 -0.216979 0 0 255
-0.275 0.425 -0.0292882 -0.215881 0 0 255
-0.25 0.425 -0.0273472 -0.214138 0 0 255
-0.225 0.425 -0.0239939 -0.211126 0 0 255
-0.2 0.425 -0.0173877 -0.205194 0 0 255
-0.175 0.425 -0.000627213 -0.190142 255 0 0
-0.15 0.425 0.00912972 -0.165323 255 0 0
-0.125 0.425 0.0188854 -0.140515 255 0 0
-0.1 0.425 0.0286401 -0.115716 255 0 0
-0.075 0.425 0.0383944 -0.0909309 255 0 0
-0.05 0.425 0.0481493 -0.0661594 255 0 0
-0.025 0.425 0.0579053 -0.0414015 255 0 0
0 0.425 0.0676633 -0.0166567 255 0 0
0.025 0.425 0.0774239 0.00807609 255 0 0
0.05 0.425 0.0871877 0.0327984 255 0 0
0.075 0.425 0.0969551 0.057512 255 0 0
0.1 0.425 0.106726 0.0822187 255 0 0
0.125 0.425 0.116502 0.106921 255 0 0
0.15 0.425 0.12628 0.131622 255 0 0
0.175 0.425 0.136082 0.156358 255 0 0
0.2 0.425 0.129889 0.167212 0 0 255
0.225 0.425 0.127448 0.17149 0 0 255
0.25 0.425 0.126209 0.173661 0 0 255
0.275 0.425 0.125492 0.174918 0 0 255
0.3 0.425 0.12504 0.17571 0 0 255
0.325 0.425 0.124737 0.17624 0 0 255
0.35 0.425 0.124525 0.176612 0 0 255
0.375 0.425 0.124371 0.176882 0 0 255
0.4 0.425 0.124256 0.177084 0 0 255
0.425 0.425 0.124167 0.17724 0 0 255
0.45 0.425 0.124098 0.177361 0 0 255
0.475 0.425 0.124042 0.177458 0 0 255
0.5 0.425 0.123998 0.177537 0 0 255
-0.5 0.4 -0.0307906 -0.217781 0 0 255
-0.475 0.4 -0.0302219 -0.217393 0 0 255
-0.45 0.4 -0.0295102 -0.216915 0 0 255
-0.425 0.4 -0.0286077 -0.216316 0 0 255
-0.4 0.4 -0.0274472 -0.215559 0 0 255
-0.375 0.4 -0.0259323 -0.214587 0 0 255
-0.35 0.4 -0.0239243 -0.213324 0 0 255
-0.325 0.4 -0.0212224 -0.211663 0 0 255
-0.3 0.4 -0.0175397 -0.209459 0 0 255
-0.275 0.4 -0.0124857 -0.206529 0 0 255
-0.25 0.4 -0.00560192 -0.202698 0 0 255
-0.225 0.4 0.00339807 -0.197963 0 0 255
-0.2 0.4 0.013811 -0.192959 0 0 255
-0.175 0.4 0.0221706 -0.189681 255 0 0
-0.15 0.4 0.0319378 -0.164771 255 0 0
-0.125 0.4 0.0416936 -0.139965 255 0 0
-0.1 0.4 0.0514482 -0.115168 255 0 0
-0.075 0.4 0.0612026 -0.0903817 255 0 0
-0.05 0.4 0.0709578 -0.065609 255 0 0
-0.025 0.4 0.0807148 -0.0408494 255 0 0
0 0.4 0.0904744 -0.0161022 255 0 0
0.025 0.4 0.100237 0.00863368 255 0 0
0.05 0.4 0.110004 0.0333596 255 0 0
0.075 0.4 0.119775 0.0580771 255 0 0
0.1 0.4 0.12955 0.0827882 255 0 0
0.125 0.4 0.139331 0.107496 255 0 0
0.15 0.4 0.149113 0.132202 255 0 0
0.175 0.4 0.159417 0.157312 255 0 0
0.2 0.4 0.153177 0.159404 0 0 255
0.225 0.4 0.14609 0.162733 0 0 255
0.25 0.4 0.14027 0.165932 0 0 255
0.275 0.4 0.135975 0.168543 0 0 255
0.3 0.4 0.132909 0.170553 0 0 255
0.325 0.4 0.130727 0.172072 0 0 255
0.35 0.4 0.129158 0.17322 0 0 255
0.375 0.4 0.128014 0.174096 0 0 255
0.4 0.4 0.127164 0.174771 0 0 255
0.425 0.4 0.126523 0.175299 0 0 255
0.45 0.4 0.126032 0.175717 0 0 255
0.475 0.4 0.125649 0.176052 0 0 255
0.5 0.4 0.125347 0.176323 0 0 255
-0.5 0.375 -0.0264056 -0.215052 0 0 255
-0.475 0.375 -0.0251569 -0.214275 0 0 255
-0.45 0.375 -0.0236338 -0.213337 0 0 255
-0.425 0.375 -0.0217644 -0.212199 0 0 255
-0.4 0.375 -0.0194579 -0.210811 0 0 255
-0.375 0.375 -0.0166011 -0.209113 0 0 255
-0.35 0.375 -0.013058 -0.207035 0 0 255
-0.325 0.375 -0.0086745 -0.204498 0 0 255
-0.3 0.375 -0.00329721 -0.201427 0 0 255
-0.275 0.375 0.0031864 -0.19777 0 0 255
-0.25 0.375 0.0107783 -0.193528 0 0 255
-0.225 0.375 0.019296 -0.188759 0 0 255
-0.2 0.375 0.0284288 -0.183472 0 0 255
-0.175 0.375 0.0384583 -0.176964 0 0 255
-0.15 0.375 0.0547461 -0.164247 255 0 0
-0.125 0.375 0.0645039 -0.139418 255 0 0
-0.1 0.375 0.0742575 -0.114619 255 0 0
-0.075 0.375 0.0840114 -0.089832 255 0 0
-0.05 0.375 0.0937667 -0.0650585 255 0 0
-0.025 0.375 0.103524 -0.0402975 255 0 0
0 0.375 0.113285 -0.0155483 255 0 0
0.025 0.375 0.12305 0.00919019 255 0 0
0.05 0.375 0.132819 0.033919 255 0 0
0.075 0.375 0.142593 0.0586395 255 0 0
0.1 0.375 0.152372 0.0833532 255 0 0
0.125 0.375 0.162158 0.108063 255 0 0
0.15 0.375 0.172007 0.132812 255 0 0
0.175 0.375 0.165712 0.145062 0 0 255
0.2 0.375 0.160611 0.150898 0 0 255
0.225 0.375 0.155313 0.155216 0 0 255
0.25 0.375 0.150167 0.158882 0 0 255
0.275 0.375 0.145536 0.162035 0 0 255
0.3 0.375 0.141586 0.1647 0 0 255
0.325 0.375 0.138328 0.166911 0 0 255
0.35 0.375 0.135692 0.168725 0 0 255
0.375 0.375 0.133579 0.170203 0 0 255
0.4 0.375 0.131889 0.171406 0 0 255
0.425 0.375 0.130537 0.172387 0 0 255
0.45 0.375 0.129449 0.173191 0 0 255
0.475 0.375 0.128571 0.173852 0 0 255
0.5 0.375 0.127856 0.1744 0 0 255
-0.5 0.35 -0.0199121 -0.211415 0 0 255
-0.475 0.35 -0.0177356 -0.210196 0 0 255
-0.45 0.35 -0.0151286 -0.208763 0 0 255
-0.425 0.35 -0.0119964 -0.207079 0 0 255
-0.4 0.35 -0.00822557 -0.205103 0 0 255
-0.375 0.35 -0.0036838 -0.202795 0 0 255
-0.35 0.35 0.0017772 -0.200123 0 0 255
-0.325 0.35 0.00831359 -0.197078 0 0 255
-0.3 0.35 0.0160731 -0.193689 0 0 255
-0.275 0.35 0.0251684 -0.190055 0 0 255
-0.25 0.35 0.0356373 -0.186381 0 0 255
-0.225 0.35 0.0473793 -0.183005 0 0 255
-0.2 0.35 0.0600075 -0.180418 0 0 255
-0.175 0.35 0.0723949 -0.179219 0 0 255
-0.15 0.35 0.0814882 -0.179824 255 0 0
-0.125 0.35 0.0873337 -0.138884 255 0 0
-0.1 0.35 0.0970673 -0.114067 255 0 0
-0.075 0.35 0.106821 -0.0892807 255 0 0
-0.05 0.35 0.116576 -0.0645072 255 0 0
-0.025 0.35 0.126333 -0.0397454 255 0 0
0 0.35 0.136095 -0.0149947 255 0 0
0.025 0.35 0.145861 0.00974583 255 0 0
0.05 0.35 0.155633 0.0344772 255 0 0
0.075 0.35 0.16541 0.0592 255 0 0
0.1 0.35 0.175188 0.0839164 255 0 0
0.125 0.35 0.184947 0.108566 255 0 0
0.15 0.35 0.217237 0.127948 255 0 0
0.175 0.35 0.206348 0.131564 0 0 255
0.2 0.35 0.193462 0.137012 0 0 255
0.225 0.35 0.181629 0.142659 0 0 255
0.25 0.35 0.171535 0.147863 0 0 255
0.275 0.35 0.163148 0.152435 0 0 255
0.3 0.35 0.156258 0.156354 0 0 255
0.325 0.35 0.150636 0.159664 0 0 255
0.35 0.35 0.146066 0.162435 0 0 255
0.375 0.35 0.142355 0.164743 0 0 255
0.4 0.35 0.139342 0.166662 0 0 255
0.425 0.35 0.13689 0.168256 0 0 255
0.45 0.35 0.134887 0.169585 0 0 255
0.475 0.35 0.133245 0.170694 0 0 255
0.5 0.35 0.131892 0.171624 0 0 255
-0.5 0.325 -0.0113835 -0.20713 0 0 255
-0.475 0.325 -0.00816107 -0.20551 0 0 255
-0.45 0.325 -0.00439382 -0.203667 0 0 255
-0.425 0.325 3.57441e-06 -0.201579 0 0 255
-0.4 0.325 0.00511813 -0.199235 0 0 255
-0.375 0.325 0.0110297 -0.196635 0 0 255
-0.35 0.325 0.0177968 -0.193803 0 0 255
-0.325 0.325 0.0254352 -0.190789 0 0 255
-0.3 0.325 0.0338923 -0.187683 0 0 255
-0.275 0.325 0.0430194 -0.184607 0 0 255
-0.25 0.325 0.0525513 -0.181697 0 0 255
-0.225 0.325 0.0621035 -0.179052 0 0 255
-0.2 0.325 0.0711912 -0.176612 0 0 255
-0.175 0.325 0.0792849 -0.173858 0 0 255
-0.15 0.325 0.0861748 -0.168498 0 0 255
-0.125 0.325 0.103666 -0.126228 0 0 255
-0.1 0.325 0.119997 -0.113573 255 0 0
-0.075 0.325 0.129632 -0.0887276 255 0 0
-0.05 0.325 0.139384 -0.0639549 255 0 0
-0.025 0.325 0.149141 -0.039193 255 0 0
0 0.325 0.158902 -0.0144413 255 0 0
0.025 0.325 0.16867 0.0103008 255 0 0
0.05 0.325 0.178444 0.0350349 255 0 0
0.075 0.325 0.188229 0.0597547 255 0 0
0.1 0.325 0.198624 0.0844476 255 0 0
0.125 0.325 0.191786 0.0965068 0 0 255
0.15 0.325 0.211859 0.121303 0 0 255
0.175 0.325 0.209103 0.126434 0 0 255
0.2 0.325 0.202536 0.130875 0 0 255
0.225 0.325 0.194557 0.135372 0 0 255
0.25 0.325 0.186248 0.13988 0 0 255
0.275 0.325 0.178207 0.144251 0 0 255
0.3 0.325 0.170772 0.14835 0 0 255
0.325 0.325 0.164115 0.152091 0 0 255
0.35 0.325 0.158287 0.155431 0 0 255
0.375 0.325 0.153268 0.158364 0 0 255
0.4 0.325 0.148993 0.160912 0 0 255
0.425 0.325 0.145376 0.163107 0 0 255
0.45 0.325 0.142328 0.164989 0 0 255
0.475 0.325 0.139763 0.1666 0 0 255
0.5 0.325 0.137605 0.167978 0 0 255
-0.5 0.3 -0.00147346 -0.202586 0 0 255
-0.475 0.3 0.00265585 -0.200693 0 0 255
-0.45 0.3 0.0073348 -0.198609 0 0 255
-0.425 0.3 0.0126032 -0.196338 0 0 255
-0.4 0.3 0.0184837 -0.193891 0 0 255
-0.375 0.3 0.0249716 -0.191297 0 0 255
-0.35 0.3 0.0320238 -0.188597 0 0 255
-0.325 0.3 0.0395488 -0.185844 0 0 255
-0.3 0.3 0.0474019 -0.183093 0 0 255
-0.275 0.3 0.0553901 -0.180378 0 0 255
-0.25 0.3 0.0632903 -0.177678 0 0 255
-0.225 0.3 0.070888 -0.174835 0 0 255
-0.2 0.3 0.0780508 -0.171396 0 0 255
-0.175 0.3 0.0849259 -0.166168 0 0 255
-0.15 0.3 0.0927655 -0.155481 0 0 255
-0.125 0.3 0.110103 -0.12124 0 0 255
-0.1 0.3 0.119997 -0.113573 0 0 255
-0.075 0.3 0.129632 -0.0887276 0 0 255
-0.05 0.3 0.139384 -0.0639549 0 0 255
-0.025 0.3 0.149141 -0.039193 0 0 255
0 0.3 0.158902 -0.0144413 0 0 255
0.025 0.3 0.16867 0.0103008 0 0 255
0.05 0.3 0.178444 0.0350349 0 0 255
0.075 0.3 0.188229 0.0597547 0 0 255
0.1 0.3 0.198624 0.0844476 0 0 255
0.125 0.3 0.194481 0.0917537 0 0 255
0.15 0.3 0.207072 0.113164 0 0 255
0.175 0.3 0.208253 0.120881 0 0 255
0.2 0.3 0.205392 0.125884 0 0 255
0.225 0.3 0.200525 0.130146 0 0 255
0.25 0.3 0.194609 0.134179 0 0 255
0.275 0.3 0.188217 0.138104 0 0 255
0.3 0.3 0.181735 0.141912 0 0 255
0.325 0.3 0.175436 0.145551 0 0 255
0.35 0.3 0.169503 0.148969 0 0 255
0.375 0.3 0.16405 0.152125 0 0 255
0.4 0.3 0.159129 0.154996 0 0 255
0.425 0.3 0.154753 0.157577 0 0 255
0.45 0.3 0.150902 0.159875 0 0 255
0.475 0.3 0.147538 0.161905 0 0 255
0.5 0.3 0.144617 0.163691 0 0 255
-0.5 0.275 0.00887829 -0.19815 0 0 255
-0.475 0.275 0.0135936 -0.196129 0 0 255
-0.45 0.275 0.0187669 -0.19397 0 0 255
-0.425 0.275 0.0243903 -0.191688 0 0 255
-0.4 0.275 0.0304343 -0.189304 0 0 255
-0.375 0.275 0.0368431 -0.186844 0 0 255
-0.35 0.275 0.0435329 -0.184335 0 0 255
-0.325 0.275 0.0503944 -0.181794 0 0 255
-0.3 0.275 0.0573004 -0.179215 0 0 255
-0.275 0.275 0.0641217 -0.176543 0 0 255
-0.25 0.275 0.0707528 -0.17363 0 0 255
-0.225 0.275 0.0771563 -0.170156 0 0 255
-0.2 0.275 0.0834524 -0.165457 0 0 255
-0.175 0.275 0.0901441 -0.158098 0 0 255
-0.15 0.275 0.0987971 -0.144717 0 0 255
-0.125 0.275 0.11337 -0.118708 0 0 255
-0.1 0.275 0.119997 -0.113573 0 0 255
-0.075 0.275 0.129632 -0.0887276 0 0 255
-0.05 0.275 0.139384 -0.0639549 0 0 255
-0.025 0.275 0.149141 -0.039193 0 0 255
0 0.275 0.158902 -0.0144413 0 0 255
0.025 0.275 0.16867 0.0103008 0 0 255
0.05 0.275 0.178444 0.0350349 0 0 255
0.075 0.275 0.188229 0.0597547 0 0 255
0.1 0.275 0.198624 0.0844476 0 0 255
0.125 0.275 0.195849 0.0893409 0 0 255
0.15 0.275 0.203787 0.106191 0 0 255
0.175 0.275 0.206573 0.115355 0 0 255
0.2 0.275 0.205919 0.121181 0 0 255
0.225 0.275 0.203216 0.125673 0 0 255
0.25 0.275 0.199242 0.129601 0 0 255
0.275 0.275 0.194483 0.133272 0 0 255
0.3 0.275 0.189282 0.136796 0 0 255
0.325 0.275 0.183895 0.140202 0 0 255
0.35 0.275 0.17852 0.143476 0 0 255
0.375 0.275 0.173305 0.146593 0 0 255
0.4 0.275 0.168356 0.149527 0 0 255
0.425 0.275 0.163745 0.152255 0 0 255
0.45 0.275 0.159511 0.154768 0 0 255
0.475 0.275 0.155666 0.157059 0 0 255
0.5 0.275 0.152208 0.159135 0 0 255
-0.5 0.25 0.0188649 -0.194044 0 0 255
-0.475 0.25 0.0238241 -0.192006 0 0 255
-0.45 0.25 0.029112 -0.189874 0 0 255
-0.425 0.25 0.034693 -0.187665 0 0 255
-0.4 0.25 0.0405156 -0.185391 0 0 255
-0.375 0.25 0.0465128 -0.183062 0 0 255
-0.35 0.25 0.0526061 -0.180679 0 0 255
-0.325 0.25 0.0587113 -0.178219 0 0 255
-0.3 0.25 0.0647501 -0.175623 0 0 255
-0.275 0.25 0.0706658 -0.172771 0 0 255
-0.25 0.25 0.0764486 -0.169439 0 0 255
-0.225 0.25 0.0821781 -0.165223 0 0 255
-0.2 0.25 0.0881071 -0.159398 0 0 255
-0.175 0.25 0.0948335 -0.150642 0 0 255
-0.15 0.25 0.103582 -0.136732 0 0 255
-0.125 0.25 0.115262 -0.117243 0 0 255
-0.1 0.25 0.119997 -0.113573 0 0 255
-0.075 0.25 0.129632 -0.0887276 0 0 255
-0.05 0.25 0.139384 -0.0639549 0 0 255
-0.025 0.25 0.149141 -0.039193 0 0 255
0 0.25 0.158902 -0.0144413 0 0 255
0.025 0.25 0.16867 0.0103008 0 0 255
0.05 0.25 0.178444 0.0350349 0 0 255
0.075 0.25 0.188229 0.0597547 0 0 255
0.1 0.25 0.198624 0.0844476 0 0 255
0.125 0.25 0.196641 0.0879444 0 0 255
0.15 0.25 0.20171 0.100888 0 0 255
0.175 0.25 0.204876 0.110306 0 0 255
0.2 0.25 0.205493 0.116733 0 0 255
0.225 0.25 0.20426 0.121574 0 0 255
0.25 0.25 0.201743 0.125599 0 0 255
0.275 0.25 0.198337 0.129198 0 0 255
0.3 0.25 0.194329 0.132561 0 0 255
0.325 0.25 0.18994 0.135776 0 0 255
0.35 0.25 0.185347 0.138873 0 0 255
0.375 0.25 0.180692 0.141857 0 0 255
0.4 0.25 0.176091 0.144718 0 0 255
0.425 0.25 0.171633 0.14744 0 0 255
0.45 0.25 0.167385 0.150008 0 0 255
0.475 0.25 0.163392 0.152411 0 0 255
0.5 0.25 0.159681 0.154642 0 0 255
-0.5 0.225 0.0280047 -0.190346 0 0 255
-0.475 0.225 0.0329465 -0.188347 0 0 255
-0.45 0.225 0.0380964 -0.186281 0 0 255
-0.425 0.225 0.0434112 -0.184156 0 0 255
-0.4 0.225 0.0488394 -0.181971 0 0 255
-0.375 0.225 0.0543246 -0.179718 0 0 255
-0.35 0.225 0.0598099 -0.17737 0 0 255
-0.325 0.225 0.0652455 -0.174873 0 0 255
-0.3 0.225 0.0705986 -0.172131 0 0 255
-0.275 0.225 0.0758677 -0.168985 0 0 255
-0.25 0.225 0.0811054 -0.165173 0 0 255
-0.225 0.225 0.0864543 -0.160275 0 0 255
-0.2 0.225 0.0922074 -0.153618 0 0 255
-0.175 0.225 0.0988903 -0.144197 0 0 255
-0.15 0.225 0.107191 -0.131009 0 0 255
-0.125 0.225 0.116453 -0.116319 0 0 255
-0.1 0.225 0.119997 -0.113573 0 0 255
-0.075 0.225 0.129632 -0.0887276 0 0 255
-0.05 0.225 0.139384 -0.0639549 0 0 255
-0.025 0.225 0.149141 -0.039193 0 0 255
0 0.225 0.158902 -0.0144413 0 0 255
0.025 0.225 0.16867 0.0103008 0 0 255
0.05 0.225 0.178444 0.0350349 0 0 255
0.075 0.225 0.188229 0.0597547 0 0 255
0.1 0.225 0.198624 0.0844476 0 0 255
0.125 0.225 0.19714 0.0870644 0 0 255
0.15 0.225 0.200429 0.097012 0 0 255
0.175 0.225 0.203416 0.105942 0 0 255
0.2 0.225 0.204703 0.11263 0 0 255
0.225 0.225 0.204449 0.11776 0 0 255
0.25 0.225 0.203003 0.121951 0 0 255
0.275 0.225 0.200662 0.125587 0 0 255
0.3 0.225 0.197661 0.128893 0 0 255
0.325 0.225 0.194184 0.131992 0 0 255
0.35 0.225 0.190383 0.134951 0 0 255
0.375 0.225 0.186385 0.1378 0 0 255
0.4 0.225 0.182296 0.140548 0 0 255
0.425 0.225 0.178204 0.143193 0 0 255
0.45 0.225 0.174183 0.145726 0 0 255
0.475 0.225 0.170289 0.148138 0 0 255
0.5 0.225 0.166566 0.15042 0 0 255
-0.5 0.2 0.0361128 -0.187037 0 0 255
-0.475 0.2 0.040877 -0.185093 0 0 255
-0.45 0.2 0.0457573 -0.18309 0 0 255
-0.425 0.2 0.0507143 -0.181025 0 0 255
-0.4 0.2 0.0557069 -0.178885 0 0 255
-0.375 0.2 0.0606957 -0.176642 0 0 255
-0.35 0.2 0.0656475 -0.174252 0 0 255
-0.325 0.2 0.0705421 -0.171637 0 0 255
-0.3 0.2 0.0753807 -0.168681 0 0 255
-0.275 0.2 0.0801986 -0.165205 0 0 255
-0.25 0.2 0.0850825 -0.160942 0 0 255
-0.225 0.2 0.0901968 -0.155501 0 0 255
-0.2 0.2 0.0958133 -0.148336 0 0 255
-0.175 0.2 0.102305 -0.138827 0 0 255
-0.15 0.2 0.109878 -0.126921 0 0 255
-0.125 0.2 0.117251 -0.115701 0 0 255
-0.1 0.2 0.119997 -0.113573 0 0 255
-0.075 0.2 0.129632 -0.0887276 0 0 255
-0.05 0.2 0.139384 -0.0639549 0 0 255
-0.025 0.2 0.149141 -0.039193 0 0 255
0 0.2 0.158902 -0.0144413 0 0 255
0.025 0.2 0.16867 0.0103008 0 0 255
0.05 0.2 0.178444 0.0350349 0 0 255
0.075 0.2 0.188229 0.0597547 0 0 255
0.1 0.2 0.198624 0.0844476 0 0 255
0.125 0.2 0.197475 0.0864752 0 0 255
0.15 0.2 0.19964 0.0941982 0 0 255
0.175 0.2 0.202243 0.102292 0 0 255
0.2 0.2 0.203824 0.108938 0 0 255
0.225 0.2 0.204199 0.114232 0 0 255
0.25 0.2 0.203526 0.118574 0 0 255
0.275 0.2 0.202008 0.122291 0 0 255
0.3 0.2 0.199826 0.125604 0 0 255
0.325 0.2 0.197133 0.128654 0 0 255
0.35 0.2 0.194055 0.131526 0 0 255
0.375 0.2 0.190701 0.13427 0 0 255
0.4 0.2 0.187164 0.136912 0 0 255
0.425 0.2 0.183526 0.139462 0 0 255
0.45 0.2 0.179856 0.141923 0 0 255
0.475 0.2 0.176211 0.14429 0 0 255
0.5 0.2 0.172642 0.146559 0 0 255
-0.5 0.175 0.0431921 -0.184056 0 0 255
-0.475 0.175 0.0477002 -0.182158 0 0 255
-0.45 0.175 0.0522621 -0.180196 0 0 255
-0.425 0.175 0.0568474 -0.178157 0 0 255
-0.4 0.175 0.0614279 -0.176014 0 0 255
-0.375 0.175 0.0659808 -0.17373 0 0 255
-0.35 0.175 0.0704929 -0.171244 0 0 255
-0.325 0.175 0.0749661 -0.168467 0 0 255
-0.3 0.175 0.0794244 -0.165273 0 0 255
-0.275 0.175 0.083924 -0.161481 0 0 255
-0.25 0.175 0.0885651 -0.156841 0 0 255
-0.225 0.175 0.0935052 -0.151025 0 0 255
-0.2 0.175 0.0989598 -0.143645 0 0 255
-0.175 0.175 0.105133 -0.134442 0 0 255
-0.15 0.175 0.111884 -0.123973 0 0 255
-0.125 0.175 0.117811 -0.115267 0 0 255
-0.1 0.175 0.119997 -0.113573 0 0 255
-0.075 0.175 0.129632 -0.0887276 0 0 255
-0.05 0.175 0.139384 -0.0639549 0 0 255
-0.025 0.175 0.149141 -0.039193 0 0 255
0 0.175 0.158902 -0.0144413 0 0 255
0.025 0.175 0.16867 0.0103008 0 0 255
0.05 0.175 0.178444 0.0350349 0 0 255
0.075 0.175 0.188229 0.0597547 0 0 255
0.1 0.175 0.198624 0.0844476 0 0 255
0.125 0.175 0.197709 0.0860622 0 0 255
0.15 0.175 0.199152 0.0921402 0 0 255
0.175 0.175 0.20133 0.0992953 0 0 255
0.2 0.175 0.202982 0.105682 0 0 255
0.225 0.175 0.20374 0.111004 0 0 255
0.25 0.175 0.203615 0.115444 0 0 255
0.275 0.175 0.202723 0.119242 0 0 255
0.3 0.175 0.201198 0.122593 0 0 255
0.325 0.175 0.199157 0.125635 0 0 255
0.35 0.175 0.196708 0.128463 0 0 255
0.375 0.175 0.193941 0.131137 0 0 255
0.4 0.175 0.190938 0.133696 0 0 255
0.425 0.175 0.187769 0.136161 0 0 255
0.45 0.175 0.184497 0.138543 0 0 255
0.475 0.175 0.181177 0.140846 0 0 255
0.5 0.175 0.177856 0.143069 0 0 255
-0.5 0.15 0.0493382 -0.181336 0 0 255
-0.475 0.15 0.0535645 -0.179465 0 0 255
-0.45 0.15 0.057807 -0.177516 0 0 255
-0.425 0.15 0.0620449 -0.175468 0 0 255
-0.4 0.15 0.0662619 -0.173287 0 0 255
-0.375 0.15 0.0704492 -0.170924 0 0 255
-0.35 0.15 0.0746085 -0.168312 0 0 255
-0.325 0.15 0.0787568 -0.165357 0 0 255
-0.3 0.15 0.0829317 -0.161931 0 0 255
-0.275 0.15 0.0871982 -0.157866 0 0 255
-0.25 0.15 0.0916551 -0.152945 0 0 255
-0.225 0.15 0.0964354 -0.146916 0 0 255
-0.2 0.15 0.101684 -0.139556 0 0 255
-0.175 0.15 0.107454 -0.130896 0 0 255
-0.15 0.15 0.113399 -0.121816 0 0 255
-0.125 0.15 0.118217 -0.114952 0 0 255
-0.1 0.15 0.119997 -0.113573 0 0 255
-0.075 0.15 0.129632 -0.0887276 0 0 255
-0.05 0.15 0.139384 -0.0639549 0 0 255
-0.025 0.15 0.149141 -0.039193 0 0 255
0 0.15 0.158902 -0.0144413 0 0 255
0.025 0.15 0.16867 0.0103008 0 0 255
0.05 0.15 0.178444 0.0350349 0 0 255
0.075 0.15 0.188229 0.0597547 0 0 255
0.1 0.15 0.198624 0.0844476 0 0 255
0.125 0.15 0.197879 0.0857619 0 0 255
0.15 0.15 0.198847 0.090615 0 0 255
0.175 0.15 0.200633 0.0968573 0 0 255
0.2 0.15 0.202229 0.102852 0 0 255
0.225 0.15 0.203198 0.108084 0 0 255
0.25 0.15 0.203451 0.112555 0 0 255
0.275 0.15 0.203032 0.11641 0 0 255
0.3 0.15 0.202025 0.119803 0 0 255
0.325 0.15 0.200522 0.12286 0 0 255
0.35 0.15 0.198607 0.125672 0 0 255
0.375 0.15 0.196358 0.128307 0 0 255
0.4 0.15 0.193842 0.130808 0 0 255
0.425 0.15 0.191122 0.133206 0 0 255
0.45 0.15 0.188252 0.135518 0 0 255
0.475 0.15 0.185282 0.137755 0 0 255
0.5 0.15 0.182257 0.13992 0 0 255
-0.5 0.125 0.0546775 -0.178815 0 0 255
-0.475 0.125 0.0586271 -0.17695 0 0 255
-0.45 0.125 0.0625727 -0.174989 0 0 255
-0.425 0.125 0.0665025 -0.172905 0 0 255
-0.4 0.125 0.0704101 -0.170659 0 0 255
-0.375 0.125 0.074297 -0.168196 0 0 255
-0.35 0.125 0.0781754 -0.165446 0 0 255
-0.325 0.125 0.0820716 -0.162316 0 0 255
-0.3 0.125 0.0860296 -0.158684 0 0 255
-0.275 0.125 0.0901146 -0.154403 0 0 255
-0.25 0.125 0.0944139 -0.149299 0 0 255
-0.225 0.125 0.0990272 -0.143202 0 0 255
-0.2 0.125 0.104029 -0.136035 0 0 255
-0.175 0.125 0.109355 -0.128037 0 0 255
-0.15 0.125 0.114557 -0.120211 0 0 255
-0.125 0.125 0.118522 -0.114716 0 0 255
-0.1 0.125 0.119997 -0.113573 0 0 255
-0.075 0.125 0.129632 -0.0887276 0 0 255
-0.05 0.125 0.139384 -0.0639549 0 0 255
-0.025 0.125 0.149141 -0.039193 0 0 255
0 0.125 0.158902 -0.0144413 0 0 255
0.025 0.125 0.16867 0.0103008 0 0 255
0.05 0.125 0.178444 0.0350349 0 0 255
0.075 0.125 0.188229 0.0597547 0 0 255
0.1 0.125 0.198624 0.0844476 0 0 255
0.125 0.125 0.198007 0.0855371 0 0 255
0.15 0.125 0.198657 0.0894672 0 0 255
0.175 0.125 0.200104 0.0948798 0 0 255
0.2 0.125 0.201579 0.100415 0 0 255
0.225 0.125 0.202646 0.105466 0 0 255
0.25 0.125 0.20315 0.109902 0 0 255
0.275 0.125 0.203079 0.11378 0 0 255
0.3 0.125 0.20248 0.117206 0 0 255
0.325 0.125 0.201414 0.120283 0 0 255
0.35 0.125 0.199949 0.123097 0 0 255
0.375 0.125 0.198146 0.125712 0 0 255
0.4 0.125 0.196064 0.128177 0 0 255
0.425 0.125 0.193756 0.130526 0 0 255
0.45 0.125 0.191268 0.132782 0 0 255
0.475 0.125 0.188646 0.13496 0 0 255
0.5 0.125 0.185929 0.137069 0 0 255
-0.5 0.1 0.0593369 -0.176445 0 0 255
-0.475 0.1 0.0630299 -0.174566 0 0 255
-0.45 0.1 0.0667107 -0.172574 0 0 255
-0.425 0.1 0.0703747 -0.170435 0 0 255
-0.4 0.1 0.0740231 -0.168107 0 0 255
-0.375 0.1 0.0776648 -0.165536 0 0 255
-0.35 0.1 0.0813186 -0.162649 0 0 255
-0.325 0.1 0.0850154 -0.15936 0 0 255
-0.3 0.1 0.0888003 -0.15556 0 0 255
-0.275 0.1 0.0927328 -0.151125 0 0 255
-0.25 0.1 0.0968829 -0.14593 0 0 255
-0.225 0.1 0.101314 -0.139883 0 0 255
-0.2 0.1 0.106039 -0.133026 0 0 255
-0.175 0.1 0.110912 -0.12573 0 0 255
-0.15 0.1 0.115455 -0.118997 0 0 255
-0.125 0.1 0.118755 -0.114535 0 0 255
-0.1 0.1 0.119997 -0.113573 0 0 255
-0.075 0.1 0.129632 -0.0887276 0 0 255
-0.05 0.1 0.139384 -0.0639549 0 0 255
-0.025 0.1 0.149141 -0.039193 0 0 255
0 0.1 0.158902 -0.0144413 0 0 255
0.025 0.1 0.16867 0.0103008 0 0 255
0.05 0.1 0.178444 0.0350349 0 0 255
0.075 0.1 0.188229 0.0597547 0 0 255
0.1 0.1 0.198624 0.0844476 0 0 255
0.125 0.1 0.198104 0.0853647 0 0 255
0.15 0.1 0.198539 0.0885898 0 0 255
0.175 0.1 0.199705 0.0932743 0 0 255
0.2 0.1 0.201032 0.0983298 0 0 255
0.225 0.1 0.202119 0.103138 0 0 255
0.25 0.1 0.202781 0.107482 0 0 255
0.275 0.1 0.202964 0.111344 0 0 255
0.3 0.1 0.20268 0.114782 0 0 255
0.325 0.1 0.201968 0.117876 0 0 255
0.35 0.1 0.200877 0.120698 0 0 255
0.375 0.1 0.199456 0.123307 0 0 255
0.4 0.1 0.197753 0.125752 0 0 255
0.425 0.1 0.195814 0.128068 0 0 255
0.45 0.1 0.193679 0.130282 0 0 255
0.475 0.1 0.191388 0.132412 0 0 255
0.5 0.1 0.188974 0.134471 0 0 255
-0.5 0.075 0.0634302 -0.17419 0 0 255
-0.475 0.075 0.0668929 -0.172283 0 0 255
-0.45 0.075 0.0703426 -0.170244 0 0 255
-0.425 0.075 0.0737804 -0.168038 0 0 255
-0.4 0.075 0.0772128 -0.165623 0 0 255
-0.375 0.075 0.0806536 -0.162943 0 0 255
-0.35 0.075 0.0841252 -0.159931 0 0 255
-0.325 0.075 0.0876596 -0.156507 0 0 255
-0.3 0.075 0.0912991 -0.152579 0 0 255
-0.275 0.075 0.0950938 -0.148052 0 0 255
-0.25 0.075 0.0990938 -0.142846 0 0 255
-0.225 0.075 0.103328 -0.136939 0 0 255
-0.2 0.075 0.107759 -0.130463 0 0 255
-0.175 0.075 0.112191 -0.123861 0 0 255
-0.15 0.075 0.116161 -0.118064 0 0 255
-0.125 0.075 0.118938 -0.114393 0 0 255
-0.1 0.075 0.119997 -0.113573 0 0 255
-0.075 0.075 0.129632 -0.0887276 0 0 255
-0.05 0.075 0.139384 -0.0639549 0 0 255
-0.025 0.075 0.149141 -0.039193 0 0 255
0 0.075 0.158902 -0.0144413 0 0 255
0.025 0.075 0.16867 0.0103008 0 0 255
0.05 0.075 0.178444 0.0350349 0 0 255
0.075 0.075 0.188229 0.0597547 0 0 255
0.1 0.075 0.198624 0.0844476 0 0 255
0.125 0.075 0.198181 0.0852296 0 0 255
0.15 0.075 0.198466 0.0879089 0 0 255
0.175 0.075 0.199403 0.0919664 0 0 255
0.2 0.075 0.200576 0.0965506 0 0 255
0.225 0.075 0.201637 0.10108 0 0 255
0.25 0.075 0.202389 0.105286 0 0 255
0.275 0.075 0.20275 0.109095 0 0 255
0.3 0.075 0.202708 0.112524 0 0 255
0.325 0.075 0.202279 0.115624 0 0 255
0.35 0.075 0.201498 0.118452 0 0 255
0.375 0.075 0.2004 0.121061 0 0 255
0.4 0.075 0.199027 0.123495 0 0 255
0.425 0.075 0.197414 0.125791 0 0 255
0.45 0.075 0.195598 0.127975 0 0 255
0.475 0.075 0.193612 0.130068 0 0 255
0.5 0.075 0.191487 0.132086 0 0 255
-0.5 0.05 0.0670536 -0.172026 0 0 255
-0.475 0.05 0.0703134 -0.170078 0 0 255
-0.45 0.05 0.0735638 -0.167984 0 0 255
-0.425 0.05 0.0768098 -0.165706 0 0 255
-0.4 0.05 0.0800619 -0.163202 0 0 255
-0.375 0.05 0.0833364 -0.160421 0 0 255
-0.35 0.05 0.0866569 -0.1573 0 0 255
-0.325 0.05 0.0900541 -0.15377 0 0 255
-0.3 0.05 0.0935648 -0.149757 0 0 255
-0.275 0.05 0.0972277 -0.145194 0 0 255
-0.25 0.05 0.101073 -0.140043 0 0 255
-0.225 0.05 0.105099 -0.134342 0 0 255
-0.2 0.05 0.109231 -0.128285 0 0 255
-0.175 0.05 0.113247 -0.12234 0 0 255
-0.15 0.05 0.116723 -0.117337 0 0 255
-0.125 0.05 0.119084 -0.11428 0 0 255
-0.1 0.05 0.119997 -0.113573 0 0 255
-0.075 0.05 0.129632 -0.0887276 0 0 255
-0.05 0.05 0.139384 -0.0639549 0 0 255
-0.025 0.05 0.149141 -0.039193 0 0 255
0 0.05 0.158902 -0.0144413 0 0 255
0.025 0.05 0.16867 0.0103008 0 0 255
0.05 0.05 0.178444 0.0350349 0 0 255
0.075 0.05 0.188229 0.0597547 0 0 255
0.1 0.05 0.198624 0.0844476 0 0 255
0.125 0.05 0.198242 0.0851219 0 0 255
0.15 0.05 0.198423 0.0873729 0 0 255
0.175 0.05 0.199174 0.0908957 0 0 255
0.2 0.05 0.2002 0.0950344 0 0 255
0.225 0.05 0.201206 0.0992658 0 0 255
0.25 0.05 0.201999 0.103302 0 0 255
0.275 0.05 0.202482 0.107028 0 0 255
0.3 0.05 0.202622 0.110424 0 0 255
0.325 0.05 0.202418 0.113515 0 0 255
0.35 0.05 0.201891 0.116344 0 0 255
0.375 0.05 0.201066 0.118953 0 0 255
0.4 0.05 0.199976 0.121382 0 0 255
0.425 0.05 0.19865 0.123664 0 0 255
0.45 0.05 0.197118 0.125828 0 0 255
0.475 0.05 0.19541 0.127894 0 0 255
0.5 0.05 0.193552 0.129879 0 0 255
-0.5 0.025 0.0702866 -0.169934 0 0 255
-0.475 0.025 0.0733693 -0.16794 0 0 255
-0.45 0.025 0.0764484 -0.165785 0 0 255
-0.425 0.025 0.0795318 -0.163435 0 0 255
-0.4 0.025 0.082632 -0.160848 0 0 255
-0.375 0.025 0.0857665 -0.157977 0 0 255
-0.35 0.025 0.0889582 -0.154767 0 0 255
-0.325 0.025 0.0922348 -0.15116 0 0 255
-0.3 0.025 0.0956261 -0.147102 0 0 255
-0.275 0.025 0.0991587 -0.142552 0 0 255
-0.25 0.025 0.102844 -0.137511 0 0 255
-0.225 0.025 0.106655 -0.13206 0 0 255
-0.2 0.025 0.110491 -0.126434 0 0 255
-0.175 0.025 0.114124 -0.121095 0 0 255
-0.15 0.025 0.117176 -0.116761 0 0 255
-0.125 0.025 0.119202 -0.114189 0 0 255
-0.1 0.025 0.119997 -0.113573 0 0 255
-0.075 0.025 0.129632 -0.0887276 0 0 255
-0.05 0.025 0.139384 -0.0639549 0 0 255
-0.025 0.025 0.149141 -0.039193 0 0 255
0 0.025 0.158902 -0.0144413 0 0 255
0.025 0.025 0.16867 0.0103008 0 0 255
0.05 0.025 0.178444 0.0350349 0 0 255
0.075 0.025 0.188229 0.0597547 0 0 255
0.1 0.025 0.198624 0.0844476 0 0 255
0.125 0.025 0.198291 0.0850347 0 0 255
0.15 0.025 0.198399 0.0869454 0 0 255
0.175 0.025 0.199001 0.0900143 0 0 255
0.2 0.025 0.199892 0.0937417 0 0 255
0.225 0.025 0.200827 0.0976718 0 0 255
0.25 0.025 0.201627 0.101516 0 0 255
0.275 0.025 0.202188 0.105133 0 0 255
0.3 0.025 0.202462 0.108474 0 0 255
0.325 0.025 0.202435 0.111542 0 0 255
0.35 0.025 0.202115 0.114363 0 0 255
0.375 0.025 0.20152 0.116969 0 0 255
0.4 0.025 0.200671 0.119394 0 0 255
0.425 0.025 0.199595 0.121668 0 0 255
0.45 0.025 0.198315 0.123817 0 0 255
0.475 0.025 0.196857 0.125863 0 0 255
0.5 0.025 0.195244 0.127823 0 0 255
-0.5 0 0.0731937 -0.167904 0 0 255
-0.475 0 0.0761224 -0.165859 0 0 255
-0.45 0 0.0790542 -0.163644 0 0 255
-0.425 0 0.0819987 -0.161225 0 0 255
-0.4 0 0.0849693 -0.158563 0 0 255
-0.375 0 0.0879835 -0.155617 0 0 255
-0.35 0 0.0910622 -0.152339 0 0 255
-0.325 0 0.0942287 -0.148685 0 0 255
-0.3 0 0.0975053 -0.144619 0 0 255
-0.275 0 0.100907 -0.140124 0 0 255
-0.25 0 0.104427 -0.135232 0 0 255
-0.225 0 0.108022 -0.130059 0 0 255
-0.2 0 0.111572 -0.124858 0 0 255
-0.175 0 0.114856 -0.12007 0 0 255
-0.15 0 0.117546 -0.1163 0 0 255
-0.125 0 0.119299 -0.114114 0 0 255
-0.1 0 0.119997 -0.113573 0 0 255
-0.075 0 0.129632 -0.0887276 0 0 255
-0.05 0 0.139384 -0.0639549 0 0 255
-0.025 0 0.149141 -0.039193 0 0 255
0 0 0.158902 -0.0144413 0 0 255
0.025 0 0.16867 0.0103008 0 0 255
0.05 0 0.178444 0.0350349 0 0 255
0.075 0 0.188229 0.0597547 0 0 255
0.1 0 0.198624 0.0844476 0 0 255
0.125 0 0.198332 0.0849632 0 0 255
0.15 0 0.198387 0.0866002 0 0 255
0.175 0 0.19887 0.0892842 0 0 255
0.2 0 0.199639 0.092638 0 0 255
0.225 0 0.200497 0.0962727 0 0 255
0.25 0 0.201281 0.0999122 0 0 255
0.275 0 0.201887 0.103401 0 0 255
0.3 0 0.202257 0.106668 0 0 255
0.325 0 0.202368 0.109699 0 0 255
0.35 0 0.202216 0.112501 0 0 255
0.375 0 0.201811 0.115099 0 0 255
0.4 0 0.201169 0.117518 0 0 255
0.425 0 0.200309 0.119785 0 0 255
0.45 0 0.199251 0.121924 0 0 255
0.475 0 0.198016 0.123956 0 0 255
0.5 0 0.196625 0.125897 0 0 255
