-0.175 0.4 0
-5.246e-07 1.70924e-06 1


-0.175 0.425 0
-5.55741e-07 1.81116e-06 1


-0.175 0.45 0
-5.68411e-07 1.86865e-06 1


-0.175 0.475 0
-5.67445e-07 1.90971e-06 1


-0.175 0.5 0
-5.78057e-07 2.02908e-06 1


-0.175 0.525 0
-5.79007e-07 2.12789e-06 1


-0.175 0.55 0
-5.60765e-07 2.17024e-06 1


-0.175 0.575 0
-5.47814e-07 2.24923e-06 1


-0.175 0.6 0
-5.28028e-07 2.28398e-06 1


-0.15 0.375 0
-4.7611e-07 1.67804e-06 1


-0.15 0.4 0
-4.98345e-07 1.7113e-06 1


-0.15 0.425 0
-5.19075e-07 1.76245e-06 1


-0.15 0.45 0
-5.38344e-07 1.83801e-06 1


-0.15 0.475 0
-5.46304e-07 1.91486e-06 1


-0.15 0.5 0
-5.49996e-07 2.01785e-06 1


-0.15 0.525 0
-5.46097e-07 2.11448e-06 1


-0.15 0.55 0
-5.29232e-07 2.19358e-06 1


-0.15 0.575 0
-5.06054e-07 2.2694e-06 1


-0.15 0.6 0
-4.76528e-07 2.31983e-06 1


-0.15 0.625 0
-4.41001e-07 2.33572e-06 1


-0.125 0.35 0
-3.70335e-07 1.52438e-06 1


-0.125 0.375 0
-4.19476e-07 1.61214e-06 1


-0.125 0.4 0
-4.51396e-07 1.66852e-06 1


-0.125 0.425 0
-4.74713e-07 1.73367e-06 1


-0.125 0.45 0
-4.89131e-07 1.81854e-06 1


-0.125 0.475 0
-4.93911e-07 1.91269e-06 1


-0.125 0.5 0
-4.93303e-07 2.01239e-06 1


-0.125 0.525 0
-4.89554e-07 2.11131e-06 1


-0.125 0.55 0
-4.7943e-07 2.20609e-06 1


-0.125 0.575 0
-4.59817e-07 2.29071e-06 1


-0.125 0.6 0
-4.30609e-07 2.35756e-06 1


-0.125 0.625 0
-3.97663e-07 2.42928e-06 1


-0.125 0.65 0
-3.63816e-07 2.51797e-06 1


-0.1 0.325 0
-2.75764e-07 1.48019e-06 1


-0.1 0.35 0
-3.26291e-07 1.51701e-06 1


-0.1 0.375 0
-3.60715e-07 1.56624e-06 1


-0.1 0.4 0
-3.88633e-07 1.63185e-06 1


-0.1 0.425 0
-4.02589e-07 1.71397e-06 1


-0.1 0.45 0
-4.04228e-07 1.80992e-06 1


-0.1 0.475 0
-4.02163e-07 1.90954e-06 1


-0.1 0.5 0
-3.99684e-07 2.00944e-06 1


-0.1 0.525 0
-3.97174e-07 2.10936e-06 1


-0.1 0.55 0
-3.9426e-07 2.209e-06 1


-0.1 0.575 0
-3.87522e-07 2.30504e-06 1


-0.1 0.6 0
-3.69445e-07 2.38993e-06 1


-0.1 0.625 0
-3.41145e-07 2.46106e-06 1


-0.1 0.65 0
-3.06322e-07 2.51597e-06 1


-0.1 0.675 0
-2.47668e-07 2.48151e-06 1


-0.075 0.325 0
-2.28419e-07 1.473e-06 1


-0.075 0.35 0
-2.66927e-07 1.49642e-06 1


-0.075 0.375 0
-2.916e-07 1.53929e-06 1


-0.075 0.4 0
-3.05803e-07 1.61172e-06 1


-0.075 0.425 0
-3.07128e-07 1.70732e-06 1


-0.075 0.45 0
-3.04752e-07 1.80711e-06 1


-0.075 0.475 0
-3.02258e-07 1.90703e-06 1


-0.075 0.5 0
-2.99764e-07 2.00695e-06 1


-0.075 0.525 0
-2.97269e-07 2.10687e-06 1


-0.075 0.55 0
-2.94775e-07 2.20679e-06 1


-0.075 0.575 0
-2.92166e-07 2.30661e-06 1


-0.075 0.6 0
-2.86307e-07 2.40286e-06 1


-0.075 0.625 0
-2.6907e-07 2.47745e-06 1


-0.075 0.65 0
-2.4205e-07 2.52357e-06 1


-0.075 0.675 0
-1.98016e-07 2.56492e-06 1


-0.05 0.325 0
-1.64817e-07 1.44465e-06 1


-0.05 0.35 0
-1.91399e-07 1.47295e-06 1


-0.05 0.375 0
-2.05898e-07 1.52076e-06 1


-0.05 0.4 0
-2.09514e-07 1.60523e-06 1


-0.05 0.425 0
-2.07325e-07 1.70469e-06 1


-0.05 0.45 0
-2.0483e-07 1.80461e-06 1


-0.05 0.475 0
-2.02337e-07 1.90453e-06 1


-0.05 0.5 0
-1.99842e-07 2.00446e-06 1


-0.05 0.525 0
-1.97348e-07 2.10437e-06 1


-0.05 0.55 0
-1.94854e-07 2.20429e-06 1


-0.05 0.575 0
-1.9236e-07 2.30422e-06 1


-0.05 0.6 0
-1.8959e-07 2.40374e-06 1


-0.05 0.625 0
-1.81726e-07 2.4894e-06 1


-0.05 0.65 0
-1.64835e-07 2.54119e-06 1


-0.05 0.675 0
-1.37655e-07 2.57471e-06 1


-0.025 0.325 0
-9.8476e-08 1.45041e-06 1


-0.025 0.35 0
-1.06663e-07 1.46172e-06 1


-0.025 0.375 0
-1.10787e-07 1.51097e-06 1


-0.025 0.4 0
-1.09886e-07 1.6023e-06 1


-0.025 0.425 0
-1.07404e-07 1.7022e-06 1


-0.025 0.45 0
-1.0491e-07 1.80212e-06 1


-0.025 0.475 0
-1.02415e-07 1.90204e-06 1


-0.025 0.5 0
-9.99211e-08 2.00196e-06 1


-0.025 0.525 0
-9.74269e-08 2.10188e-06 1


-0.025 0.55 0
-9.49328e-08 2.2018e-06 1


-0.025 0.575 0
-9.24388e-08 2.30173e-06 1


-0.025 0.6 0
-8.99337e-08 2.40164e-06 1


-0.025 0.625 0
-8.62537e-08 2.49285e-06 1


-0.025 0.65 0
-7.9333e-08 2.54049e-06 1


-0.025 0.675 0
-6.90407e-08 2.54619e-06 1


0 0.325 0
-1.64515e-08 1.43457e-06 1


0 0.35 0
-1.43769e-08 1.45348e-06 1


0 0.375 0
-1.24024e-08 1.50669e-06 1


0 0.4 0
-9.97693e-09 1.59978e-06 1


0 0.425 0
-7.48275e-09 1.6997e-06 1


0 0.45 0
-4.98832e-09 1.79963e-06 1


0 0.475 0
-2.49401e-09 1.89955e-06 1


0 0.5 0
1.39539e-16 1.99947e-06 1


0 0.525 0
2.49401e-09 2.09939e-06 1


0 0.55 0
4.98832e-09 2.19931e-06 1


0 0.575 0
7.48275e-09 2.29923e-06 1


0 0.6 0
9.97693e-09 2.39915e-06 1


0 0.625 0
1.24024e-08 2.49329e-06 1


0 0.65 0
1.43769e-08 2.55347e-06 1


0 0.675 0
1.64515e-08 2.59069e-06 1


0.025 0.325 0
6.90407e-08 1.4113e-06 1


0.025 0.35 0
7.9333e-08 1.44789e-06 1


0.025 0.375 0
8.62537e-08 1.50503e-06 1


0.025 0.4 0
8.99337e-08 1.59731e-06 1


0.025 0.425 0
9.24388e-08 1.69721e-06 1


0.025 0.45 0
9.49328e-08 1.79713e-06 1


0.025 0.475 0
9.74269e-08 1.89705e-06 1


0.025 0.5 0
9.99211e-08 1.99697e-06 1


0.025 0.525 0
1.02415e-07 2.09689e-06 1


0.025 0.55 0
1.0491e-07 2.19681e-06 1


0.025 0.575 0
1.07404e-07 2.29674e-06 1


0.025 0.6 0
1.09886e-07 2.39664e-06 1


0.025 0.625 0
1.10787e-07 2.49008e-06 1


0.025 0.65 0
1.06663e-07 2.55392e-06 1


0.025 0.675 0
9.8476e-08 2.60842e-06 1


0.05 0.325 0
1.37655e-07 1.43789e-06 1


0.05 0.35 0
1.64835e-07 1.4645e-06 1


0.05 0.375 0
1.81726e-07 1.51114e-06 1


0.05 0.4 0
1.8959e-07 1.59528e-06 1


0.05 0.425 0
1.9236e-07 1.69472e-06 1


0.05 0.45 0
1.94854e-07 1.79463e-06 1


0.05 0.475 0
1.97348e-07 1.89456e-06 1


0.05 0.5 0
1.99842e-07 1.99448e-06 1


0.05 0.525 0
2.02337e-07 2.0944e-06 1


0.05 0.55 0
2.0483e-07 2.19432e-06 1


0.05 0.575 0
2.07325e-07 2.29424e-06 1


0.05 0.6 0
2.09514e-07 2.39375e-06 1


0.05 0.625 0
2.05898e-07 2.47962e-06 1


0.05 0.65 0
1.91399e-07 2.53141e-06 1


0.05 0.675 0
1.64817e-07 2.56618e-06 1


0.075 0.325 0
1.98016e-07 1.45344e-06 1


0.075 0.35 0
2.4205e-07 1.48542e-06 1


0.075 0.375 0
2.6907e-07 1.52802e-06 1


0.075 0.4 0
2.86307e-07 1.59769e-06 1


0.075 0.425 0
2.92166e-07 1.69236e-06 1


0.075 0.45 0
2.94775e-07 1.79214e-06 1


0.075 0.475 0
2.97269e-07 1.89206e-06 1


0.075 0.5 0
2.99764e-07 1.99199e-06 1


0.075 0.525 0
3.02258e-07 2.09191e-06 1


0.075 0.55 0
3.04752e-07 2.19183e-06 1


0.075 0.575 0
3.07128e-07 2.29165e-06 1


0.075 0.6 0
3.05803e-07 2.38676e-06 1


0.075 0.625 0
2.916e-07 2.45892e-06 1


0.075 0.65 0
2.66927e-07 2.50853e-06 1


0.075 0.675 0
2.28419e-07 2.56863e-06 1


0.1 0.325 0
2.47668e-07 1.43231e-06 1


0.1 0.35 0
3.06322e-07 1.51928e-06 1


0.1 0.375 0
3.41145e-07 1.55827e-06 1


0.1 0.4 0
3.69445e-07 1.61266e-06 1


0.1 0.425 0
3.87522e-07 1.69344e-06 1


0.1 0.45 0
3.9426e-07 1.78997e-06 1


0.1 0.475 0
3.97174e-07 1.88958e-06 1


0.1 0.5 0
3.99684e-07 1.98949e-06 1


0.1 0.525 0
4.02163e-07 2.08941e-06 1


0.1 0.55 0
4.04228e-07 2.1891e-06 1


0.1 0.575 0
4.02589e-07 2.28658e-06 1


0.1 0.6 0
3.88633e-07 2.37074e-06 1


0.1 0.625 0
3.60715e-07 2.42745e-06 1


0.1 0.65 0
3.26291e-07 2.47006e-06 1


0.1 0.675 0
2.75764e-07 2.53625e-06 1


0.125 0.35 0
3.63816e-07 1.56575e-06 1


0.125 0.375 0
3.97663e-07 1.59033e-06 1


0.125 0.4 0
4.30609e-07 1.63613e-06 1


0.125 0.425 0
4.59817e-07 1.70751e-06 1


0.125 0.45 0
4.7943e-07 1.79429e-06 1


0.125 0.475 0
4.89554e-07 1.88974e-06 1


0.125 0.5 0
4.93303e-07 1.98759e-06 1


0.125 0.525 0
4.93912e-07 2.0852e-06 1


0.125 0.55 0
4.89131e-07 2.182e-06 1


0.125 0.575 0
4.74713e-07 2.27181e-06 1


0.125 0.6 0
4.51396e-07 2.35081e-06 1


0.125 0.625 0
4.19475e-07 2.40747e-06 1


0.125 0.65 0
3.70335e-07 2.40638e-06 1


0.15 0.375 0
4.41001e-07 1.59505e-06 1


0.15 0.4 0
4.76528e-07 1.66725e-06 1


0.15 0.425 0
5.06054e-07 1.73555e-06 1


0.15 0.45 0
5.29232e-07 1.81078e-06 1


0.15 0.475 0
5.46097e-07 1.90116e-06 1


0.15 0.5 0
5.49996e-07 1.9891e-06 1


0.15 0.525 0
5.46304e-07 2.07352e-06 1


0.15 0.55 0
5.38344e-07 2.16768e-06 1


0.15 0.575 0
5.19075e-07 2.24655e-06 1


0.15 0.6 0
4.98345e-07 2.32394e-06 1


0.15 0.625 0
4.7611e-07 2.40567e-06 1


0.175 0.4 0
5.28028e-07 1.73246e-06 1


0.175 0.425 0
5.47814e-07 1.7924e-06 1


0.175 0.45 0
5.60765e-07 1.8406e-06 1


0.175 0.475 0
5.79007e-07 1.93094e-06 1


0.175 0.5 0
5.78057e-07 1.99618e-06 1


0.175 0.525 0
5.67445e-07 2.04779e-06 1


0.175 0.55 0
5.6841e-07 2.14396e-06 1


0.175 0.575 0
5.55741e-07 2.20719e-06 1


0.175 0.6 0
5.246e-07 2.20458e-06 1


