-0.175 0.4 0
-1.90982e-08 6.72164e-08 1


-0.175 0.425 0
-2.80292e-08 1.02393e-07 1


-0.175 0.45 0
-2.68949e-08 1.03969e-07 1


-0.175 0.475 0
-2.47994e-08 1.04164e-07 1


-0.175 0.5 0
-2.19596e-08 1.0213e-07 1


-0.175 0.525 0
-1.83507e-08 9.63865e-08 1


-0.175 0.55 0
-1.5824e-08 9.57478e-08 1


-0.175 0.575 0
-1.55742e-08 1.07718e-07 1


-0.175 0.6 0
-1.51563e-08 1.20281e-07 1


-0.15 0.375 0
-2.39044e-08 7.88218e-08 1


-0.15 0.4 0
-2.12403e-08 7.29786e-08 1


-0.15 0.425 0
-2.36628e-08 8.56979e-08 1


-0.15 0.45 0
-2.45709e-08 9.53678e-08 1


-0.15 0.475 0
-2.29578e-08 9.83911e-08 1


-0.15 0.5 0
-2.06272e-08 1.00074e-07 1


-0.15 0.525 0
-1.77847e-08 1.0019e-07 1


-0.15 0.55 0
-1.5421e-08 1.03758e-07 1


-0.15 0.575 0
-1.36141e-08 1.11326e-07 1


-0.15 0.6 0
-1.16645e-08 1.17657e-07 1


-0.15 0.625 0
-9.25372e-09 1.20155e-07 1


-0.125 0.35 0
-2.60622e-08 8.48495e-08 1


-0.125 0.375 0
-2.52518e-08 8.38138e-08 1


-0.125 0.4 0
-2.35739e-08 8.13529e-08 1


-0.125 0.425 0
-2.29434e-08 8.46597e-08 1


-0.125 0.45 0
-2.2424e-08 9.10241e-08 1


-0.125 0.475 0
-2.05887e-08 9.48307e-08 1


-0.125 0.5 0
-1.83618e-08 9.81901e-08 1


-0.125 0.525 0
-1.59688e-08 1.0128e-07 1


-0.125 0.55 0
-1.3572e-08 1.05043e-07 1


-0.125 0.575 0
-1.11524e-08 1.09521e-07 1


-0.125 0.6 0
-8.6146e-09 1.12965e-07 1


-0.125 0.625 0
-6.15399e-09 1.15209e-07 1


-0.125 0.65 0
-3.42066e-09 1.06118e-07 1


-0.1 0.325 0
-2.40844e-08 8.10198e-08 1


-0.1 0.35 0
-2.44098e-08 8.15834e-08 1


-0.1 0.375 0
-2.36689e-08 8.06839e-08 1


-0.1 0.4 0
-2.27855e-08 8.17907e-08 1


-0.1 0.425 0
-2.12852e-08 8.45674e-08 1


-0.1 0.45 0
-1.93319e-08 8.85181e-08 1


-0.1 0.475 0
-1.71078e-08 9.22678e-08 1


-0.1 0.5 0
-1.48483e-08 9.59773e-08 1


-0.1 0.525 0
-1.2588e-08 9.96879e-08 1


-0.1 0.55 0
-1.03209e-08 1.03407e-07 1


-0.1 0.575 0
-7.9974e-09 1.07135e-07 1


-0.1 0.6 0
-5.55642e-09 1.10131e-07 1


-0.1 0.625 0
-3.15112e-09 1.0807e-07 1


-0.1 0.65 0
-7.81909e-10 9.49811e-08 1


-0.1 0.675 0
1.98528e-09 8.42758e-08 1


-0.075 0.325 0
-2.03367e-08 7.179e-08 1


-0.075 0.35 0
-2.1677e-08 7.60306e-08 1


-0.075 0.375 0
-2.12969e-08 7.70712e-08 1


-0.075 0.4 0
-1.99901e-08 7.91471e-08 1


-0.075 0.425 0
-1.79112e-08 8.25882e-08 1


-0.075 0.45 0
-1.56558e-08 8.62931e-08 1


-0.075 0.475 0
-1.33959e-08 9.00049e-08 1


-0.075 0.5 0
-1.11361e-08 9.37169e-08 1


-0.075 0.525 0
-8.87639e-09 9.74292e-08 1


-0.075 0.55 0
-6.61663e-09 1.01141e-07 1


-0.075 0.575 0
-4.35577e-09 1.04855e-07 1


-0.075 0.6 0
-2.07147e-09 1.07924e-07 1


-0.075 0.625 0
1.34022e-10 1.07464e-07 1


-0.075 0.65 0
2.19046e-09 1.07154e-07 1


-0.075 0.675 0
5.27072e-09 1.251e-07 1


-0.05 0.325 0
-1.6633e-08 6.32753e-08 1


-0.05 0.35 0
-1.83242e-08 7.00075e-08 1


-0.05 0.375 0
-1.81318e-08 7.33383e-08 1


-0.05 0.4 0
-1.64464e-08 7.66391e-08 1


-0.05 0.425 0
-1.42035e-08 8.03212e-08 1


-0.05 0.45 0
-1.19436e-08 8.40329e-08 1


-0.05 0.475 0
-9.68381e-09 8.77448e-08 1


-0.05 0.5 0
-7.42403e-09 9.14567e-08 1


-0.05 0.525 0
-5.16429e-09 9.51689e-08 1


-0.05 0.55 0
-2.90454e-09 9.88813e-08 1


-0.05 0.575 0
-6.44771e-10 1.02594e-07 1


-0.05 0.6 0
1.61604e-09 1.06234e-07 1


-0.05 0.625 0
3.78354e-09 1.09662e-07 1


-0.05 0.65 0
5.65382e-09 1.14272e-07 1


-0.05 0.675 0
7.84632e-09 1.22978e-07 1


-0.025 0.325 0
-1.4793e-08 6.32275e-08 1


-0.025 0.35 0
-1.53189e-08 6.70808e-08 1


-0.025 0.375 0
-1.46969e-08 7.06136e-08 1


-0.025 0.4 0
-1.27502e-08 7.43494e-08 1


-0.025 0.425 0
-1.04914e-08 7.80612e-08 1


-0.025 0.45 0
-8.23155e-09 8.17729e-08 1


-0.025 0.475 0
-5.97176e-09 8.54847e-08 1


-0.025 0.5 0
-3.712e-09 8.91966e-08 1


-0.025 0.525 0
-1.45225e-09 9.29088e-08 1


-0.025 0.55 0
8.07507e-10 9.66212e-08 1


-0.025 0.575 0
3.06729e-09 1.00334e-07 1


-0.025 0.6 0
5.32729e-09 1.04049e-07 1


-0.025 0.625 0
7.50401e-09 1.07914e-07 1


-0.025 0.65 0
9.19714e-09 1.12141e-07 1


-0.025 0.675 0
1.07932e-08 1.18139e-07 1


0 0.325 0
-1.32868e-08 6.68663e-08 1


0 0.35 0
-1.2528e-08 6.6913e-08 1


0 0.375 0
-1.11736e-08 6.86537e-08 1


0 0.4 0
-9.03917e-09 7.20896e-08 1


0 0.425 0
-6.77933e-09 7.58014e-08 1


0 0.45 0
-4.51952e-09 7.95131e-08 1


0 0.475 0
-2.25975e-09 8.32249e-08 1


0 0.5 0
1.1583e-16 8.69368e-08 1


0 0.525 0
2.25975e-09 9.0649e-08 1


0 0.55 0
4.51952e-09 9.43613e-08 1


0 0.575 0
6.77933e-09 9.80739e-08 1


0 0.6 0
9.03917e-09 1.01787e-07 1


0 0.625 0
1.11736e-08 1.05377e-07 1


0 0.65 0
1.25281e-08 1.08165e-07 1


0 0.675 0
1.32869e-08 1.10776e-07 1


0.025 0.325 0
-1.07931e-08 6.85519e-08 1


0.025 0.35 0
-9.19713e-09 6.62296e-08 1


0.025 0.375 0
-7.50401e-09 6.67368e-08 1


0.025 0.4 0
-5.32729e-09 6.98326e-08 1


0.025 0.425 0
-3.06729e-09 7.35417e-08 1


0.025 0.45 0
-8.07506e-10 7.72534e-08 1


0.025 0.475 0
1.45225e-09 8.09652e-08 1


0.025 0.5 0
3.712e-09 8.46772e-08 1


0.025 0.525 0
5.97176e-09 8.83893e-08 1


0.025 0.55 0
8.23155e-09 9.21016e-08 1


0.025 0.575 0
1.04914e-08 9.58142e-08 1


0.025 0.6 0
1.27503e-08 9.95258e-08 1


0.025 0.625 0
1.46968e-08 1.02551e-07 1


0.025 0.65 0
1.53189e-08 1.02648e-07 1


0.025 0.675 0
1.47931e-08 9.99222e-08 1


0.05 0.325 0
-7.8463e-09 6.92045e-08 1


0.05 0.35 0
-5.65382e-09 6.51351e-08 1


0.05 0.375 0
-3.78354e-09 6.48147e-08 1


0.05 0.4 0
-1.61604e-09 6.757e-08 1


0.05 0.425 0
6.44772e-10 7.12821e-08 1


0.05 0.45 0
2.90454e-09 7.49939e-08 1


0.05 0.475 0
5.16428e-09 7.87057e-08 1


0.05 0.5 0
7.42403e-09 8.24177e-08 1


0.05 0.525 0
9.68381e-09 8.61299e-08 1


0.05 0.55 0
1.19436e-08 8.98422e-08 1


0.05 0.575 0
1.42035e-08 9.35547e-08 1


0.05 0.6 0
1.64464e-08 9.72814e-08 1


0.05 0.625 0
1.81318e-08 1.00482e-07 1


0.05 0.65 0
1.83242e-08 1.00848e-07 1


0.05 0.675 0
1.6633e-08 9.49176e-08 1


0.075 0.325 0
-5.27072e-09 6.90635e-08 1


0.075 0.35 0
-2.19046e-09 5.98354e-08 1


0.075 0.375 0
-1.34021e-10 6.15791e-08 1


0.075 0.4 0
2.07147e-09 6.53532e-08 1


0.075 0.425 0
4.35577e-09 6.90328e-08 1


0.075 0.45 0
6.61664e-09 7.27344e-08 1


0.075 0.475 0
8.87638e-09 7.64463e-08 1


0.075 0.5 0
1.11361e-08 8.01583e-08 1


0.075 0.525 0
1.33959e-08 8.38705e-08 1


0.075 0.55 0
1.56558e-08 8.75829e-08 1


0.075 0.575 0
1.79112e-08 9.12999e-08 1


0.075 0.6 0
1.99901e-08 9.51423e-08 1


0.075 0.625 0
2.12969e-08 9.93762e-08 1


0.075 0.65 0
2.16769e-08 1.03258e-07 1


0.075 0.675 0
2.03366e-08 1.02933e-07 1


0.1 0.325 0
-1.98528e-09 4.61033e-08 1


0.1 0.35 0
7.81912e-10 5.25096e-08 1


0.1 0.375 0
3.15112e-09 6.09256e-08 1


0.1 0.4 0
5.55642e-09 6.45605e-08 1


0.1 0.425 0
7.9974e-09 6.71544e-08 1


0.1 0.45 0
1.03209e-08 7.05137e-08 1


0.1 0.475 0
1.2588e-08 7.41873e-08 1


0.1 0.5 0
1.48483e-08 7.7899e-08 1


0.1 0.525 0
1.71078e-08 8.16134e-08 1


0.1 0.55 0
1.9332e-08 8.52862e-08 1


0.1 0.575 0
2.12852e-08 8.87107e-08 1


0.1 0.6 0
2.27855e-08 9.29041e-08 1


0.1 0.625 0
2.36689e-08 9.79139e-08 1


0.1 0.65 0
2.44098e-08 1.04913e-07 1


0.1 0.675 0
2.40843e-08 1.11327e-07 1


0.125 0.35 0
3.42068e-09 5.8323e-08 1


0.125 0.375 0
6.15401e-09 6.47106e-08 1


0.125 0.4 0
8.6146e-09 6.56283e-08 1


0.125 0.425 0
1.11524e-08 6.6927e-08 1


0.125 0.45 0
1.3572e-08 6.87793e-08 1


0.125 0.475 0
1.59688e-08 7.18862e-08 1


0.125 0.5 0
1.83618e-08 7.58426e-08 1


0.125 0.525 0
2.05887e-08 7.98225e-08 1


0.125 0.55 0
2.2424e-08 8.3457e-08 1


0.125 0.575 0
2.29434e-08 8.43919e-08 1


0.125 0.6 0
2.35739e-08 8.76559e-08 1


0.125 0.625 0
2.52518e-08 9.61232e-08 1


0.125 0.65 0
2.60622e-08 1.03359e-07 1


0.15 0.375 0
9.25375e-09 6.80357e-08 1


0.15 0.4 0
1.16645e-08 6.8838e-08 1


0.15 0.425 0
1.36141e-08 6.79701e-08 1


0.15 0.45 0
1.5421e-08 6.71074e-08 1


0.15 0.475 0
1.77847e-08 6.95501e-08 1


0.15 0.5 0
2.06272e-08 7.50161e-08 1


0.15 0.525 0
2.29577e-08 7.99952e-08 1


0.15 0.55 0
2.4571e-08 8.40591e-08 1


0.15 0.575 0
2.36628e-08 8.13165e-08 1


0.15 0.6 0
2.12403e-08 7.4543e-08 1


0.15 0.625 0
2.39044e-08 8.56653e-08 1


0.175 0.4 0
1.51563e-08 7.21025e-08 1


0.175 0.425 0
1.55742e-08 6.70368e-08 1


0.175 0.45 0
1.5824e-08 6.24752e-08 1


0.175 0.475 0
1.83507e-08 6.67946e-08 1


0.175 0.5 0
2.19596e-08 7.55505e-08 1


0.175 0.525 0
2.47993e-08 8.25727e-08 1


0.175 0.55 0
2.68949e-08 8.82721e-08 1


0.175 0.575 0
2.80293e-08 9.18476e-08 1


0.175 0.6 0
1.90982e-08 6.32436e-08 1


