-0.175 0.4 0
-0.0664019 0.216962 1


-0.175 0.425 0
-0.0684798 0.223542 1


-0.175 0.45 0
-0.0704001 0.231171 1


-0.175 0.475 0
-0.0715354 0.239546 1


-0.175 0.5 0
-0.0718191 0.25 1


-0.175 0.525 0
-0.0715354 0.260454 1


-0.175 0.55 0
-0.0704001 0.268829 1


-0.175 0.575 0
-0.0684798 0.276458 1


-0.175 0.6 0
-0.0664019 0.283038 1


-0.15 0.375 0
-0.0572381 0.204176 1


-0.15 0.4 0
-0.0607771 0.210553 1


-0.15 0.425 0
-0.0639802 0.218228 1


-0.15 0.45 0
-0.0666652 0.22776 1


-0.15 0.475 0
-0.0682695 0.238377 1


-0.15 0.5 0
-0.0686493 0.25 1


-0.15 0.525 0
-0.0682695 0.261623 1


-0.15 0.55 0
-0.0666652 0.27224 1


-0.15 0.575 0
-0.0639802 0.281772 1


-0.15 0.6 0
-0.0607771 0.289447 1


-0.15 0.625 0
-0.0572381 0.295824 1


-0.125 0.35 0
-0.0458237 0.192762 1


-0.125 0.375 0
-0.0508346 0.199165 1


-0.125 0.4 0
-0.0550557 0.206191 1


-0.125 0.425 0
-0.058404 0.214959 1


-0.125 0.45 0
-0.060554 0.225765 1


-0.125 0.475 0
-0.0615044 0.237678 1


-0.125 0.5 0
-0.0616903 0.25 1


-0.125 0.525 0
-0.0615044 0.262322 1


-0.125 0.55 0
-0.060554 0.274235 1


-0.125 0.575 0
-0.058404 0.285041 1


-0.125 0.6 0
-0.0550557 0.293809 1


-0.125 0.625 0
-0.0508346 0.300835 1


-0.125 0.65 0
-0.0458237 0.307238 1


-0.1 0.325 0
-0.0330385 0.183598 1


-0.1 0.35 0
-0.0394471 0.189223 1


-0.1 0.375 0
-0.0438094 0.194944 1


-0.1 0.4 0
-0.0473665 0.202634 1


-0.1 0.425 0
-0.0494113 0.212971 1


-0.1 0.45 0
-0.0499437 0.225037 1


-0.1 0.475 0
-0.0499978 0.237501 1


-0.1 0.5 0
-0.05 0.25 1


-0.1 0.525 0
-0.0499978 0.262499 1


-0.1 0.55 0
-0.0499437 0.274963 1


-0.1 0.575 0
-0.0494113 0.287029 1


-0.1 0.6 0
-0.0473665 0.297367 1


-0.1 0.625 0
-0.0438094 0.305056 1


-0.1 0.65 0
-0.0394471 0.310777 1


-0.1 0.675 0
-0.0330385 0.316402 1


-0.075 0.325 0
-0.026458 0.18152 1


-0.075 0.35 0
-0.0317723 0.18602 1


-0.075 0.375 0
-0.0350411 0.191596 1


-0.075 0.4 0
-0.037029 0.200589 1


-0.075 0.425 0
-0.0374849 0.212515 1


-0.075 0.45 0
-0.0375 0.225 1


-0.075 0.475 0
-0.0375 0.2375 1


-0.075 0.5 0
-0.0375 0.25 1


-0.075 0.525 0
-0.0375 0.2625 1


-0.075 0.55 0
-0.0375 0.275 1


-0.075 0.575 0
-0.0374849 0.287485 1


-0.075 0.6 0
-0.037029 0.299411 1


-0.075 0.625 0
-0.0350411 0.308404 1


-0.075 0.65 0
-0.0317723 0.31398 1


-0.075 0.675 0
-0.026458 0.31848 1


-0.05 0.325 0
-0.0188291 0.1796 1


-0.05 0.35 0
-0.0222399 0.183335 1


-0.05 0.375 0
-0.0242345 0.189446 1


-0.05 0.4 0
-0.024963 0.200056 1


-0.05 0.425 0
-0.025 0.2125 1


-0.05 0.45 0
-0.025 0.225 1


-0.05 0.475 0
-0.025 0.2375 1


-0.05 0.5 0
-0.025 0.25 1


-0.05 0.525 0
-0.025 0.2625 1


-0.05 0.55 0
-0.025 0.275 1


-0.05 0.575 0
-0.025 0.2875 1


-0.05 0.6 0
-0.024963 0.299944 1


-0.05 0.625 0
-0.0242345 0.310554 1


-0.05 0.65 0
-0.0222399 0.316665 1


-0.05 0.675 0
-0.0188291 0.3204 1


-0.025 0.325 0
-0.0104538 0.178465 1


-0.025 0.35 0
-0.0116228 0.18173 1


-0.025 0.375 0
-0.012322 0.188496 1


-0.025 0.4 0
-0.0124985 0.200002 1


-0.025 0.425 0
-0.0125 0.2125 1


-0.025 0.45 0
-0.0125 0.225 1


-0.025 0.475 0
-0.0125 0.2375 1


-0.025 0.5 0
-0.0125 0.25 1


-0.025 0.525 0
-0.0125 0.2625 1


-0.025 0.55 0
-0.0125 0.275 1


-0.025 0.575 0
-0.0125 0.2875 1


-0.025 0.6 0
-0.0124985 0.299998 1


-0.025 0.625 0
-0.012322 0.311504 1


-0.025 0.65 0
-0.0116228 0.31827 1


-0.025 0.675 0
-0.0104538 0.321535 1


0 0.325 0
-1.6229e-19 0.178181 1


0 0.35 0
-8.21907e-19 0.181351 1


0 0.375 0
-4.47338e-20 0.18831 1


0 0.4 0
2.92548e-20 0.2 1


0 0.425 0
-5.13149e-19 0.2125 1


0 0.45 0
1.18788e-18 0.225 1


0 0.475 0
-5.72452e-19 0.2375 1


0 0.5 0
-3.79955e-19 0.25 1


0 0.525 0
9.98418e-19 0.2625 1


0 0.55 0
-1.11408e-18 0.275 1


0 0.575 0
-6.36407e-19 0.2875 1


0 0.6 0
9.65107e-19 0.3 1


0 0.625 0
8.40913e-19 0.31169 1


0 0.65 0
8.23832e-19 0.318649 1


0 0.675 0
8.39896e-20 0.321819 1


0.025 0.325 0
0.0104538 0.178465 1


0.025 0.35 0
0.0116228 0.18173 1


0.025 0.375 0
0.012322 0.188496 1


0.025 0.4 0
0.0124985 0.200002 1


0.025 0.425 0
0.0125 0.2125 1


0.025 0.45 0
0.0125 0.225 1


0.025 0.475 0
0.0125 0.2375 1


0.025 0.5 0
0.0125 0.25 1


0.025 0.525 0
0.0125 0.2625 1


0.025 0.55 0
0.0125 0.275 1


0.025 0.575 0
0.0125 0.2875 1


0.025 0.6 0
0.0124985 0.299998 1


0.025 0.625 0
0.012322 0.311504 1


0.025 0.65 0
0.0116228 0.31827 1


0.025 0.675 0
0.0104538 0.321535 1


0.05 0.325 0
0.0188291 0.1796 1


0.05 0.35 0
0.0222399 0.183335 1


0.05 0.375 0
0.0242345 0.189446 1


0.05 0.4 0
0.024963 0.200056 1


0.05 0.425 0
0.025 0.2125 1


0.05 0.45 0
0.025 0.225 1


0.05 0.475 0
0.025 0.2375 1


0.05 0.5 0
0.025 0.25 1


0.05 0.525 0
0.025 0.2625 1


0.05 0.55 0
0.025 0.275 1


0.05 0.575 0
0.025 0.2875 1


0.05 0.6 0
0.024963 0.299944 1


0.05 0.625 0
0.0242345 0.310554 1


0.05 0.65 0
0.0222399 0.316665 1


0.05 0.675 0
0.0188291 0.3204 1


0.075 0.325 0
0.026458 0.18152 1


0.075 0.35 0
0.0317723 0.18602 1


0.075 0.375 0
0.0350411 0.191596 1


0.075 0.4 0
0.037029 0.200589 1


0.075 0.425 0
0.0374849 0.212515 1


0.075 0.45 0
0.0375 0.225 1


0.075 0.475 0
0.0375 0.2375 1


0.075 0.5 0
0.0375 0.25 1


0.075 0.525 0
0.0375 0.2625 1


0.075 0.55 0
0.0375 0.275 1


0.075 0.575 0
0.0374849 0.287485 1


0.075 0.6 0
0.037029 0.299411 1


0.075 0.625 0
0.0350411 0.308404 1


0.075 0.65 0
0.0317723 0.31398 1


0.075 0.675 0
0.026458 0.31848 1


0.1 0.325 0
0.0330385 0.183598 1


0.1 0.35 0
0.0394471 0.189223 1


0.1 0.375 0
0.0438094 0.194944 1


0.1 0.4 0
0.0473665 0.202634 1


0.1 0.425 0
0.0494113 0.212971 1


0.1 0.45 0
0.0499437 0.225037 1


0.1 0.475 0
0.0499978 0.237501 1


0.1 0.5 0
0.05 0.25 1


0.1 0.525 0
0.0499978 0.262499 1


0.1 0.55 0
0.0499437 0.274963 1


0.1 0.575 0
0.0494113 0.287029 1


0.1 0.6 0
0.0473665 0.297367 1


0.1 0.625 0
0.0438094 0.305056 1


0.1 0.65 0
0.0394471 0.310777 1


0.1 0.675 0
0.0330385 0.316402 1


0.125 0.35 0
0.0458237 0.192762 1


0.125 0.375 0
0.0508346 0.199165 1


0.125 0.4 0
0.0550557 0.206191 1


0.125 0.425 0
0.058404 0.214959 1


0.125 0.45 0
0.060554 0.225765 1


0.125 0.475 0
0.0615044 0.237678 1


0.125 0.5 0
0.0616903 0.25 1


0.125 0.525 0
0.0615044 0.262322 1


0.125 0.55 0
0.060554 0.274235 1


0.125 0.575 0
0.058404 0.285041 1


0.125 0.6 0
0.0550557 0.293809 1


0.125 0.625 0
0.0508346 0.300835 1


0.125 0.65 0
0.0458237 0.307238 1


0.15 0.375 0
0.0572381 0.204176 1


0.15 0.4 0
0.0607771 0.210553 1


0.15 0.425 0
0.0639802 0.218228 1


0.15 0.45 0
0.0666652 0.22776 1


0.15 0.475 0
0.0682695 0.238377 1


0.15 0.5 0
0.0686493 0.25 1


0.15 0.525 0
0.0682695 0.261623 1


0.15 0.55 0
0.0666652 0.27224 1


0.15 0.575 0
0.0639802 0.281772 1


0.15 0.6 0
0.0607771 0.289447 1


0.15 0.625 0
0.0572381 0.295824 1


0.175 0.4 0
0.0664019 0.216962 1


0.175 0.425 0
0.0684798 0.223542 1


0.175 0.45 0
0.0704001 0.231171 1


0.175 0.475 0
0.0715354 0.239546 1


0.175 0.5 0
0.0718191 0.25 1


0.175 0.525 0
0.0715354 0.260454 1


0.175 0.55 0
0.0704001 0.268829 1


0.175 0.575 0
0.0684798 0.276458 1


0.175 0.6 0
0.0664019 0.283038 1


