-0.175 0.4 0
-1.50617e-08 5.18588e-08 1


-0.175 0.425 0
-2.77495e-08 9.90962e-08 1


-0.175 0.45 0
-3.15329e-08 1.17942e-07 1


-0.175 0.475 0
-2.96077e-08 1.1903e-07 1


-0.175 0.5 0
-2.66889e-08 1.17833e-07 1


-0.175 0.525 0
-2.29108e-08 1.12762e-07 1


-0.175 0.55 0
-1.93338e-08 1.07443e-07 1


-0.175 0.575 0
-1.77821e-08 1.12548e-07 1


-0.175 0.6 0
-1.9236e-08 1.35621e-07 1


-0.15 0.375 0
-3.03091e-08 9.89628e-08 1


-0.15 0.4 0
-2.61107e-08 8.8005e-08 1


-0.15 0.425 0
-2.61402e-08 9.25618e-08 1


-0.15 0.45 0
-2.81434e-08 1.06132e-07 1


-0.15 0.475 0
-2.71758e-08 1.11808e-07 1


-0.15 0.5 0
-2.47869e-08 1.14121e-07 1


-0.15 0.525 0
-2.18128e-08 1.14778e-07 1


-0.15 0.55 0
-1.88935e-08 1.16493e-07 1


-0.15 0.575 0
-1.69634e-08 1.24627e-07 1


-0.15 0.6 0
-1.5317e-08 1.35145e-07 1


-0.15 0.625 0
-1.30801e-08 1.40187e-07 1


-0.125 0.35 0
-2.97209e-08 9.73887e-08 1


-0.125 0.375 0
-2.85883e-08 9.47698e-08 1


-0.125 0.4 0
-2.75724e-08 9.42088e-08 1


-0.125 0.425 0
-2.63888e-08 9.56594e-08 1


-0.125 0.45 0
-2.58229e-08 1.02235e-07 1


-0.125 0.475 0
-2.42213e-08 1.07493e-07 1


-0.125 0.5 0
-2.19575e-08 1.11547e-07 1


-0.125 0.525 0
-1.94927e-08 1.15285e-07 1


-0.125 0.55 0
-1.6916e-08 1.19227e-07 1


-0.125 0.575 0
-1.44101e-08 1.24778e-07 1


-0.125 0.6 0
-1.17822e-08 1.29674e-07 1


-0.125 0.625 0
-9.01316e-09 1.3237e-07 1


-0.125 0.65 0
-6.2036e-09 1.35472e-07 1


-0.1 0.325 0
-2.60774e-08 9.03102e-08 1


-0.1 0.35 0
-2.72843e-08 9.2545e-08 1


-0.1 0.375 0
-2.6585e-08 9.13078e-08 1


-0.1 0.4 0
-2.57856e-08 9.25532e-08 1


-0.1 0.425 0
-2.4326e-08 9.58049e-08 1


-0.1 0.45 0
-2.22996e-08 1.00257e-07 1


-0.1 0.475 0
-2.00429e-08 1.04755e-07 1


-0.1 0.5 0
-1.77407e-08 1.09189e-07 1


-0.1 0.525 0
-1.54366e-08 1.1362e-07 1


-0.1 0.55 0
-1.31222e-08 1.18053e-07 1


-0.1 0.575 0
-1.07373e-08 1.22555e-07 1


-0.1 0.6 0
-8.15966e-09 1.26498e-07 1


-0.1 0.625 0
-5.5456e-09 1.27326e-07 1


-0.1 0.65 0
-2.85753e-09 1.16972e-07 1


-0.1 0.675 0
4.52628e-10 6.64651e-08 1


-0.075 0.325 0
-2.03124e-08 7.44542e-08 1


-0.075 0.35 0
-2.33764e-08 8.42874e-08 1


-0.075 0.375 0
-2.35187e-08 8.68496e-08 1


-0.075 0.4 0
-2.23163e-08 8.95014e-08 1


-0.075 0.425 0
-2.02093e-08 9.35869e-08 1


-0.075 0.45 0
-1.79117e-08 9.80148e-08 1


-0.075 0.475 0
-1.56085e-08 1.0245e-07 1


-0.075 0.5 0
-1.33054e-08 1.06885e-07 1


-0.075 0.525 0
-1.10023e-08 1.1132e-07 1


-0.075 0.55 0
-8.69928e-09 1.15755e-07 1


-0.075 0.575 0
-6.39441e-09 1.20191e-07 1


-0.075 0.6 0
-4.04645e-09 1.24177e-07 1


-0.075 0.625 0
-1.70031e-09 1.23748e-07 1


-0.075 0.65 0
5.12385e-10 1.18188e-07 1


-0.075 0.675 0
3.53948e-09 1.23304e-07 1


-0.05 0.325 0
-1.75307e-08 7.05786e-08 1


-0.05 0.35 0
-1.95207e-08 7.80791e-08 1


-0.05 0.375 0
-1.96573e-08 8.26535e-08 1


-0.05 0.4 0
-1.80614e-08 8.68691e-08 1


-0.05 0.425 0
-1.57796e-08 9.12766e-08 1


-0.05 0.45 0
-1.34764e-08 9.57114e-08 1


-0.05 0.475 0
-1.11733e-08 1.00146e-07 1


-0.05 0.5 0
-8.8702e-09 1.04581e-07 1


-0.05 0.525 0
-6.56715e-09 1.09016e-07 1


-0.05 0.55 0
-4.2641e-09 1.13452e-07 1


-0.05 0.575 0
-1.96103e-09 1.17887e-07 1


-0.05 0.6 0
3.44824e-10 1.22212e-07 1


-0.05 0.625 0
2.57769e-09 1.2548e-07 1


-0.05 0.65 0
4.5634e-09 1.29711e-07 1


-0.05 0.675 0
7.06667e-09 1.42407e-07 1


-0.025 0.325 0
-1.60539e-08 7.37976e-08 1


-0.025 0.35 0
-1.63373e-08 7.66284e-08 1


-0.025 0.375 0
-1.56308e-08 8.01616e-08 1


-0.025 0.4 0
-1.36461e-08 8.45374e-08 1


-0.025 0.425 0
-1.13444e-08 8.89732e-08 1


-0.025 0.45 0
-9.04125e-09 9.3408e-08 1


-0.025 0.475 0
-6.73815e-09 9.78428e-08 1


-0.025 0.5 0
-4.43508e-09 1.02278e-07 1


-0.025 0.525 0
-2.13202e-09 1.06713e-07 1


-0.025 0.55 0
1.71037e-10 1.11148e-07 1


-0.025 0.575 0
2.47412e-09 1.15584e-07 1


-0.025 0.6 0
4.77747e-09 1.2002e-07 1


-0.025 0.625 0
7.00939e-09 1.24705e-07 1


-0.025 0.65 0
8.79755e-09 1.30186e-07 1


-0.025 0.675 0
1.05356e-08 1.38101e-07 1


0 0.325 0
-1.38349e-08 7.73084e-08 1


0 0.35 0
-1.28613e-08 7.64724e-08 1


0 0.375 0
-1.14003e-08 7.81887e-08 1


0 0.4 0
-9.2124e-09 8.22354e-08 1


0 0.425 0
-6.90925e-09 8.66701e-08 1


0 0.45 0
-4.60614e-09 9.11048e-08 1


0 0.475 0
-2.30306e-09 9.55397e-08 1


0 0.5 0
9.89733e-17 9.99746e-08 1


0 0.525 0
2.30306e-09 1.0441e-07 1


0 0.55 0
4.60614e-09 1.08845e-07 1


0 0.575 0
6.90925e-09 1.13281e-07 1


0 0.6 0
9.2124e-09 1.17717e-07 1


0 0.625 0
1.14003e-08 1.22104e-07 1


0 0.65 0
1.28613e-08 1.26046e-07 1


0 0.675 0
1.38349e-08 1.30686e-07 1


0.025 0.325 0
-1.05355e-08 7.8886e-08 1


0.025 0.35 0
-8.79754e-09 7.58346e-08 1


0.025 0.375 0
-7.00939e-09 7.62626e-08 1


0.025 0.4 0
-4.77747e-09 7.99345e-08 1


0.025 0.425 0
-2.47412e-09 8.43671e-08 1


0.025 0.45 0
-1.71037e-10 8.88018e-08 1


0.025 0.475 0
2.13202e-09 9.32367e-08 1


0.025 0.5 0
4.43508e-09 9.76717e-08 1


0.025 0.525 0
6.73815e-09 1.02107e-07 1


0.025 0.55 0
9.04125e-09 1.06542e-07 1


0.025 0.575 0
1.13444e-08 1.10978e-07 1


0.025 0.6 0
1.36462e-08 1.15411e-07 1


0.025 0.625 0
1.56308e-08 1.19147e-07 1


0.025 0.65 0
1.63373e-08 1.20254e-07 1


0.025 0.675 0
1.6054e-08 1.1962e-07 1


0.05 0.325 0
-7.06666e-09 7.93418e-08 1


0.05 0.35 0
-4.5634e-09 7.34249e-08 1


0.05 0.375 0
-2.57769e-09 7.38344e-08 1


0.05 0.4 0
-3.44824e-10 7.76127e-08 1


0.05 0.425 0
1.96103e-09 8.20642e-08 1


0.05 0.45 0
4.2641e-09 8.6499e-08 1


0.05 0.475 0
6.56715e-09 9.09339e-08 1


0.05 0.5 0
8.8702e-09 9.53689e-08 1


0.05 0.525 0
1.11733e-08 9.98041e-08 1


0.05 0.55 0
1.34764e-08 1.0424e-07 1


0.05 0.575 0
1.57796e-08 1.08675e-07 1


0.05 0.6 0
1.80614e-08 1.13114e-07 1


0.05 0.625 0
1.96573e-08 1.16486e-07 1


0.05 0.65 0
1.95207e-08 1.15866e-07 1


0.05 0.675 0
1.75307e-08 1.09247e-07 1


0.075 0.325 0
-3.53948e-09 6.78059e-08 1


0.075 0.35 0
-5.12385e-10 6.59087e-08 1


0.075 0.375 0
1.70031e-09 7.09707e-08 1


0.075 0.4 0
4.04645e-09 7.55253e-08 1


0.075 0.425 0
6.39441e-09 7.9772e-08 1


0.075 0.45 0
8.69929e-09 8.41963e-08 1


0.075 0.475 0
1.10023e-08 8.86312e-08 1


0.075 0.5 0
1.33054e-08 9.30662e-08 1


0.075 0.525 0
1.56085e-08 9.75015e-08 1


0.075 0.55 0
1.79117e-08 1.01937e-07 1


0.075 0.575 0
2.02093e-08 1.06376e-07 1


0.075 0.6 0
2.23163e-08 1.10976e-07 1


0.075 0.625 0
2.35187e-08 1.1567e-07 1


0.075 0.65 0
2.33763e-08 1.18214e-07 1


0.075 0.675 0
2.03123e-08 1.10018e-07 1


0.1 0.325 0
-4.52629e-10 3.63431e-08 1


0.1 0.35 0
2.85754e-09 6.4751e-08 1


0.1 0.375 0
5.5456e-09 7.21816e-08 1


0.1 0.4 0
8.15966e-09 7.49271e-08 1


0.1 0.425 0
1.07373e-08 7.79223e-08 1


0.1 0.45 0
1.31222e-08 8.19299e-08 1


0.1 0.475 0
1.54366e-08 8.63278e-08 1


0.1 0.5 0
1.77407e-08 9.07637e-08 1


0.1 0.525 0
2.0043e-08 9.52e-08 1


0.1 0.55 0
2.22996e-08 9.95675e-08 1


0.1 0.575 0
2.4326e-08 1.03898e-07 1


0.1 0.6 0
2.57856e-08 1.08873e-07 1


0.1 0.625 0
2.6585e-08 1.14872e-07 1


0.1 0.65 0
2.72843e-08 1.23179e-07 1


0.1 0.675 0
2.60771e-08 1.28782e-07 1


0.125 0.35 0
6.20364e-09 7.4856e-08 1


0.125 0.375 0
9.01318e-09 7.5194e-08 1


0.125 0.4 0
1.17822e-08 7.65046e-08 1


0.125 0.425 0
1.44101e-08 7.77409e-08 1


0.125 0.45 0
1.6916e-08 7.99122e-08 1


0.125 0.475 0
1.94927e-08 8.40235e-08 1


0.125 0.5 0
2.19575e-08 8.87459e-08 1


0.125 0.525 0
2.42213e-08 9.34745e-08 1


0.125 0.55 0
2.58229e-08 9.70798e-08 1


0.125 0.575 0
2.63888e-08 9.90601e-08 1


0.125 0.6 0
2.75724e-08 1.053e-07 1


0.125 0.625 0
2.85883e-08 1.12796e-07 1


0.125 0.65 0
2.97209e-08 1.2355e-07 1


0.15 0.375 0
1.30801e-08 8.07463e-08 1


0.15 0.4 0
1.53171e-08 8.05771e-08 1


0.15 0.425 0
1.69634e-08 7.78742e-08 1


0.15 0.45 0
1.88935e-08 7.74519e-08 1


0.15 0.475 0
2.18128e-08 8.21039e-08 1


0.15 0.5 0
2.47869e-08 8.83982e-08 1


0.15 0.525 0
2.71758e-08 9.4213e-08 1


0.15 0.55 0
2.81434e-08 9.70053e-08 1


0.15 0.575 0
2.61401e-08 9.1537e-08 1


0.15 0.6 0
2.61107e-08 9.37201e-08 1


0.15 0.625 0
3.0309e-08 1.1137e-07 1


0.175 0.4 0
1.9236e-08 8.34674e-08 1


0.175 0.425 0
1.7782e-08 7.19232e-08 1


0.175 0.45 0
1.93338e-08 7.23815e-08 1


0.175 0.475 0
2.29108e-08 8.06545e-08 1


0.175 0.5 0
2.66889e-08 9.01626e-08 1


0.175 0.525 0
2.96077e-08 9.79587e-08 1


0.175 0.55 0
3.1533e-08 1.03809e-07 1


0.175 0.575 0
2.77495e-08 9.20171e-08 1


0.175 0.6 0
1.50617e-08 5.09535e-08 1


