-0.175 0.4 0
-1.58977e-08 5.38955e-08 1


-0.175 0.425 0
-2.66074e-08 9.3612e-08 1


-0.175 0.45 0
-3.41455e-08 1.25363e-07 1


-0.175 0.475 0
-3.36357e-08 1.31635e-07 1


-0.175 0.5 0
-3.0367e-08 1.29801e-07 1


-0.175 0.525 0
-2.66244e-08 1.25899e-07 1


-0.175 0.55 0
-2.26548e-08 1.19655e-07 1


-0.175 0.575 0
-1.9339e-08 1.15127e-07 1


-0.175 0.6 0
-2.14744e-08 1.42865e-07 1


-0.15 0.375 0
-3.3173e-08 1.07945e-07 1


-0.15 0.4 0
-3.03855e-08 1.01445e-07 1


-0.15 0.425 0
-2.87955e-08 1.00517e-07 1


-0.15 0.45 0
-3.07603e-08 1.1404e-07 1


-0.15 0.475 0
-3.06477e-08 1.23002e-07 1


-0.15 0.5 0
-2.81997e-08 1.25682e-07 1


-0.15 0.525 0
-2.51827e-08 1.2706e-07 1


-0.15 0.55 0
-2.1902e-08 1.27861e-07 1


-0.15 0.575 0
-1.95977e-08 1.3483e-07 1


-0.15 0.6 0
-1.815e-08 1.47721e-07 1


-0.15 0.625 0
-1.66989e-08 1.61607e-07 1


-0.125 0.35 0
-3.3719e-08 1.1119e-07 1


-0.125 0.375 0
-3.11134e-08 1.03351e-07 1


-0.125 0.4 0
-3.05781e-08 1.04102e-07 1


-0.125 0.425 0
-2.9411e-08 1.05564e-07 1


-0.125 0.45 0
-2.86411e-08 1.11728e-07 1


-0.125 0.475 0
-2.72415e-08 1.18203e-07 1


-0.125 0.5 0
-2.4969e-08 1.22877e-07 1


-0.125 0.525 0
-2.24635e-08 1.27222e-07 1


-0.125 0.55 0
-1.97372e-08 1.31292e-07 1


-0.125 0.575 0
-1.7105e-08 1.373e-07 1


-0.125 0.6 0
-1.44287e-08 1.43518e-07 1


-0.125 0.625 0
-1.14302e-08 1.45894e-07 1


-0.125 0.65 0
-8.34226e-09 1.4946e-07 1


-0.1 0.325 0
-2.6776e-08 9.4614e-08 1


-0.1 0.35 0
-2.91848e-08 1.00386e-07 1


-0.1 0.375 0
-2.89256e-08 1.00163e-07 1


-0.1 0.4 0
-2.82126e-08 1.01554e-07 1


-0.1 0.425 0
-2.68386e-08 1.05348e-07 1


-0.1 0.45 0
-2.47831e-08 1.10301e-07 1


-0.1 0.475 0
-2.25012e-08 1.15408e-07 1


-0.1 0.5 0
-2.01711e-08 1.20452e-07 1


-0.1 0.525 0
-1.78381e-08 1.2549e-07 1


-0.1 0.55 0
-1.54899e-08 1.30512e-07 1


-0.1 0.575 0
-1.30575e-08 1.35639e-07 1


-0.1 0.6 0
-1.03702e-08 1.40137e-07 1


-0.1 0.625 0
-7.56614e-09 1.42247e-07 1


-0.1 0.65 0
-4.67958e-09 1.3651e-07 1


-0.1 0.675 0
-3.48743e-10 7.01423e-08 1


-0.075 0.325 0
-1.99856e-08 7.58026e-08 1


-0.075 0.35 0
-2.45686e-08 9.06631e-08 1


-0.075 0.375 0
-2.52608e-08 9.49345e-08 1


-0.075 0.4 0
-2.42329e-08 9.83484e-08 1


-0.075 0.425 0
-2.21171e-08 1.02999e-07 1


-0.075 0.45 0
-1.97917e-08 1.08034e-07 1


-0.075 0.475 0
-1.74599e-08 1.13077e-07 1


-0.075 0.5 0
-1.51282e-08 1.18119e-07 1


-0.075 0.525 0
-1.27965e-08 1.23162e-07 1


-0.075 0.55 0
-1.04648e-08 1.28205e-07 1


-0.075 0.575 0
-8.13071e-09 1.33246e-07 1


-0.075 0.6 0
-5.73475e-09 1.37922e-07 1


-0.075 0.625 0
-3.27253e-09 1.38248e-07 1


-0.075 0.65 0
-8.89323e-10 1.30202e-07 1


-0.075 0.675 0
2.16125e-09 1.18059e-07 1


-0.05 0.325 0
-1.86534e-08 7.83472e-08 1


-0.05 0.35 0
-2.05842e-08 8.53744e-08 1


-0.05 0.375 0
-2.09026e-08 9.06525e-08 1


-0.05 0.4 0
-1.93857e-08 9.56362e-08 1


-0.05 0.425 0
-1.70807e-08 1.0066e-07 1


-0.05 0.45 0
-1.47489e-08 1.05702e-07 1


-0.05 0.475 0
-1.24171e-08 1.10745e-07 1


-0.05 0.5 0
-1.00854e-08 1.15787e-07 1


-0.05 0.525 0
-7.7537e-09 1.2083e-07 1


-0.05 0.55 0
-5.422e-09 1.25873e-07 1


-0.05 0.575 0
-3.0903e-09 1.30916e-07 1


-0.05 0.6 0
-7.5415e-10 1.35838e-07 1


-0.05 0.625 0
1.52709e-09 1.38842e-07 1


-0.05 0.65 0
3.57365e-09 1.41227e-07 1


-0.05 0.675 0
6.19518e-09 1.53314e-07 1


-0.025 0.325 0
-1.69228e-08 8.23524e-08 1


-0.025 0.35 0
-1.71265e-08 8.4751e-08 1


-0.025 0.375 0
-1.63799e-08 8.83788e-08 1


-0.025 0.4 0
-1.4368e-08 9.32836e-08 1


-0.025 0.425 0
-1.20379e-08 9.83278e-08 1


-0.025 0.45 0
-9.70613e-09 1.0337e-07 1


-0.025 0.475 0
-7.37438e-09 1.08412e-07 1


-0.025 0.5 0
-5.04267e-09 1.13455e-07 1


-0.025 0.525 0
-2.71098e-09 1.18498e-07 1


-0.025 0.55 0
-3.79274e-10 1.23541e-07 1


-0.025 0.575 0
1.95245e-09 1.28584e-07 1


-0.025 0.6 0
4.28445e-09 1.33625e-07 1


-0.025 0.625 0
6.55175e-09 1.38893e-07 1


-0.025 0.65 0
8.40454e-09 1.45245e-07 1


-0.025 0.675 0
1.0257e-08 1.55014e-07 1


0 0.325 0
-1.40494e-08 8.53845e-08 1


0 0.35 0
-1.30382e-08 8.44444e-08 1


0 0.375 0
-1.15447e-08 8.63635e-08 1


0 0.4 0
-9.32697e-09 9.09537e-08 1


0 0.425 0
-6.99518e-09 9.5996e-08 1


0 0.45 0
-4.66342e-09 1.01038e-07 1


0 0.475 0
-2.3317e-09 1.06081e-07 1


0 0.5 0
1.00519e-16 1.11123e-07 1


0 0.525 0
2.3317e-09 1.16166e-07 1


0 0.55 0
4.66342e-09 1.21209e-07 1


0 0.575 0
6.99518e-09 1.26252e-07 1


0 0.6 0
9.32697e-09 1.31296e-07 1


0 0.625 0
1.15447e-08 1.36301e-07 1


0 0.65 0
1.30382e-08 1.40844e-07 1


0 0.675 0
1.40494e-08 1.46119e-07 1


0.025 0.325 0
-1.0257e-08 8.77424e-08 1


0.025 0.35 0
-8.40454e-09 8.395e-08 1


0.025 0.375 0
-6.55175e-09 8.44101e-08 1


0.025 0.4 0
-4.28445e-09 8.86227e-08 1


0.025 0.425 0
-1.95245e-09 9.36643e-08 1


0.025 0.45 0
3.79274e-10 9.87067e-08 1


0.025 0.475 0
2.71098e-09 1.03749e-07 1


0.025 0.5 0
5.04267e-09 1.08792e-07 1


0.025 0.525 0
7.37439e-09 1.13834e-07 1


0.025 0.55 0
9.70613e-09 1.18877e-07 1


0.025 0.575 0
1.20379e-08 1.23921e-07 1


0.025 0.6 0
1.4368e-08 1.2896e-07 1


0.025 0.625 0
1.63798e-08 1.33306e-07 1


0.025 0.65 0
1.71265e-08 1.35117e-07 1


0.025 0.675 0
1.69229e-08 1.35602e-07 1


0.05 0.325 0
-6.19517e-09 8.50231e-08 1


0.05 0.35 0
-3.57365e-09 7.97061e-08 1


0.05 0.375 0
-1.52709e-09 8.15595e-08 1


0.05 0.4 0
7.5415e-10 8.62719e-08 1


0.05 0.425 0
3.09031e-09 9.13328e-08 1


0.05 0.45 0
5.422e-09 9.63752e-08 1


0.05 0.475 0
7.75369e-09 1.01418e-07 1


0.05 0.5 0
1.00854e-08 1.0646e-07 1


0.05 0.525 0
1.24171e-08 1.11503e-07 1


0.05 0.55 0
1.47489e-08 1.16546e-07 1


0.05 0.575 0
1.70807e-08 1.21589e-07 1


0.05 0.6 0
1.93857e-08 1.26616e-07 1


0.05 0.625 0
2.09026e-08 1.30127e-07 1


0.05 0.65 0
2.05842e-08 1.29178e-07 1


0.05 0.675 0
1.86534e-08 1.23657e-07 1


0.075 0.325 0
-2.16125e-09 6.48437e-08 1


0.075 0.35 0
8.89324e-10 7.26109e-08 1


0.075 0.375 0
3.27253e-09 7.94258e-08 1


0.075 0.4 0
5.73475e-09 8.42442e-08 1


0.075 0.425 0
8.13071e-09 8.90123e-08 1


0.075 0.45 0
1.04648e-08 9.40438e-08 1


0.075 0.475 0
1.27965e-08 9.90863e-08 1


0.075 0.5 0
1.51282e-08 1.04129e-07 1


0.075 0.525 0
1.74599e-08 1.09172e-07 1


0.075 0.55 0
1.97917e-08 1.14215e-07 1


0.075 0.575 0
2.21171e-08 1.1926e-07 1


0.075 0.6 0
2.42329e-08 1.24463e-07 1


0.075 0.625 0
2.52609e-08 1.29145e-07 1


0.075 0.65 0
2.45685e-08 1.29858e-07 1


0.075 0.675 0
1.99856e-08 1.14481e-07 1


0.1 0.325 0
3.48748e-10 3.83469e-08 1


0.1 0.35 0
4.6796e-09 7.57394e-08 1


0.1 0.375 0
7.56615e-09 8.10905e-08 1


0.1 0.4 0
1.03702e-08 8.37112e-08 1


0.1 0.425 0
1.30575e-08 8.7173e-08 1


0.1 0.45 0
1.54899e-08 9.17404e-08 1


0.1 0.475 0
1.78381e-08 9.67537e-08 1


0.1 0.5 0
2.01711e-08 1.01798e-07 1


0.1 0.525 0
2.25012e-08 1.06839e-07 1


0.1 0.55 0
2.47831e-08 1.11809e-07 1


0.1 0.575 0
2.68386e-08 1.16817e-07 1


0.1 0.6 0
2.82126e-08 1.22294e-07 1


0.1 0.625 0
2.89257e-08 1.29021e-07 1


0.1 0.65 0
2.91848e-08 1.36686e-07 1


0.1 0.675 0
2.67758e-08 1.37561e-07 1


0.125 0.35 0
8.34231e-09 8.31147e-08 1


0.125 0.375 0
1.14302e-08 8.36675e-08 1


0.125 0.4 0
1.44287e-08 8.56663e-08 1


0.125 0.425 0
1.7105e-08 8.67787e-08 1


0.125 0.45 0
1.97372e-08 8.94871e-08 1


0.125 0.475 0
2.24635e-08 9.44624e-08 1


0.125 0.5 0
2.4969e-08 9.97878e-08 1


0.125 0.525 0
2.72415e-08 1.051e-07 1


0.125 0.55 0
2.86411e-08 1.08674e-07 1


0.125 0.575 0
2.9411e-08 1.12109e-07 1


0.125 0.6 0
3.05781e-08 1.19235e-07 1


0.125 0.625 0
3.11135e-08 1.26211e-07 1


0.125 0.65 0
3.37191e-08 1.44587e-07 1


0.15 0.375 0
1.66989e-08 9.41696e-08 1


0.15 0.4 0
1.815e-08 8.93509e-08 1


0.15 0.425 0
1.95977e-08 8.56922e-08 1


0.15 0.45 0
2.1902e-08 8.66922e-08 1


0.15 0.475 0
2.51828e-08 9.28072e-08 1


0.15 0.5 0
2.81997e-08 9.9606e-08 1


0.15 0.525 0
3.06477e-08 1.06193e-07 1


0.15 0.55 0
3.07604e-08 1.06893e-07 1


0.15 0.575 0
2.87955e-08 1.02296e-07 1


0.15 0.6 0
3.03855e-08 1.10804e-07 1


0.15 0.625 0
3.3173e-08 1.24629e-07 1


0.175 0.4 0
2.14743e-08 8.93125e-08 1


0.175 0.425 0
1.93389e-08 7.51559e-08 1


0.175 0.45 0
2.26548e-08 8.23486e-08 1


0.175 0.475 0
2.66244e-08 9.20539e-08 1


0.175 0.5 0
3.0367e-08 1.01702e-07 1


0.175 0.525 0
3.36357e-08 1.11121e-07 1


0.175 0.55 0
3.41456e-08 1.12973e-07 1


0.175 0.575 0
2.66074e-08 8.92895e-08 1


0.175 0.6 0
1.58977e-08 5.45929e-08 1


