-0.175 0.4 0
-1.72435e-08 6.34392e-08 1


-0.175 0.425 0
-1.71771e-08 6.68949e-08 1


-0.175 0.45 0
-1.71808e-08 7.20987e-08 1


-0.175 0.475 0
-1.63492e-08 7.5495e-08 1


-0.175 0.5 0
-1.41908e-08 7.41716e-08 1


-0.175 0.525 0
-1.23385e-08 7.5413e-08 1


-0.175 0.55 0
-1.19778e-08 8.65579e-08 1


-0.175 0.575 0
-1.19176e-08 1.01946e-07 1


-0.175 0.6 0
-1.19525e-08 1.19564e-07 1


-0.15 0.375 0
-1.05008e-08 3.60611e-08 1


-0.15 0.4 0
-1.61082e-08 5.78582e-08 1


-0.15 0.425 0
-1.8207e-08 6.93286e-08 1


-0.15 0.45 0
-1.76906e-08 7.36263e-08 1


-0.15 0.475 0
-1.64285e-08 7.70154e-08 1


-0.15 0.5 0
-1.43993e-08 7.84001e-08 1


-0.15 0.525 0
-1.23561e-08 8.09513e-08 1


-0.15 0.55 0
-1.07165e-08 8.72475e-08 1


-0.15 0.575 0
-8.937e-09 9.38135e-08 1


-0.15 0.6 0
-7.13784e-09 1.01847e-07 1


-0.15 0.625 0
-5.73669e-09 1.19011e-07 1


-0.125 0.35 0
-1.81867e-08 5.93103e-08 1


-0.125 0.375 0
-1.64412e-08 5.55819e-08 1


-0.125 0.4 0
-1.69483e-08 6.04524e-08 1


-0.125 0.425 0
-1.79342e-08 6.89851e-08 1


-0.125 0.45 0
-1.71221e-08 7.36927e-08 1


-0.125 0.475 0
-1.5356e-08 7.6729e-08 1


-0.125 0.5 0
-1.3264e-08 7.92813e-08 1


-0.125 0.525 0
-1.10896e-08 8.1948e-08 1


-0.125 0.55 0
-8.92995e-09 8.5358e-08 1


-0.125 0.575 0
-6.71359e-09 8.93786e-08 1


-0.125 0.6 0
-4.55578e-09 9.40826e-08 1


-0.125 0.625 0
-2.41651e-09 9.32911e-08 1


-0.125 0.65 0
-3.13444e-11 7.73209e-08 1


-0.1 0.325 0
-1.74522e-08 5.68681e-08 1


-0.1 0.35 0
-1.82994e-08 6.03523e-08 1


-0.1 0.375 0
-1.82696e-08 6.22563e-08 1


-0.1 0.4 0
-1.77471e-08 6.45798e-08 1


-0.1 0.425 0
-1.68863e-08 6.88523e-08 1


-0.1 0.45 0
-1.51104e-08 7.22297e-08 1


-0.1 0.475 0
-1.29646e-08 7.49272e-08 1


-0.1 0.5 0
-1.07922e-08 7.75939e-08 1


-0.1 0.525 0
-8.61854e-09 8.02597e-08 1


-0.1 0.55 0
-6.4432e-09 8.29531e-08 1


-0.1 0.575 0
-4.25218e-09 8.59045e-08 1


-0.1 0.6 0
-2.04865e-09 8.83169e-08 1


-0.1 0.625 0
7.69944e-11 8.8746e-08 1


-0.1 0.65 0
2.37304e-09 9.64757e-08 1


-0.1 0.675 0
8.04142e-09 1.62911e-07 1


-0.075 0.325 0
-1.81043e-08 6.05951e-08 1


-0.075 0.35 0
-1.78092e-08 6.0352e-08 1


-0.075 0.375 0
-1.75655e-08 6.21082e-08 1


-0.075 0.4 0
-1.65355e-08 6.46504e-08 1


-0.075 0.425 0
-1.46041e-08 6.74209e-08 1


-0.075 0.45 0
-1.24414e-08 7.0105e-08 1


-0.075 0.475 0
-1.02677e-08 7.27698e-08 1


-0.075 0.5 0
-8.09407e-09 7.54347e-08 1


-0.075 0.525 0
-5.92051e-09 7.80997e-08 1


-0.075 0.55 0
-3.74696e-09 8.0765e-08 1


-0.075 0.575 0
-1.5732e-09 8.34325e-08 1


-0.075 0.6 0
6.005e-10 8.60187e-08 1


-0.075 0.625 0
2.71241e-09 9.02961e-08 1


-0.075 0.65 0
4.89098e-09 9.99787e-08 1


-0.075 0.675 0
8.46636e-09 1.2173e-07 1


-0.05 0.325 0
-1.6155e-08 5.674e-08 1


-0.05 0.35 0
-1.63911e-08 5.86504e-08 1


-0.05 0.375 0
-1.57511e-08 6.02465e-08 1


-0.05 0.4 0
-1.40702e-08 6.26168e-08 1


-0.05 0.425 0
-1.1917e-08 6.52811e-08 1


-0.05 0.45 0
-9.74323e-09 6.79458e-08 1


-0.05 0.475 0
-7.56957e-09 7.06106e-08 1


-0.05 0.5 0
-5.396e-09 7.32755e-08 1


-0.05 0.525 0
-3.22247e-09 7.59407e-08 1


-0.05 0.55 0
-1.04894e-09 7.86061e-08 1


-0.05 0.575 0
1.12462e-09 8.12718e-08 1


-0.05 0.6 0
3.2999e-09 8.39938e-08 1


-0.05 0.625 0
5.42228e-09 8.79373e-08 1


-0.05 0.65 0
7.38906e-09 9.46396e-08 1


-0.05 0.675 0
1.00845e-08 1.07863e-07 1


-0.025 0.325 0
-1.38332e-08 5.26195e-08 1


-0.025 0.35 0
-1.41322e-08 5.55886e-08 1


-0.025 0.375 0
-1.33227e-08 5.78749e-08 1


-0.025 0.4 0
-1.13919e-08 6.04575e-08 1


-0.025 0.425 0
-9.21881e-09 6.31218e-08 1


-0.025 0.45 0
-7.04512e-09 6.57866e-08 1


-0.025 0.475 0
-4.87152e-09 6.84514e-08 1


-0.025 0.5 0
-2.69798e-09 7.11164e-08 1


-0.025 0.525 0
-5.24471e-10 7.37817e-08 1


-0.025 0.55 0
1.64906e-09 7.64473e-08 1


-0.025 0.575 0
3.82265e-09 7.91132e-08 1


-0.025 0.6 0
5.99654e-09 8.17825e-08 1


-0.025 0.625 0
8.11903e-09 8.49457e-08 1


-0.025 0.65 0
9.89552e-09 8.98768e-08 1


-0.025 0.675 0
1.17384e-08 9.80834e-08 1


0 0.325 0
-1.26656e-08 5.43564e-08 1


0 0.35 0
-1.20225e-08 5.45611e-08 1


0 0.375 0
-1.07458e-08 5.58363e-08 1


0 0.4 0
-8.69442e-09 5.82977e-08 1


0 0.425 0
-6.5207e-09 6.09625e-08 1


0 0.45 0
-4.34707e-09 6.36274e-08 1


0 0.475 0
-2.17351e-09 6.62924e-08 1


0 0.5 0
2.09228e-16 6.89575e-08 1


0 0.525 0
2.17352e-09 7.1623e-08 1


0 0.55 0
4.34707e-09 7.42886e-08 1


0 0.575 0
6.5207e-09 7.69547e-08 1


0 0.6 0
8.69443e-09 7.96209e-08 1


0 0.625 0
1.07458e-08 8.22116e-08 1


0 0.65 0
1.20225e-08 8.41907e-08 1


0 0.675 0
1.26656e-08 8.58232e-08 1


0.025 0.325 0
-1.17383e-08 5.91143e-08 1


0.025 0.35 0
-9.89551e-09 5.49843e-08 1


0.025 0.375 0
-8.11903e-09 5.41595e-08 1


0.025 0.4 0
-5.99654e-09 5.61415e-08 1


0.025 0.425 0
-3.82265e-09 5.88034e-08 1


0.025 0.45 0
-1.64906e-09 6.14683e-08 1


0.025 0.475 0
5.24472e-10 6.41334e-08 1


0.025 0.5 0
2.69798e-09 6.67987e-08 1


0.025 0.525 0
4.87152e-09 6.94643e-08 1


0.025 0.55 0
7.04512e-09 7.21301e-08 1


0.025 0.575 0
9.2188e-09 7.47962e-08 1


0.025 0.6 0
1.13919e-08 7.74626e-08 1


0.025 0.625 0
1.33227e-08 7.98091e-08 1


0.025 0.65 0
1.41321e-08 8.03766e-08 1


0.025 0.675 0
1.38332e-08 7.83667e-08 1


0.05 0.325 0
-1.00845e-08 6.25245e-08 1


0.05 0.35 0
-7.38906e-09 5.52398e-08 1


0.05 0.375 0
-5.42228e-09 5.29335e-08 1


0.05 0.4 0
-3.2999e-09 5.40408e-08 1


0.05 0.425 0
-1.12462e-09 5.66443e-08 1


0.05 0.45 0
1.04894e-09 5.93094e-08 1


0.05 0.475 0
3.22247e-09 6.19746e-08 1


0.05 0.5 0
5.396e-09 6.464e-08 1


0.05 0.525 0
7.56958e-09 6.73057e-08 1


0.05 0.55 0
9.74324e-09 6.99717e-08 1


0.05 0.575 0
1.1917e-08 7.26377e-08 1


0.05 0.6 0
1.40702e-08 7.52913e-08 1


0.05 0.625 0
1.57511e-08 7.76912e-08 1


0.05 0.65 0
1.63911e-08 7.93671e-08 1


0.05 0.675 0
1.6155e-08 7.99358e-08 1


0.075 0.325 0
-8.46633e-09 6.85125e-08 1


0.075 0.35 0
-4.89098e-09 5.64237e-08 1


0.075 0.375 0
-2.71241e-09 5.20292e-08 1


0.075 0.4 0
-6.00499e-10 5.20942e-08 1


0.075 0.425 0
1.5732e-09 5.44941e-08 1


0.075 0.45 0
3.74697e-09 5.71505e-08 1


0.075 0.475 0
5.9205e-09 5.98159e-08 1


0.075 0.5 0
8.09407e-09 6.24814e-08 1


0.075 0.525 0
1.02677e-08 6.51472e-08 1


0.075 0.55 0
1.24414e-08 6.78132e-08 1


0.075 0.575 0
1.46041e-08 7.04582e-08 1


0.075 0.6 0
1.65355e-08 7.29055e-08 1


0.075 0.625 0
1.75655e-08 7.47898e-08 1


0.075 0.65 0
1.78093e-08 7.65718e-08 1


0.075 0.675 0
1.81043e-08 8.12446e-08 1


0.1 0.325 0
-8.04143e-09 8.97958e-08 1


0.1 0.35 0
-2.37304e-09 5.34418e-08 1


0.1 0.375 0
-7.69941e-11 4.98903e-08 1


0.1 0.4 0
2.04865e-09 5.12225e-08 1


0.1 0.425 0
4.25218e-09 5.28077e-08 1


0.1 0.45 0
6.44321e-09 5.50377e-08 1


0.1 0.475 0
8.61854e-09 5.76589e-08 1


0.1 0.5 0
1.07922e-08 6.03228e-08 1


0.1 0.525 0
1.29646e-08 6.29873e-08 1


0.1 0.55 0
1.51104e-08 6.56271e-08 1


0.1 0.575 0
1.68863e-08 6.75927e-08 1


0.1 0.6 0
1.77471e-08 6.83573e-08 1


0.1 0.625 0
1.82696e-08 7.02827e-08 1


0.1 0.65 0
1.82994e-08 7.20321e-08 1


0.1 0.675 0
1.74522e-08 7.32112e-08 1


0.125 0.35 0
3.13456e-11 4.24511e-08 1


0.125 0.375 0
2.41652e-09 5.18206e-08 1


0.125 0.4 0
4.55578e-09 5.35063e-08 1


0.125 0.425 0
6.71358e-09 5.30169e-08 1


0.125 0.45 0
8.92994e-09 5.37977e-08 1


0.125 0.475 0
1.10896e-08 5.55468e-08 1


0.125 0.5 0
1.3264e-08 5.8061e-08 1


0.125 0.525 0
1.5356e-08 6.07851e-08 1


0.125 0.55 0
1.71221e-08 6.32083e-08 1


0.125 0.575 0
1.79342e-08 6.39027e-08 1


0.125 0.6 0
1.69483e-08 6.02431e-08 1


0.125 0.625 0
1.64412e-08 5.93139e-08 1


0.125 0.65 0
1.81867e-08 6.70213e-08 1


0.15 0.375 0
5.73672e-09 6.5871e-08 1


0.15 0.4 0
7.13785e-09 5.78109e-08 1


0.15 0.425 0
8.937e-09 5.51909e-08 1


0.15 0.45 0
1.07165e-08 5.39029e-08 1


0.15 0.475 0
1.23561e-08 5.3254e-08 1


0.15 0.5 0
1.43993e-08 5.53996e-08 1


0.15 0.525 0
1.64285e-08 5.86329e-08 1


0.15 0.55 0
1.76905e-08 6.04914e-08 1


0.15 0.575 0
1.8207e-08 6.11718e-08 1


0.15 0.6 0
1.61082e-08 5.42388e-08 1


0.15 0.625 0
1.05008e-08 3.60115e-08 1


0.175 0.4 0
1.19525e-08 6.90606e-08 1


0.175 0.425 0
1.19176e-08 6.05759e-08 1


0.175 0.45 0
1.19778e-08 5.35638e-08 1


0.175 0.475 0
1.23385e-08 4.9234e-08 1


0.175 0.5 0
1.41908e-08 5.15821e-08 1


0.175 0.525 0
1.63492e-08 5.59556e-08 1


0.175 0.55 0
1.71808e-08 5.68322e-08 1


0.175 0.575 0
1.7177e-08 5.58626e-08 1


0.175 0.6 0
1.72435e-08 5.5718e-08 1


