-0.175 0.4 0
-8.42485e-08 2.71611e-07 1


-0.175 0.425 0
-8.28744e-08 2.71052e-07 1


-0.175 0.45 0
-7.47036e-08 2.51083e-07 1


-0.175 0.475 0
-7.99931e-08 2.81315e-07 1


-0.175 0.5 0
-8.75409e-08 3.23849e-07 1


-0.175 0.525 0
-8.00394e-08 3.15523e-07 1


-0.175 0.55 0
-7.56296e-08 3.21336e-07 1


-0.175 0.575 0
-7.02883e-08 3.20303e-07 1


-0.175 0.6 0
-6.31565e-08 3.10492e-07 1


-0.15 0.375 0
-7.96595e-08 2.6532e-07 1


-0.15 0.4 0
-7.64573e-08 2.54072e-07 1


-0.15 0.425 0
-7.84673e-08 2.63157e-07 1


-0.15 0.45 0
-7.76607e-08 2.67973e-07 1


-0.15 0.475 0
-7.76448e-08 2.81875e-07 1


-0.15 0.5 0
-7.9292e-08 3.06266e-07 1


-0.15 0.525 0
-7.50097e-08 3.13153e-07 1


-0.15 0.55 0
-7.05414e-08 3.23121e-07 1


-0.15 0.575 0
-6.42801e-08 3.25961e-07 1


-0.15 0.6 0
-5.75395e-08 3.2536e-07 1


-0.15 0.625 0
-5.72355e-08 3.65533e-07 1


-0.125 0.35 0
-6.63611e-08 2.41937e-07 1


-0.125 0.375 0
-7.0642e-08 2.49392e-07 1


-0.125 0.4 0
-7.17403e-08 2.50723e-07 1


-0.125 0.425 0
-7.27289e-08 2.57991e-07 1


-0.125 0.45 0
-7.27398e-08 2.69705e-07 1


-0.125 0.475 0
-7.13245e-08 2.8301e-07 1


-0.125 0.5 0
-6.97e-08 2.98685e-07 1


-0.125 0.525 0
-6.68751e-08 3.11767e-07 1


-0.125 0.55 0
-6.32944e-08 3.24294e-07 1


-0.125 0.575 0
-5.82021e-08 3.3326e-07 1


-0.125 0.6 0
-5.31572e-08 3.46676e-07 1


-0.125 0.625 0
-4.93279e-08 3.69362e-07 1


-0.125 0.65 0
-4.39482e-08 3.88928e-07 1


-0.1 0.325 0
-4.61237e-08 2.01213e-07 1


-0.1 0.35 0
-5.34522e-08 2.14368e-07 1


-0.1 0.375 0
-6.04435e-08 2.33075e-07 1


-0.1 0.4 0
-6.32054e-08 2.43413e-07 1


-0.1 0.425 0
-6.298e-08 2.53943e-07 1


-0.1 0.45 0
-6.11231e-08 2.67418e-07 1


-0.1 0.475 0
-5.87344e-08 2.81455e-07 1


-0.1 0.5 0
-5.62824e-08 2.95526e-07 1


-0.1 0.525 0
-5.38254e-08 3.09595e-07 1


-0.1 0.55 0
-5.13028e-08 3.23549e-07 1


-0.1 0.575 0
-4.82889e-08 3.36935e-07 1


-0.1 0.6 0
-4.43281e-08 3.50947e-07 1


-0.1 0.625 0
-3.92993e-08 3.61762e-07 1


-0.1 0.65 0
-3.29641e-08 3.63493e-07 1


-0.1 0.675 0
-2.47727e-08 3.80632e-07 1


-0.075 0.325 0
-4.1797e-08 2.08219e-07 1


-0.075 0.35 0
-4.69274e-08 2.14754e-07 1


-0.075 0.375 0
-5.03159e-08 2.24743e-07 1


-0.075 0.4 0
-5.13604e-08 2.37286e-07 1


-0.075 0.425 0
-4.95631e-08 2.50889e-07 1


-0.075 0.45 0
-4.71219e-08 2.6493e-07 1


-0.075 0.475 0
-4.46668e-08 2.79001e-07 1


-0.075 0.5 0
-4.22118e-08 2.93071e-07 1


-0.075 0.525 0
-3.97568e-08 3.07142e-07 1


-0.075 0.55 0
-3.73018e-08 3.21213e-07 1


-0.075 0.575 0
-3.48369e-08 3.35289e-07 1


-0.075 0.6 0
-3.20388e-08 3.48962e-07 1


-0.075 0.625 0
-2.80764e-08 3.58797e-07 1


-0.075 0.65 0
-2.32477e-08 3.64872e-07 1


-0.075 0.675 0
-1.66023e-08 3.70528e-07 1


-0.05 0.325 0
-3.51743e-08 2.10532e-07 1


-0.05 0.35 0
-3.80158e-08 2.14563e-07 1


-0.05 0.375 0
-3.90708e-08 2.21929e-07 1


-0.05 0.4 0
-3.78962e-08 2.3435e-07 1


-0.05 0.425 0
-3.55063e-08 2.48404e-07 1


-0.05 0.45 0
-3.30512e-08 2.62475e-07 1


-0.05 0.475 0
-3.05961e-08 2.76545e-07 1


-0.05 0.5 0
-2.81411e-08 2.90615e-07 1


-0.05 0.525 0
-2.56861e-08 3.04686e-07 1


-0.05 0.55 0
-2.32311e-08 3.18757e-07 1


-0.05 0.575 0
-2.07761e-08 3.32828e-07 1


-0.05 0.6 0
-1.82909e-08 3.46832e-07 1


-0.05 0.625 0
-1.54035e-08 3.57849e-07 1


-0.05 0.65 0
-1.20263e-08 3.5766e-07 1


-0.05 0.675 0
-7.48026e-09 3.33267e-07 1


-0.025 0.325 0
-2.55239e-08 2.0996e-07 1


-0.025 0.35 0
-2.63934e-08 2.1175e-07 1


-0.025 0.375 0
-2.59398e-08 2.18952e-07 1


-0.025 0.4 0
-2.38887e-08 2.31881e-07 1


-0.025 0.425 0
-2.14357e-08 2.45949e-07 1


-0.025 0.45 0
-1.89806e-08 2.60019e-07 1


-0.025 0.475 0
-1.65256e-08 2.7409e-07 1


-0.025 0.5 0
-1.40705e-08 2.8816e-07 1


-0.025 0.525 0
-1.16155e-08 3.02231e-07 1


-0.025 0.55 0
-9.16051e-09 3.16302e-07 1


-0.025 0.575 0
-6.70551e-09 3.30373e-07 1


-0.025 0.6 0
-4.24938e-09 3.44439e-07 1


-0.025 0.625 0
-1.76705e-09 3.56101e-07 1


-0.025 0.65 0
5.70174e-10 3.58949e-07 1


-0.025 0.675 0
3.31822e-09 3.5799e-07 1


0 0.325 0
-1.58313e-08 2.20477e-07 1


0 0.35 0
-1.40346e-08 2.12939e-07 1


0 0.375 0
-1.21918e-08 2.16793e-07 1


0 0.4 0
-9.82014e-09 2.29424e-07 1


0 0.425 0
-7.36509e-09 2.43494e-07 1


0 0.45 0
-4.91005e-09 2.57564e-07 1


0 0.475 0
-2.45502e-09 2.71635e-07 1


0 0.5 0
9.85723e-17 2.85705e-07 1


0 0.525 0
2.45502e-09 2.99776e-07 1


0 0.55 0
4.91005e-09 3.13846e-07 1


0 0.575 0
7.36509e-09 3.27918e-07 1


0 0.6 0
9.82014e-09 3.41989e-07 1


0 0.625 0
1.21918e-08 3.56193e-07 1


0 0.65 0
1.40346e-08 3.71523e-07 1


0 0.675 0
1.58314e-08 3.95559e-07 1


0.025 0.325 0
-3.31822e-09 1.98004e-07 1


0.025 0.35 0
-5.70174e-10 2.0366e-07 1


0.025 0.375 0
1.76705e-09 2.13452e-07 1


0.025 0.4 0
4.24938e-09 2.2697e-07 1


0.025 0.425 0
6.70551e-09 2.41039e-07 1


0.025 0.45 0
9.16051e-09 2.55109e-07 1


0.025 0.475 0
1.16155e-08 2.6918e-07 1


0.025 0.5 0
1.40705e-08 2.8325e-07 1


0.025 0.525 0
1.65256e-08 2.97321e-07 1


0.025 0.55 0
1.89806e-08 3.11392e-07 1


0.025 0.575 0
2.14357e-08 3.25463e-07 1


0.025 0.6 0
2.38887e-08 3.39532e-07 1


0.025 0.625 0
2.59398e-08 3.52702e-07 1


0.025 0.65 0
2.63934e-08 3.61769e-07 1


0.025 0.675 0
2.55239e-08 3.70039e-07 1


0.05 0.325 0
7.48028e-09 1.8386e-07 1


0.05 0.35 0
1.20263e-08 2.02339e-07 1


0.05 0.375 0
1.54035e-08 2.12369e-07 1


0.05 0.4 0
1.82909e-08 2.24586e-07 1


0.05 0.425 0
2.07761e-08 2.38584e-07 1


0.05 0.45 0
2.32311e-08 2.52655e-07 1


0.05 0.475 0
2.56861e-08 2.66725e-07 1


0.05 0.5 0
2.81411e-08 2.80795e-07 1


0.05 0.525 0
3.05961e-08 2.94866e-07 1


0.05 0.55 0
3.30512e-08 3.08937e-07 1


0.05 0.575 0
3.55063e-08 3.23008e-07 1


0.05 0.6 0
3.78962e-08 3.36955e-07 1


0.05 0.625 0
3.90708e-08 3.48517e-07 1


0.05 0.65 0
3.80159e-08 3.55646e-07 1


0.05 0.675 0
3.51743e-08 3.61792e-07 1


0.075 0.325 0
1.66023e-08 2.0478e-07 1


0.075 0.35 0
2.32477e-08 2.07937e-07 1


0.075 0.375 0
2.80764e-08 2.13339e-07 1


0.075 0.4 0
3.20388e-08 2.23002e-07 1


0.075 0.425 0
3.48369e-08 2.36163e-07 1


0.075 0.45 0
3.73018e-08 2.502e-07 1


0.075 0.475 0
3.97567e-08 2.6427e-07 1


0.075 0.5 0
4.22118e-08 2.78341e-07 1


0.075 0.525 0
4.46668e-08 2.92412e-07 1


0.075 0.55 0
4.71219e-08 3.06482e-07 1


0.075 0.575 0
4.95631e-08 3.20563e-07 1


0.075 0.6 0
5.13604e-08 3.33864e-07 1


0.075 0.625 0
5.03159e-08 3.41147e-07 1


0.075 0.65 0
4.69274e-08 3.43314e-07 1


0.075 0.675 0
4.1797e-08 3.48796e-07 1


0.1 0.325 0
2.47729e-08 2.12137e-07 1


0.1 0.35 0
3.29641e-08 2.10579e-07 1


0.1 0.375 0
3.92993e-08 2.18282e-07 1


0.1 0.4 0
4.43281e-08 2.24536e-07 1


0.1 0.425 0
4.82889e-08 2.34214e-07 1


0.1 0.45 0
5.13028e-08 2.47756e-07 1


0.1 0.475 0
5.38254e-08 2.61818e-07 1


0.1 0.5 0
5.62824e-08 2.75886e-07 1


0.1 0.525 0
5.87344e-08 2.89954e-07 1


0.1 0.55 0
6.11231e-08 3.04e-07 1


0.1 0.575 0
6.298e-08 3.1802e-07 1


0.1 0.6 0
6.32054e-08 3.32069e-07 1


0.1 0.625 0
6.04434e-08 3.39389e-07 1


0.1 0.65 0
5.34522e-08 3.29447e-07 1


0.1 0.675 0
4.61237e-08 3.27527e-07 1


0.125 0.35 0
4.39483e-08 2.29609e-07 1


0.125 0.375 0
4.93279e-08 2.28078e-07 1


0.125 0.4 0
5.31572e-08 2.25789e-07 1


0.125 0.425 0
5.82022e-08 2.32629e-07 1


0.125 0.45 0
6.32944e-08 2.46152e-07 1


0.125 0.475 0
6.68751e-08 2.59887e-07 1


0.125 0.5 0
6.97001e-08 2.74301e-07 1


0.125 0.525 0
7.13245e-08 2.86544e-07 1


0.125 0.55 0
7.27398e-08 3.00512e-07 1


0.125 0.575 0
7.27289e-08 3.14144e-07 1


0.125 0.6 0
7.17403e-08 3.29321e-07 1


0.125 0.625 0
7.0642e-08 3.48048e-07 1


0.125 0.65 0
6.63608e-08 3.56406e-07 1


0.15 0.375 0
5.72354e-08 2.32811e-07 1


0.15 0.4 0
5.75394e-08 2.18456e-07 1


0.15 0.425 0
6.42802e-08 2.32106e-07 1


0.15 0.45 0
7.05414e-08 2.47089e-07 1


0.15 0.475 0
7.50097e-08 2.60366e-07 1


0.15 0.5 0
7.9292e-08 2.78197e-07 1


0.15 0.525 0
7.76448e-08 2.80734e-07 1


0.15 0.55 0
7.76607e-08 2.92026e-07 1


0.15 0.575 0
7.84672e-08 3.09652e-07 1


0.15 0.6 0
7.64574e-08 3.20001e-07 1


0.15 0.625 0
7.96597e-08 3.53218e-07 1


0.175 0.4 0
6.31568e-08 2.18247e-07 1


0.175 0.425 0
7.02884e-08 2.3671e-07 1


0.175 0.45 0
7.56296e-08 2.50988e-07 1


0.175 0.475 0
8.00394e-08 2.64475e-07 1


0.175 0.5 0
8.75409e-08 2.92186e-07 1


0.175 0.525 0
7.9993e-08 2.74678e-07 1


0.175 0.55 0
7.47036e-08 2.66044e-07 1


0.175 0.575 0
8.28742e-08 3.04256e-07 1


0.175 0.6 0
8.42487e-08 3.21157e-07 1


