-0.175 0.4 0
-1.81826e-08 6.1139e-08 1


-0.175 0.425 0
-2.67251e-08 9.3275e-08 1


-0.175 0.45 0
-3.55679e-08 1.29474e-07 1


-0.175 0.475 0
-3.62189e-08 1.39995e-07 1


-0.175 0.5 0
-3.26923e-08 1.3757e-07 1


-0.175 0.525 0
-2.89584e-08 1.34362e-07 1


-0.175 0.55 0
-2.48861e-08 1.28414e-07 1


-0.175 0.575 0
-2.08127e-08 1.20096e-07 1


-0.175 0.6 0
-2.19694e-08 1.42367e-07 1


-0.15 0.375 0
-3.49722e-08 1.13706e-07 1


-0.15 0.4 0
-3.29663e-08 1.09661e-07 1


-0.15 0.425 0
-3.07343e-08 1.06573e-07 1


-0.15 0.45 0
-3.23332e-08 1.18917e-07 1


-0.15 0.475 0
-3.26979e-08 1.29732e-07 1


-0.15 0.5 0
-3.02333e-08 1.32674e-07 1


-0.15 0.525 0
-2.71955e-08 1.34505e-07 1


-0.15 0.55 0
-2.37725e-08 1.35217e-07 1


-0.15 0.575 0
-2.12108e-08 1.414e-07 1


-0.15 0.6 0
-1.98884e-08 1.55783e-07 1


-0.15 0.625 0
-1.89237e-08 1.7541e-07 1


-0.125 0.35 0
-3.63e-08 1.20187e-07 1


-0.125 0.375 0
-3.28401e-08 1.09296e-07 1


-0.125 0.4 0
-3.23338e-08 1.09991e-07 1


-0.125 0.425 0
-3.12283e-08 1.11629e-07 1


-0.125 0.45 0
-3.02996e-08 1.17408e-07 1


-0.125 0.475 0
-2.89776e-08 1.24442e-07 1


-0.125 0.5 0
-2.67097e-08 1.29492e-07 1


-0.125 0.525 0
-2.41885e-08 1.3421e-07 1


-0.125 0.55 0
-2.13957e-08 1.38461e-07 1


-0.125 0.575 0
-1.86905e-08 1.44756e-07 1


-0.125 0.6 0
-1.60163e-08 1.52046e-07 1


-0.125 0.625 0
-1.29527e-08 1.55088e-07 1


-0.125 0.65 0
-9.66687e-09 1.58344e-07 1


-0.1 0.325 0
-2.63122e-08 9.40851e-08 1


-0.1 0.35 0
-3.04111e-08 1.05483e-07 1


-0.1 0.375 0
-3.03574e-08 1.05672e-07 1


-0.1 0.4 0
-2.96365e-08 1.06944e-07 1


-0.1 0.425 0
-2.82738e-08 1.10915e-07 1


-0.1 0.45 0
-2.62043e-08 1.1615e-07 1


-0.1 0.475 0
-2.39093e-08 1.21598e-07 1


-0.1 0.5 0
-2.15677e-08 1.26992e-07 1


-0.1 0.525 0
-1.92228e-08 1.32379e-07 1


-0.1 0.55 0
-1.68602e-08 1.37743e-07 1


-0.1 0.575 0
-1.44078e-08 1.43258e-07 1


-0.1 0.6 0
-1.16774e-08 1.48258e-07 1


-0.1 0.625 0
-8.77562e-09 1.511e-07 1


-0.1 0.65 0
-5.79887e-09 1.48426e-07 1


-0.1 0.675 0
-8.97639e-10 8.0219e-08 1


-0.075 0.325 0
-2.03912e-08 7.88924e-08 1


-0.075 0.35 0
-2.53581e-08 9.48309e-08 1


-0.075 0.375 0
-2.62807e-08 9.97851e-08 1


-0.075 0.4 0
-2.53231e-08 1.03527e-07 1


-0.075 0.425 0
-2.32003e-08 1.08481e-07 1


-0.075 0.45 0
-2.0863e-08 1.13864e-07 1


-0.075 0.475 0
-1.85193e-08 1.19255e-07 1


-0.075 0.5 0
-1.61757e-08 1.24647e-07 1


-0.075 0.525 0
-1.38321e-08 1.30039e-07 1


-0.075 0.55 0
-1.14885e-08 1.35431e-07 1


-0.075 0.575 0
-9.14232e-09 1.40823e-07 1


-0.075 0.6 0
-6.72499e-09 1.45914e-07 1


-0.075 0.625 0
-4.20501e-09 1.47062e-07 1


-0.075 0.65 0
-1.71954e-09 1.39026e-07 1


-0.075 0.675 0
1.46668e-09 1.18533e-07 1


-0.05 0.325 0
-1.95486e-08 8.39791e-08 1


-0.05 0.35 0
-2.13038e-08 9.01405e-08 1


-0.05 0.375 0
-2.16274e-08 9.54381e-08 1


-0.05 0.4 0
-2.01295e-08 1.00754e-07 1


-0.05 0.425 0
-1.78148e-08 1.06128e-07 1


-0.05 0.45 0
-1.5471e-08 1.1152e-07 1


-0.05 0.475 0
-1.31274e-08 1.16911e-07 1


-0.05 0.5 0
-1.07837e-08 1.22303e-07 1


-0.05 0.525 0
-8.44011e-09 1.27695e-07 1


-0.05 0.55 0
-6.0965e-09 1.33087e-07 1


-0.05 0.575 0
-3.75289e-09 1.3848e-07 1


-0.05 0.6 0
-1.40393e-09 1.43758e-07 1


-0.05 0.625 0
9.04381e-10 1.46803e-07 1


-0.05 0.65 0
2.99381e-09 1.48256e-07 1


-0.05 0.675 0
5.68749e-09 1.59355e-07 1


-0.025 0.325 0
-1.75048e-08 8.78993e-08 1


-0.025 0.35 0
-1.75991e-08 8.97103e-08 1


-0.025 0.375 0
-1.67974e-08 9.3224e-08 1


-0.025 0.4 0
-1.47648e-08 9.83912e-08 1


-0.025 0.425 0
-1.24228e-08 1.03784e-07 1


-0.025 0.45 0
-1.00791e-08 1.09176e-07 1


-0.025 0.475 0
-7.73546e-09 1.14567e-07 1


-0.025 0.5 0
-5.39184e-09 1.19959e-07 1


-0.025 0.525 0
-3.04822e-09 1.25351e-07 1


-0.025 0.55 0
-7.04611e-10 1.30743e-07 1


-0.025 0.575 0
1.63902e-09 1.36136e-07 1


-0.025 0.6 0
3.98296e-09 1.41524e-07 1


-0.025 0.625 0
6.26893e-09 1.47151e-07 1


-0.025 0.65 0
8.17556e-09 1.54255e-07 1


-0.025 0.675 0
1.01591e-08 1.66054e-07 1


0 0.325 0
-1.42222e-08 9.06557e-08 1


0 0.35 0
-1.31412e-08 8.92993e-08 1


0 0.375 0
-1.1609e-08 9.11734e-08 1


0 0.4 0
-9.37461e-09 9.60492e-08 1


0 0.425 0
-7.03091e-09 1.01441e-07 1


0 0.45 0
-4.68725e-09 1.06832e-07 1


0 0.475 0
-2.34362e-09 1.12224e-07 1


0 0.5 0
1.04474e-16 1.17615e-07 1


0 0.525 0
2.34362e-09 1.23007e-07 1


0 0.55 0
4.68725e-09 1.284e-07 1


0 0.575 0
7.03091e-09 1.33792e-07 1


0 0.6 0
9.37461e-09 1.39185e-07 1


0 0.625 0
1.1609e-08 1.44593e-07 1


0 0.65 0
1.31412e-08 1.49766e-07 1


0 0.675 0
1.42222e-08 1.56041e-07 1


0.025 0.325 0
-1.01591e-08 9.36165e-08 1


0.025 0.35 0
-8.17555e-09 8.88586e-08 1


0.025 0.375 0
-6.26893e-09 8.91959e-08 1


0.025 0.4 0
-3.98296e-09 9.37056e-08 1


0.025 0.425 0
-1.63902e-09 9.90971e-08 1


0.025 0.45 0
7.04611e-10 1.04489e-07 1


0.025 0.475 0
3.04822e-09 1.0988e-07 1


0.025 0.5 0
5.39184e-09 1.15272e-07 1


0.025 0.525 0
7.73546e-09 1.20664e-07 1


0.025 0.55 0
1.00791e-08 1.26056e-07 1


0.025 0.575 0
1.24228e-08 1.31448e-07 1


0.025 0.6 0
1.47648e-08 1.36837e-07 1


0.025 0.625 0
1.67974e-08 1.41601e-07 1


0.025 0.65 0
1.75991e-08 1.44101e-07 1


0.025 0.675 0
1.75049e-08 1.45816e-07 1


0.05 0.325 0
-5.68749e-09 8.82189e-08 1


0.05 0.35 0
-2.99381e-09 8.35899e-08 1


0.05 0.375 0
-9.04381e-10 8.62036e-08 1


0.05 0.4 0
1.40393e-09 9.13499e-08 1


0.05 0.425 0
3.75289e-09 9.67536e-08 1


0.05 0.45 0
6.0965e-09 1.02145e-07 1


0.05 0.475 0
8.4401e-09 1.07537e-07 1


0.05 0.5 0
1.07837e-08 1.12929e-07 1


0.05 0.525 0
1.31274e-08 1.18321e-07 1


0.05 0.55 0
1.5471e-08 1.23713e-07 1


0.05 0.575 0
1.78148e-08 1.29105e-07 1


0.05 0.6 0
2.01295e-08 1.34474e-07 1


0.05 0.625 0
2.16274e-08 1.3823e-07 1


0.05 0.65 0
2.13038e-08 1.37685e-07 1


0.05 0.675 0
1.95486e-08 1.33752e-07 1


0.075 0.325 0
-1.46668e-09 6.50833e-08 1


0.075 0.35 0
1.71954e-09 7.75579e-08 1


0.075 0.375 0
4.20501e-09 8.46053e-08 1


0.075 0.4 0
6.72499e-09 8.93663e-08 1


0.075 0.425 0
9.14232e-09 9.44227e-08 1


0.075 0.45 0
1.14885e-08 9.98019e-08 1


0.075 0.475 0
1.38321e-08 1.05194e-07 1


0.075 0.5 0
1.61757e-08 1.10585e-07 1


0.075 0.525 0
1.85193e-08 1.15977e-07 1


0.075 0.55 0
2.0863e-08 1.2137e-07 1


0.075 0.575 0
2.32003e-08 1.26765e-07 1


0.075 0.6 0
2.53231e-08 1.32343e-07 1


0.075 0.625 0
2.62807e-08 1.37166e-07 1


0.075 0.65 0
2.53581e-08 1.37252e-07 1


0.075 0.675 0
2.03912e-08 1.20518e-07 1


0.1 0.325 0
8.97648e-10 4.38542e-08 1


0.1 0.35 0
5.79888e-09 8.24933e-08 1


0.1 0.375 0
8.77563e-09 8.64326e-08 1


0.1 0.4 0
1.16774e-08 8.8985e-08 1


0.1 0.425 0
1.44078e-08 9.2612e-08 1


0.1 0.45 0
1.68603e-08 9.74844e-08 1


0.1 0.475 0
1.92228e-08 1.02849e-07 1


0.1 0.5 0
2.15677e-08 1.08242e-07 1


0.1 0.525 0
2.39093e-08 1.13632e-07 1


0.1 0.55 0
2.62043e-08 1.18958e-07 1


0.1 0.575 0
2.82737e-08 1.24365e-07 1


0.1 0.6 0
2.96365e-08 1.30299e-07 1


0.1 0.625 0
3.03574e-08 1.37705e-07 1


0.1 0.65 0
3.04111e-08 1.4526e-07 1


0.1 0.675 0
2.63121e-08 1.38023e-07 1


0.125 0.35 0
9.66692e-09 8.84004e-08 1


0.125 0.375 0
1.29527e-08 8.94081e-08 1


0.125 0.4 0
1.60163e-08 9.13311e-08 1


0.125 0.425 0
1.86905e-08 9.21949e-08 1


0.125 0.45 0
2.13957e-08 9.52065e-08 1


0.125 0.475 0
2.41885e-08 1.00615e-07 1


0.125 0.5 0
2.67097e-08 1.06274e-07 1


0.125 0.525 0
2.89776e-08 1.11905e-07 1


0.125 0.55 0
3.02996e-08 1.15599e-07 1


0.125 0.575 0
3.12283e-08 1.20039e-07 1


0.125 0.6 0
3.23337e-08 1.27542e-07 1


0.125 0.625 0
3.28401e-08 1.35201e-07 1


0.125 0.65 0
3.63e-08 1.58035e-07 1


0.15 0.375 0
1.89237e-08 1.02811e-07 1


0.15 0.4 0
1.98884e-08 9.49607e-08 1


0.15 0.425 0
2.12108e-08 9.06835e-08 1


0.15 0.45 0
2.37725e-08 9.26092e-08 1


0.15 0.475 0
2.71955e-08 9.93066e-08 1


0.15 0.5 0
3.02333e-08 1.06391e-07 1


0.15 0.525 0
3.26979e-08 1.13381e-07 1


0.15 0.55 0
3.23332e-08 1.12929e-07 1


0.15 0.575 0
3.07343e-08 1.10012e-07 1


0.15 0.6 0
3.29663e-08 1.21258e-07 1


0.15 0.625 0
3.49722e-08 1.3304e-07 1


0.175 0.4 0
2.19693e-08 8.9742e-08 1


0.175 0.425 0
2.08126e-08 7.93137e-08 1


0.175 0.45 0
2.48862e-08 8.93166e-08 1


0.175 0.475 0
2.89584e-08 9.93528e-08 1


0.175 0.5 0
3.26923e-08 1.09126e-07 1


0.175 0.525 0
3.62189e-08 1.19676e-07 1


0.175 0.55 0
3.55679e-08 1.18099e-07 1


0.175 0.575 0
2.67251e-08 9.03416e-08 1


0.175 0.6 0
1.81826e-08 6.29343e-08 1


