-0.175 0.4 0
-5.69024e-08 1.84557e-07 1


-0.175 0.425 0
-4.59806e-08 1.52883e-07 1


-0.175 0.45 0
-4.58274e-08 1.5876e-07 1


-0.175 0.475 0
-5.54763e-08 2.0179e-07 1


-0.175 0.5 0
-5.46018e-08 2.11013e-07 1


-0.175 0.525 0
-4.8907e-08 2.04823e-07 1


-0.175 0.55 0
-4.53289e-08 2.06569e-07 1


-0.175 0.575 0
-3.9899e-08 1.97896e-07 1


-0.175 0.6 0
-2.98675e-08 1.60501e-07 1


-0.15 0.375 0
-5.04347e-08 1.65244e-07 1


-0.15 0.4 0
-5.06571e-08 1.67151e-07 1


-0.15 0.425 0
-5.04366e-08 1.70046e-07 1


-0.15 0.45 0
-4.85474e-08 1.71016e-07 1


-0.15 0.475 0
-5.04557e-08 1.88927e-07 1


-0.15 0.5 0
-4.95373e-08 2.00006e-07 1


-0.15 0.525 0
-4.58412e-08 2.0358e-07 1


-0.15 0.55 0
-4.19567e-08 2.07782e-07 1


-0.15 0.575 0
-3.71261e-08 2.07719e-07 1


-0.15 0.6 0
-3.42124e-08 2.18786e-07 1


-0.15 0.625 0
-3.50269e-08 2.53919e-07 1


-0.125 0.35 0
-4.89325e-08 1.6996e-07 1


-0.125 0.375 0
-4.84512e-08 1.65333e-07 1


-0.125 0.4 0
-4.77501e-08 1.63731e-07 1


-0.125 0.425 0
-4.77638e-08 1.68638e-07 1


-0.125 0.45 0
-4.66743e-08 1.75064e-07 1


-0.125 0.475 0
-4.53982e-08 1.84944e-07 1


-0.125 0.5 0
-4.34341e-08 1.94364e-07 1


-0.125 0.525 0
-4.07482e-08 2.02323e-07 1


-0.125 0.55 0
-3.75577e-08 2.09434e-07 1


-0.125 0.575 0
-3.37771e-08 2.15925e-07 1


-0.125 0.6 0
-3.06217e-08 2.28445e-07 1


-0.125 0.625 0
-2.74052e-08 2.4119e-07 1


-0.125 0.65 0
-2.22149e-08 2.37893e-07 1


-0.1 0.325 0
-2.60434e-08 1.04589e-07 1


-0.1 0.35 0
-3.90796e-08 1.45493e-07 1


-0.1 0.375 0
-4.24896e-08 1.55334e-07 1


-0.1 0.4 0
-4.28911e-08 1.59327e-07 1


-0.1 0.425 0
-4.18348e-08 1.6549e-07 1


-0.1 0.45 0
-3.98207e-08 1.73929e-07 1


-0.1 0.475 0
-3.74482e-08 1.82671e-07 1


-0.1 0.5 0
-3.5036e-08 1.91436e-07 1


-0.1 0.525 0
-3.26186e-08 2.00192e-07 1


-0.1 0.55 0
-3.01587e-08 2.08853e-07 1


-0.1 0.575 0
-2.74812e-08 2.17542e-07 1


-0.1 0.6 0
-2.43171e-08 2.26535e-07 1


-0.1 0.625 0
-2.05087e-08 2.3199e-07 1


-0.1 0.65 0
-1.61469e-08 2.33955e-07 1


-0.1 0.675 0
-1.08596e-08 2.52318e-07 1


-0.075 0.325 0
-2.92239e-08 1.28773e-07 1


-0.075 0.35 0
-3.30792e-08 1.37513e-07 1


-0.075 0.375 0
-3.55391e-08 1.46608e-07 1


-0.075 0.4 0
-3.55536e-08 1.54507e-07 1


-0.075 0.425 0
-3.3517e-08 1.62763e-07 1


-0.075 0.45 0
-3.11089e-08 1.71502e-07 1


-0.075 0.475 0
-2.86929e-08 1.8026e-07 1


-0.075 0.5 0
-2.62769e-08 1.89019e-07 1


-0.075 0.525 0
-2.38609e-08 1.97778e-07 1


-0.075 0.55 0
-2.1445e-08 2.06537e-07 1


-0.075 0.575 0
-1.90244e-08 2.15305e-07 1


-0.075 0.6 0
-1.64303e-08 2.23756e-07 1


-0.075 0.625 0
-1.33401e-08 2.29742e-07 1


-0.075 0.65 0
-9.97396e-09 2.30457e-07 1


-0.075 0.675 0
-5.11162e-09 2.03975e-07 1


-0.05 0.325 0
-2.64474e-08 1.34793e-07 1


-0.05 0.35 0
-2.80517e-08 1.37773e-07 1


-0.05 0.375 0
-2.85025e-08 1.43374e-07 1


-0.05 0.4 0
-2.71322e-08 1.51562e-07 1


-0.05 0.425 0
-2.47659e-08 1.60327e-07 1


-0.05 0.45 0
-2.23499e-08 1.69085e-07 1


-0.05 0.475 0
-1.99338e-08 1.77844e-07 1


-0.05 0.5 0
-1.75178e-08 1.86602e-07 1


-0.05 0.525 0
-1.51019e-08 1.95362e-07 1


-0.05 0.55 0
-1.26859e-08 2.04121e-07 1


-0.05 0.575 0
-1.027e-08 2.1288e-07 1


-0.05 0.6 0
-7.83998e-09 2.21589e-07 1


-0.05 0.625 0
-5.29114e-09 2.2703e-07 1


-0.05 0.65 0
-2.74522e-09 2.22309e-07 1


-0.05 0.675 0
4.14369e-10 2.04173e-07 1


-0.025 0.325 0
-2.1036e-08 1.3488e-07 1


-0.025 0.35 0
-2.12935e-08 1.36446e-07 1


-0.025 0.375 0
-2.05129e-08 1.41062e-07 1


-0.025 0.4 0
-1.84214e-08 1.49152e-07 1


-0.025 0.425 0
-1.60069e-08 1.5791e-07 1


-0.025 0.45 0
-1.35909e-08 1.66669e-07 1


-0.025 0.475 0
-1.11749e-08 1.75427e-07 1


-0.025 0.5 0
-8.75889e-09 1.84186e-07 1


-0.025 0.525 0
-6.34293e-09 1.92945e-07 1


-0.025 0.55 0
-3.92698e-09 2.01705e-07 1


-0.025 0.575 0
-1.51101e-09 2.10464e-07 1


-0.025 0.6 0
9.05592e-10 2.19213e-07 1


-0.025 0.625 0
3.29395e-09 2.27049e-07 1


-0.025 0.65 0
5.41933e-09 2.33963e-07 1


-0.025 0.675 0
7.93047e-09 2.49336e-07 1


0 0.325 0
-1.50689e-08 1.41342e-07 1


0 0.35 0
-1.36759e-08 1.36793e-07 1


0 0.375 0
-1.19838e-08 1.38946e-07 1


0 0.4 0
-9.66398e-09 1.46736e-07 1


0 0.425 0
-7.24795e-09 1.55494e-07 1


0 0.45 0
-4.83194e-09 1.64253e-07 1


0 0.475 0
-2.41597e-09 1.73011e-07 1


0 0.5 0
1.16568e-16 1.8177e-07 1


0 0.525 0
2.41597e-09 1.90529e-07 1


0 0.55 0
4.83194e-09 1.99288e-07 1


0 0.575 0
7.24795e-09 2.08048e-07 1


0 0.6 0
9.66398e-09 2.16808e-07 1


0 0.625 0
1.19838e-08 2.25814e-07 1


0 0.65 0
1.36759e-08 2.35868e-07 1


0 0.675 0
1.50689e-08 2.50546e-07 1


0.025 0.325 0
-7.93047e-09 1.38384e-07 1


0.025 0.35 0
-5.41933e-09 1.33052e-07 1


0.025 0.375 0
-3.29395e-09 1.36252e-07 1


0.025 0.4 0
-9.05592e-10 1.44317e-07 1


0.025 0.425 0
1.51101e-09 1.53078e-07 1


0.025 0.45 0
3.92698e-09 1.61837e-07 1


0.025 0.475 0
6.34293e-09 1.70595e-07 1


0.025 0.5 0
8.75889e-09 1.79354e-07 1


0.025 0.525 0
1.11749e-08 1.88113e-07 1


0.025 0.55 0
1.35909e-08 1.96873e-07 1


0.025 0.575 0
1.60069e-08 2.05632e-07 1


0.025 0.6 0
1.84214e-08 2.14389e-07 1


0.025 0.625 0
2.05129e-08 2.22558e-07 1


0.025 0.65 0
2.12935e-08 2.28128e-07 1


0.025 0.675 0
2.10361e-08 2.32694e-07 1


0.05 0.325 0
-4.14365e-10 1.12519e-07 1


0.05 0.35 0
2.74522e-09 1.25214e-07 1


0.05 0.375 0
5.29114e-09 1.33681e-07 1


0.05 0.4 0
7.83998e-09 1.41948e-07 1


0.05 0.425 0
1.027e-08 1.50663e-07 1


0.05 0.45 0
1.26859e-08 1.59421e-07 1


0.05 0.475 0
1.51019e-08 1.6818e-07 1


0.05 0.5 0
1.75178e-08 1.76939e-07 1


0.05 0.525 0
1.99338e-08 1.85698e-07 1


0.05 0.55 0
2.23499e-08 1.94457e-07 1


0.05 0.575 0
2.47659e-08 2.03217e-07 1


0.05 0.6 0
2.71322e-08 2.11879e-07 1


0.05 0.625 0
2.85025e-08 2.1849e-07 1


0.05 0.65 0
2.80517e-08 2.21687e-07 1


0.05 0.675 0
2.64474e-08 2.25451e-07 1


0.075 0.325 0
5.11164e-09 1.12014e-07 1


0.075 0.35 0
9.97397e-09 1.29584e-07 1


0.075 0.375 0
1.33401e-08 1.34214e-07 1


0.075 0.4 0
1.64303e-08 1.40086e-07 1


0.075 0.425 0
1.90244e-08 1.48271e-07 1


0.075 0.45 0
2.1445e-08 1.57006e-07 1


0.075 0.475 0
2.38609e-08 1.65764e-07 1


0.075 0.5 0
2.62769e-08 1.74523e-07 1


0.075 0.525 0
2.86929e-08 1.83282e-07 1


0.075 0.55 0
3.11089e-08 1.92041e-07 1


0.075 0.575 0
3.3517e-08 2.00812e-07 1


0.075 0.6 0
3.55536e-08 2.09469e-07 1


0.075 0.625 0
3.55391e-08 2.14162e-07 1


0.075 0.65 0
3.30792e-08 2.11766e-07 1


0.075 0.675 0
2.9224e-08 2.08572e-07 1


0.1 0.325 0
1.08597e-08 1.38514e-07 1


0.1 0.35 0
1.61469e-08 1.32641e-07 1


0.1 0.375 0
2.05087e-08 1.3649e-07 1


0.1 0.4 0
2.43171e-08 1.40753e-07 1


0.1 0.425 0
2.74812e-08 1.46434e-07 1


0.1 0.45 0
3.01587e-08 1.54588e-07 1


0.1 0.475 0
3.26185e-08 1.63349e-07 1


0.1 0.5 0
3.5036e-08 1.72108e-07 1


0.1 0.525 0
3.74482e-08 1.8086e-07 1


0.1 0.55 0
3.98206e-08 1.89609e-07 1


0.1 0.575 0
4.18348e-08 1.98351e-07 1


0.1 0.6 0
4.28911e-08 2.07961e-07 1


0.1 0.625 0
4.24896e-08 2.16577e-07 1


0.1 0.65 0
3.90795e-08 2.13918e-07 1


0.1 0.675 0
2.60435e-08 1.64325e-07 1


0.125 0.35 0
2.22149e-08 1.37024e-07 1


0.125 0.375 0
2.74052e-08 1.44287e-07 1


0.125 0.4 0
3.06217e-08 1.43466e-07 1


0.125 0.425 0
3.37771e-08 1.44846e-07 1


0.125 0.45 0
3.75577e-08 1.52429e-07 1


0.125 0.475 0
4.07482e-08 1.61297e-07 1


0.125 0.5 0
4.34341e-08 1.70396e-07 1


0.125 0.525 0
4.53982e-08 1.78356e-07 1


0.125 0.55 0
4.66743e-08 1.85647e-07 1


0.125 0.575 0
4.77638e-08 1.95318e-07 1


0.125 0.6 0
4.77501e-08 2.04749e-07 1


0.125 0.625 0
4.84513e-08 2.20144e-07 1


0.125 0.65 0
4.89322e-08 2.40013e-07 1


0.15 0.375 0
3.5027e-08 1.56054e-07 1


0.15 0.4 0
3.42123e-08 1.40626e-07 1


0.15 0.425 0
3.71261e-08 1.4156e-07 1


0.15 0.45 0
4.19567e-08 1.51678e-07 1


0.15 0.475 0
4.58411e-08 1.60993e-07 1


0.15 0.5 0
4.95373e-08 1.72655e-07 1


0.15 0.525 0
5.04557e-08 1.78088e-07 1


0.15 0.55 0
4.85474e-08 1.76507e-07 1


0.15 0.575 0
5.04365e-08 1.89994e-07 1


0.15 0.6 0
5.06571e-08 1.99445e-07 1


0.15 0.625 0
5.04348e-08 2.09674e-07 1


0.175 0.4 0
2.98673e-08 1.08413e-07 1


0.175 0.425 0
3.9899e-08 1.39448e-07 1


0.175 0.45 0
4.53289e-08 1.53674e-07 1


0.175 0.475 0
4.89069e-08 1.62751e-07 1


0.175 0.5 0
5.46018e-08 1.80875e-07 1


0.175 0.525 0
5.54763e-08 1.85929e-07 1


0.175 0.55 0
4.58274e-08 1.57932e-07 1


0.175 0.575 0
4.59806e-08 1.63106e-07 1


0.175 0.6 0
5.69022e-08 2.06275e-07 1


