-0.175 0.4 0
-1.66699e-08 5.82508e-08 1


-0.175 0.425 0
-2.79761e-08 1.01394e-07 1


-0.175 0.45 0
-2.8223e-08 1.07828e-07 1


-0.175 0.475 0
-2.60924e-08 1.07969e-07 1


-0.175 0.5 0
-2.3303e-08 1.06453e-07 1


-0.175 0.525 0
-1.96173e-08 1.00743e-07 1


-0.175 0.55 0
-1.66778e-08 9.80028e-08 1


-0.175 0.575 0
-1.61813e-08 1.08565e-07 1


-0.175 0.6 0
-1.5678e-08 1.19027e-07 1


-0.15 0.375 0
-2.60012e-08 8.53902e-08 1


-0.15 0.4 0
-2.24306e-08 7.65304e-08 1


-0.15 0.425 0
-2.42483e-08 8.71504e-08 1


-0.15 0.45 0
-2.56577e-08 9.85794e-08 1


-0.15 0.475 0
-2.42033e-08 1.02275e-07 1


-0.15 0.5 0
-2.18729e-08 1.04221e-07 1


-0.15 0.525 0
-1.89727e-08 1.04395e-07 1


-0.15 0.55 0
-1.64241e-08 1.0726e-07 1


-0.15 0.575 0
-1.46012e-08 1.15053e-07 1


-0.15 0.6 0
-1.27249e-08 1.22462e-07 1


-0.15 0.625 0
-1.01582e-08 1.2348e-07 1


-0.125 0.35 0
-2.65903e-08 8.67134e-08 1


-0.125 0.375 0
-2.61891e-08 8.68359e-08 1


-0.125 0.4 0
-2.47596e-08 8.5106e-08 1


-0.125 0.425 0
-2.39348e-08 8.77599e-08 1


-0.125 0.45 0
-2.34685e-08 9.44227e-08 1


-0.125 0.475 0
-2.17067e-08 9.8689e-08 1


-0.125 0.5 0
-1.94682e-08 1.02272e-07 1


-0.125 0.525 0
-1.70457e-08 1.05533e-07 1


-0.125 0.55 0
-1.45887e-08 1.09324e-07 1


-0.125 0.575 0
-1.21369e-08 1.14078e-07 1


-0.125 0.6 0
-9.54958e-09 1.1771e-07 1


-0.125 0.625 0
-6.98427e-09 1.20018e-07 1


-0.125 0.65 0
-4.24269e-09 1.1565e-07 1


-0.1 0.325 0
-2.34949e-08 7.98291e-08 1


-0.1 0.35 0
-2.51894e-08 8.45373e-08 1


-0.1 0.375 0
-2.44964e-08 8.36592e-08 1


-0.1 0.4 0
-2.37023e-08 8.50202e-08 1


-0.1 0.425 0
-2.22271e-08 8.79913e-08 1


-0.1 0.45 0
-2.02539e-08 9.21155e-08 1


-0.1 0.475 0
-1.80186e-08 9.61028e-08 1


-0.1 0.5 0
-1.57429e-08 1.00036e-07 1


-0.1 0.525 0
-1.3466e-08 1.0397e-07 1


-0.1 0.55 0
-1.11811e-08 1.07907e-07 1


-0.1 0.575 0
-8.83317e-09 1.11844e-07 1


-0.1 0.6 0
-6.34163e-09 1.15066e-07 1


-0.1 0.625 0
-3.86512e-09 1.13735e-07 1


-0.1 0.65 0
-1.38853e-09 1.00357e-07 1


-0.1 0.675 0
1.33222e-09 7.36029e-08 1


-0.075 0.325 0
-2.02119e-08 7.21594e-08 1


-0.075 0.35 0
-2.21412e-08 7.8305e-08 1


-0.075 0.375 0
-2.19688e-08 7.99696e-08 1


-0.075 0.4 0
-2.07143e-08 8.22966e-08 1


-0.075 0.425 0
-1.86307e-08 8.59595e-08 1


-0.075 0.45 0
-1.63594e-08 8.98884e-08 1


-0.075 0.475 0
-1.40832e-08 9.38238e-08 1


-0.075 0.5 0
-1.18071e-08 9.77594e-08 1


-0.075 0.525 0
-9.53096e-09 1.01695e-07 1


-0.075 0.55 0
-7.25484e-09 1.05631e-07 1


-0.075 0.575 0
-4.97737e-09 1.09568e-07 1


-0.075 0.6 0
-2.66975e-09 1.12888e-07 1


-0.075 0.625 0
-4.19556e-10 1.12116e-07 1


-0.075 0.65 0
1.67134e-09 1.09732e-07 1


-0.075 0.675 0
4.71545e-09 1.24665e-07 1


-0.05 0.325 0
-1.66895e-08 6.46289e-08 1


-0.05 0.35 0
-1.86336e-08 7.21995e-08 1


-0.05 0.375 0
-1.86021e-08 7.61324e-08 1


-0.05 0.4 0
-1.69573e-08 7.97686e-08 1


-0.05 0.425 0
-1.46999e-08 8.36765e-08 1


-0.05 0.45 0
-1.24236e-08 8.76119e-08 1


-0.05 0.475 0
-1.01475e-08 9.15473e-08 1


-0.05 0.5 0
-7.87132e-09 9.54828e-08 1


-0.05 0.525 0
-5.59521e-09 9.94187e-08 1


-0.05 0.55 0
-3.3191e-09 1.03355e-07 1


-0.05 0.575 0
-1.04298e-09 1.07291e-07 1


-0.05 0.6 0
1.23465e-09 1.11135e-07 1


-0.05 0.625 0
3.4225e-09 1.14469e-07 1


-0.05 0.65 0
5.32193e-09 1.18918e-07 1


-0.05 0.675 0
7.58045e-09 1.28475e-07 1


-0.025 0.325 0
-1.50992e-08 6.60233e-08 1


-0.025 0.35 0
-1.56055e-08 6.98156e-08 1


-0.025 0.375 0
-1.49913e-08 7.34955e-08 1


-0.025 0.4 0
-1.30392e-08 7.74644e-08 1


-0.025 0.425 0
-1.07641e-08 8.14002e-08 1


-0.025 0.45 0
-8.48791e-09 8.53355e-08 1


-0.025 0.475 0
-6.21176e-09 8.92709e-08 1


-0.025 0.5 0
-3.93564e-09 9.32064e-08 1


-0.025 0.525 0
-1.65953e-09 9.71422e-08 1


-0.025 0.55 0
6.16584e-10 1.01078e-07 1


-0.025 0.575 0
2.89272e-09 1.05014e-07 1


-0.025 0.6 0
5.16909e-09 1.08952e-07 1


-0.025 0.625 0
7.36268e-09 1.13033e-07 1


-0.025 0.65 0
9.06883e-09 1.1741e-07 1


-0.025 0.675 0
1.06632e-08 1.23399e-07 1


0 0.325 0
-1.34141e-08 6.9735e-08 1


0 0.35 0
-1.26274e-08 6.97204e-08 1


0 0.375 0
-1.12556e-08 7.15482e-08 1


0 0.4 0
-9.10461e-09 7.51887e-08 1


0 0.425 0
-6.82841e-09 7.9124e-08 1


0 0.45 0
-4.55224e-09 8.30593e-08 1


0 0.475 0
-2.27611e-09 8.69947e-08 1


0 0.5 0
1.07635e-16 9.09303e-08 1


0 0.525 0
2.27611e-09 9.4866e-08 1


0 0.55 0
4.55224e-09 9.88019e-08 1


0 0.575 0
6.82841e-09 1.02738e-07 1


0 0.6 0
9.10461e-09 1.06674e-07 1


0 0.625 0
1.12556e-08 1.10484e-07 1


0 0.65 0
1.26274e-08 1.13466e-07 1


0 0.675 0
1.34141e-08 1.1634e-07 1


0.025 0.325 0
-1.06632e-08 7.12139e-08 1


0.025 0.35 0
-9.06882e-09 6.90036e-08 1


0.025 0.375 0
-7.36268e-09 6.96198e-08 1


0.025 0.4 0
-5.1691e-09 7.29152e-08 1


0.025 0.425 0
-2.89272e-09 7.6848e-08 1


0.025 0.45 0
-6.16584e-10 8.07833e-08 1


0.025 0.475 0
1.65953e-09 8.47187e-08 1


0.025 0.5 0
3.93564e-09 8.86542e-08 1


0.025 0.525 0
6.21176e-09 9.259e-08 1


0.025 0.55 0
8.48791e-09 9.65259e-08 1


0.025 0.575 0
1.07641e-08 1.00462e-07 1


0.025 0.6 0
1.30392e-08 1.04396e-07 1


0.025 0.625 0
1.49913e-08 1.07587e-07 1


0.025 0.65 0
1.56055e-08 1.0776e-07 1


0.025 0.675 0
1.50992e-08 1.05256e-07 1


0.05 0.325 0
-7.58043e-09 7.20273e-08 1


0.05 0.35 0
-5.32193e-09 6.76012e-08 1


0.05 0.375 0
-3.4225e-09 6.75322e-08 1


0.05 0.4 0
-1.23465e-09 7.06271e-08 1


0.05 0.425 0
1.04298e-09 7.4572e-08 1


0.05 0.45 0
3.3191e-09 7.85074e-08 1


0.05 0.475 0
5.59521e-09 8.24429e-08 1


0.05 0.5 0
7.87132e-09 8.63784e-08 1


0.05 0.525 0
1.01475e-08 9.03142e-08 1


0.05 0.55 0
1.24236e-08 9.42501e-08 1


0.05 0.575 0
1.46998e-08 9.81862e-08 1


0.05 0.6 0
1.69573e-08 1.02131e-07 1


0.05 0.625 0
1.86021e-08 1.0531e-07 1


0.05 0.65 0
1.86336e-08 1.05047e-07 1


0.05 0.675 0
1.66896e-08 9.7982e-08 1


0.075 0.325 0
-4.71545e-09 6.87083e-08 1


0.075 0.35 0
-1.67134e-09 6.12336e-08 1


0.075 0.375 0
4.19557e-10 6.42459e-08 1


0.075 0.4 0
2.66975e-09 6.84343e-08 1


0.075 0.425 0
4.97737e-09 7.23063e-08 1


0.075 0.45 0
7.25485e-09 7.62316e-08 1


0.075 0.475 0
9.53095e-09 8.01671e-08 1


0.075 0.5 0
1.18071e-08 8.41027e-08 1


0.075 0.525 0
1.40832e-08 8.80385e-08 1


0.075 0.55 0
1.63594e-08 9.19745e-08 1


0.075 0.575 0
1.86307e-08 9.59143e-08 1


0.075 0.6 0
2.07143e-08 9.99629e-08 1


0.075 0.625 0
2.19688e-08 1.04243e-07 1


0.075 0.65 0
2.21412e-08 1.07506e-07 1


0.075 0.675 0
2.02118e-08 1.04517e-07 1


0.1 0.325 0
-1.33222e-09 4.02569e-08 1


0.1 0.35 0
1.38853e-09 5.54928e-08 1


0.1 0.375 0
3.86512e-09 6.42141e-08 1


0.1 0.4 0
6.34163e-09 6.76606e-08 1


0.1 0.425 0
8.83316e-09 7.04158e-08 1


0.1 0.45 0
1.11811e-08 7.39925e-08 1


0.1 0.475 0
1.3466e-08 7.78913e-08 1


0.1 0.5 0
1.57429e-08 8.1827e-08 1


0.1 0.525 0
1.80186e-08 8.57647e-08 1


0.1 0.55 0
2.02539e-08 8.96463e-08 1


0.1 0.575 0
2.22271e-08 9.33308e-08 1


0.1 0.6 0
2.37023e-08 9.77033e-08 1


0.1 0.625 0
2.44965e-08 1.02758e-07 1


0.1 0.65 0
2.51894e-08 1.09985e-07 1


0.1 0.675 0
2.34948e-08 1.11177e-07 1


0.125 0.35 0
4.24271e-09 6.36406e-08 1


0.125 0.375 0
6.98428e-09 6.76361e-08 1


0.125 0.4 0
9.54958e-09 6.8715e-08 1


0.125 0.425 0
1.21369e-08 7.0139e-08 1


0.125 0.45 0
1.45887e-08 7.21196e-08 1


0.125 0.475 0
1.70457e-08 7.55502e-08 1


0.125 0.5 0
1.94681e-08 7.97608e-08 1


0.125 0.525 0
2.17067e-08 8.39638e-08 1


0.125 0.55 0
2.34686e-08 8.75779e-08 1


0.125 0.575 0
2.39348e-08 8.85991e-08 1


0.125 0.6 0
2.47596e-08 9.28359e-08 1


0.125 0.625 0
2.61891e-08 1.00803e-07 1


0.125 0.65 0
2.65904e-08 1.07027e-07 1


0.15 0.375 0
1.01582e-08 7.02912e-08 1


0.15 0.4 0
1.27249e-08 7.20783e-08 1


0.15 0.425 0
1.46012e-08 7.07682e-08 1


0.15 0.45 0
1.64241e-08 6.99917e-08 1


0.15 0.475 0
1.89727e-08 7.31837e-08 1


0.15 0.5 0
2.18729e-08 7.89663e-08 1


0.15 0.525 0
2.42033e-08 8.41378e-08 1


0.15 0.55 0
2.56577e-08 8.79359e-08 1


0.15 0.575 0
2.42483e-08 8.38079e-08 1


0.15 0.6 0
2.24306e-08 7.93073e-08 1


0.15 0.625 0
2.60012e-08 9.38743e-08 1


0.175 0.4 0
1.5678e-08 7.2026e-08 1


0.175 0.425 0
1.61813e-08 6.81356e-08 1


0.175 0.45 0
1.66778e-08 6.4621e-08 1


0.175 0.475 0
1.96173e-08 7.05437e-08 1


0.175 0.5 0
2.3303e-08 7.9625e-08 1


0.175 0.525 0
2.60924e-08 8.66428e-08 1


0.175 0.55 0
2.8223e-08 9.26676e-08 1


0.175 0.575 0
2.79761e-08 9.19636e-08 1


0.175 0.6 0
1.66699e-08 5.55868e-08 1


