-0.5 1 0 0 0 0 255
-0.475 1 0 0 0 0 255
-0.45 1 0 0 0 0 255
-0.425 1 0 0 0 0 255
-0.4 1 0 0 0 0 255
-0.375 1 0 0 0 0 255
-0.35 1 0 0 0 0 255
-0.325 1 0 0 0 0 255
-0.3 1 0 0 0 0 255
-0.275 1 0 0 0 0 255
-0.25 1 0 0 0 0 255
-0.225 1 0 0 0 0 255
-0.2 1 0 0 0 0 255
-0.175 1 0 0 0 0 255
-0.15 1 0 0 0 0 255
-0.125 1 0 0 0 0 255
-0.1 1 0 0 0 0 255
-0.075 1 0 0 0 0 255
-0.05 1 0 0 0 0 255
-0.025 1 0 0 0 0 255
0 1 0 0 0 0 255
0.025 1 0 0 0 0 255
0.05 1 0 0 0 0 255
0.075 1 0 0 0 0 255
0.1 1 0 0 0 0 255
0.125 1 0 0 0 0 255
0.15 1 0 0 0 0 255
0.175 1 0 0 0 0 255
0.2 1 0 0 0 0 255
0.225 1 0 0 0 0 255
0.25 1 0 0 0 0 255
0.275 1 0 0 0 0 255
0.3 1 0 0 0 0 255
0.325 1 0 0 0 0 255
0.35 1 0 0 0 0 255
0.375 1 0 0 0 0 255
0.4 1 0 0 0 0 255
0.425 1 0 0 0 0 255
0.45 1 0 0 0 0 255
0.475 1 0 0 0 0 255
0.5 1 0 0 0 0 255
-0.5 0.975 0 0 0 0 255
-0.475 0.975 0 0 0 0 255
-0.45 0.975 0 0 0 0 255
-0.425 0.975 0 0 0 0 255
-0.4 0.975 0 0 0 0 255
-0.375 0.975 0 0 0 0 255
-0.35 0.975 0 0 0 0 255
-0.325 0.975 0 0 0 0 255
-0.3 0.975 0 0 0 0 255
-0.275 0.975 0 0 0 0 255
-0.25 0.975 0 0 0 0 255
-0.225 0.975 0 0 0 0 255
-0.2 0.975 0 0 0 0 255
-0.175 0.975 0 0 0 0 255
-0.15 0.975 0 0 0 0 255
-0.125 0.975 0 0 0 0 255
-0.1 0.975 0 0 0 0 255
-0.075 0.975 0 0 0 0 255
-0.05 0.975 0 0 0 0 255
-0.025 0.975 0 0 0 0 255
0 0.975 0 0 0 0 255
0.025 0.975 0 0 0 0 255
0.05 0.975 0 0 0 0 255
0.075 0.975 0 0 0 0 255
0.1 0.975 0 0 0 0 255
0.125 0.975 0 0 0 0 255
0.15 0.975 0 0 0 0 255
0.175 0.975 0 0 0 0 255
0.2 0.975 0 0 0 0 255
0.225 0.975 0 0 0 0 255
0.25 0.975 0 0 0 0 255
0.275 0.975 0 0 0 0 255
0.3 0.975 0 0 0 0 255
0.325 0.975 0 0 0 0 255
0.35 0.975 0 0 0 0 255
0.375 0.975 0 0 0 0 255
0.4 0.975 0 0 0 0 255
0.425 0.975 0 0 0 0 255
0.45 0.975 0 0 0 0 255
0.475 0.975 0 0 0 0 255
0.5 0.975 0 0 0 0 255
-0.5 0.95 0 0 0 0 255
-0.475 0.95 0 0 0 0 255
-0.45 0.95 0 0 0 0 255
-0.425 0.95 0 0 0 0 255
-0.4 0.95 0 0 0 0 255
-0.375 0.95 0 0 0 0 255
-0.35 0.95 0 0 0 0 255
-0.325 0.95 0 0 0 0 255
-0.3 0.95 0 0 0 0 255
-0.275 0.95 0 0 0 0 255
-0.25 0.95 0 0 0 0 255
-0.225 0.95 0 0 0 0 255
-0.2 0.95 0 0 0 0 255
-0.175 0.95 0 0 0 0 255
-0.15 0.95 0 0 0 0 255
-0.125 0.95 0 0 0 0 255
-0.1 0.95 0 0 0 0 255
-0.075 0.95 0 0 0 0 255
-0.05 0.95 0 0 0 0 255
-0.025 0.95 0 0 0 0 255
0 0.95 0 0 0 0 255
0.025 0.95 0 0 0 0 255
0.05 0.95 0 0 0 0 255
0.075 0.95 0 0 0 0 255
0.1 0.95 0 0 0 0 255
0.125 0.95 0 0 0 0 255
0.15 0.95 0 0 0 0 255
0.175 0.95 0 0 0 0 255
0.2 0.95 0 0 0 0 255
0.225 0.95 0 0 0 0 255
0.25 0.95 0 0 0 0 255
0.275 0.95 0 0 0 0 255
0.3 0.95 0 0 0 0 255
0.325 0.95 0 0 0 0 255
0.35 0.95 0 0 0 0 255
0.375 0.95 0 0 0 0 255
0.4 0.95 0 0 0 0 255
0.425 0.95 0 0 0 0 255
0.45 0.95 0 0 0 0 255
0.475 0.95 0 0 0 0 255
0.5 0.95 0 0 0 0 255
-0.5 0.925 0 0 0 0 255
-0.475 0.925 0 0 0 0 255
-0.45 0.925 0 0 0 0 255
-0.425 0.925 0 0 0 0 255
-0.4 0.925 0 0 0 0 255
-0.375 0.925 0 0 0 0 255
-0.35 0.925 0 0 0 0 255
-0.325 0.925 0 0 0 0 255
-0.3 0.925 0 0 0 0 255
-0.275 0.925 0 0 0 0 255
-0.25 0.925 0 0 0 0 255
-0.225 0.925 0 0 0 0 255
-0.2 0.925 0 0 0 0 255
-0.175 0.925 0 0 0 0 255
-0.15 0.925 0 0 0 0 255
-0.125 0.925 0 0 0 0 255
-0.1 0.925 0 0 0 0 255
-0.075 0.925 0 0 0 0 255
-0.05 0.925 0 0 0 0 255
-0.025 0.925 0 0 0 0 255
0 0.925 0 0 0 0 255
0.025 0.925 0 0 0 0 255
0.05 0.925 0 0 0 0 255
0.075 0.925 0 0 0 0 255
0.1 0.925 0 0 0 0 255
0.125 0.925 0 0 0 0 255
0.15 0.925 0 0 0 0 255
0.175 0.925 0 0 0 0 255
0.2 0.925 0 0 0 0 255
0.225 0.925 0 0 0 0 255
0.25 0.925 0 0 0 0 255
0.275 0.925 0 0 0 0 255
0.3 0.925 0 0 0 0 255
0.325 0.925 0 0 0 0 255
0.35 0.925 0 0 0 0 255
0.375 0.925 0 0 0 0 255
0.4 0.925 0 0 0 0 255
0.425 0.925 0 0 0 0 255
0.45 0.925 0 0 0 0 255
0.475 0.925 0 0 0 0 255
0.5 0.925 0 0 0 0 255
-0.5 0.9 0 0 0 0 255
-0.475 0.9 0 0 0 0 255
-0.45 0.9 0 0 0 0 255
-0.425 0.9 0 0 0 0 255
-0.4 0.9 0 0 0 0 255
-0.375 0.9 0 0 0 0 255
-0.35 0.9 0 0 0 0 255
-0.325 0.9 0 0 0 0 255
-0.3 0.9 0 0 0 0 255
-0.275 0.9 0 0 0 0 255
-0.25 0.9 0 0 0 0 255
-0.225 0.9 0 0 0 0 255
-0.2 0.9 0 0 0 0 255
-0.175 0.9 0 0 0 0 255
-0.15 0.9 0 0 0 0 255
-0.125 0.9 0 0 0 0 255
-0.1 0.9 0 0 0 0 255
-0.075 0.9 0 0 0 0 255
-0.05 0.9 0 0 0 0 255
-0.025 0.9 0 0 0 0 255
0 0.9 0 0 0 0 255
0.025 0.9 0 0 0 0 255
0.05 0.9 0 0 0 0 255
0.075 0.9 0 0 0 0 255
0.1 0.9 0 0 0 0 255
0.125 0.9 0 0 0 0 255
0.15 0.9 0 0 0 0 255
0.175 0.9 0 0 0 0 255
0.2 0.9 0 0 0 0 255
0.225 0.9 0 0 0 0 255
0.25 0.9 0 0 0 0 255
0.275 0.9 0 0 0 0 255
0.3 0.9 0 0 0 0 255
0.325 0.9 0 0 0 0 255
0.35 0.9 0 0 0 0 255
0.375 0.9 0 0 0 0 255
0.4 0.9 0 0 0 0 255
0.425 0.9 0 0 0 0 255
0.45 0.9 0 0 0 0 255
0.475 0.9 0 0 0 0 255
0.5 0.9 0 0 0 0 255
-0.5 0.875 0 0 0 0 255
-0.475 0.875 0 0 0 0 255
-0.45 0.875 0 0 0 0 255
-0.425 0.875 0 0 0 0 255
-0.4 0.875 0 0 0 0 255
-0.375 0.875 0 0 0 0 255
-0.35 0.875 0 0 0 0 255
-0.325 0.875 0 0 0 0 255
-0.3 0.875 0 0 0 0 255
-0.275 0.875 0 0 0 0 255
-0.25 0.875 0 0 0 0 255
-0.225 0.875 0 0 0 0 255
-0.2 0.875 0 0 0 0 255
-0.175 0.875 0 0 0 0 255
-0.15 0.875 0 0 0 0 255
-0.125 0.875 0 0 0 0 255
-0.1 0.875 0 0 0 0 255
-0.075 0.875 0 0 0 0 255
-0.05 0.875 0 0 0 0 255
-0.025 0.875 0 0 0 0 255
0 0.875 0 0 0 0 255
0.025 0.875 0 0 0 0 255
0.05 0.875 0 0 0 0 255
0.075 0.875 0 0 0 0 255
0.1 0.875 0 0 0 0 255
0.125 0.875 0 0 0 0 255
0.15 0.875 0 0 0 0 255
0.175 0.875 0 0 0 0 255
0.2 0.875 0 0 0 0 255
0.225 0.875 0 0 0 0 255
0.25 0.875 0 0 0 0 255
0.275 0.875 0 0 0 0 255
0.3 0.875 0 0 0 0 255
0.325 0.875 0 0 0 0 255
0.35 0.875 0 0 0 0 255
0.375 0.875 0 0 0 0 255
0.4 0.875 0 0 0 0 255
0.425 0.875 0 0 0 0 255
0.45 0.875 0 0 0 0 255
0.475 0.875 0 0 0 0 255
0.5 0.875 0 0 0 0 255
-0.5 0.85 0 0 0 0 255
-0.475 0.85 0 0 0 0 255
-0.45 0.85 0 0 0 0 255
-0.425 0.85 0 0 0 0 255
-0.4 0.85 0 0 0 0 255
-0.375 0.85 0 0 0 0 255
-0.35 0.85 0 0 0 0 255
-0.325 0.85 0 0 0 0 255
-0.3 0.85 0 0 0 0 255
-0.275 0.85 0 0 0 0 255
-0.25 0.85 0 0 0 0 255
-0.225 0.85 0 0 0 0 255
-0.2 0.85 0 0 0 0 255
-0.175 0.85 0 0 0 0 255
-0.15 0.85 0 0 0 0 255
-0.125 0.85 0 0 0 0 255
-0.1 0.85 0 0 0 0 255
-0.075 0.85 0 0 0 0 255
-0.05 0.85 0 0 0 0 255
-0.025 0.85 0 0 0 0 255
0 0.85 0 0 0 0 255
0.025 0.85 0 0 0 0 255
0.05 0.85 0 0 0 0 255
0.075 0.85 0 0 0 0 255
0.1 0.85 0 0 0 0 255
0.125 0.85 0 0 0 0 255
0.15 0.85 0 0 0 0 255
0.175 0.85 0 0 0 0 255
0.2 0.85 0 0 0 0 255
0.225 0.85 0 0 0 0 255
0.25 0.85 0 0 0 0 255
0.275 0.85 0 0 0 0 255
0.3 0.85 0 0 0 0 255
0.325 0.85 0 0 0 0 255
0.35 0.85 0 0 0 0 255
0.375 0.85 0 0 0 0 255
0.4 0.85 0 0 0 0 255
0.425 0.85 0 0 0 0 255
0.45 0.85 0 0 0 0 255
0.475 0.85 0 0 0 0 255
0.5 0.85 0 0 0 0 255
-0.5 0.825 0 0 0 0 255
-0.475 0.825 0 0 0 0 255
-0.45 0.825 0 0 0 0 255
-0.425 0.825 0 0 0 0 255
-0.4 0.825 0 0 0 0 255
-0.375 0.825 0 0 0 0 255
-0.35 0.825 0 0 0 0 255
-0.325 0.825 0 0 0 0 255
-0.3 0.825 0 0 0 0 255
-0.275 0.825 0 0 0 0 255
-0.25 0.825 0 0 0 0 255
-0.225 0.825 0 0 0 0 255
-0.2 0.825 0 0 0 0 255
-0.175 0.825 0 0 0 0 255
-0.15 0.825 0 0 0 0 255
-0.125 0.825 0 0 0 0 255
-0.1 0.825 0 0 0 0 255
-0.075 0.825 0 0 0 0 255
-0.05 0.825 0 0 0 0 255
-0.025 0.825 0 0 0 0 255
0 0.825 0 0 0 0 255
0.025 0.825 0 0 0 0 255
0.05 0.825 0 0 0 0 255
0.075 0.825 0 0 0 0 255
0.1 0.825 0 0 0 0 255
0.125 0.825 0 0 0 0 255
0.15 0.825 0 0 0 0 255
0.175 0.825 0 0 0 0 255
0.2 0.825 0 0 0 0 255
0.225 0.825 0 0 0 0 255
0.25 0.825 0 0 0 0 255
0.275 0.825 0 0 0 0 255
0.3 0.825 0 0 0 0 255
0.325 0.825 0 0 0 0 255
0.35 0.825 0 0 0 0 255
0.375 0.825 0 0 0 0 255
0.4 0.825 0 0 0 0 255
0.425 0.825 0 0 0 0 255
0.45 0.825 0 0 0 0 255
0.475 0.825 0 0 0 0 255
0.5 0.825 0 0 0 0 255
-0.5 0.8 0 0 0 0 255
-0.475 0.8 0 0 0 0 255
-0.45 0.8 0 0 0 0 255
-0.425 0.8 0 0 0 0 255
-0.4 0.8 0 0 0 0 255
-0.375 0.8 0 0 0 0 255
-0.35 0.8 0 0 0 0 255
-0.325 0.8 0 0 0 0 255
-0.3 0.8 0 0 0 0 255
-0.275 0.8 0 0 0 0 255
-0.25 0.8 0 0 0 0 255
-0.225 0.8 0 0 0 0 255
-0.2 0.8 0 0 0 0 255
-0.175 0.8 0 0 0 0 255
-0.15 0.8 0 0 0 0 255
-0.125 0.8 0 0 0 0 255
-0.1 0.8 0 0 0 0 255
-0.075 0.8 0 0 0 0 255
-0.05 0.8 0 0 0 0 255
-0.025 0.8 0 0 0 0 255
0 0.8 0 0 0 0 255
0.025 0.8 0 0 0 0 255
0.05 0.8 0 0 0 0 255
0.075 0.8 0 0 0 0 255
0.1 0.8 0 0 0 0 255
0.125 0.8 0 0 0 0 255
0.15 0.8 0 0 0 0 255
0.175 0.8 0 0 0 0 255
0.2 0.8 0 0 0 0 255
0.225 0.8 0 0 0 0 255
0.25 0.8 0 0 0 0 255
0.275 0.8 0 0 0 0 255
0.3 0.8 0 0 0 0 255
0.325 0.8 0 0 0 0 255
0.35 0.8 0 0 0 0 255
0.375 0.8 0 0 0 0 255
0.4 0.8 0 0 0 0 255
0.425 0.8 0 0 0 0 255
0.45 0.8 0 0 0 0 255
0.475 0.8 0 0 0 0 255
0.5 0.8 0 0 0 0 255
-0.5 0.775 0 0 0 0 255
-0.475 0.775 0 0 0 0 255
-0.45 0.775 0 0 0 0 255
-0.425 0.775 0 0 0 0 255
-0.4 0.775 0 0 0 0 255
-0.375 0.775 0 0 0 0 255
-0.35 0.775 0 0 0 0 255
-0.325 0.775 0 0 0 0 255
-0.3 0.775 0 0 0 0 255
-0.275 0.775 0 0 0 0 255
-0.25 0.775 0 0 0 0 255
-0.225 0.775 0 0 0 0 255
-0.2 0.775 0 0 0 0 255
-0.175 0.775 0 0 0 0 255
-0.15 0.775 0 0 0 0 255
-0.125 0.775 0 0 0 0 255
-0.1 0.775 0 0 0 0 255
-0.075 0.775 0 0 0 0 255
-0.05 0.775 0 0 0 0 255
-0.025 0.775 0 0 0 0 255
0 0.775 0 0 0 0 255
0.025 0.775 0 0 0 0 255
0.05 0.775 0 0 0 0 255
0.075 0.775 0 0 0 0 255
0.1 0.775 0 0 0 0 255
0.125 0.775 0 0 0 0 255
0.15 0.775 0 0 0 0 255
0.175 0.775 0 0 0 0 255
0.2 0.775 0 0 0 0 255
0.225 0.775 0 0 0 0 255
0.25 0.775 0 0 0 0 255
0.275 0.775 0 0 0 0 255
0.3 0.775 0 0 0 0 255
0.325 0.775 0 0 0 0 255
0.35 0.775 0 0 0 0 255
0.375 0.775 0 0 0 0 255
0.4 0.775 0 0 0 0 255
0.425 0.775 0 0 0 0 255
0.45 0.775 0 0 0 0 255
0.475 0.775 0 0 0 0 255
0.5 0.775 0 0 0 0 255
-0.5 0.75 0 0 0 0 255
-0.475 0.75 0 0 0 0 255
-0.45 0.75 0 0 0 0 255
-0.425 0.75 0 0 0 0 255
-0.4 0.75 0 0 0 0 255
-0.375 0.75 0 0 0 0 255
-0.35 0.75 0 0 0 0 255
-0.325 0.75 0 0 0 0 255
-0.3 0.75 0 0 0 0 255
-0.275 0.75 0 0 0 0 255
-0.25 0.75 0 0 0 0 255
-0.225 0.75 0 0 0 0 255
-0.2 0.75 0 0 0 0 255
-0.175 0.75 0 0 0 0 255
-0.15 0.75 0 0 0 0 255
-0.125 0.75 0 0 0 0 255
-0.1 0.75 0 0 0 0 255
-0.075 0.75 0 0 0 0 255
-0.05 0.75 0 0 0 0 255
-0.025 0.75 0 0 0 0 255
0 0.75 0 0 0 0 255
0.025 0.75 0 0 0 0 255
0.05 0.75 0 0 0 0 255
0.075 0.75 0 0 0 0 255
0.1 0.75 0 0 0 0 255
0.125 0.75 0 0 0 0 255
0.15 0.75 0 0 0 0 255
0.175 0.75 0 0 0 0 255
0.2 0.75 0 0 0 0 255
0.225 0.75 0 0 0 0 255
0.25 0.75 0 0 0 0 255
0.275 0.75 0 0 0 0 255
0.3 0.75 0 0 0 0 255
0.325 0.75 0 0 0 0 255
0.35 0.75 0 0 0 0 255
0.375 0.75 0 0 0 0 255
0.4 0.75 0 0 0 0 255
0.425 0.75 0 0 0 0 255
0.45 0.75 0 0 0 0 255
0.475 0.75 0 0 0 0 255
0.5 0.75 0 0 0 0 255
-0.5 0.725 0 0 0 0 255
-0.475 0.725 0 0 0 0 255
-0.45 0.725 0 0 0 0 255
-0.425 0.725 0 0 0 0 255
-0.4 0.725 0 0 0 0 255
-0.375 0.725 0 0 0 0 255
-0.35 0.725 0 0 0 0 255
-0.325 0.725 0 0 0 0 255
-0.3 0.725 0 0 0 0 255
-0.275 0.725 0 0 0 0 255
-0.25 0.725 0 0 0 0 255
-0.225 0.725 0 0 0 0 255
-0.2 0.725 190.771 -31.6322 255 0 0
-0.175 0.725 -379.939 526.722 255 0 0
-0.15 0.725 -1228.54 1068.08 255 0 0
-0.125 0.725 0 0 0 0 255
-0.1 0.725 0 0 0 0 255
-0.075 0.725 0 0 0 0 255
-0.05 0.725 0 0 0 0 255
-0.025 0.725 0 0 0 0 255
0 0.725 0 0 0 0 255
0.025 0.725 0 0 0 0 255
0.05 0.725 0 0 0 0 255
0.075 0.725 0 0 0 0 255
0.1 0.725 0 0 0 0 255
0.125 0.725 0 0 0 0 255
0.15 0.725 0 0 0 0 255
0.175 0.725 0 0 0 0 255
0.2 0.725 0 0 0 0 255
0.225 0.725 0 0 0 0 255
0.25 0.725 0 0 0 0 255
0.275 0.725 0 0 0 0 255
0.3 0.725 0 0 0 0 255
0.325 0.725 0 0 0 0 255
0.35 0.725 0 0 0 0 255
0.375 0.725 0 0 0 0 255
0.4 0.725 0 0 0 0 255
0.425 0.725 0 0 0 0 255
0.45 0.725 0 0 0 0 255
0.475 0.725 0 0 0 0 255
0.5 0.725 0 0 0 0 255
-0.5 0.7 0 0 0 0 255
-0.475 0.7 0 0 0 0 255
-0.45 0.7 0 0 0 0 255
-0.425 0.7 0 0 0 0 255
-0.4 0.7 0 0 0 0 255
-0.375 0.7 0 0 0 0 255
-0.35 0.7 0 0 0 0 255
-0.325 0.7 0 0 0 0 255
-0.3 0.7 0 0 0 0 255
-0.275 0.7 0 0 0 0 255
-0.25 0.7 0 0 0 0 255
-0.225 0.7 272.814 -465.433 255 0 0
-0.2 0.7 -166.699 336.783 255 0 0
-0.175 0.7 -645.954 1007.47 255 0 0
-0.15 0.7 -794.318 770.903 255 0 0
-0.125 0.7 109.389 -103.082 255 0 0
-0.1 0.7 210.891 -584.206 255 0 0
-0.075 0.7 -79.7068 -684.398 255 0 0
-0.05 0.7 0 0 0 0 255
-0.025 0.7 0 0 0 0 255
0 0.7 0 0 0 0 255
0.025 0.7 0 0 0 0 255
0.05 0.7 0 0 0 0 255
0.075 0.7 0 0 0 0 255
0.1 0.7 0 0 0 0 255
0.125 0.7 0 0 0 0 255
0.15 0.7 0 0 0 0 255
0.175 0.7 0 0 0 0 255
0.2 0.7 0 0 0 0 255
0.225 0.7 0 0 0 0 255
0.25 0.7 0 0 0 0 255
0.275 0.7 0 0 0 0 255
0.3 0.7 0 0 0 0 255
0.325 0.7 0 0 0 0 255
0.35 0.7 0 0 0 0 255
0.375 0.7 0 0 0 0 255
0.4 0.7 0 0 0 0 255
0.425 0.7 0 0 0 0 255
0.45 0.7 0 0 0 0 255
0.475 0.7 0 0 0 0 255
0.5 0.7 0 0 0 0 255
-0.5 0.675 0 0 0 0 255
-0.475 0.675 0 0 0 0 255
-0.45 0.675 0 0 0 0 255
-0.425 0.675 0 0 0 0 255
-0.4 0.675 0 0 0 0 255
-0.375 0.675 0 0 0 0 255
-0.35 0.675 0 0 0 0 255
-0.325 0.675 0 0 0 0 255
-0.3 0.675 0 0 0 0 255
-0.275 0.675 0 0 0 0 255
-0.25 0.675 0 0 0 0 255
-0.225 0.675 -235.042 363.101 255 0 0
-0.2 0.675 -547.459 954.753 255 0 0
-0.175 0.675 -289.985 702.618 255 0 0
-0.15 0.675 23.8148 210.458 255 0 0
-0.125 0.675 89.1503 -27.3082 255 0 0
-0.1 0.675 213.1 -681.899 255 0 0
-0.075 0.675 218.466 -1262.67 255 0 0
-0.05 0.675 217.455 -687.484 255 0 0
-0.025 0.675 0 0 0 0 255
0 0.675 0 0 0 0 255
0.025 0.675 0 0 0 0 255
0.05 0.675 0 0 0 0 255
0.075 0.675 0 0 0 0 255
0.1 0.675 0 0 0 0 255
0.125 0.675 0 0 0 0 255
0.15 0.675 0 0 0 0 255
0.175 0.675 0 0 0 0 255
0.2 0.675 0 0 0 0 255
0.225 0.675 0 0 0 0 255
0.25 0.675 0 0 0 0 255
0.275 0.675 0 0 0 0 255
0.3 0.675 0 0 0 0 255
0.325 0.675 0 0 0 0 255
0.35 0.675 0 0 0 0 255
0.375 0.675 0 0 0 0 255
0.4 0.675 0 0 0 0 255
0.425 0.675 0 0 0 0 255
0.45 0.675 0 0 0 0 255
0.475 0.675 0 0 0 0 255
0.5 0.675 0 0 0 0 255
-0.5 0.65 0 0 0 0 255
-0.475 0.65 0 0 0 0 255
-0.45 0.65 0 0 0 0 255
-0.425 0.65 0 0 0 0 255
-0.4 0.65 0 0 0 0 255
-0.375 0.65 0 0 0 0 255
-0.35 0.65 0 0 0 0 255
-0.325 0.65 0 0 0 0 255
-0.3 0.65 0 0 0 0 255
-0.275 0.65 0 0 0 0 255
-0.25 0.65 0 0 0 0 255
-0.225 0.65 -761.575 1177.46 255 0 0
-0.2 0.65 -742.164 1286.87 255 0 0
-0.175 0.65 -93.0394 492.81 255 0 0
-0.15 0.65 -125.155 654.993 255 0 0
-0.125 0.65 -133.747 559.412 255 0 0
-0.1 0.65 1.90671 -83.3518 255 0 0
-0.075 0.65 177.287 -836.456 255 0 0
-0.05 0.65 112.637 -491.583 255 0 0
-0.025 0.65 81.9906 -212.792 255 0 0
0 0.65 -67.871 -112.243 255 0 0
0.025 0.65 0 0 0 0 255
0.05 0.65 0 0 0 0 255
0.075 0.65 0 0 0 0 255
0.1 0.65 0 0 0 0 255
0.125 0.65 0 0 0 0 255
0.15 0.65 0 0 0 0 255
0.175 0.65 0 0 0 0 255
0.2 0.65 0 0 0 0 255
0.225 0.65 0 0 0 0 255
0.25 0.65 0 0 0 0 255
0.275 0.65 0 0 0 0 255
0.3 0.65 0 0 0 0 255
0.325 0.65 0 0 0 0 255
0.35 0.65 0 0 0 0 255
0.375 0.65 0 0 0 0 255
0.4 0.65 0 0 0 0 255
0.425 0.65 0 0 0 0 255
0.45 0.65 0 0 0 0 255
0.475 0.65 0 0 0 0 255
0.5 0.65 0 0 0 0 255
-0.5 0.625 0 0 0 0 255
-0.475 0.625 0 0 0 0 255
-0.45 0.625 0 0 0 0 255
-0.425 0.625 0 0 0 0 255
-0.4 0.625 0 0 0 0 255
-0.375 0.625 0 0 0 0 255
-0.35 0.625 0 0 0 0 255
-0.325 0.625 0 0 0 0 255
-0.3 0.625 0 0 0 0 255
-0.275 0.625 0 0 0 0 255
-0.25 0.625 0 0 0 0 255
-0.225 0.625 -748.019 1630.12 255 0 0
-0.2 0.625 648.891 92.2201 255 0 0
-0.175 0.625 686.023 -518.594 255 0 0
-0.15 0.625 -26.2427 501.364 255 0 0
-0.125 0.625 -670.845 1592.1 255 0 0
-0.1 0.625 -674.469 1560.63 255 0 0
-0.075 0.625 -322.875 727.27 255 0 0
-0.05 0.625 -75.1178 11.478 255 0 0
-0.025 0.625 -25.9434 -24.9941 255 0 0
0 0.625 -45.579 -112.675 255 0 0
0.025 0.625 -19.616 48.1736 255 0 0
0.05 0.625 0 0 0 0 255
0.075 0.625 0 0 0 0 255
0.1 0.625 0 0 0 0 255
0.125 0.625 0 0 0 0 255
0.15 0.625 0 0 0 0 255
0.175 0.625 0 0 0 0 255
0.2 0.625 0 0 0 0 255
0.225 0.625 0 0 0 0 255
0.25 0.625 0 0 0 0 255
0.275 0.625 0 0 0 0 255
0.3 0.625 0 0 0 0 255
0.325 0.625 0 0 0 0 255
0.35 0.625 0 0 0 0 255
0.375 0.625 0 0 0 0 255
0.4 0.625 0 0 0 0 255
0.425 0.625 0 0 0 0 255
0.45 0.625 0 0 0 0 255
0.475 0.625 0 0 0 0 255
0.5 0.625 0 0 0 0 255
-0.5 0.6 0 0 0 0 255
-0.475 0.6 0 0 0 0 255
-0.45 0.6 0 0 0 0 255
-0.425 0.6 0 0 0 0 255
-0.4 0.6 0 0 0 0 255
-0.375 0.6 0 0 0 0 255
-0.35 0.6 0 0 0 0 255
-0.325 0.6 0 0 0 0 255
-0.3 0.6 0 0 0 0 255
-0.275 0.6 0 0 0 0 255
-0.25 0.6 0 0 0 0 255
-0.225 0.6 0 0 0 0 255
-0.2 0.6 1389.83 -849.326 255 0 0
-0.175 0.6 736.545 -680.082 255 0 0
-0.15 0.6 254.029 3.47583 255 0 0
-0.125 0.6 -477.412 1174.01 255 0 0
-0.1 0.6 -899.856 2039.96 255 0 0
-0.075 0.6 -848.696 1984.52 255 0 0
-0.05 0.6 -516.378 1223.37 255 0 0
-0.025 0.6 -239.308 471.887 255 0 0
0 0.6 -85.2336 33.8855 255 0 0
0.025 0.6 -35.4273 47.439 255 0 0
0.05 0.6 43.8304 83.0243 255 0 0
0.075 0.6 0 0 0 0 255
0.1 0.6 0 0 0 0 255
0.125 0.6 0 0 0 0 255
0.15 0.6 0 0 0 0 255
0.175 0.6 0 0 0 0 255
0.2 0.6 0 0 0 0 255
0.225 0.6 0 0 0 0 255
0.25 0.6 0 0 0 0 255
0.275 0.6 0 0 0 0 255
0.3 0.6 0 0 0 0 255
0.325 0.6 0 0 0 0 255
0.35 0.6 0 0 0 0 255
0.375 0.6 0 0 0 0 255
0.4 0.6 0 0 0 0 255
0.425 0.6 0 0 0 0 255
0.45 0.6 0 0 0 0 255
0.475 0.6 0 0 0 0 255
0.5 0.6 0 0 0 0 255
-0.5 0.575 0 0 0 0 255
-0.475 0.575 0 0 0 0 255
-0.45 0.575 0 0 0 0 255
-0.425 0.575 0 0 0 0 255
-0.4 0.575 0 0 0 0 255
-0.375 0.575 0 0 0 0 255
-0.35 0.575 0 0 0 0 255
-0.325 0.575 0 0 0 0 255
-0.3 0.575 0 0 0 0 255
-0.275 0.575 0 0 0 0 255
-0.25 0.575 0 0 0 0 255
-0.225 0.575 0 0 0 0 255
-0.2 0.575 0 0 0 0 255
-0.175 0.575 500.25 -594.763 255 0 0
-0.15 0.575 265.365 -304.311 255 0 0
-0.125 0.575 -16.1934 248.315 255 0 0
-0.1 0.575 -550.907 1215.66 255 0 0
-0.075 0.575 -872.899 2001.9 255 0 0
-0.05 0.575 -869.666 2060.58 255 0 0
-0.025 0.575 -615.046 1436.74 255 0 0
0 0.575 -312.592 685.538 255 0 0
0.025 0.575 -96.2689 207.33 255 0 0
0.05 0.575 79.0286 85.4529 255 0 0
0.075 0.575 5.72586 180.73 255 0 0
0.1 0.575 -46.7454 121.684 255 0 0
0.125 0.575 0 0 0 0 255
0.15 0.575 0 0 0 0 255
0.175 0.575 0 0 0 0 255
0.2 0.575 0 0 0 0 255
0.225 0.575 0 0 0 0 255
0.25 0.575 0 0 0 0 255
0.275 0.575 0 0 0 0 255
0.3 0.575 0 0 0 0 255
0.325 0.575 0 0 0 0 255
0.35 0.575 0 0 0 0 255
0.375 0.575 0 0 0 0 255
0.4 0.575 0 0 0 0 255
0.425 0.575 0 0 0 0 255
0.45 0.575 0 0 0 0 255
0.475 0.575 0 0 0 0 255
0.5 0.575 0 0 0 0 255
-0.5 0.55 0 0 0 0 255
-0.475 0.55 0 0 0 0 255
-0.45 0.55 0 0 0 0 255
-0.425 0.55 0 0 0 0 255
-0.4 0.55 0 0 0 0 255
-0.375 0.55 0 0 0 0 255
-0.35 0.55 0 0 0 0 255
-0.325 0.55 0 0 0 0 255
-0.3 0.55 0 0 0 0 255
-0.275 0.55 0 0 0 0 255
-0.25 0.55 0 0 0 0 255
-0.225 0.55 0 0 0 0 255
-0.2 0.55 0 0 0 0 255
-0.175 0.55 394.372 -389.235 255 0 0
-0.15 0.55 420.944 -385.227 255 0 0
-0.125 0.55 217.81 -211.564 255 0 0
-0.1 0.55 -163.892 316.377 255 0 0
-0.075 0.55 -499.53 1076.45 255 0 0
-0.05 0.55 -762.959 1809.85 255 0 0
-0.025 0.55 -822.291 1981.64 255 0 0
0 0.55 -654.208 1521.97 255 0 0
0.025 0.55 -364.005 835.685 255 0 0
0.05 0.55 -149.287 396.699 255 0 0
0.075 0.55 -67.1686 244.866 255 0 0
0.1 0.55 14.6363 99.8608 255 0 0
0.125 0.55 0 0 0 0 255
0.15 0.55 0 0 0 0 255
0.175 0.55 0 0 0 0 255
0.2 0.55 0 0 0 0 255
0.225 0.55 0 0 0 0 255
0.25 0.55 0 0 0 0 255
0.275 0.55 0 0 0 0 255
0.3 0.55 0 0 0 0 255
0.325 0.55 0 0 0 0 255
0.35 0.55 0 0 0 0 255
0.375 0.55 0 0 0 0 255
0.4 0.55 0 0 0 0 255
0.425 0.55 0 0 0 0 255
0.45 0.55 0 0 0 0 255
0.475 0.55 0 0 0 0 255
0.5 0.55 0 0 0 0 255
-0.5 0.525 0 0 0 0 255
-0.475 0.525 0 0 0 0 255
-0.45 0.525 0 0 0 0 255
-0.425 0.525 0 0 0 0 255
-0.4 0.525 0 0 0 0 255
-0.375 0.525 0 0 0 0 255
-0.35 0.525 0 0 0 0 255
-0.325 0.525 0 0 0 0 255
-0.3 0.525 0 0 0 0 255
-0.275 0.525 0 0 0 0 255
-0.25 0.525 0 0 0 0 255
-0.225 0.525 0 0 0 0 255
-0.2 0.525 0 0 0 0 255
-0.175 0.525 0 0 0 0 255
-0.15 0.525 174.985 -200.142 255 0 0
-0.125 0.525 14.6247 -89.423 255 0 0
-0.1 0.525 24.4028 -112.336 255 0 0
-0.075 0.525 -161.469 237.667 255 0 0
-0.05 0.525 -398.346 877.458 255 0 0
-0.025 0.525 -635.885 1573.96 255 0 0
0 0.525 -749.346 1846.24 255 0 0
0.025 0.525 -650.916 1533.98 255 0 0
0.05 0.525 -384.389 931.203 255 0 0
0.075 0.525 -75.678 396.355 255 0 0
0.1 0.525 80.0995 226.726 255 0 0
0.125 0.525 273.573 113.483 255 0 0
0.15 0.525 0 0 0 0 255
0.175 0.525 0 0 0 0 255
0.2 0.525 0 0 0 0 255
0.225 0.525 0 0 0 0 255
0.25 0.525 0 0 0 0 255
0.275 0.525 0 0 0 0 255
0.3 0.525 0 0 0 0 255
0.325 0.525 0 0 0 0 255
0.35 0.525 0 0 0 0 255
0.375 0.525 0 0 0 0 255
0.4 0.525 0 0 0 0 255
0.425 0.525 0 0 0 0 255
0.45 0.525 0 0 0 0 255
0.475 0.525 0 0 0 0 255
0.5 0.525 0 0 0 0 255
-0.5 0.5 0 0 0 0 255
-0.475 0.5 0 0 0 0 255
-0.45 0.5 0 0 0 0 255
-0.425 0.5 0 0 0 0 255
-0.4 0.5 0 0 0 0 255
-0.375 0.5 0 0 0 0 255
-0.35 0.5 0 0 0 0 255
-0.325 0.5 0 0 0 0 255
-0.3 0.5 0 0 0 0 255
-0.275 0.5 0 0 0 0 255
-0.25 0.5 0 0 0 0 255
-0.225 0.5 0 0 0 0 255
-0.2 0.5 0 0 0 0 255
-0.175 0.5 0 0 0 0 255
-0.15 0.5 0 0 0 0 255
-0.125 0.5 -127.802 -17.6527 255 0 0
-0.1 0.5 -87.8008 -114.936 255 0 0
-0.075 0.5 -118.296 95.8207 255 0 0
-0.05 0.5 -145.867 133.498 255 0 0
-0.025 0.5 -310.429 671.06 255 0 0
0 0.5 -507.557 1295.39 255 0 0
0.025 0.5 -642.745 1629.97 255 0 0
0.05 0.5 -572.791 1428.83 255 0 0
0.075 0.5 -298.091 874.231 255 0 0
0.1 0.5 -29.2657 439.576 255 0 0
0.125 0.5 158.871 264.071 255 0 0
0.15 0.5 344.585 105.509 255 0 0
0.175 0.5 0 0 0 0 255
0.2 0.5 0 0 0 0 255
0.225 0.5 0 0 0 0 255
0.25 0.5 0 0 0 0 255
0.275 0.5 0 0 0 0 255
0.3 0.5 0 0 0 0 255
0.325 0.5 0 0 0 0 255
0.35 0.5 0 0 0 0 255
0.375 0.5 0 0 0 0 255
0.4 0.5 0 0 0 0 255
0.425 0.5 0 0 0 0 255
0.45 0.5 0 0 0 0 255
0.475 0.5 0 0 0 0 255
0.5 0.5 0 0 0 0 255
-0.5 0.475 0 0 0 0 255
-0.475 0.475 0 0 0 0 255
-0.45 0.475 0 0 0 0 255
-0.425 0.475 0 0 0 0 255
-0.4 0.475 0 0 0 0 255
-0.375 0.475 0 0 0 0 255
-0.35 0.475 0 0 0 0 255
-0.325 0.475 0 0 0 0 255
-0.3 0.475 0 0 0 0 255
-0.275 0.475 0 0 0 0 255
-0.25 0.475 0 0 0 0 255
-0.225 0.475 0 0 0 0 255
-0.2 0.475 0 0 0 0 255
-0.175 0.475 0 0 0 0 255
-0.15 0.475 0 0 0 0 255
-0.125 0.475 0 0 0 0 255
-0.1 0.475 -293.853 131.476 255 0 0
-0.075 0.475 -90.7669 6.01065 255 0 0
-0.05 0.475 -256.81 106.133 255 0 0
-0.025 0.475 -122.075 -2.45547 255 0 0
0 0.475 -227.228 425.395 255 0 0
0.025 0.475 -380.191 953.489 255 0 0
0.05 0.475 -505.559 1305.39 255 0 0
0.075 0.475 -428.369 1172.99 255 0 0
0.1 0.475 -176.042 729.949 255 0 0
0.125 0.475 39.0288 414.582 255 0 0
0.15 0.475 137.491 376.432 255 0 0
0.175 0.475 -332.533 774.355 255 0 0
0.2 0.475 0 0 0 0 255
0.225 0.475 0 0 0 0 255
0.25 0.475 0 0 0 0 255
0.275 0.475 0 0 0 0 255
0.3 0.475 0 0 0 0 255
0.325 0.475 0 0 0 0 255
0.35 0.475 0 0 0 0 255
0.375 0.475 0 0 0 0 255
0.4 0.475 0 0 0 0 255
0.425 0.475 0 0 0 0 255
0.45 0.475 0 0 0 0 255
0.475 0.475 0 0 0 0 255
0.5 0.475 0 0 0 0 255
-0.5 0.45 0 0 0 0 255
-0.475 0.45 0 0 0 0 255
-0.45 0.45 0 0 0 0 255
-0.425 0.45 0 0 0 0 255
-0.4 0.45 0 0 0 0 255
-0.375 0.45 0 0 0 0 255
-0.35 0.45 0 0 0 0 255
-0.325 0.45 0 0 0 0 255
-0.3 0.45 0 0 0 0 255
-0.275 0.45 0 0 0 0 255
-0.25 0.45 0 0 0 0 255
-0.225 0.45 0 0 0 0 255
-0.2 0.45 0 0 0 0 255
-0.175 0.45 0 0 0 0 255
-0.15 0.45 0 0 0 0 255
-0.125 0.45 0 0 0 0 255
-0.1 0.45 0 0 0 0 255
-0.075 0.45 0 0 0 0 255
-0.05 0.45 -299.1 2.10213 255 0 0
-0.025 0.45 -199.493 -138.709 255 0 0
0 0.45 -215.887 159.208 255 0 0
0.025 0.45 -115.858 85.1696 255 0 0
0.05 0.45 -223.078 502.004 255 0 0
0.075 0.45 -293.868 787.705 255 0 0
0.1 0.45 -235.756 750.826 255 0 0
0.125 0.45 -137.825 586.451 255 0 0
0.15 0.45 -333.934 794.235 255 0 0
0.175 0.45 -341.139 596.367 255 0 0
0.2 0.45 0 0 0 0 255
0.225 0.45 0 0 0 0 255
0.25 0.45 0 0 0 0 255
0.275 0.45 0 0 0 0 255
0.3 0.45 0 0 0 0 255
0.325 0.45 0 0 0 0 255
0.35 0.45 0 0 0 0 255
0.375 0.45 0 0 0 0 255
0.4 0.45 0 0 0 0 255
0.425 0.45 0 0 0 0 255
0.45 0.45 0 0 0 0 255
0.475 0.45 0 0 0 0 255
0.5 0.45 0 0 0 0 255
-0.5 0.425 0 0 0 0 255
-0.475 0.425 0 0 0 0 255
-0.45 0.425 0 0 0 0 255
-0.425 0.425 0 0 0 0 255
-0.4 0.425 0 0 0 0 255
-0.375 0.425 0 0 0 0 255
-0.35 0.425 0 0 0 0 255
-0.325 0.425 0 0 0 0 255
-0.3 0.425 0 0 0 0 255
-0.275 0.425 0 0 0 0 255
-0.25 0.425 0 0 0 0 255
-0.225 0.425 0 0 0 0 255
-0.2 0.425 0 0 0 0 255
-0.175 0.425 0 0 0 0 255
-0.15 0.425 0 0 0 0 255
-0.125 0.425 0 0 0 0 255
-0.1 0.425 0 0 0 0 255
-0.075 0.425 0 0 0 0 255
-0.05 0.425 0 0 0 0 255
-0.025 0.425 -403.351 154.743 255 0 0
0 0.425 -84.2744 -91.2615 255 0 0
0.025 0.425 -209.737 -116.196 255 0 0
0.05 0.425 -195.948 139.514 255 0 0
0.075 0.425 -123.326 73.8169 255 0 0
0.1 0.425 -227.869 470.387 255 0 0
0.125 0.425 -205.674 530.981 255 0 0
0.15 0.425 -232.398 550.988 255 0 0
0.175 0.425 -122.372 245.92 255 0 0
0.2 0.425 0 0 0 0 255
0.225 0.425 0 0 0 0 255
0.25 0.425 0 0 0 0 255
0.275 0.425 0 0 0 0 255
0.3 0.425 0 0 0 0 255
0.325 0.425 0 0 0 0 255
0.35 0.425 0 0 0 0 255
0.375 0.425 0 0 0 0 255
0.4 0.425 0 0 0 0 255
0.425 0.425 0 0 0 0 255
0.45 0.425 0 0 0 0 255
0.475 0.425 0 0 0 0 255
0.5 0.425 0 0 0 0 255
-0.5 0.4 0 0 0 0 255
-0.475 0.4 0 0 0 0 255
-0.45 0.4 0 0 0 0 255
-0.425 0.4 0 0 0 0 255
-0.4 0.4 0 0 0 0 255
-0.375 0.4 0 0 0 0 255
-0.35 0.4 0 0 0 0 255
-0.325 0.4 0 0 0 0 255
-0.3 0.4 0 0 0 0 255
-0.275 0.4 0 0 0 0 255
-0.25 0.4 0 0 0 0 255
-0.225 0.4 0 0 0 0 255
-0.2 0.4 0 0 0 0 255
-0.175 0.4 0 0 0 0 255
-0.15 0.4 0 0 0 0 255
-0.125 0.4 0 0 0 0 255
-0.1 0.4 0 0 0 0 255
-0.075 0.4 0 0 0 0 255
-0.05 0.4 0 0 0 0 255
-0.025 0.4 0 0 0 0 255
0 0.4 0 0 0 0 255
0.025 0.4 -354.27 45.8332 255 0 0
0.05 0.4 -75.4333 -150.009 255 0 0
0.075 0.4 -621.764 252.927 255 0 0
0.1 0.4 -512.766 604.361 255 0 0
0.125 0.4 -280.453 461.876 255 0 0
0.15 0.4 -19.2726 160.028 255 0 0
0.175 0.4 68.1749 -110.218 255 0 0
0.2 0.4 0 0 0 0 255
0.225 0.4 0 0 0 0 255
0.25 0.4 0 0 0 0 255
0.275 0.4 0 0 0 0 255
0.3 0.4 0 0 0 0 255
0.325 0.4 0 0 0 0 255
0.35 0.4 0 0 0 0 255
0.375 0.4 0 0 0 0 255
0.4 0.4 0 0 0 0 255
0.425 0.4 0 0 0 0 255
0.45 0.4 0 0 0 0 255
0.475 0.4 0 0 0 0 255
0.5 0.4 0 0 0 0 255
-0.5 0.375 0 0 0 0 255
-0.475 0.375 0 0 0 0 255
-0.45 0.375 0 0 0 0 255
-0.425 0.375 0 0 0 0 255
-0.4 0.375 0 0 0 0 255
-0.375 0.375 0 0 0 0 255
-0.35 0.375 0 0 0 0 255
-0.325 0.375 0 0 0 0 255
-0.3 0.375 0 0 0 0 255
-0.275 0.375 0 0 0 0 255
-0.25 0.375 0 0 0 0 255
-0.225 0.375 0 0 0 0 255
-0.2 0.375 0 0 0 0 255
-0.175 0.375 0 0 0 0 255
-0.15 0.375 0 0 0 0 255
-0.125 0.375 0 0 0 0 255
-0.1 0.375 0 0 0 0 255
-0.075 0.375 0 0 0 0 255
-0.05 0.375 0 0 0 0 255
-0.025 0.375 0 0 0 0 255
0 0.375 0 0 0 0 255
0.025 0.375 0 0 0 0 255
0.05 0.375 0 0 0 0 255
0.075 0.375 -863.154 624.352 255 0 0
0.1 0.375 -390.794 425.741 255 0 0
0.125 0.375 -127.397 215.551 255 0 0
0.15 0.375 182.715 -101.195 255 0 0
0.175 0.375 0 0 0 0 255
0.2 0.375 0 0 0 0 255
0.225 0.375 0 0 0 0 255
0.25 0.375 0 0 0 0 255
0.275 0.375 0 0 0 0 255
0.3 0.375 0 0 0 0 255
0.325 0.375 0 0 0 0 255
0.35 0.375 0 0 0 0 255
0.375 0.375 0 0 0 0 255
0.4 0.375 0 0 0 0 255
0.425 0.375 0 0 0 0 255
0.45 0.375 0 0 0 0 255
0.475 0.375 0 0 0 0 255
0.5 0.375 0 0 0 0 255
-0.5 0.35 0 0 0 0 255
-0.475 0.35 0 0 0 0 255
-0.45 0.35 0 0 0 0 255
-0.425 0.35 0 0 0 0 255
-0.4 0.35 0 0 0 0 255
-0.375 0.35 0 0 0 0 255
-0.35 0.35 0 0 0 0 255
-0.325 0.35 0 0 0 0 255
-0.3 0.35 0 0 0 0 255
-0.275 0.35 0 0 0 0 255
-0.25 0.35 0 0 0 0 255
-0.225 0.35 0 0 0 0 255
-0.2 0.35 0 0 0 0 255
-0.175 0.35 0 0 0 0 255
-0.15 0.35 0 0 0 0 255
-0.125 0.35 0 0 0 0 255
-0.1 0.35 0 0 0 0 255
-0.075 0.35 0 0 0 0 255
-0.05 0.35 0 0 0 0 255
-0.025 0.35 0 0 0 0 255
0 0.35 0 0 0 0 255
0.025 0.35 0 0 0 0 255
0.05 0.35 0 0 0 0 255
0.075 0.35 0 0 0 0 255
0.1 0.35 0 0 0 0 255
0.125 0.35 0 0 0 0 255
0.15 0.35 0 0 0 0 255
0.175 0.35 0 0 0 0 255
0.2 0.35 0 0 0 0 255
0.225 0.35 0 0 0 0 255
0.25 0.35 0 0 0 0 255
0.275 0.35 0 0 0 0 255
0.3 0.35 0 0 0 0 255
0.325 0.35 0 0 0 0 255
0.35 0.35 0 0 0 0 255
0.375 0.35 0 0 0 0 255
0.4 0.35 0 0 0 0 255
0.425 0.35 0 0 0 0 255
0.45 0.35 0 0 0 0 255
0.475 0.35 0 0 0 0 255
0.5 0.35 0 0 0 0 255
-0.5 0.325 0 0 0 0 255
-0.475 0.325 0 0 0 0 255
-0.45 0.325 0 0 0 0 255
-0.425 0.325 0 0 0 0 255
-0.4 0.325 0 0 0 0 255
-0.375 0.325 0 0 0 0 255
-0.35 0.325 0 0 0 0 255
-0.325 0.325 0 0 0 0 255
-0.3 0.325 0 0 0 0 255
-0.275 0.325 0 0 0 0 255
-0.25 0.325 0 0 0 0 255
-0.225 0.325 0 0 0 0 255
-0.2 0.325 0 0 0 0 255
-0.175 0.325 0 0 0 0 255
-0.15 0.325 0 0 0 0 255
-0.125 0.325 0 0 0 0 255
-0.1 0.325 0 0 0 0 255
-0.075 0.325 0 0 0 0 255
-0.05 0.325 0 0 0 0 255
-0.025 0.325 0 0 0 0 255
0 0.325 0 0 0 0 255
0.025 0.325 0 0 0 0 255
0.05 0.325 0 0 0 0 255
0.075 0.325 0 0 0 0 255
0.1 0.325 0 0 0 0 255
0.125 0.325 0 0 0 0 255
0.15 0.325 0 0 0 0 255
0.175 0.325 0 0 0 0 255
0.2 0.325 0 0 0 0 255
0.225 0.325 0 0 0 0 255
0.25 0.325 0 0 0 0 255
0.275 0.325 0 0 0 0 255
0.3 0.325 0 0 0 0 255
0.325 0.325 0 0 0 0 255
0.35 0.325 0 0 0 0 255
0.375 0.325 0 0 0 0 255
0.4 0.325 0 0 0 0 255
0.425 0.325 0 0 0 0 255
0.45 0.325 0 0 0 0 255
0.475 0.325 0 0 0 0 255
0.5 0.325 0 0 0 0 255
-0.5 0.3 0 0 0 0 255
-0.475 0.3 0 0 0 0 255
-0.45 0.3 0 0 0 0 255
-0.425 0.3 0 0 0 0 255
-0.4 0.3 0 0 0 0 255
-0.375 0.3 0 0 0 0 255
-0.35 0.3 0 0 0 0 255
-0.325 0.3 0 0 0 0 255
-0.3 0.3 0 0 0 0 255
-0.275 0.3 0 0 0 0 255
-0.25 0.3 0 0 0 0 255
-0.225 0.3 0 0 0 0 255
-0.2 0.3 0 0 0 0 255
-0.175 0.3 0 0 0 0 255
-0.15 0.3 0 0 0 0 255
-0.125 0.3 0 0 0 0 255
-0.1 0.3 0 0 0 0 255
-0.075 0.3 0 0 0 0 255
-0.05 0.3 0 0 0 0 255
-0.025 0.3 0 0 0 0 255
0 0.3 0 0 0 0 255
0.025 0.3 0 0 0 0 255
0.05 0.3 0 0 0 0 255
0.075 0.3 0 0 0 0 255
0.1 0.3 0 0 0 0 255
0.125 0.3 0 0 0 0 255
0.15 0.3 0 0 0 0 255
0.175 0.3 0 0 0 0 255
0.2 0.3 0 0 0 0 255
0.225 0.3 0 0 0 0 255
0.25 0.3 0 0 0 0 255
0.275 0.3 0 0 0 0 255
0.3 0.3 0 0 0 0 255
0.325 0.3 0 0 0 0 255
0.35 0.3 0 0 0 0 255
0.375 0.3 0 0 0 0 255
0.4 0.3 0 0 0 0 255
0.425 0.3 0 0 0 0 255
0.45 0.3 0 0 0 0 255
0.475 0.3 0 0 0 0 255
0.5 0.3 0 0 0 0 255
-0.5 0.275 0 0 0 0 255
-0.475 0.275 0 0 0 0 255
-0.45 0.275 0 0 0 0 255
-0.425 0.275 0 0 0 0 255
-0.4 0.275 0 0 0 0 255
-0.375 0.275 0 0 0 0 255
-0.35 0.275 0 0 0 0 255
-0.325 0.275 0 0 0 0 255
-0.3 0.275 0 0 0 0 255
-0.275 0.275 0 0 0 0 255
-0.25 0.275 0 0 0 0 255
-0.225 0.275 0 0 0 0 255
-0.2 0.275 0 0 0 0 255
-0.175 0.275 0 0 0 0 255
-0.15 0.275 0 0 0 0 255
-0.125 0.275 0 0 0 0 255
-0.1 0.275 0 0 0 0 255
-0.075 0.275 0 0 0 0 255
-0.05 0.275 0 0 0 0 255
-0.025 0.275 0 0 0 0 255
0 0.275 0 0 0 0 255
0.025 0.275 0 0 0 0 255
0.05 0.275 0 0 0 0 255
0.075 0.275 0 0 0 0 255
0.1 0.275 0 0 0 0 255
0.125 0.275 0 0 0 0 255
0.15 0.275 0 0 0 0 255
0.175 0.275 0 0 0 0 255
0.2 0.275 0 0 0 0 255
0.225 0.275 0 0 0 0 255
0.25 0.275 0 0 0 0 255
0.275 0.275 0 0 0 0 255
0.3 0.275 0 0 0 0 255
0.325 0.275 0 0 0 0 255
0.35 0.275 0 0 0 0 255
0.375 0.275 0 0 0 0 255
0.4 0.275 0 0 0 0 255
0.425 0.275 0 0 0 0 255
0.45 0.275 0 0 0 0 255
0.475 0.275 0 0 0 0 255
0.5 0.275 0 0 0 0 255
-0.5 0.25 0 0 0 0 255
-0.475 0.25 0 0 0 0 255
-0.45 0.25 0 0 0 0 255
-0.425 0.25 0 0 0 0 255
-0.4 0.25 0 0 0 0 255
-0.375 0.25 0 0 0 0 255
-0.35 0.25 0 0 0 0 255
-0.325 0.25 0 0 0 0 255
-0.3 0.25 0 0 0 0 255
-0.275 0.25 0 0 0 0 255
-0.25 0.25 0 0 0 0 255
-0.225 0.25 0 0 0 0 255
-0.2 0.25 0 0 0 0 255
-0.175 0.25 0 0 0 0 255
-0.15 0.25 0 0 0 0 255
-0.125 0.25 0 0 0 0 255
-0.1 0.25 0 0 0 0 255
-0.075 0.25 0 0 0 0 255
-0.05 0.25 0 0 0 0 255
-0.025 0.25 0 0 0 0 255
0 0.25 0 0 0 0 255
0.025 0.25 0 0 0 0 255
0.05 0.25 0 0 0 0 255
0.075 0.25 0 0 0 0 255
0.1 0.25 0 0 0 0 255
0.125 0.25 0 0 0 0 255
0.15 0.25 0 0 0 0 255
0.175 0.25 0 0 0 0 255
0.2 0.25 0 0 0 0 255
0.225 0.25 0 0 0 0 255
0.25 0.25 0 0 0 0 255
0.275 0.25 0 0 0 0 255
0.3 0.25 0 0 0 0 255
0.325 0.25 0 0 0 0 255
0.35 0.25 0 0 0 0 255
0.375 0.25 0 0 0 0 255
0.4 0.25 0 0 0 0 255
0.425 0.25 0 0 0 0 255
0.45 0.25 0 0 0 0 255
0.475 0.25 0 0 0 0 255
0.5 0.25 0 0 0 0 255
-0.5 0.225 0 0 0 0 255
-0.475 0.225 0 0 0 0 255
-0.45 0.225 0 0 0 0 255
-0.425 0.225 0 0 0 0 255
-0.4 0.225 0 0 0 0 255
-0.375 0.225 0 0 0 0 255
-0.35 0.225 0 0 0 0 255
-0.325 0.225 0 0 0 0 255
-0.3 0.225 0 0 0 0 255
-0.275 0.225 0 0 0 0 255
-0.25 0.225 0 0 0 0 255
-0.225 0.225 0 0 0 0 255
-0.2 0.225 0 0 0 0 255
-0.175 0.225 0 0 0 0 255
-0.15 0.225 0 0 0 0 255
-0.125 0.225 0 0 0 0 255
-0.1 0.225 0 0 0 0 255
-0.075 0.225 0 0 0 0 255
-0.05 0.225 0 0 0 0 255
-0.025 0.225 0 0 0 0 255
0 0.225 0 0 0 0 255
0.025 0.225 0 0 0 0 255
0.05 0.225 0 0 0 0 255
0.075 0.225 0 0 0 0 255
0.1 0.225 0 0 0 0 255
0.125 0.225 0 0 0 0 255
0.15 0.225 0 0 0 0 255
0.175 0.225 0 0 0 0 255
0.2 0.225 0 0 0 0 255
0.225 0.225 0 0 0 0 255
0.25 0.225 0 0 0 0 255
0.275 0.225 0 0 0 0 255
0.3 0.225 0 0 0 0 255
0.325 0.225 0 0 0 0 255
0.35 0.225 0 0 0 0 255
0.375 0.225 0 0 0 0 255
0.4 0.225 0 0 0 0 255
0.425 0.225 0 0 0 0 255
0.45 0.225 0 0 0 0 255
0.475 0.225 0 0 0 0 255
0.5 0.225 0 0 0 0 255
-0.5 0.2 0 0 0 0 255
-0.475 0.2 0 0 0 0 255
-0.45 0.2 0 0 0 0 255
-0.425 0.2 0 0 0 0 255
-0.4 0.2 0 0 0 0 255
-0.375 0.2 0 0 0 0 255
-0.35 0.2 0 0 0 0 255
-0.325 0.2 0 0 0 0 255
-0.3 0.2 0 0 0 0 255
-0.275 0.2 0 0 0 0 255
-0.25 0.2 0 0 0 0 255
-0.225 0.2 0 0 0 0 255
-0.2 0.2 0 0 0 0 255
-0.175 0.2 0 0 0 0 255
-0.15 0.2 0 0 0 0 255
-0.125 0.2 0 0 0 0 255
-0.1 0.2 0 0 0 0 255
-0.075 0.2 0 0 0 0 255
-0.05 0.2 0 0 0 0 255
-0.025 0.2 0 0 0 0 255
0 0.2 0 0 0 0 255
0.025 0.2 0 0 0 0 255
0.05 0.2 0 0 0 0 255
0.075 0.2 0 0 0 0 255
0.1 0.2 0 0 0 0 255
0.125 0.2 0 0 0 0 255
0.15 0.2 0 0 0 0 255
0.175 0.2 0 0 0 0 255
0.2 0.2 0 0 0 0 255
0.225 0.2 0 0 0 0 255
0.25 0.2 0 0 0 0 255
0.275 0.2 0 0 0 0 255
0.3 0.2 0 0 0 0 255
0.325 0.2 0 0 0 0 255
0.35 0.2 0 0 0 0 255
0.375 0.2 0 0 0 0 255
0.4 0.2 0 0 0 0 255
0.425 0.2 0 0 0 0 255
0.45 0.2 0 0 0 0 255
0.475 0.2 0 0 0 0 255
0.5 0.2 0 0 0 0 255
-0.5 0.175 0 0 0 0 255
-0.475 0.175 0 0 0 0 255
-0.45 0.175 0 0 0 0 255
-0.425 0.175 0 0 0 0 255
-0.4 0.175 0 0 0 0 255
-0.375 0.175 0 0 0 0 255
-0.35 0.175 0 0 0 0 255
-0.325 0.175 0 0 0 0 255
-0.3 0.175 0 0 0 0 255
-0.275 0.175 0 0 0 0 255
-0.25 0.175 0 0 0 0 255
-0.225 0.175 0 0 0 0 255
-0.2 0.175 0 0 0 0 255
-0.175 0.175 0 0 0 0 255
-0.15 0.175 0 0 0 0 255
-0.125 0.175 0 0 0 0 255
-0.1 0.175 0 0 0 0 255
-0.075 0.175 0 0 0 0 255
-0.05 0.175 0 0 0 0 255
-0.025 0.175 0 0 0 0 255
0 0.175 0 0 0 0 255
0.025 0.175 0 0 0 0 255
0.05 0.175 0 0 0 0 255
0.075 0.175 0 0 0 0 255
0.1 0.175 0 0 0 0 255
0.125 0.175 0 0 0 0 255
0.15 0.175 0 0 0 0 255
0.175 0.175 0 0 0 0 255
0.2 0.175 0 0 0 0 255
0.225 0.175 0 0 0 0 255
0.25 0.175 0 0 0 0 255
0.275 0.175 0 0 0 0 255
0.3 0.175 0 0 0 0 255
0.325 0.175 0 0 0 0 255
0.35 0.175 0 0 0 0 255
0.375 0.175 0 0 0 0 255
0.4 0.175 0 0 0 0 255
0.425 0.175 0 0 0 0 255
0.45 0.175 0 0 0 0 255
0.475 0.175 0 0 0 0 255
0.5 0.175 0 0 0 0 255
-0.5 0.15 0 0 0 0 255
-0.475 0.15 0 0 0 0 255
-0.45 0.15 0 0 0 0 255
-0.425 0.15 0 0 0 0 255
-0.4 0.15 0 0 0 0 255
-0.375 0.15 0 0 0 0 255
-0.35 0.15 0 0 0 0 255
-0.325 0.15 0 0 0 0 255
-0.3 0.15 0 0 0 0 255
-0.275 0.15 0 0 0 0 255
-0.25 0.15 0 0 0 0 255
-0.225 0.15 0 0 0 0 255
-0.2 0.15 0 0 0 0 255
-0.175 0.15 0 0 0 0 255
-0.15 0.15 0 0 0 0 255
-0.125 0.15 0 0 0 0 255
-0.1 0.15 0 0 0 0 255
-0.075 0.15 0 0 0 0 255
-0.05 0.15 0 0 0 0 255
-0.025 0.15 0 0 0 0 255
0 0.15 0 0 0 0 255
0.025 0.15 0 0 0 0 255
0.05 0.15 0 0 0 0 255
0.075 0.15 0 0 0 0 255
0.1 0.15 0 0 0 0 255
0.125 0.15 0 0 0 0 255
0.15 0.15 0 0 0 0 255
0.175 0.15 0 0 0 0 255
0.2 0.15 0 0 0 0 255
0.225 0.15 0 0 0 0 255
0.25 0.15 0 0 0 0 255
0.275 0.15 0 0 0 0 255
0.3 0.15 0 0 0 0 255
0.325 0.15 0 0 0 0 255
0.35 0.15 0 0 0 0 255
0.375 0.15 0 0 0 0 255
0.4 0.15 0 0 0 0 255
0.425 0.15 0 0 0 0 255
0.45 0.15 0 0 0 0 255
0.475 0.15 0 0 0 0 255
0.5 0.15 0 0 0 0 255
-0.5 0.125 0 0 0 0 255
-0.475 0.125 0 0 0 0 255
-0.45 0.125 0 0 0 0 255
-0.425 0.125 0 0 0 0 255
-0.4 0.125 0 0 0 0 255
-0.375 0.125 0 0 0 0 255
-0.35 0.125 0 0 0 0 255
-0.325 0.125 0 0 0 0 255
-0.3 0.125 0 0 0 0 255
-0.275 0.125 0 0 0 0 255
-0.25 0.125 0 0 0 0 255
-0.225 0.125 0 0 0 0 255
-0.2 0.125 0 0 0 0 255
-0.175 0.125 0 0 0 0 255
-0.15 0.125 0 0 0 0 255
-0.125 0.125 0 0 0 0 255
-0.1 0.125 0 0 0 0 255
-0.075 0.125 0 0 0 0 255
-0.05 0.125 0 0 0 0 255
-0.025 0.125 0 0 0 0 255
0 0.125 0 0 0 0 255
0.025 0.125 0 0 0 0 255
0.05 0.125 0 0 0 0 255
0.075 0.125 0 0 0 0 255
0.1 0.125 0 0 0 0 255
0.125 0.125 0 0 0 0 255
0.15 0.125 0 0 0 0 255
0.175 0.125 0 0 0 0 255
0.2 0.125 0 0 0 0 255
0.225 0.125 0 0 0 0 255
0.25 0.125 0 0 0 0 255
0.275 0.125 0 0 0 0 255
0.3 0.125 0 0 0 0 255
0.325 0.125 0 0 0 0 255
0.35 0.125 0 0 0 0 255
0.375 0.125 0 0 0 0 255
0.4 0.125 0 0 0 0 255
0.425 0.125 0 0 0 0 255
0.45 0.125 0 0 0 0 255
0.475 0.125 0 0 0 0 255
0.5 0.125 0 0 0 0 255
-0.5 0.1 0 0 0 0 255
-0.475 0.1 0 0 0 0 255
-0.45 0.1 0 0 0 0 255
-0.425 0.1 0 0 0 0 255
-0.4 0.1 0 0 0 0 255
-0.375 0.1 0 0 0 0 255
-0.35 0.1 0 0 0 0 255
-0.325 0.1 0 0 0 0 255
-0.3 0.1 0 0 0 0 255
-0.275 0.1 0 0 0 0 255
-0.25 0.1 0 0 0 0 255
-0.225 0.1 0 0 0 0 255
-0.2 0.1 0 0 0 0 255
-0.175 0.1 0 0 0 0 255
-0.15 0.1 0 0 0 0 255
-0.125 0.1 0 0 0 0 255
-0.1 0.1 0 0 0 0 255
-0.075 0.1 0 0 0 0 255
-0.05 0.1 0 0 0 0 255
-0.025 0.1 0 0 0 0 255
0 0.1 0 0 0 0 255
0.025 0.1 0 0 0 0 255
0.05 0.1 0 0 0 0 255
0.075 0.1 0 0 0 0 255
0.1 0.1 0 0 0 0 255
0.125 0.1 0 0 0 0 255
0.15 0.1 0 0 0 0 255
0.175 0.1 0 0 0 0 255
0.2 0.1 0 0 0 0 255
0.225 0.1 0 0 0 0 255
0.25 0.1 0 0 0 0 255
0.275 0.1 0 0 0 0 255
0.3 0.1 0 0 0 0 255
0.325 0.1 0 0 0 0 255
0.35 0.1 0 0 0 0 255
0.375 0.1 0 0 0 0 255
0.4 0.1 0 0 0 0 255
0.425 0.1 0 0 0 0 255
0.45 0.1 0 0 0 0 255
0.475 0.1 0 0 0 0 255
0.5 0.1 0 0 0 0 255
-0.5 0.075 0 0 0 0 255
-0.475 0.075 0 0 0 0 255
-0.45 0.075 0 0 0 0 255
-0.425 0.075 0 0 0 0 255
-0.4 0.075 0 0 0 0 255
-0.375 0.075 0 0 0 0 255
-0.35 0.075 0 0 0 0 255
-0.325 0.075 0 0 0 0 255
-0.3 0.075 0 0 0 0 255
-0.275 0.075 0 0 0 0 255
-0.25 0.075 0 0 0 0 255
-0.225 0.075 0 0 0 0 255
-0.2 0.075 0 0 0 0 255
-0.175 0.075 0 0 0 0 255
-0.15 0.075 0 0 0 0 255
-0.125 0.075 0 0 0 0 255
-0.1 0.075 0 0 0 0 255
-0.075 0.075 0 0 0 0 255
-0.05 0.075 0 0 0 0 255
-0.025 0.075 0 0 0 0 255
0 0.075 0 0 0 0 255
0.025 0.075 0 0 0 0 255
0.05 0.075 0 0 0 0 255
0.075 0.075 0 0 0 0 255
0.1 0.075 0 0 0 0 255
0.125 0.075 0 0 0 0 255
0.15 0.075 0 0 0 0 255
0.175 0.075 0 0 0 0 255
0.2 0.075 0 0 0 0 255
0.225 0.075 0 0 0 0 255
0.25 0.075 0 0 0 0 255
0.275 0.075 0 0 0 0 255
0.3 0.075 0 0 0 0 255
0.325 0.075 0 0 0 0 255
0.35 0.075 0 0 0 0 255
0.375 0.075 0 0 0 0 255
0.4 0.075 0 0 0 0 255
0.425 0.075 0 0 0 0 255
0.45 0.075 0 0 0 0 255
0.475 0.075 0 0 0 0 255
0.5 0.075 0 0 0 0 255
-0.5 0.05 0 0 0 0 255
-0.475 0.05 0 0 0 0 255
-0.45 0.05 0 0 0 0 255
-0.425 0.05 0 0 0 0 255
-0.4 0.05 0 0 0 0 255
-0.375 0.05 0 0 0 0 255
-0.35 0.05 0 0 0 0 255
-0.325 0.05 0 0 0 0 255
-0.3 0.05 0 0 0 0 255
-0.275 0.05 0 0 0 0 255
-0.25 0.05 0 0 0 0 255
-0.225 0.05 0 0 0 0 255
-0.2 0.05 0 0 0 0 255
-0.175 0.05 0 0 0 0 255
-0.15 0.05 0 0 0 0 255
-0.125 0.05 0 0 0 0 255
-0.1 0.05 0 0 0 0 255
-0.075 0.05 0 0 0 0 255
-0.05 0.05 0 0 0 0 255
-0.025 0.05 0 0 0 0 255
0 0.05 0 0 0 0 255
0.025 0.05 0 0 0 0 255
0.05 0.05 0 0 0 0 255
0.075 0.05 0 0 0 0 255
0.1 0.05 0 0 0 0 255
0.125 0.05 0 0 0 0 255
0.15 0.05 0 0 0 0 255
0.175 0.05 0 0 0 0 255
0.2 0.05 0 0 0 0 255
0.225 0.05 0 0 0 0 255
0.25 0.05 0 0 0 0 255
0.275 0.05 0 0 0 0 255
0.3 0.05 0 0 0 0 255
0.325 0.05 0 0 0 0 255
0.35 0.05 0 0 0 0 255
0.375 0.05 0 0 0 0 255
0.4 0.05 0 0 0 0 255
0.425 0.05 0 0 0 0 255
0.45 0.05 0 0 0 0 255
0.475 0.05 0 0 0 0 255
0.5 0.05 0 0 0 0 255
-0.5 0.025 0 0 0 0 255
-0.475 0.025 0 0 0 0 255
-0.45 0.025 0 0 0 0 255
-0.425 0.025 0 0 0 0 255
-0.4 0.025 0 0 0 0 255
-0.375 0.025 0 0 0 0 255
-0.35 0.025 0 0 0 0 255
-0.325 0.025 0 0 0 0 255
-0.3 0.025 0 0 0 0 255
-0.275 0.025 0 0 0 0 255
-0.25 0.025 0 0 0 0 255
-0.225 0.025 0 0 0 0 255
-0.2 0.025 0 0 0 0 255
-0.175 0.025 0 0 0 0 255
-0.15 0.025 0 0 0 0 255
-0.125 0.025 0 0 0 0 255
-0.1 0.025 0 0 0 0 255
-0.075 0.025 0 0 0 0 255
-0.05 0.025 0 0 0 0 255
-0.025 0.025 0 0 0 0 255
0 0.025 0 0 0 0 255
0.025 0.025 0 0 0 0 255
0.05 0.025 0 0 0 0 255
0.075 0.025 0 0 0 0 255
0.1 0.025 0 0 0 0 255
0.125 0.025 0 0 0 0 255
0.15 0.025 0 0 0 0 255
0.175 0.025 0 0 0 0 255
0.2 0.025 0 0 0 0 255
0.225 0.025 0 0 0 0 255
0.25 0.025 0 0 0 0 255
0.275 0.025 0 0 0 0 255
0.3 0.025 0 0 0 0 255
0.325 0.025 0 0 0 0 255
0.35 0.025 0 0 0 0 255
0.375 0.025 0 0 0 0 255
0.4 0.025 0 0 0 0 255
0.425 0.025 0 0 0 0 255
0.45 0.025 0 0 0 0 255
0.475 0.025 0 0 0 0 255
0.5 0.025 0 0 0 0 255
-0.5 0 0 0 0 0 255
-0.475 0 0 0 0 0 255
-0.45 0 0 0 0 0 255
-0.425 0 0 0 0 0 255
-0.4 0 0 0 0 0 255
-0.375 0 0 0 0 0 255
-0.35 0 0 0 0 0 255
-0.325 0 0 0 0 0 255
-0.3 0 0 0 0 0 255
-0.275 0 0 0 0 0 255
-0.25 0 0 0 0 0 255
-0.225 0 0 0 0 0 255
-0.2 0 0 0 0 0 255
-0.175 0 0 0 0 0 255
-0.15 0 0 0 0 0 255
-0.125 0 0 0 0 0 255
-0.1 0 0 0 0 0 255
-0.075 0 0 0 0 0 255
-0.05 0 0 0 0 0 255
-0.025 0 0 0 0 0 255
0 0 0 0 0 0 255
0.025 0 0 0 0 0 255
0.05 0 0 0 0 0 255
0.075 0 0 0 0 0 255
0.1 0 0 0 0 0 255
0.125 0 0 0 0 0 255
0.15 0 0 0 0 0 255
0.175 0 0 0 0 0 255
0.2 0 0 0 0 0 255
0.225 0 0 0 0 0 255
0.25 0 0 0 0 0 255
0.275 0 0 0 0 0 255
0.3 0 0 0 0 0 255
0.325 0 0 0 0 0 255
0.35 0 0 0 0 0 255
0.375 0 0 0 0 0 255
0.4 0 0 0 0 0 255
0.425 0 0 0 0 0 255
0.45 0 0 0 0 0 255
0.475 0 0 0 0 0 255
0.5 0 0 0 0 0 255
