-0.175 0.4 0
-0.173638 0.400959 1


-0.175 0.425 0
-0.173622 0.425753 1


-0.175 0.45 0
-0.173606 0.450547 1


-0.175 0.475 0
-0.173589 0.475342 1


-0.175 0.5 0
-0.173571 0.500137 1


-0.175 0.525 0
-0.17355 0.524932 1


-0.175 0.55 0
-0.173527 0.549727 1


-0.175 0.575 0
-0.173504 0.574522 1


-0.175 0.6 0
-0.173481 0.599315 1


-0.15 0.375 0
-0.148865 0.376144 1


-0.15 0.4 0
-0.148849 0.400937 1


-0.15 0.425 0
-0.148834 0.42573 1


-0.15 0.45 0
-0.148818 0.450525 1


-0.15 0.475 0
-0.148801 0.475321 1


-0.15 0.5 0
-0.148783 0.500118 1


-0.15 0.525 0
-0.148762 0.524914 1


-0.15 0.55 0
-0.148739 0.54971 1


-0.15 0.575 0
-0.148716 0.574505 1


-0.15 0.6 0
-0.148692 0.599298 1


-0.15 0.625 0
-0.148668 0.624089 1


-0.125 0.35 0
-0.124091 0.351331 1


-0.125 0.375 0
-0.124075 0.376121 1


-0.125 0.4 0
-0.12406 0.400913 1


-0.125 0.425 0
-0.124044 0.425707 1


-0.125 0.45 0
-0.124029 0.450503 1


-0.125 0.475 0
-0.124013 0.4753 1


-0.125 0.5 0
-0.123994 0.500098 1


-0.125 0.525 0
-0.123973 0.524896 1


-0.125 0.55 0
-0.12395 0.549694 1


-0.125 0.575 0
-0.123926 0.574489 1


-0.125 0.6 0
-0.123902 0.599282 1


-0.125 0.625 0
-0.123878 0.624073 1


-0.125 0.65 0
-0.123855 0.648864 1


-0.1 0.325 0
-0.0993159 0.326519 1


-0.1 0.35 0
-0.0992988 0.351308 1


-0.1 0.375 0
-0.099283 0.376098 1


-0.1 0.4 0
-0.0992681 0.400889 1


-0.1 0.425 0
-0.0992535 0.425683 1


-0.1 0.45 0
-0.0992382 0.450479 1


-0.1 0.475 0
-0.0992215 0.475278 1


-0.1 0.5 0
-0.0992029 0.500078 1


-0.1 0.525 0
-0.0991821 0.524879 1


-0.1 0.55 0
-0.0991595 0.549678 1


-0.1 0.575 0
-0.0991353 0.574474 1


-0.1 0.6 0
-0.0991106 0.599268 1


-0.1 0.625 0
-0.0990862 0.624059 1


-0.1 0.65 0
-0.0990626 0.648849 1


-0.1 0.675 0
-0.0990405 0.673638 1


-0.075 0.325 0
-0.0745222 0.326496 1


-0.075 0.35 0
-0.0745052 0.351284 1


-0.075 0.375 0
-0.0744894 0.376074 1


-0.075 0.4 0
-0.0744744 0.400865 1


-0.075 0.425 0
-0.0744593 0.425659 1


-0.075 0.45 0
-0.0744433 0.450456 1


-0.075 0.475 0
-0.074426 0.475257 1


-0.075 0.5 0
-0.0744071 0.500059 1


-0.075 0.525 0
-0.0743866 0.524861 1


-0.075 0.55 0
-0.0743645 0.549661 1


-0.075 0.575 0
-0.0743411 0.574459 1


-0.075 0.6 0
-0.0743169 0.599253 1


-0.075 0.625 0
-0.0742926 0.624044 1


-0.075 0.65 0
-0.0742691 0.648834 1


-0.075 0.675 0
-0.0742468 0.673622 1


-0.05 0.325 0
-0.0497279 0.326473 1


-0.05 0.35 0
-0.0497104 0.351261 1


-0.05 0.375 0
-0.0496939 0.37605 1


-0.05 0.4 0
-0.0496778 0.40084 1


-0.05 0.425 0
-0.0496615 0.425635 1


-0.05 0.45 0
-0.0496444 0.450434 1


-0.05 0.475 0
-0.0496263 0.475236 1


-0.05 0.5 0
-0.0496072 0.500039 1


-0.05 0.525 0
-0.049587 0.524842 1


-0.05 0.55 0
-0.0495656 0.549644 1


-0.05 0.575 0
-0.0495434 0.574443 1


-0.05 0.6 0
-0.0495204 0.599238 1


-0.05 0.625 0
-0.0494971 0.624029 1


-0.05 0.65 0
-0.0494744 0.648818 1


-0.05 0.675 0
-0.0494525 0.673606 1


-0.025 0.325 0
-0.0249329 0.32645 1


-0.025 0.35 0
-0.0249146 0.351238 1


-0.025 0.375 0
-0.0248967 0.376027 1


-0.025 0.4 0
-0.0248789 0.400818 1


-0.025 0.425 0
-0.024861 0.425613 1


-0.025 0.45 0
-0.0248426 0.450413 1


-0.025 0.475 0
-0.0248238 0.475215 1


-0.025 0.5 0
-0.0248044 0.500019 1


-0.025 0.525 0
-0.0247844 0.524824 1


-0.025 0.55 0
-0.0247639 0.549626 1


-0.025 0.575 0
-0.0247429 0.574426 1


-0.025 0.6 0
-0.0247215 0.599221 1


-0.025 0.625 0
-0.0246999 0.624013 1


-0.025 0.65 0
-0.0246785 0.648801 1


-0.025 0.675 0
-0.0246575 0.673589 1


0 0.325 0
-0.000137695 0.326429 1


0 0.35 0
-0.000118036 0.351217 1


0 0.375 0
-9.83727e-05 0.376006 1


0 0.4 0
-7.87046e-05 0.400797 1


0 0.425 0
-5.90325e-05 0.425593 1


0 0.45 0
-3.93573e-05 0.450393 1


0 0.475 0
-1.96795e-05 0.475195 1


0 0.5 0
-2.11006e-10 0.5 1


0 0.525 0
1.9679e-05 0.524804 1


0 0.55 0
3.93569e-05 0.549607 1


0 0.575 0
5.90323e-05 0.574407 1


0 0.6 0
7.87044e-05 0.599203 1


0 0.625 0
9.83727e-05 0.623994 1


0 0.65 0
0.000118036 0.648783 1


0 0.675 0
0.000137695 0.673571 1


0.025 0.325 0
0.0246575 0.326411 1


0.025 0.35 0
0.0246785 0.351199 1


0.025 0.375 0
0.0246999 0.375987 1


0.025 0.4 0
0.0247215 0.400778 1


0.025 0.425 0
0.0247429 0.425574 1


0.025 0.45 0
0.0247639 0.450373 1


0.025 0.475 0
0.0247844 0.475176 1


0.025 0.5 0
0.0248044 0.49998 1


0.025 0.525 0
0.0248238 0.524784 1


0.025 0.55 0
0.0248426 0.549587 1


0.025 0.575 0
0.024861 0.574386 1


0.025 0.6 0
0.0248789 0.599182 1


0.025 0.625 0
0.0248966 0.623973 1


0.025 0.65 0
0.0249145 0.648762 1


0.025 0.675 0
0.0249329 0.67355 1


0.05 0.325 0
0.0494525 0.326394 1


0.05 0.35 0
0.0494744 0.351182 1


0.05 0.375 0
0.0494972 0.375971 1


0.05 0.4 0
0.0495204 0.400762 1


0.05 0.425 0
0.0495434 0.425557 1


0.05 0.45 0
0.0495657 0.450355 1


0.05 0.475 0
0.049587 0.475157 1


0.05 0.5 0
0.0496072 0.49996 1


0.05 0.525 0
0.0496263 0.524764 1


0.05 0.55 0
0.0496444 0.549565 1


0.05 0.575 0
0.0496614 0.574364 1


0.05 0.6 0
0.0496778 0.599159 1


0.05 0.625 0
0.0496938 0.62395 1


0.05 0.65 0
0.0497104 0.648739 1


0.05 0.675 0
0.0497279 0.673527 1


0.075 0.325 0
0.0742469 0.326378 1


0.075 0.35 0
0.0742692 0.351166 1


0.075 0.375 0
0.0742927 0.375956 1


0.075 0.4 0
0.074317 0.400747 1


0.075 0.425 0
0.0743412 0.425541 1


0.075 0.45 0
0.0743646 0.450338 1


0.075 0.475 0
0.0743866 0.475139 1


0.075 0.5 0
0.0744071 0.499941 1


0.075 0.525 0
0.0744259 0.524743 1


0.075 0.55 0
0.0744432 0.549543 1


0.075 0.575 0
0.0744592 0.574341 1


0.075 0.6 0
0.0744743 0.599135 1


0.075 0.625 0
0.0744893 0.623926 1


0.075 0.65 0
0.0745052 0.648716 1


0.075 0.675 0
0.0745222 0.673504 1


0.1 0.325 0
0.0990405 0.326362 1


0.1 0.35 0
0.0990627 0.35115 1


0.1 0.375 0
0.0990863 0.37594 1


0.1 0.4 0
0.0991107 0.400732 1


0.1 0.425 0
0.0991354 0.425526 1


0.1 0.45 0
0.0991595 0.450322 1


0.1 0.475 0
0.0991822 0.475121 1


0.1 0.5 0
0.0992029 0.499921 1


0.1 0.525 0
0.0992215 0.524721 1


0.1 0.55 0
0.0992382 0.54952 1


0.1 0.575 0
0.0992534 0.574317 1


0.1 0.6 0
0.099268 0.599111 1


0.1 0.625 0
0.0992829 0.623902 1


0.1 0.65 0
0.0992987 0.648692 1


0.1 0.675 0
0.0993159 0.673481 1


0.125 0.35 0
0.123855 0.351134 1


0.125 0.375 0
0.123878 0.375924 1


0.125 0.4 0
0.123902 0.400717 1


0.125 0.425 0
0.123926 0.42551 1


0.125 0.45 0
0.12395 0.450306 1


0.125 0.475 0
0.123973 0.475103 1


0.125 0.5 0
0.123994 0.499901 1


0.125 0.525 0
0.124013 0.5247 1


0.125 0.55 0
0.124029 0.549497 1


0.125 0.575 0
0.124044 0.574292 1


0.125 0.6 0
0.124059 0.599086 1


0.125 0.625 0
0.124075 0.623876 1


0.125 0.65 0
0.124091 0.648667 1


0.15 0.375 0
0.148668 0.375908 1


0.15 0.4 0
0.148692 0.400701 1


0.15 0.425 0
0.148716 0.425494 1


0.15 0.45 0
0.148739 0.450289 1


0.15 0.475 0
0.148762 0.475085 1


0.15 0.5 0
0.148783 0.499882 1


0.15 0.525 0
0.148801 0.524678 1


0.15 0.55 0
0.148818 0.549474 1


0.15 0.575 0
0.148834 0.574269 1


0.15 0.6 0
0.148849 0.599062 1


0.15 0.625 0
0.148865 0.623853 1


0.175 0.4 0
0.173481 0.400684 1


0.175 0.425 0
0.173504 0.425477 1


0.175 0.45 0
0.173527 0.450272 1


0.175 0.475 0
0.17355 0.475067 1


0.175 0.5 0
0.173571 0.499862 1


0.175 0.525 0
0.173589 0.524657 1


0.175 0.55 0
0.173606 0.549452 1


0.175 0.575 0
0.173622 0.574246 1


0.175 0.6 0
0.173638 0.59904 1


