-0.2 0.575 0
-0.204281 0.51696 1


-0.2 0.6 0
-0.191179 0.54766 1


-0.2 0.625 0
-0.177545 0.578488 1


-0.175 0.5 0
-0.205623 0.440239 1


-0.175 0.525 0
-0.19531 0.46815 1


-0.175 0.55 0
-0.184542 0.496383 1


-0.175 0.575 0
-0.17281 0.52564 1


-0.175 0.6 0
-0.159952 0.556021 1


-0.175 0.625 0
-0.146152 0.586936 1


-0.175 0.65 0
-0.131709 0.617959 1


-0.175 0.675 0
-0.116717 0.648988 1


-0.15 0.45 0
-0.19508 0.392375 1


-0.15 0.475 0
-0.185002 0.420281 1


-0.15 0.5 0
-0.174774 0.44825 1


-0.15 0.525 0
-0.164313 0.476365 1


-0.15 0.55 0
-0.153385 0.504821 1


-0.15 0.575 0
-0.141613 0.534047 1


-0.15 0.6 0
-0.128773 0.564189 1


-0.15 0.625 0
-0.114925 0.594856 1


-0.15 0.65 0
-0.100298 0.625646 1


-0.15 0.675 0
-0.0851558 0.656414 1


-0.125 0.425 0
-0.175041 0.371228 1


-0.125 0.45 0
-0.164962 0.399279 1


-0.125 0.475 0
-0.154777 0.427394 1


-0.125 0.5 0
-0.144422 0.455605 1


-0.125 0.525 0
-0.133759 0.484022 1


-0.125 0.55 0
-0.122574 0.512809 1


-0.125 0.575 0
-0.110628 0.542136 1


-0.125 0.6 0
-0.0977534 0.572011 1


-0.125 0.625 0
-0.0838411 0.60229 1


-0.125 0.65 0
-0.069003 0.632792 1


-0.125 0.675 0
-0.0537027 0.663338 1


-0.125 0.7 0
-0.0376979 0.694033 1


-0.1 0.4 0
-0.155458 0.349312 1


-0.1 0.425 0
-0.145355 0.377457 1


-0.1 0.45 0
-0.135176 0.40569 1


-0.1 0.475 0
-0.124891 0.434002 1


-0.1 0.5 0
-0.11441 0.462444 1


-0.1 0.525 0
-0.10359 0.491082 1


-0.1 0.55 0
-0.0922371 0.520004 1


-0.1 0.575 0
-0.080174 0.549262 1


-0.1 0.6 0
-0.0672319 0.578863 1


-0.1 0.625 0
-0.0531692 0.608839 1


-0.1 0.65 0
-0.0380633 0.639148 1


-0.1 0.675 0
-0.0225988 0.669554 1


-0.1 0.7 0
-0.00675888 0.700047 1


-0.075 0.375 0
-0.136303 0.326704 1


-0.075 0.4 0
-0.126138 0.354933 1


-0.075 0.425 0
-0.115931 0.383257 1


-0.075 0.45 0
-0.105671 0.411644 1


-0.075 0.475 0
-0.0953105 0.440107 1


-0.075 0.5 0
-0.0847545 0.46865 1


-0.075 0.525 0
-0.0738489 0.497318 1


-0.075 0.55 0
-0.0624155 0.526178 1


-0.075 0.575 0
-0.0502886 0.555275 1


-0.075 0.6 0
-0.0372828 0.584649 1


-0.075 0.625 0
-0.0231505 0.614377 1


-0.075 0.65 0
-0.00802653 0.64446 1


-0.075 0.675 0
0.00743881 0.674708 1


-0.075 0.7 0
0.0235833 0.705458 1


-0.05 0.375 0
-0.107325 0.33175 1


-0.05 0.4 0
-0.0970556 0.360146 1


-0.05 0.425 0
-0.0867697 0.3886 1


-0.05 0.45 0
-0.0764518 0.417095 1


-0.05 0.475 0
-0.0660504 0.445602 1


-0.05 0.5 0
-0.0554537 0.474124 1


-0.05 0.525 0
-0.0445024 0.502721 1


-0.05 0.55 0
-0.0330256 0.531457 1


-0.05 0.575 0
-0.0208614 0.560384 1


-0.05 0.6 0
-0.00784809 0.589546 1


-0.05 0.625 0
0.00615066 0.618992 1


-0.05 0.65 0
0.0209332 0.64874 1


-0.05 0.675 0
0.0360908 0.678709 1


-0.025 0.35 0
-0.0888823 0.308056 1


-0.025 0.375 0
-0.078548 0.336442 1


-0.025 0.4 0
-0.0682046 0.36494 1


-0.025 0.425 0
-0.057866 0.393468 1


-0.025 0.45 0
-0.0475205 0.421979 1


-0.025 0.475 0
-0.0371028 0.450439 1


-0.025 0.5 0
-0.0264824 0.478884 1


-0.025 0.525 0
-0.0155001 0.507377 1


-0.025 0.55 0
-0.00399451 0.53598 1


-0.025 0.575 0
0.00818108 0.564743 1


-0.025 0.6 0
0.0211376 0.593695 1


-0.025 0.625 0
0.0348858 0.622865 1


-0.025 0.65 0
0.0492301 0.652303 1


-0.025 0.675 0
0.064049 0.682048 1


0 0.35 0
-0.0604036 0.312259 1


0 0.375 0
-0.049981 0.340761 1


0 0.4 0
-0.0395813 0.369302 1


0 0.425 0
-0.0292102 0.397836 1


0 0.45 0
-0.0188566 0.42629 1


0 0.475 0
-0.00842841 0.454665 1


0 0.5 0
0.00221521 0.483014 1


0 0.525 0
0.0132273 0.511398 1


0 0.55 0
0.0247556 0.539872 1


0 0.575 0
0.036924 0.568482 1


0 0.6 0
0.0497909 0.597249 1


0 0.625 0
0.0632866 0.626213 1


0 0.65 0
0.0772511 0.655427 1


0 0.675 0
0.0917795 0.685029 1


0.025 0.35 0
-0.0320529 0.316182 1


0.025 0.375 0
-0.0215952 0.344706 1


0.025 0.4 0
-0.0111595 0.37324 1


0.025 0.425 0
-0.000771146 0.401723 1


0.025 0.45 0
0.00958841 0.43009 1


0.025 0.475 0
0.020035 0.458371 1


0.025 0.5 0
0.0307115 0.486625 1


0.025 0.525 0
0.0417612 0.514906 1


0.025 0.55 0
0.0533162 0.543267 1


0.025 0.575 0
0.0654728 0.571746 1


0.025 0.6 0
0.0782375 0.600378 1


0.025 0.625 0
0.0915018 0.629213 1


0.025 0.65 0
0.105191 0.658292 1


0.025 0.675 0
0.119487 0.6878 1


0.05 0.35 0
-0.00380748 0.319827 1


0.05 0.375 0
0.00666075 0.348318 1


0.05 0.4 0
0.0171093 0.376797 1


0.05 0.425 0
0.0275035 0.405196 1


0.05 0.45 0
0.0378775 0.433469 1


0.05 0.475 0
0.0483581 0.461662 1


0.05 0.5 0
0.0590836 0.489829 1


0.05 0.525 0
0.0701862 0.518022 1


0.05 0.55 0
0.0817784 0.54629 1


0.05 0.575 0
0.0939169 0.574676 1


0.05 0.6 0
0.106552 0.603229 1


0.05 0.625 0
0.11961 0.631983 1


0.05 0.65 0
0.133105 0.660988 1


0.075 0.35 0
0.0243751 0.323202 1


0.075 0.375 0
0.0348353 0.351644 1


0.075 0.4 0
0.0452748 0.380041 1


0.075 0.425 0
0.0556726 0.408341 1


0.075 0.45 0
0.0660774 0.436525 1


0.075 0.475 0
0.076613 0.464638 1


0.075 0.5 0
0.0874091 0.49273 1


0.075 0.525 0
0.0985813 0.520852 1


0.075 0.55 0
0.110207 0.549058 1


0.075 0.575 0
0.122289 0.577396 1


0.075 0.6 0
0.134777 0.6059 1


0.075 0.625 0
0.14765 0.634593 1


0.075 0.65 0
0.161022 0.663578 1


0.1 0.35 0
0.0525193 0.326375 1


0.1 0.375 0
0.0629595 0.35474 1


0.1 0.4 0
0.0733846 0.38304 1


0.1 0.425 0
0.0837974 0.411239 1


0.1 0.45 0
0.0942558 0.43934 1


0.1 0.475 0
0.104872 0.467381 1


0.1 0.5 0
0.115756 0.495411 1


0.1 0.525 0
0.12699 0.523492 1


0.1 0.55 0
0.138603 0.551677 1


0.1 0.575 0
0.150595 0.579995 1


0.1 0.6 0
0.162942 0.608459 1


0.1 0.625 0
0.175673 0.637102 1


0.125 0.35 0
0.0806249 0.329351 1


0.125 0.375 0
0.0910583 0.357643 1


0.125 0.4 0
0.101488 0.385857 1


0.125 0.425 0
0.111936 0.413966 1


0.125 0.45 0
0.122467 0.441993 1


0.125 0.475 0
0.133172 0.469976 1


0.125 0.5 0
0.144126 0.497968 1


0.125 0.525 0
0.155382 0.526038 1


0.125 0.55 0
0.166949 0.554218 1


0.125 0.575 0
0.178836 0.582515 1


0.125 0.6 0
0.191054 0.610935 1


0.15 0.375 0
0.119166 0.36043 1


0.15 0.4 0
0.129617 0.388568 1


0.15 0.425 0
0.140111 0.416612 1


0.15 0.45 0
0.150706 0.444589 1


0.15 0.475 0
0.161476 0.472535 1


0.15 0.5 0
0.172464 0.5005 1


0.15 0.525 0
0.18372 0.528549 1


0.15 0.55 0
0.195222 0.5567 1


0.15 0.575 0
0.206967 0.584954 1


0.175 0.4 0
0.157778 0.391201 1


0.175 0.425 0
0.16832 0.419211 1


0.175 0.45 0
0.178959 0.447171 1


0.175 0.475 0
0.189754 0.475101 1


0.175 0.5 0
0.200705 0.503041 1


0.175 0.525 0
0.211824 0.531017 1


