-0.175 0.45 0
-0.187591 0.4276 1


-0.175 0.475 0
-0.183296 0.452739 1


-0.175 0.5 0
-0.178945 0.47786 1


-0.175 0.525 0
-0.174429 0.503073 1


-0.175 0.55 0
-0.169486 0.528781 1


-0.175 0.575 0
-0.164101 0.555099 1


-0.175 0.6 0
-0.158368 0.581604 1


-0.175 0.625 0
-0.152368 0.608005 1


-0.15 0.4 0
-0.170099 0.379819 1


-0.15 0.425 0
-0.165767 0.40508 1


-0.15 0.45 0
-0.161435 0.43032 1


-0.15 0.475 0
-0.157091 0.455543 1


-0.15 0.5 0
-0.152672 0.480788 1


-0.15 0.525 0
-0.148075 0.506177 1


-0.15 0.55 0
-0.143121 0.531935 1


-0.15 0.575 0
-0.137736 0.558098 1


-0.15 0.6 0
-0.131988 0.584439 1


-0.15 0.625 0
-0.125929 0.61078 1


-0.15 0.65 0
-0.119586 0.637103 1


-0.125 0.375 0
-0.148589 0.356711 1


-0.125 0.4 0
-0.144204 0.38207 1


-0.125 0.425 0
-0.139823 0.40743 1


-0.125 0.45 0
-0.135437 0.432779 1


-0.125 0.475 0
-0.131014 0.45814 1


-0.125 0.5 0
-0.126496 0.48355 1


-0.125 0.525 0
-0.121789 0.509095 1


-0.125 0.55 0
-0.116785 0.534868 1


-0.125 0.575 0
-0.111418 0.560872 1


-0.125 0.6 0
-0.105683 0.587042 1


-0.125 0.625 0
-0.0995781 0.613284 1


-0.125 0.65 0
-0.0931464 0.63952 1


-0.125 0.675 0
-0.0864315 0.665817 1


-0.1 0.35 0
-0.127317 0.333219 1


-0.1 0.375 0
-0.122861 0.358664 1


-0.1 0.4 0
-0.118419 0.38412 1


-0.1 0.425 0
-0.113988 0.409572 1


-0.1 0.45 0
-0.109548 0.435027 1


-0.1 0.475 0
-0.105063 0.460499 1


-0.1 0.5 0
-0.100469 0.486017 1


-0.1 0.525 0
-0.095687 0.51163 1


-0.1 0.55 0
-0.0906373 0.537374 1


-0.1 0.575 0
-0.0852574 0.563262 1


-0.1 0.6 0
-0.0794953 0.589297 1


-0.1 0.625 0
-0.0733037 0.615464 1


-0.1 0.65 0
-0.0667414 0.641689 1


-0.1 0.675 0
-0.0599259 0.667952 1


-0.075 0.35 0
-0.101748 0.334888 1


-0.075 0.375 0
-0.0972342 0.360424 1


-0.075 0.4 0
-0.0927411 0.385963 1


-0.075 0.425 0
-0.0882643 0.411495 1


-0.075 0.45 0
-0.0837841 0.437018 1


-0.075 0.475 0
-0.079257 0.46254 1


-0.075 0.5 0
-0.0746186 0.48809 1


-0.075 0.525 0
-0.0697939 0.513704 1


-0.075 0.55 0
-0.0647078 0.539408 1


-0.075 0.575 0
-0.0592924 0.565221 1


-0.075 0.6 0
-0.0534733 0.591168 1


-0.075 0.625 0
-0.0471564 0.617283 1


-0.075 0.65 0
-0.0404053 0.643508 1


-0.075 0.675 0
-0.0334572 0.669681 1


-0.05 0.325 0
-0.0808477 0.310837 1


-0.05 0.35 0
-0.0762645 0.336389 1


-0.05 0.375 0
-0.0717041 0.361991 1


-0.05 0.4 0
-0.0671687 0.387588 1


-0.05 0.425 0
-0.0626571 0.413167 1


-0.05 0.45 0
-0.0581466 0.438717 1


-0.05 0.475 0
-0.0535887 0.464253 1


-0.05 0.5 0
-0.0489182 0.489801 1


-0.05 0.525 0
-0.0440611 0.515392 1


-0.05 0.55 0
-0.0389425 0.541053 1


-0.05 0.575 0
-0.033492 0.566807 1


-0.05 0.6 0
-0.0276237 0.592685 1


-0.05 0.625 0
-0.0212121 0.618749 1


-0.05 0.65 0
-0.0143277 0.644953 1


-0.05 0.675 0
-0.00730306 0.67109 1


-0.025 0.325 0
-0.0555084 0.312076 1


-0.025 0.35 0
-0.0508725 0.337712 1


-0.025 0.375 0
-0.0462708 0.363355 1


-0.025 0.4 0
-0.0416981 0.388985 1


-0.025 0.425 0
-0.0371591 0.414579 1


-0.025 0.45 0
-0.0326246 0.440131 1


-0.025 0.475 0
-0.0280406 0.465659 1


-0.025 0.5 0
-0.0233416 0.491189 1


-0.025 0.525 0
-0.0184554 0.516749 1


-0.025 0.55 0
-0.0133092 0.542365 1


-0.025 0.575 0
-0.00783372 0.568062 1


-0.025 0.6 0
-0.00194699 0.593871 1


-0.025 0.625 0
0.00445819 0.619847 1


-0.025 0.65 0
0.0112966 0.645967 1


-0.025 0.675 0
0.0182709 0.672105 1


0 0.325 0
-0.0302139 0.31319 1


0 0.35 0
-0.0255579 0.338855 1


0 0.375 0
-0.0209227 0.364516 1


0 0.4 0
-0.0163169 0.390156 1


0 0.425 0
-0.0117548 0.415744 1


0 0.45 0
-0.00719849 0.441282 1


0 0.475 0
-0.00258922 0.466792 1


0 0.5 0
0.00213758 0.492295 1


0 0.525 0
0.00705063 0.517818 1


0 0.55 0
0.0122186 0.543387 1


0 0.575 0
0.0177056 0.569027 1


0 0.6 0
0.0235765 0.594764 1


0 0.625 0
0.0298858 0.620629 1


0 0.65 0
0.0365434 0.646623 1


0 0.675 0
0.0433771 0.672698 1


0.025 0.325 0
-0.00494889 0.314185 1


0.025 0.35 0
-0.000284321 0.339842 1


0.025 0.375 0
0.0043694 0.365494 1


0.025 0.4 0
0.0089958 0.391122 1


0.025 0.425 0
0.0135771 0.41669 1


0.025 0.45 0
0.0181561 0.442205 1


0.025 0.475 0
0.0227926 0.467687 1


0.025 0.5 0
0.0275485 0.493159 1


0.025 0.525 0
0.0324877 0.518644 1


0.025 0.55 0
0.037673 0.544167 1


0.025 0.575 0
0.0431607 0.569753 1


0.025 0.6 0
0.048996 0.59542 1


0.025 0.625 0
0.0551866 0.621189 1


0.025 0.65 0
0.0616437 0.64707 1


0.025 0.675 0
0.0683142 0.67307 1


0.05 0.325 0
0.0203073 0.315037 1


0.05 0.35 0
0.0249725 0.340682 1


0.05 0.375 0
0.0296279 0.366311 1


0.05 0.4 0
0.034261 0.391909 1


0.05 0.425 0
0.0388597 0.417447 1


0.05 0.45 0
0.0434646 0.442933 1


0.05 0.475 0
0.0481323 0.468386 1


0.05 0.5 0
0.0529204 0.493824 1


0.05 0.525 0
0.0578872 0.519273 1


0.05 0.55 0
0.0630885 0.544755 1


0.05 0.575 0
0.068572 0.570292 1


0.05 0.6 0
0.0743644 0.595902 1


0.05 0.625 0
0.0804417 0.621604 1


0.05 0.65 0
0.0867382 0.647409 1


0.05 0.675 0
0.0932696 0.67335 1


0.075 0.325 0
0.0455567 0.315787 1


0.075 0.35 0
0.0502138 0.341401 1


0.075 0.375 0
0.0548618 0.366991 1


0.075 0.4 0
0.0594974 0.392547 1


0.075 0.425 0
0.0641163 0.418049 1


0.075 0.45 0
0.0687521 0.443503 1


0.075 0.475 0
0.0734559 0.468923 1


0.075 0.5 0
0.078281 0.49433 1


0.075 0.525 0
0.083279 0.519746 1


0.075 0.55 0
0.0884979 0.545193 1


0.075 0.575 0
0.0939738 0.570691 1


0.075 0.6 0
0.0997119 0.596261 1


0.075 0.625 0
0.105681 0.621922 1


0.075 0.65 0
0.111857 0.647684 1


0.075 0.675 0
0.118308 0.673612 1


0.1 0.325 0
0.0707925 0.316447 1


0.1 0.35 0
0.0754388 0.342001 1


0.1 0.375 0
0.0800834 0.367548 1


0.1 0.4 0
0.0847267 0.393064 1


0.1 0.425 0
0.0893697 0.418524 1


0.1 0.45 0
0.0940421 0.443942 1


0.1 0.475 0
0.0987892 0.46933 1


0.1 0.5 0
0.103658 0.494705 1


0.1 0.525 0
0.108691 0.520093 1


0.1 0.55 0
0.113924 0.545516 1


0.1 0.575 0
0.119379 0.570993 1


0.1 0.6 0
0.125049 0.596543 1


0.1 0.625 0
0.130917 0.622175 1


0.1 0.65 0
0.137007 0.647917 1


0.125 0.35 0
0.100649 0.342472 1


0.125 0.375 0
0.105304 0.367989 1


0.125 0.4 0
0.109967 0.393478 1


0.125 0.425 0
0.11464 0.418899 1


0.125 0.45 0
0.119356 0.444277 1


0.125 0.475 0
0.124155 0.469626 1


0.125 0.5 0
0.129072 0.494969 1


0.125 0.525 0
0.134134 0.520342 1


0.125 0.55 0
0.139365 0.545764 1


0.125 0.575 0
0.144781 0.571241 1


0.125 0.6 0
0.150381 0.596777 1


0.125 0.625 0
0.156164 0.622385 1


0.15 0.375 0
0.130548 0.368376 1


0.15 0.4 0
0.135233 0.393827 1


0.15 0.425 0
0.139938 0.419212 1


0.15 0.45 0
0.144697 0.444553 1


0.15 0.475 0
0.149546 0.469865 1


0.15 0.5 0
0.154503 0.495182 1


0.15 0.525 0
0.159585 0.520549 1


0.15 0.55 0
0.164802 0.545977 1


0.15 0.575 0
0.170173 0.571455 1


0.15 0.6 0
0.175705 0.596976 1


0.175 0.4 0
0.160527 0.394129 1


0.175 0.425 0
0.165264 0.419488 1


0.175 0.45 0
0.17006 0.444803 1


0.175 0.475 0
0.174946 0.470091 1


0.175 0.5 0
0.179928 0.495387 1


0.175 0.525 0
0.185024 0.520739 1


0.175 0.55 0
0.190219 0.546155 1


0.175 0.575 0
0.195509 0.571617 1


