-0.175 0.4 0
-0.175632 0.397425 1


-0.175 0.425 0
-0.174456 0.421583 1


-0.175 0.45 0
-0.173291 0.44571 1


-0.175 0.475 0
-0.172114 0.469829 1


-0.175 0.5 0
-0.170878 0.493969 1


-0.175 0.525 0
-0.169495 0.518256 1


-0.175 0.55 0
-0.167961 0.542871 1


-0.175 0.575 0
-0.166284 0.567645 1


-0.175 0.6 0
-0.164484 0.5924 1


-0.175 0.625 0
-0.162586 0.617164 1


-0.15 0.375 0
-0.152318 0.373969 1


-0.15 0.4 0
-0.151099 0.398197 1


-0.15 0.425 0
-0.149898 0.422402 1


-0.15 0.45 0
-0.148707 0.446586 1


-0.15 0.475 0
-0.147505 0.470768 1


-0.15 0.5 0
-0.14625 0.495 1


-0.15 0.525 0
-0.14487 0.519374 1


-0.15 0.55 0
-0.143324 0.543926 1


-0.15 0.575 0
-0.141626 0.568587 1


-0.15 0.6 0
-0.139799 0.593291 1


-0.15 0.625 0
-0.137854 0.618017 1


-0.15 0.65 0
-0.13578 0.642774 1


-0.125 0.35 0
-0.129136 0.350292 1


-0.125 0.375 0
-0.127865 0.374584 1


-0.125 0.4 0
-0.126618 0.39886 1


-0.125 0.425 0
-0.125389 0.423121 1


-0.125 0.45 0
-0.124165 0.447373 1


-0.125 0.475 0
-0.122925 0.471635 1


-0.125 0.5 0
-0.12163 0.495943 1


-0.125 0.525 0
-0.12023 0.520341 1


-0.125 0.55 0
-0.118687 0.544838 1


-0.125 0.575 0
-0.116994 0.569419 1


-0.125 0.6 0
-0.115151 0.594061 1


-0.125 0.625 0
-0.113164 0.618745 1


-0.125 0.65 0
-0.111039 0.643457 1


-0.125 0.675 0
-0.108761 0.668217 1


-0.1 0.325 0
-0.106095 0.326399 1


-0.1 0.35 0
-0.104764 0.350747 1


-0.1 0.375 0
-0.103459 0.375095 1


-0.1 0.4 0
-0.102181 0.399425 1


-0.1 0.425 0
-0.100924 0.42374 1


-0.1 0.45 0
-0.0996724 0.448049 1


-0.1 0.475 0
-0.0984006 0.472366 1


-0.1 0.5 0
-0.0970734 0.496715 1


-0.1 0.525 0
-0.0956522 0.521117 1


-0.1 0.55 0
-0.0941032 0.545584 1


-0.1 0.575 0
-0.0924021 0.570116 1


-0.1 0.6 0
-0.0905336 0.59471 1


-0.1 0.625 0
-0.0884958 0.619356 1


-0.1 0.65 0
-0.0863123 0.644037 1


-0.1 0.675 0
-0.0839875 0.668751 1


-0.075 0.325 0
-0.0818045 0.326708 1


-0.075 0.35 0
-0.0804368 0.35111 1


-0.075 0.375 0
-0.0790997 0.375503 1


-0.075 0.4 0
-0.0777918 0.399878 1


-0.075 0.425 0
-0.0765097 0.424234 1


-0.075 0.45 0
-0.0752358 0.448579 1


-0.075 0.475 0
-0.0739421 0.472926 1


-0.075 0.5 0
-0.072594 0.497292 1


-0.075 0.525 0
-0.0711543 0.521695 1


-0.075 0.55 0
-0.0695876 0.546146 1


-0.075 0.575 0
-0.0678635 0.570652 1


-0.075 0.6 0
-0.0659569 0.595218 1


-0.075 0.625 0
-0.0638527 0.619848 1


-0.075 0.65 0
-0.0615831 0.644519 1


-0.075 0.675 0
-0.0591863 0.6692 1


-0.05 0.325 0
-0.0575585 0.326932 1


-0.05 0.35 0
-0.0561579 0.351373 1


-0.05 0.375 0
-0.0547873 0.3758 1


-0.05 0.4 0
-0.0534505 0.400208 1


-0.05 0.425 0
-0.0521459 0.424592 1


-0.05 0.45 0
-0.0508524 0.448959 1


-0.05 0.475 0
-0.0495401 0.473322 1


-0.05 0.5 0
-0.0481737 0.497696 1


-0.05 0.525 0
-0.0467153 0.522097 1


-0.05 0.55 0
-0.0451276 0.546537 1


-0.05 0.575 0
-0.0433768 0.571026 1


-0.05 0.6 0
-0.0414287 0.595577 1


-0.05 0.625 0
-0.0392471 0.620209 1


-0.05 0.65 0
-0.0368656 0.644887 1


-0.05 0.675 0
-0.0343839 0.669504 1


-0.025 0.325 0
-0.0333497 0.327065 1


-0.025 0.35 0
-0.031923 0.351529 1


-0.025 0.375 0
-0.0305175 0.375983 1


-0.025 0.4 0
-0.0291521 0.400414 1


-0.025 0.425 0
-0.0278271 0.424814 1


-0.025 0.45 0
-0.0265156 0.449194 1


-0.025 0.475 0
-0.0251854 0.473565 1


-0.025 0.5 0
-0.0238008 0.497941 1


-0.025 0.525 0
-0.0223237 0.522338 1


-0.025 0.55 0
-0.0207157 0.546769 1


-0.025 0.575 0
-0.0189411 0.571244 1


-0.025 0.6 0
-0.0169582 0.595783 1


-0.025 0.625 0
-0.0147093 0.620421 1


-0.025 0.65 0
-0.0122302 0.645108 1


-0.025 0.675 0
-0.00968044 0.669685 1


0 0.325 0
-0.00915107 0.327121 1


0 0.35 0
-0.00770678 0.351594 1


0 0.375 0
-0.0062756 0.37606 1


0 0.4 0
-0.00488763 0.400501 1


0 0.425 0
-0.00354501 0.424908 1


0 0.45 0
-0.00221647 0.449292 1


0 0.475 0
-0.00086845 0.473664 1


0 0.5 0
0.000534162 0.498039 1


0 0.525 0
0.00202907 0.52243 1


0 0.55 0
0.00365414 0.546851 1


0 0.575 0
0.00544516 0.571313 1


0 0.6 0
0.00744494 0.595837 1


0 0.625 0
0.00971245 0.620459 1


0 0.65 0
0.0122096 0.645133 1


0 0.675 0
0.0147726 0.669706 1


0.025 0.325 0
0.0150691 0.327105 1


0.025 0.35 0
0.0165183 0.351576 1


0.025 0.375 0
0.0179557 0.376039 1


0.025 0.4 0
0.0193539 0.400477 1


0.025 0.425 0
0.0207106 0.424882 1


0.025 0.45 0
0.0220558 0.449263 1


0.025 0.475 0
0.0234218 0.473633 1


0.025 0.5 0
0.0248425 0.498002 1


0.025 0.525 0
0.0263537 0.522386 1


0.025 0.55 0
0.0279916 0.546796 1


0.025 0.575 0
0.0297899 0.571246 1


0.025 0.6 0
0.0317847 0.59575 1


0.025 0.625 0
0.0340142 0.620332 1


0.025 0.65 0
0.036438 0.644967 1


0.025 0.675 0
0.0389499 0.669563 1


0.05 0.325 0
0.039311 0.327025 1


0.05 0.35 0
0.0407533 0.351483 1


0.05 0.375 0
0.0421815 0.37593 1


0.05 0.4 0
0.043581 0.400354 1


0.05 0.425 0
0.0449499 0.424748 1


0.05 0.45 0
0.0463121 0.449121 1


0.05 0.475 0
0.0476971 0.473482 1


0.05 0.5 0
0.0491363 0.497844 1


0.05 0.525 0
0.0506629 0.522219 1


0.05 0.55 0
0.0523099 0.546621 1


0.05 0.575 0
0.0541076 0.571058 1


0.05 0.6 0
0.0560834 0.595542 1


0.05 0.625 0
0.0582519 0.620085 1


0.05 0.65 0
0.0605727 0.64468 1


0.05 0.675 0
0.0630052 0.669307 1


0.075 0.325 0
0.063553 0.326881 1


0.075 0.35 0
0.0649839 0.351315 1


0.075 0.375 0
0.066401 0.375738 1


0.075 0.4 0
0.0678011 0.40014 1


0.075 0.425 0
0.0691825 0.424518 1


0.075 0.45 0
0.0705631 0.448876 1


0.075 0.475 0
0.0719688 0.473226 1


0.075 0.5 0
0.0734278 0.497578 1


0.075 0.525 0
0.0749697 0.521946 1


0.075 0.55 0
0.0766235 0.546339 1


0.075 0.575 0
0.0784157 0.570767 1


0.075 0.6 0
0.0803653 0.595237 1


0.075 0.625 0
0.0824711 0.619757 1


0.075 0.65 0
0.084704 0.644325 1


0.075 0.675 0
0.0870628 0.668947 1


0.1 0.325 0
0.0877838 0.326666 1


0.1 0.35 0
0.0892076 0.351072 1


0.1 0.375 0
0.0906192 0.375468 1


0.1 0.4 0
0.0920224 0.399847 1


0.1 0.425 0
0.0934173 0.424201 1


0.1 0.45 0
0.0948189 0.448541 1


0.1 0.475 0
0.0962486 0.472875 1


0.1 0.5 0
0.09773 0.497215 1


0.1 0.525 0
0.0992877 0.521576 1


0.1 0.55 0
0.100947 0.545966 1


0.1 0.575 0
0.102729 0.57039 1


0.1 0.6 0
0.104645 0.594856 1


0.1 0.625 0
0.10669 0.619367 1


0.1 0.65 0
0.108855 0.643925 1


0.1 0.675 0
0.111164 0.668552 1


0.125 0.35 0
0.113425 0.35075 1


0.125 0.375 0
0.114838 0.37512 1


0.125 0.4 0
0.116252 0.399481 1


0.125 0.425 0
0.117663 0.42381 1


0.125 0.45 0
0.119089 0.448124 1


0.125 0.475 0
0.12055 0.472436 1


0.125 0.5 0
0.122058 0.496758 1


0.125 0.525 0
0.12363 0.521116 1


0.125 0.55 0
0.125288 0.545514 1


0.125 0.575 0
0.127052 0.569948 1


0.125 0.6 0
0.12893 0.594419 1


0.125 0.625 0
0.130918 0.618928 1


0.125 0.65 0
0.133028 0.643487 1


0.15 0.375 0
0.139074 0.374728 1


0.15 0.4 0
0.140497 0.399063 1


0.15 0.425 0
0.141925 0.423364 1


0.15 0.45 0
0.143378 0.447645 1


0.15 0.475 0
0.14487 0.471922 1


0.15 0.5 0
0.146406 0.496226 1


0.15 0.525 0
0.147992 0.520592 1


0.15 0.55 0
0.149643 0.545011 1


0.15 0.575 0
0.151383 0.569464 1


0.15 0.6 0
0.153222 0.593942 1


0.15 0.625 0
0.15516 0.61845 1


0.175 0.4 0
0.164761 0.398599 1


0.175 0.425 0
0.166206 0.422877 1


0.175 0.45 0
0.167676 0.447115 1


0.175 0.475 0
0.169185 0.471342 1


0.175 0.5 0
0.170751 0.495652 1


0.175 0.525 0
0.172356 0.520042 1


0.175 0.55 0
0.174001 0.544477 1


0.175 0.575 0
0.175714 0.56894 1


0.175 0.6 0
0.17751 0.593423 1


