-0.2 0.575 0
-0.22495 0.484318 1


-0.2 0.6 0
-0.20422 0.519829 1


-0.2 0.625 0
-0.182605 0.55573 1


-0.2 0.65 0
-0.160321 0.591734 1


-0.2 0.675 0
-0.137525 0.627759 1


-0.175 0.525 0
-0.225192 0.430867 1


-0.175 0.55 0
-0.206861 0.463869 1


-0.175 0.575 0
-0.187785 0.497595 1


-0.175 0.6 0
-0.167589 0.532428 1


-0.175 0.625 0
-0.146158 0.568132 1


-0.175 0.65 0
-0.123714 0.604067 1


-0.175 0.675 0
-0.100646 0.639883 1


-0.175 0.7 0
-0.0770902 0.675571 1


-0.15 0.475 0
-0.224991 0.377999 1


-0.15 0.5 0
-0.207102 0.410693 1


-0.15 0.525 0
-0.18899 0.443563 1


-0.15 0.55 0
-0.170529 0.476716 1


-0.15 0.575 0
-0.151396 0.510439 1


-0.15 0.6 0
-0.131205 0.545053 1


-0.15 0.625 0
-0.109758 0.580407 1


-0.15 0.65 0
-0.0871287 0.615978 1


-0.15 0.675 0
-0.0638605 0.651453 1


-0.15 0.7 0
-0.0402358 0.686827 1


-0.125 0.45 0
-0.207622 0.356834 1


-0.125 0.475 0
-0.189789 0.389526 1


-0.125 0.5 0
-0.171799 0.422374 1


-0.125 0.525 0
-0.153553 0.45544 1


-0.125 0.55 0
-0.134884 0.488854 1


-0.125 0.575 0
-0.11552 0.522784 1


-0.125 0.6 0
-0.0951802 0.557263 1


-0.125 0.625 0
-0.0736099 0.592104 1


-0.125 0.65 0
-0.0507298 0.627152 1


-0.125 0.675 0
-0.0272735 0.66229 1


-0.125 0.7 0
-0.00362078 0.697475 1


-0.1 0.425 0
-0.190832 0.334925 1


-0.1 0.45 0
-0.173027 0.367576 1


-0.1 0.475 0
-0.155091 0.400413 1


-0.1 0.5 0
-0.136986 0.433439 1


-0.1 0.525 0
-0.118614 0.466701 1


-0.1 0.55 0
-0.0997914 0.500255 1


-0.1 0.575 0
-0.0802675 0.534112 1


-0.1 0.6 0
-0.0597921 0.568201 1


-0.1 0.625 0
-0.0380811 0.602482 1


-0.1 0.65 0
-0.015114 0.637041 1


-0.1 0.675 0
0.00839302 0.671888 1


-0.1 0.7 0
0.0323292 0.707231 1


-0.075 0.425 0
-0.156674 0.34501 1


-0.075 0.45 0
-0.138775 0.377814 1


-0.075 0.475 0
-0.120752 0.41079 1


-0.075 0.5 0
-0.102572 0.443938 1


-0.075 0.525 0
-0.0841263 0.477233 1


-0.075 0.55 0
-0.0652097 0.510643 1


-0.075 0.575 0
-0.045578 0.544169 1


-0.075 0.6 0
-0.0250027 0.577804 1


-0.075 0.625 0
-0.00330566 0.611571 1


-0.075 0.65 0
0.0193682 0.645627 1


-0.075 0.675 0
0.0425847 0.680068 1


-0.075 0.7 0
0.0670004 0.715727 1


-0.05 0.4 0
-0.140727 0.321892 1


-0.05 0.425 0
-0.122809 0.354636 1


-0.05 0.45 0
-0.104823 0.38757 1


-0.05 0.475 0
-0.0867468 0.420629 1


-0.05 0.5 0
-0.0685345 0.453757 1


-0.05 0.525 0
-0.0500491 0.486867 1


-0.05 0.55 0
-0.0310656 0.519974 1


-0.05 0.575 0
-0.0113519 0.553123 1


-0.05 0.6 0
0.00926218 0.586334 1


-0.05 0.625 0
0.0307848 0.619652 1


-0.05 0.65 0
0.0530185 0.653287 1


-0.05 0.675 0
0.0758659 0.687398 1


-0.025 0.375 0
-0.125157 0.298402 1


-0.025 0.4 0
-0.107216 0.330979 1


-0.025 0.425 0
-0.0892088 0.363826 1


-0.025 0.45 0
-0.0711662 0.396807 1


-0.025 0.475 0
-0.0530717 0.42983 1


-0.025 0.5 0
-0.0348578 0.462758 1


-0.025 0.525 0
-0.0163411 0.495583 1


-0.025 0.55 0
0.00270985 0.52837 1


-0.025 0.575 0
0.022496 0.561174 1


-0.025 0.6 0
0.0430987 0.594025 1


-0.025 0.625 0
0.064403 0.627033 1


-0.025 0.65 0
0.0862499 0.660377 1


-0.025 0.675 0
0.108793 0.694293 1


0 0.375 0
-0.0919518 0.3069 1


0 0.4 0
-0.0739082 0.339633 1


0 0.425 0
-0.05585 0.372519 1


0 0.45 0
-0.0377885 0.405463 1


0 0.475 0
-0.0197113 0.4383 1


0 0.5 0
-0.00149445 0.470957 1


0 0.525 0
0.0170768 0.5035 1


0 0.55 0
0.0362191 0.536004 1


0 0.575 0
0.0560798 0.568524 1


0 0.6 0
0.0766372 0.601131 1


0 0.625 0
0.0977266 0.633957 1


0 0.65 0
0.1193 0.667126 1


0 0.675 0
0.141604 0.700915 1


0.025 0.375 0
-0.0589122 0.31505 1


0.025 0.4 0
-0.0408131 0.347837 1


0.025 0.425 0
-0.0227256 0.380693 1


0.025 0.45 0
-0.00467443 0.413492 1


0.025 0.475 0
0.0133882 0.446077 1


0.025 0.5 0
0.0316453 0.478478 1


0.025 0.525 0
0.0503157 0.510782 1


0.025 0.55 0
0.0695815 0.54306 1


0.025 0.575 0
0.0895025 0.575387 1


0.025 0.6 0
0.10996 0.607868 1


0.025 0.625 0
0.130855 0.640576 1


0.025 0.65 0
0.152242 0.673632 1


0.05 0.35 0
-0.0441209 0.290336 1


0.05 0.375 0
-0.0260108 0.322868 1


0.05 0.4 0
-0.00789544 0.355605 1


0.05 0.425 0
0.0101965 0.388351 1


0.05 0.45 0
0.0282315 0.420934 1


0.05 0.475 0
0.0463196 0.453283 1


0.05 0.5 0
0.0646737 0.485473 1


0.05 0.525 0
0.0834921 0.517592 1


0.05 0.55 0
0.102882 0.549722 1


0.05 0.575 0
0.12279 0.581961 1


0.05 0.6 0
0.143116 0.614378 1


0.05 0.625 0
0.163848 0.647018 1


0.075 0.35 0
-0.011351 0.297711 1


0.075 0.375 0
0.00677863 0.330326 1


0.075 0.4 0
0.0248915 0.36296 1


0.075 0.425 0
0.0429724 0.395536 1


0.075 0.45 0
0.0610198 0.4279 1


0.075 0.475 0
0.079195 0.460053 1


0.075 0.5 0
0.0977037 0.492083 1


0.075 0.525 0
0.116675 0.524087 1


0.075 0.55 0
0.136104 0.556161 1


0.075 0.575 0
0.155936 0.588368 1


0.075 0.6 0
0.17614 0.620743 1


0.075 0.625 0
0.196755 0.653334 1


0.1 0.35 0
0.0213879 0.304861 1


0.1 0.375 0
0.0395037 0.337452 1


0.1 0.4 0
0.0575999 0.369953 1


0.1 0.425 0
0.0756798 0.402334 1


0.1 0.45 0
0.0937959 0.434504 1


0.1 0.475 0
0.112114 0.466509 1


0.1 0.5 0
0.130771 0.498447 1


0.1 0.525 0
0.149809 0.530414 1


0.1 0.55 0
0.169204 0.56248 1


0.1 0.575 0
0.188948 0.594668 1


0.1 0.6 0
0.20904 0.626993 1


0.125 0.35 0
0.0540981 0.31182 1


0.125 0.375 0
0.0721965 0.344299 1


0.125 0.4 0
0.0902883 0.376656 1


0.125 0.425 0
0.108403 0.408862 1


0.125 0.45 0
0.126619 0.440894 1


0.125 0.475 0
0.145054 0.472815 1


0.125 0.5 0
0.163779 0.504717 1


0.125 0.525 0
0.182824 0.536662 1


0.125 0.55 0
0.202164 0.568709 1


0.125 0.575 0
0.221798 0.600869 1


0.15 0.375 0
0.104888 0.350958 1


0.15 0.4 0
0.122998 0.383188 1


0.15 0.425 0
0.141163 0.415279 1


0.15 0.45 0
0.159447 0.447235 1


0.15 0.475 0
0.177933 0.479101 1


0.15 0.5 0
0.196663 0.510975 1


0.15 0.525 0
0.215645 0.542874 1


0.175 0.4 0
0.155741 0.389598 1


0.175 0.425 0
0.173954 0.421637 1


0.175 0.45 0
0.192249 0.453587 1


0.175 0.475 0
0.210657 0.485421 1


