-0.175 0.425 0
-0.185379 0.40956 1


-0.175 0.45 0
-0.182113 0.43434 1


-0.175 0.475 0
-0.178835 0.459094 1


-0.175 0.5 0
-0.175512 0.483852 1


-0.175 0.525 0
-0.172011 0.50873 1


-0.175 0.55 0
-0.168169 0.534077 1


-0.175 0.575 0
-0.164012 0.559871 1


-0.175 0.6 0
-0.159606 0.585736 1


-0.175 0.625 0
-0.155015 0.611582 1


-0.15 0.4 0
-0.163202 0.386575 1


-0.15 0.425 0
-0.159892 0.411467 1


-0.15 0.45 0
-0.156588 0.436328 1


-0.15 0.475 0
-0.15327 0.461168 1


-0.15 0.5 0
-0.149888 0.48604 1


-0.15 0.525 0
-0.146342 0.511068 1


-0.15 0.55 0
-0.142496 0.536418 1


-0.15 0.575 0
-0.138328 0.562046 1


-0.15 0.6 0
-0.1339 0.587784 1


-0.15 0.625 0
-0.129246 0.613552 1


-0.15 0.65 0
-0.124368 0.639344 1


-0.125 0.375 0
-0.141243 0.363223 1


-0.125 0.4 0
-0.137877 0.388203 1


-0.125 0.425 0
-0.134524 0.413174 1


-0.125 0.45 0
-0.13117 0.438131 1


-0.125 0.475 0
-0.127788 0.463094 1


-0.125 0.5 0
-0.124325 0.488104 1


-0.125 0.525 0
-0.120703 0.513237 1


-0.125 0.55 0
-0.116836 0.538554 1


-0.125 0.575 0
-0.112687 0.564035 1


-0.125 0.6 0
-0.108256 0.589632 1


-0.125 0.625 0
-0.103549 0.615299 1


-0.125 0.65 0
-0.0985952 0.640999 1


-0.125 0.675 0
-0.0933978 0.666748 1


-0.1 0.35 0
-0.119483 0.339548 1


-0.1 0.375 0
-0.116049 0.364614 1


-0.1 0.4 0
-0.112636 0.389673 1


-0.1 0.425 0
-0.109239 0.414721 1


-0.1 0.45 0
-0.105841 0.439765 1


-0.1 0.475 0
-0.102406 0.464818 1


-0.1 0.5 0
-0.0988826 0.489911 1


-0.1 0.525 0
-0.0952045 0.515082 1


-0.1 0.55 0
-0.0913105 0.540358 1


-0.1 0.575 0
-0.0871529 0.565742 1


-0.1 0.6 0
-0.0826942 0.591234 1


-0.1 0.625 0
-0.0779097 0.616822 1


-0.1 0.65 0
-0.0728481 0.64247 1


-0.1 0.675 0
-0.0675689 0.668152 1


-0.075 0.35 0
-0.0944121 0.340702 1


-0.075 0.375 0
-0.0909336 0.365845 1


-0.075 0.4 0
-0.0874783 0.390971 1


-0.075 0.425 0
-0.0840435 0.416083 1


-0.075 0.45 0
-0.0806107 0.441179 1


-0.075 0.475 0
-0.0771408 0.466273 1


-0.075 0.5 0
-0.0735802 0.49139 1


-0.075 0.525 0
-0.0698679 0.516558 1


-0.075 0.55 0
-0.065944 0.541798 1


-0.075 0.575 0
-0.0617547 0.567124 1


-0.075 0.6 0
-0.0572444 0.592551 1


-0.075 0.625 0
-0.0523531 0.6181 1


-0.075 0.65 0
-0.0471343 0.643733 1


-0.075 0.675 0
-0.0417349 0.669338 1


-0.05 0.325 0
-0.0729598 0.316518 1


-0.05 0.35 0
-0.0694132 0.341717 1


-0.05 0.375 0
-0.065896 0.366913 1


-0.05 0.4 0
-0.0624036 0.392087 1


-0.05 0.425 0
-0.0589382 0.417234 1


-0.05 0.45 0
-0.0554782 0.442353 1


-0.05 0.475 0
-0.0519808 0.46746 1


-0.05 0.5 0
-0.0483919 0.492577 1


-0.05 0.525 0
-0.044651 0.517727 1


-0.05 0.55 0
-0.0406973 0.542934 1


-0.05 0.575 0
-0.0364741 0.568213 1


-0.05 0.6 0
-0.031914 0.593591 1


-0.05 0.625 0
-0.026922 0.619116 1


-0.05 0.65 0
-0.0215528 0.644742 1


-0.05 0.675 0
-0.0160585 0.670283 1


-0.025 0.325 0
-0.0480823 0.317365 1


-0.025 0.35 0
-0.0444935 0.342593 1


-0.025 0.375 0
-0.0409349 0.367814 1


-0.025 0.4 0
-0.037407 0.393012 1


-0.025 0.425 0
-0.033916 0.418172 1


-0.025 0.45 0
-0.0304328 0.443295 1


-0.025 0.475 0
-0.0269107 0.468399 1


-0.025 0.5 0
-0.0232953 0.493504 1


-0.025 0.525 0
-0.0195273 0.518632 1


-0.025 0.55 0
-0.0155469 0.543804 1


-0.025 0.575 0
-0.0112971 0.56904 1


-0.025 0.6 0
-0.00670845 0.59437 1


-0.025 0.625 0
-0.0016818 0.619844 1


-0.025 0.65 0
0.00372065 0.645432 1


-0.025 0.675 0
0.00923077 0.670981 1


0 0.325 0
-0.0232336 0.318074 1


0 0.35 0
-0.0196262 0.343313 1


0 0.375 0
-0.0160347 0.368545 1


0 0.4 0
-0.0124763 0.393752 1


0 0.425 0
-0.00896317 0.418909 1


0 0.45 0
-0.00545813 0.444026 1


0 0.475 0
-0.00191144 0.469117 1


0 0.5 0
0.00173017 0.494203 1


0 0.525 0
0.0055236 0.519303 1


0 0.55 0
0.009526 0.54444 1


0 0.575 0
0.0137911 0.569634 1


0 0.6 0
0.0183782 0.594909 1


0 0.625 0
0.023352 0.620303 1


0 0.65 0
0.0286434 0.645802 1


0 0.675 0
0.0340647 0.671327 1


0.025 0.325 0
0.00160351 0.318671 1


0.025 0.35 0
0.00522119 0.343903 1


0.025 0.375 0
0.00882912 0.369127 1


0.025 0.4 0
0.0124056 0.394324 1


0.025 0.425 0
0.0159377 0.419469 1


0.025 0.45 0
0.0194653 0.444569 1


0.025 0.475 0
0.023038 0.469641 1


0.025 0.5 0
0.0267068 0.494703 1


0.025 0.525 0
0.0305249 0.519775 1


0.025 0.55 0
0.0345447 0.544877 1


0.025 0.575 0
0.0388149 0.57003 1


0.025 0.6 0
0.0433788 0.595252 1


0.025 0.625 0
0.048259 0.620563 1


0.025 0.65 0
0.0533846 0.645968 1


0.025 0.675 0
0.0586774 0.671451 1


0.05 0.325 0
0.0264485 0.319156 1


0.05 0.35 0
0.0300656 0.344374 1


0.05 0.375 0
0.0336726 0.369578 1


0.05 0.4 0
0.037255 0.394751 1


0.05 0.425 0
0.0408048 0.419873 1


0.05 0.45 0
0.0443574 0.444951 1


0.05 0.475 0
0.047959 0.47 1


0.05 0.5 0
0.0516572 0.495037 1


0.05 0.525 0
0.0555003 0.520081 1


0.05 0.55 0
0.0595356 0.545151 1


0.05 0.575 0
0.063805 0.570268 1


0.05 0.6 0
0.0683371 0.595444 1


0.05 0.625 0
0.0731227 0.620693 1


0.05 0.65 0
0.0781021 0.646026 1


0.05 0.675 0
0.0832671 0.671462 1


0.075 0.325 0
0.0512922 0.319555 1


0.075 0.35 0
0.0549012 0.344744 1


0.075 0.375 0
0.0585006 0.369914 1


0.075 0.4 0
0.0620867 0.395053 1


0.075 0.425 0
0.0656561 0.420146 1


0.075 0.45 0
0.0692372 0.445198 1


0.075 0.475 0
0.0728715 0.470222 1


0.075 0.5 0
0.0766024 0.495234 1


0.075 0.525 0
0.0804729 0.520252 1


0.075 0.55 0
0.0845242 0.545297 1


0.075 0.575 0
0.0887907 0.570387 1


0.075 0.6 0
0.0932822 0.595528 1


0.075 0.625 0
0.0979739 0.620728 1


0.075 0.65 0
0.102841 0.646017 1


0.075 0.675 0
0.107926 0.671436 1


0.1 0.325 0
0.0761246 0.319871 1


0.1 0.35 0
0.0797259 0.345012 1


0.1 0.375 0
0.0833229 0.370145 1


0.1 0.4 0
0.0869172 0.395251 1


0.1 0.425 0
0.0905089 0.420309 1


0.1 0.45 0
0.0941227 0.445331 1


0.1 0.475 0
0.097795 0.470328 1


0.1 0.5 0
0.101564 0.495315 1


0.1 0.525 0
0.105464 0.520312 1


0.1 0.55 0
0.109531 0.54534 1


0.1 0.575 0
0.113784 0.570411 1


0.1 0.6 0
0.118218 0.595514 1


0.1 0.625 0
0.122815 0.620657 1


0.1 0.65 0
0.1276 0.645914 1


0.125 0.35 0
0.104539 0.345164 1


0.125 0.375 0
0.108146 0.370272 1


0.125 0.4 0
0.11176 0.395357 1


0.125 0.425 0
0.115378 0.420382 1


0.125 0.45 0
0.11903 0.44537 1


0.125 0.475 0
0.122747 0.470333 1


0.125 0.5 0
0.126559 0.495292 1


0.125 0.525 0
0.130487 0.520277 1


0.125 0.55 0
0.134554 0.545302 1


0.125 0.575 0
0.138776 0.57036 1


0.125 0.6 0
0.14314 0.595411 1


0.125 0.625 0
0.147659 0.620519 1


0.15 0.375 0
0.132994 0.370354 1


0.15 0.4 0
0.136626 0.395405 1


0.15 0.425 0
0.140273 0.420398 1


0.15 0.45 0
0.143963 0.44535 1


0.15 0.475 0
0.147727 0.470277 1


0.15 0.5 0
0.151576 0.495211 1


0.15 0.525 0
0.155523 0.520192 1


0.15 0.55 0
0.159581 0.545225 1


0.15 0.575 0
0.163766 0.570286 1


0.15 0.6 0
0.168068 0.595304 1


0.175 0.4 0
0.16152 0.39541 1


0.175 0.425 0
0.165194 0.420376 1


0.175 0.45 0
0.168918 0.445303 1


0.175 0.475 0
0.172717 0.470205 1


0.175 0.5 0
0.176592 0.495118 1


0.175 0.525 0
0.180555 0.52009 1


0.175 0.55 0
0.1846 0.54512 1


0.175 0.575 0
0.18873 0.570184 1


