-0.175 0.4 0
-0.172792 0.40153 1


-0.175 0.425 0
-0.172767 0.426197 1


-0.175 0.45 0
-0.172741 0.450865 1


-0.175 0.475 0
-0.172715 0.475534 1


-0.175 0.5 0
-0.172686 0.500203 1


-0.175 0.525 0
-0.172656 0.524872 1


-0.175 0.55 0
-0.172624 0.549541 1


-0.175 0.575 0
-0.172591 0.574209 1


-0.175 0.6 0
-0.172558 0.598876 1


-0.15 0.375 0
-0.148155 0.376831 1


-0.15 0.4 0
-0.14813 0.401498 1


-0.15 0.425 0
-0.148105 0.426165 1


-0.15 0.45 0
-0.148079 0.450834 1


-0.15 0.475 0
-0.148053 0.475504 1


-0.15 0.5 0
-0.148025 0.500174 1


-0.15 0.525 0
-0.147994 0.524844 1


-0.15 0.55 0
-0.147962 0.549514 1


-0.15 0.575 0
-0.147929 0.574182 1


-0.15 0.6 0
-0.147896 0.598849 1


-0.15 0.625 0
-0.147862 0.623513 1


-0.125 0.35 0
-0.123516 0.352135 1


-0.125 0.375 0
-0.123491 0.376798 1


-0.125 0.4 0
-0.123466 0.401465 1


-0.125 0.425 0
-0.123442 0.426133 1


-0.125 0.45 0
-0.123417 0.450802 1


-0.125 0.475 0
-0.123391 0.475473 1


-0.125 0.5 0
-0.123363 0.500145 1


-0.125 0.525 0
-0.123332 0.524817 1


-0.125 0.55 0
-0.1233 0.549488 1


-0.125 0.575 0
-0.123266 0.574157 1


-0.125 0.6 0
-0.123232 0.598824 1


-0.125 0.625 0
-0.123198 0.623487 1


-0.125 0.65 0
-0.123165 0.648151 1


-0.1 0.325 0
-0.0988776 0.327441 1


-0.1 0.35 0
-0.098851 0.352103 1


-0.1 0.375 0
-0.0988257 0.376766 1


-0.1 0.4 0
-0.0988014 0.401432 1


-0.1 0.425 0
-0.0987772 0.426099 1


-0.1 0.45 0
-0.0987523 0.450769 1


-0.1 0.475 0
-0.098726 0.475442 1


-0.1 0.5 0
-0.0986977 0.500116 1


-0.1 0.525 0
-0.0986675 0.52479 1


-0.1 0.55 0
-0.0986353 0.549463 1


-0.1 0.575 0
-0.0986016 0.574133 1


-0.1 0.6 0
-0.0985673 0.598801 1


-0.1 0.625 0
-0.0985333 0.623465 1


-0.1 0.65 0
-0.0985002 0.648129 1


-0.1 0.675 0
-0.0984685 0.672791 1


-0.075 0.325 0
-0.0742103 0.327408 1


-0.075 0.35 0
-0.0741838 0.35207 1


-0.075 0.375 0
-0.0741585 0.376733 1


-0.075 0.4 0
-0.0741339 0.401398 1


-0.075 0.425 0
-0.0741092 0.426066 1


-0.075 0.45 0
-0.0740835 0.450737 1


-0.075 0.475 0
-0.0740566 0.475411 1


-0.075 0.5 0
-0.0740281 0.500087 1


-0.075 0.525 0
-0.0739981 0.524762 1


-0.075 0.55 0
-0.0739665 0.549437 1


-0.075 0.575 0
-0.0739337 0.574108 1


-0.075 0.6 0
-0.0739 0.598776 1


-0.075 0.625 0
-0.0738662 0.623441 1


-0.075 0.65 0
-0.0738331 0.648104 1


-0.075 0.675 0
-0.0738013 0.672766 1


-0.05 0.325 0
-0.0495422 0.327375 1


-0.05 0.35 0
-0.0495153 0.352037 1


-0.05 0.375 0
-0.0494892 0.376699 1


-0.05 0.4 0
-0.0494636 0.401364 1


-0.05 0.425 0
-0.0494376 0.426033 1


-0.05 0.45 0
-0.0494108 0.450705 1


-0.05 0.475 0
-0.0493832 0.475381 1


-0.05 0.5 0
-0.0493545 0.500058 1


-0.05 0.525 0
-0.0493247 0.524735 1


-0.05 0.55 0
-0.0492939 0.54941 1


-0.05 0.575 0
-0.0492622 0.574083 1


-0.05 0.6 0
-0.0492297 0.598752 1


-0.05 0.625 0
-0.0491969 0.623416 1


-0.05 0.65 0
-0.0491647 0.648079 1


-0.05 0.675 0
-0.0491332 0.672741 1


-0.025 0.325 0
-0.0248734 0.327344 1


-0.025 0.35 0
-0.0248456 0.352005 1


-0.025 0.375 0
-0.0248181 0.376667 1


-0.025 0.4 0
-0.0247909 0.401332 1


-0.025 0.425 0
-0.0247633 0.426001 1


-0.025 0.45 0
-0.0247354 0.450675 1


-0.025 0.475 0
-0.024707 0.475351 1


-0.025 0.5 0
-0.024678 0.500029 1


-0.025 0.525 0
-0.0246485 0.524706 1


-0.025 0.55 0
-0.0246185 0.549383 1


-0.025 0.575 0
-0.024588 0.574056 1


-0.025 0.6 0
-0.0245571 0.598725 1


-0.025 0.625 0
-0.024526 0.62339 1


-0.025 0.65 0
-0.024495 0.648053 1


-0.025 0.675 0
-0.0244645 0.672714 1


0 0.325 0
-0.000204439 0.327313 1


0 0.35 0
-0.000175249 0.351975 1


0 0.375 0
-0.000146054 0.376637 1


0 0.4 0
-0.000116853 0.401302 1


0 0.425 0
-8.76455e-05 0.425971 1


0 0.45 0
-5.84337e-05 0.450645 1


0 0.475 0
-2.92185e-05 0.475321 1


0 0.5 0
-1.39051e-09 0.499999 1


0 0.525 0
2.92157e-05 0.524677 1


0 0.55 0
5.84308e-05 0.549354 1


0 0.575 0
8.76423e-05 0.574028 1


0 0.6 0
0.000116849 0.598697 1


0 0.625 0
0.00014605 0.623362 1


0 0.65 0
0.000175245 0.648025 1


0 0.675 0
0.000204435 0.672686 1


0.025 0.325 0
0.0244645 0.327285 1


0.025 0.35 0
0.0244951 0.351947 1


0.025 0.375 0
0.024526 0.376609 1


0.025 0.4 0
0.0245572 0.401274 1


0.025 0.425 0
0.024588 0.425943 1


0.025 0.45 0
0.0246185 0.450616 1


0.025 0.475 0
0.0246485 0.475292 1


0.025 0.5 0
0.024678 0.49997 1


0.025 0.525 0
0.0247069 0.524648 1


0.025 0.55 0
0.0247353 0.549324 1


0.025 0.575 0
0.0247632 0.573998 1


0.025 0.6 0
0.0247908 0.598667 1


0.025 0.625 0
0.0248181 0.623332 1


0.025 0.65 0
0.0248455 0.647994 1


0.025 0.675 0
0.0248734 0.672656 1


0.05 0.325 0
0.0491333 0.327259 1


0.05 0.35 0
0.0491648 0.35192 1


0.05 0.375 0
0.0491971 0.376583 1


0.05 0.4 0
0.0492299 0.401247 1


0.05 0.425 0
0.0492623 0.425916 1


0.05 0.45 0
0.049294 0.450589 1


0.05 0.475 0
0.0493248 0.475264 1


0.05 0.5 0
0.0493545 0.499941 1


0.05 0.525 0
0.0493831 0.524618 1


0.05 0.55 0
0.0494108 0.549293 1


0.05 0.575 0
0.0494374 0.573966 1


0.05 0.6 0
0.0494634 0.598635 1


0.05 0.625 0
0.049489 0.6233 1


0.05 0.65 0
0.0495151 0.647962 1


0.05 0.675 0
0.0495421 0.672624 1


0.075 0.325 0
0.0738014 0.327233 1


0.075 0.35 0
0.0738333 0.351895 1


0.075 0.375 0
0.0738664 0.376558 1


0.075 0.4 0
0.0739002 0.401222 1


0.075 0.425 0
0.0739339 0.42589 1


0.075 0.45 0
0.0739667 0.450562 1


0.075 0.475 0
0.0739981 0.475236 1


0.075 0.5 0
0.0740281 0.499912 1


0.075 0.525 0
0.0740565 0.524587 1


0.075 0.55 0
0.0740834 0.549261 1


0.075 0.575 0
0.074109 0.573933 1


0.075 0.6 0
0.0741336 0.598601 1


0.075 0.625 0
0.0741582 0.623266 1


0.075 0.65 0
0.0741836 0.647929 1


0.075 0.675 0
0.0742101 0.672591 1


0.1 0.325 0
0.0984688 0.327207 1


0.1 0.35 0
0.0985005 0.351869 1


0.1 0.375 0
0.0985336 0.376533 1


0.1 0.4 0
0.0985677 0.401198 1


0.1 0.425 0
0.0986019 0.425865 1


0.1 0.45 0
0.0986355 0.450536 1


0.1 0.475 0
0.0986676 0.475208 1


0.1 0.5 0
0.0986977 0.499882 1


0.1 0.525 0
0.0987259 0.524556 1


0.1 0.55 0
0.0987521 0.549229 1


0.1 0.575 0
0.0987769 0.573899 1


0.1 0.6 0
0.098801 0.598567 1


0.1 0.625 0
0.0988253 0.623231 1


0.1 0.65 0
0.0988506 0.647895 1


0.1 0.675 0
0.0988774 0.672557 1


0.125 0.35 0
0.123166 0.351843 1


0.125 0.375 0
0.123199 0.376506 1


0.125 0.4 0
0.123233 0.401173 1


0.125 0.425 0
0.123267 0.425841 1


0.125 0.45 0
0.1233 0.45051 1


0.125 0.475 0
0.123332 0.475181 1


0.125 0.5 0
0.123363 0.499853 1


0.125 0.525 0
0.123391 0.524525 1


0.125 0.55 0
0.123417 0.549196 1


0.125 0.575 0
0.123442 0.573865 1


0.125 0.6 0
0.123466 0.598532 1


0.125 0.625 0
0.12349 0.623195 1


0.125 0.65 0
0.123516 0.647859 1


0.15 0.375 0
0.147863 0.37648 1


0.15 0.4 0
0.147896 0.401147 1


0.15 0.425 0
0.14793 0.425815 1


0.15 0.45 0
0.147963 0.450484 1


0.15 0.475 0
0.147995 0.475153 1


0.15 0.5 0
0.148025 0.499823 1


0.15 0.525 0
0.148053 0.524494 1


0.15 0.55 0
0.148079 0.549163 1


0.15 0.575 0
0.148104 0.573832 1


0.15 0.6 0
0.148129 0.598499 1


0.15 0.625 0
0.148154 0.623162 1


0.175 0.4 0
0.172558 0.401121 1


0.175 0.425 0
0.172592 0.425788 1


0.175 0.45 0
0.172624 0.450456 1


0.175 0.475 0
0.172656 0.475125 1


0.175 0.5 0
0.172686 0.499794 1


0.175 0.525 0
0.172714 0.524463 1


0.175 0.55 0
0.172741 0.549132 1


0.175 0.575 0
0.172766 0.5738 1


0.175 0.6 0
0.172792 0.598467 1


