-0.225 0.625 0
-0.280583 0.47063 1


-0.225 0.65 0
-0.233884 0.522388 1


-0.225 0.675 0
-0.18684 0.574061 1


-0.225 0.7 0
-0.139583 0.625753 1


-0.2 0.6 0
-0.270399 0.444111 1


-0.2 0.625 0
-0.225946 0.495292 1


-0.2 0.65 0
-0.179982 0.546985 1


-0.2 0.675 0
-0.132986 0.598721 1


-0.2 0.7 0
-0.0855466 0.650347 1


-0.2 0.725 0
-0.0377169 0.701901 1


-0.175 0.55 0
-0.298988 0.372069 1


-0.175 0.575 0
-0.258032 0.420533 1


-0.175 0.6 0
-0.215816 0.469922 1


-0.175 0.625 0
-0.171946 0.520421 1


-0.175 0.65 0
-0.126263 0.571723 1


-0.175 0.675 0
-0.0791883 0.623177 1


-0.175 0.7 0
-0.0316474 0.674535 1


-0.175 0.725 0
0.016032 0.725862 1


-0.15 0.525 0
-0.286151 0.349656 1


-0.15 0.55 0
-0.245796 0.397463 1


-0.15 0.575 0
-0.20466 0.445966 1


-0.15 0.6 0
-0.162438 0.495268 1


-0.15 0.625 0
-0.118631 0.545472 1


-0.15 0.65 0
-0.0728997 0.596162 1


-0.15 0.675 0
-0.0256902 0.646958 1


-0.15 0.7 0
0.021978 0.698007 1


-0.15 0.725 0
0.0697005 0.749612 1


-0.125 0.5 0
-0.274437 0.326631 1


-0.125 0.525 0
-0.234488 0.373936 1


-0.125 0.55 0
-0.19393 0.421859 1


-0.125 0.575 0
-0.152621 0.470463 1


-0.125 0.6 0
-0.110241 0.519786 1


-0.125 0.625 0
-0.0663058 0.569452 1


-0.125 0.65 0
-0.0205098 0.618934 1


-0.125 0.675 0
0.026575 0.668839 1


-0.125 0.7 0
0.0744745 0.71978 1


-0.1 0.475 0
-0.263634 0.30298 1


-0.1 0.5 0
-0.223925 0.34985 1


-0.1 0.525 0
-0.183749 0.397331 1


-0.1 0.55 0
-0.143059 0.445372 1


-0.1 0.575 0
-0.101651 0.493979 1


-0.1 0.6 0
-0.059131 0.542802 1


-0.1 0.625 0
-0.0150534 0.591163 1


-0.1 0.65 0
0.0305145 0.639417 1


-0.1 0.675 0
0.0771565 0.688539 1


-0.1 0.7 0
0.125131 0.739354 1


-0.075 0.475 0
-0.213971 0.325289 1


-0.075 0.5 0
-0.174066 0.372343 1


-0.075 0.525 0
-0.133787 0.419908 1


-0.075 0.55 0
-0.093046 0.46793 1


-0.075 0.575 0
-0.0515603 0.516059 1


-0.075 0.6 0
-0.00885111 0.563676 1


-0.075 0.625 0
0.035236 0.610785 1


-0.075 0.65 0
0.0803907 0.658277 1


-0.075 0.675 0
0.126577 0.70684 1


-0.075 0.7 0
0.174664 0.757696 1


-0.05 0.45 0
-0.204528 0.300346 1


-0.05 0.475 0
-0.164817 0.346958 1


-0.05 0.5 0
-0.124818 0.394085 1


-0.05 0.525 0
-0.0845122 0.441617 1


-0.05 0.55 0
-0.0437552 0.489205 1


-0.05 0.575 0
-0.00212006 0.536254 1


-0.05 0.6 0
0.0407674 0.582672 1


-0.05 0.625 0
0.0847145 0.629092 1


-0.05 0.65 0
0.129483 0.676128 1


-0.05 0.675 0
0.17534 0.724312 1


-0.025 0.425 0
-0.195594 0.275048 1


-0.025 0.45 0
-0.156002 0.321197 1


-0.025 0.475 0
-0.116173 0.367913 1


-0.025 0.5 0
-0.076142 0.415016 1


-0.025 0.525 0
-0.0358598 0.462188 1


-0.025 0.55 0
0.00497311 0.508819 1


-0.025 0.575 0
0.0468574 0.554768 1


-0.025 0.6 0
0.0898223 0.600518 1


-0.025 0.625 0
0.133563 0.646639 1


-0.025 0.65 0
0.178071 0.693421 1


0 0.425 0
-0.147599 0.295118 1


0 0.45 0
-0.107871 0.341415 1


0 0.475 0
-0.0680023 0.388111 1


0 0.5 0
-0.0280023 0.434946 1


0 0.525 0
0.0122867 0.481305 1


0 0.55 0
0.053363 0.526932 1


0 0.575 0
0.0954807 0.572231 1


0 0.6 0
0.138374 0.61773 1


0 0.625 0
0.181921 0.663694 1


0 0.65 0
0.226321 0.710368 1


0.025 0.4 0
-0.139629 0.268866 1


0.025 0.425 0
-0.099924 0.314649 1


0.025 0.45 0
-0.0601344 0.360932 1


0.025 0.475 0
-0.0202796 0.40744 1


0.025 0.5 0
0.0196901 0.453633 1


0.025 0.525 0
0.0601689 0.499076 1


0.025 0.55 0
0.101559 0.544086 1


0.025 0.575 0
0.143725 0.589155 1


0.025 0.6 0
0.186487 0.634544 1


0.025 0.625 0
0.229901 0.680392 1


0.05 0.4 0
-0.0923854 0.287701 1


0.05 0.425 0
-0.0525771 0.333541 1


0.05 0.45 0
-0.0127602 0.379678 1


0.05 0.475 0
0.0270718 0.425735 1


0.05 0.5 0
0.0671657 0.471122 1


0.05 0.525 0
0.107962 0.515973 1


0.05 0.55 0
0.149482 0.560775 1


0.05 0.575 0
0.191568 0.605761 1


0.05 0.6 0
0.234219 0.651062 1


0.075 0.375 0
-0.0851876 0.260752 1


0.075 0.4 0
-0.0453255 0.306027 1


0.075 0.425 0
-0.00548215 0.351751 1


0.075 0.45 0
0.034341 0.397574 1


0.075 0.475 0
0.0742477 0.442992 1


0.075 0.5 0
0.114602 0.487824 1


0.075 0.525 0
0.155565 0.532481 1


0.075 0.55 0
0.197061 0.577246 1


0.075 0.575 0
0.239058 0.622188 1


0.1 0.375 0
-0.0383018 0.278234 1


0.1 0.4 0
0.00158165 0.323705 1


0.1 0.425 0
0.0414427 0.369243 1


0.1 0.45 0
0.0813147 0.414642 1


0.1 0.475 0
0.121391 0.459584 1


0.1 0.5 0
0.161887 0.50424 1


0.1 0.525 0
0.202851 0.548842 1


0.1 0.55 0
0.244292 0.59356 1


0.1 0.575 0
0.286234 0.63849 1


0.125 0.375 0
0.00855846 0.295434 1


0.125 0.4 0
0.0484322 0.340866 1


0.125 0.425 0
0.0883113 0.386184 1


0.125 0.45 0
0.128257 0.431276 1


0.125 0.475 0
0.168428 0.476052 1


0.125 0.5 0
0.208931 0.520658 1


0.125 0.525 0
0.249812 0.565201 1


0.15 0.375 0
0.0554055 0.312453 1


0.15 0.4 0
0.095278 0.35776 1


0.15 0.425 0
0.135182 0.402923 1


0.15 0.45 0
0.175163 0.447896 1


0.15 0.475 0
0.215323 0.492633 1


0.15 0.5 0
0.255743 0.537198 1


0.175 0.4 0
0.142128 0.374509 1


0.175 0.425 0
0.182057 0.419594 1


0.175 0.45 0
0.222019 0.464614 1


0.175 0.475 0
0.262048 0.509495 1


