-0.175 0.45 0
-0.195246 0.418657 1


-0.175 0.475 0
-0.189643 0.444298 1


-0.175 0.5 0
-0.183968 0.46995 1


-0.175 0.525 0
-0.178145 0.495677 1


-0.175 0.55 0
-0.171817 0.521926 1


-0.175 0.575 0
-0.164842 0.548931 1


-0.175 0.6 0
-0.157358 0.576373 1


-0.175 0.625 0
-0.149515 0.60386 1


-0.175 0.65 0
-0.14137 0.631338 1


-0.15 0.425 0
-0.173809 0.396531 1


-0.15 0.45 0
-0.168191 0.42233 1


-0.15 0.475 0
-0.162541 0.448086 1


-0.15 0.5 0
-0.1568 0.473865 1


-0.15 0.525 0
-0.150861 0.499786 1


-0.15 0.55 0
-0.144497 0.526113 1


-0.15 0.575 0
-0.137544 0.553003 1


-0.15 0.6 0
-0.130057 0.580232 1


-0.15 0.625 0
-0.122134 0.607571 1


-0.15 0.65 0
-0.113823 0.634944 1


-0.15 0.675 0
-0.105136 0.662363 1


-0.125 0.4 0
-0.152721 0.373822 1


-0.125 0.425 0
-0.147056 0.399739 1


-0.125 0.45 0
-0.141376 0.425649 1


-0.125 0.475 0
-0.135641 0.451566 1


-0.125 0.5 0
-0.129788 0.477541 1


-0.125 0.525 0
-0.123707 0.503672 1


-0.125 0.55 0
-0.11725 0.530083 1


-0.125 0.575 0
-0.110304 0.55682 1


-0.125 0.6 0
-0.10284 0.583801 1


-0.125 0.625 0
-0.0948525 0.610947 1


-0.125 0.65 0
-0.0864087 0.638181 1


-0.125 0.675 0
-0.0776047 0.665468 1


-0.1 0.375 0
-0.131912 0.350667 1


-0.1 0.4 0
-0.126184 0.376669 1


-0.1 0.425 0
-0.120459 0.402691 1


-0.1 0.45 0
-0.114713 0.428717 1


-0.1 0.475 0
-0.108905 0.454768 1


-0.1 0.5 0
-0.102964 0.48088 1


-0.1 0.525 0
-0.0967861 0.507113 1


-0.1 0.55 0
-0.0902609 0.533521 1


-0.1 0.575 0
-0.0832973 0.560123 1


-0.1 0.6 0
-0.0758096 0.586925 1


-0.1 0.625 0
-0.0677029 0.613938 1


-0.1 0.65 0
-0.0590597 0.641098 1


-0.1 0.675 0
-0.0501066 0.668296 1


-0.075 0.35 0
-0.111382 0.327093 1


-0.075 0.375 0
-0.10558 0.353162 1


-0.075 0.4 0
-0.0997859 0.379266 1


-0.075 0.425 0
-0.094002 0.405378 1


-0.075 0.45 0
-0.0882056 0.431488 1


-0.075 0.475 0
-0.0823501 0.457603 1


-0.075 0.5 0
-0.076358 0.483756 1


-0.075 0.525 0
-0.0701305 0.509991 1


-0.075 0.55 0
-0.0635656 0.536347 1


-0.075 0.575 0
-0.0565686 0.562851 1


-0.075 0.6 0
-0.0490266 0.58954 1


-0.075 0.625 0
-0.04078 0.616474 1


-0.075 0.65 0
-0.0319135 0.643601 1


-0.075 0.675 0
-0.0228265 0.670725 1


-0.05 0.35 0
-0.0852248 0.329253 1


-0.05 0.375 0
-0.0793603 0.35542 1


-0.05 0.4 0
-0.0735159 0.381597 1


-0.05 0.425 0
-0.0676895 0.407767 1


-0.05 0.45 0
-0.0618594 0.433912 1


-0.05 0.475 0
-0.055972 0.460041 1


-0.05 0.5 0
-0.0499461 0.486185 1


-0.05 0.525 0
-0.0436855 0.512386 1


-0.05 0.55 0
-0.0370903 0.53868 1


-0.05 0.575 0
-0.030064 0.5651 1


-0.05 0.6 0
-0.0224873 0.59169 1


-0.05 0.625 0
-0.0141914 0.618525 1


-0.05 0.65 0
-0.00527828 0.645569 1


-0.05 0.675 0
0.0038161 0.672636 1


-0.025 0.325 0
-0.0651171 0.305051 1


-0.025 0.35 0
-0.059172 0.331216 1


-0.025 0.375 0
-0.0532603 0.357437 1


-0.025 0.4 0
-0.0473745 0.383655 1


-0.025 0.425 0
-0.0415178 0.409845 1


-0.025 0.45 0
-0.0356643 0.435987 1


-0.025 0.475 0
-0.0297516 0.4621 1


-0.025 0.5 0
-0.0236972 0.488215 1


-0.025 0.525 0
-0.0174084 0.514369 1


-0.025 0.55 0
-0.0107892 0.540599 1


-0.025 0.575 0
-0.00374734 0.566937 1


-0.025 0.6 0
0.00382078 0.593424 1


-0.025 0.625 0
0.0120268 0.620113 1


-0.025 0.65 0
0.0207482 0.646989 1


-0.025 0.675 0
0.0296682 0.673951 1


0 0.325 0
-0.0391973 0.306727 1


0 0.35 0
-0.0332204 0.332966 1


0 0.375 0
-0.0272725 0.35921 1


0 0.4 0
-0.0213506 0.385442 1


0 0.425 0
-0.0154703 0.411622 1


0 0.45 0
-0.0095964 0.437741 1


0 0.475 0
-0.00365885 0.463823 1


0 0.5 0
0.0024236 0.489898 1


0 0.525 0
0.00873876 0.516 1


0 0.55 0
0.0153756 0.542164 1


0 0.575 0
0.0224175 0.568422 1


0 0.6 0
0.0299404 0.594805 1


0 0.625 0
0.0379833 0.621341 1


0 0.65 0
0.0464259 0.648039 1


0 0.675 0
0.0551297 0.674881 1


0.025 0.325 0
-0.0133162 0.308293 1


0.025 0.35 0
-0.00733289 0.334529 1


0.025 0.375 0
-0.00136475 0.360764 1


0.025 0.4 0
0.00458045 0.38698 1


0.025 0.425 0
0.0104796 0.41313 1


0.025 0.45 0
0.0163756 0.439215 1


0.025 0.475 0
0.0223413 0.465258 1


0.025 0.5 0
0.0284547 0.49129 1


0.025 0.525 0
0.034797 0.517339 1


0.025 0.55 0
0.0414484 0.543441 1


0.025 0.575 0
0.0484807 0.569625 1


0.025 0.6 0
0.0559433 0.595913 1


0.025 0.625 0
0.0638235 0.622329 1


0.025 0.65 0
0.0720133 0.648887 1


0.025 0.675 0
0.0805031 0.675624 1


0.05 0.325 0
0.0125364 0.309685 1


0.05 0.35 0
0.0185203 0.335912 1


0.05 0.375 0
0.0244929 0.36212 1


0.05 0.4 0
0.0304459 0.3883 1


0.05 0.425 0
0.0363618 0.41441 1


0.05 0.45 0
0.0422845 0.440455 1


0.05 0.475 0
0.0482843 0.466458 1


0.05 0.5 0
0.054434 0.492445 1


0.05 0.525 0
0.0608073 0.518447 1


0.05 0.55 0
0.0674749 0.544493 1


0.05 0.575 0
0.0744952 0.570612 1


0.05 0.6 0
0.0818917 0.596826 1


0.05 0.625 0
0.0896209 0.623161 1


0.05 0.65 0
0.097619 0.649626 1


0.05 0.675 0
0.105949 0.676288 1


0.075 0.325 0
0.0383744 0.310952 1


0.075 0.35 0
0.0443501 0.337148 1


0.075 0.375 0
0.050316 0.363313 1


0.075 0.4 0
0.0562699 0.389441 1


0.075 0.425 0
0.0622059 0.415504 1


0.075 0.45 0
0.0681626 0.441506 1


0.075 0.475 0
0.074204 0.467469 1


0.075 0.5 0
0.0803973 0.493415 1


0.075 0.525 0
0.0868081 0.519374 1


0.075 0.55 0
0.0934955 0.545375 1


0.075 0.575 0
0.1005 0.571444 1


0.075 0.6 0
0.107815 0.597612 1


0.075 0.625 0
0.115405 0.623896 1


0.075 0.65 0
0.123264 0.650312 1


0.1 0.325 0
0.0641972 0.312123 1


0.1 0.35 0
0.0701586 0.338248 1


0.1 0.375 0
0.0761197 0.364362 1


0.1 0.4 0
0.08208 0.390438 1


0.1 0.425 0
0.0880419 0.41645 1


0.1 0.45 0
0.0940408 0.442408 1


0.1 0.475 0
0.100134 0.46833 1


0.1 0.5 0
0.10638 0.494237 1


0.1 0.525 0
0.112833 0.520162 1


0.1 0.55 0
0.119533 0.546134 1


0.1 0.575 0
0.126501 0.57218 1


0.1 0.6 0
0.133725 0.59832 1


0.1 0.625 0
0.141189 0.624565 1


0.1 0.65 0
0.148941 0.650956 1


0.125 0.35 0
0.0959511 0.33921 1


0.125 0.375 0
0.101921 0.365281 1


0.125 0.4 0
0.107901 0.391319 1


0.125 0.425 0
0.113897 0.417282 1


0.125 0.45 0
0.119946 0.443194 1


0.125 0.475 0
0.1261 0.469072 1


0.125 0.5 0
0.132402 0.494943 1


0.125 0.525 0
0.138886 0.520852 1


0.125 0.55 0
0.145576 0.546822 1


0.125 0.575 0
0.15249 0.572864 1


0.125 0.6 0
0.159625 0.598982 1


0.125 0.625 0
0.166991 0.625195 1


0.15 0.375 0
0.127745 0.366132 1


0.15 0.4 0
0.13375 0.392127 1


0.15 0.425 0
0.139782 0.418049 1


0.15 0.45 0
0.145881 0.443921 1


0.15 0.475 0
0.15209 0.469761 1


0.15 0.5 0
0.158434 0.495605 1


0.15 0.525 0
0.164936 0.521504 1


0.15 0.55 0
0.171605 0.547472 1


0.15 0.575 0
0.178455 0.573507 1


0.15 0.6 0
0.185505 0.599604 1


0.175 0.4 0
0.15963 0.392883 1


0.175 0.425 0
0.165699 0.418776 1


0.175 0.45 0
0.171838 0.444624 1


0.175 0.475 0
0.178085 0.470441 1


0.175 0.5 0
0.184448 0.496264 1


0.175 0.525 0
0.190953 0.522137 1


0.175 0.55 0
0.197584 0.548072 1


