-0.175 0.4 0
-0.174016 0.400698 1


-0.175 0.425 0
-0.174005 0.425549 1


-0.175 0.45 0
-0.173994 0.4504 1


-0.175 0.475 0
-0.173981 0.475252 1


-0.175 0.5 0
-0.173968 0.500103 1


-0.175 0.525 0
-0.173952 0.524955 1


-0.175 0.55 0
-0.173934 0.549807 1


-0.175 0.575 0
-0.173916 0.574658 1


-0.175 0.6 0
-0.173897 0.599508 1


-0.15 0.375 0
-0.149181 0.375832 1


-0.15 0.4 0
-0.14917 0.400681 1


-0.15 0.425 0
-0.14916 0.425531 1


-0.15 0.45 0
-0.149149 0.450383 1


-0.15 0.475 0
-0.149137 0.475236 1


-0.15 0.5 0
-0.149123 0.500089 1


-0.15 0.525 0
-0.149107 0.524942 1


-0.15 0.55 0
-0.149089 0.549794 1


-0.15 0.575 0
-0.149071 0.574646 1


-0.15 0.6 0
-0.149052 0.599496 1


-0.15 0.625 0
-0.149033 0.624344 1


-0.125 0.35 0
-0.124345 0.350966 1


-0.125 0.375 0
-0.124334 0.375813 1


-0.125 0.4 0
-0.124324 0.400662 1


-0.125 0.425 0
-0.124313 0.425513 1


-0.125 0.45 0
-0.124303 0.450365 1


-0.125 0.475 0
-0.124291 0.475219 1


-0.125 0.5 0
-0.124278 0.500074 1


-0.125 0.525 0
-0.124262 0.524929 1


-0.125 0.55 0
-0.124244 0.549783 1


-0.125 0.575 0
-0.124224 0.574635 1


-0.125 0.6 0
-0.124205 0.599485 1


-0.125 0.625 0
-0.124186 0.624333 1


-0.125 0.65 0
-0.124167 0.64918 1


-0.1 0.325 0
-0.0995088 0.326103 1


-0.1 0.35 0
-0.0994965 0.350948 1


-0.1 0.375 0
-0.0994856 0.375795 1


-0.1 0.4 0
-0.0994755 0.400643 1


-0.1 0.425 0
-0.0994657 0.425494 1


-0.1 0.45 0
-0.0994554 0.450347 1


-0.1 0.475 0
-0.0994436 0.475202 1


-0.1 0.5 0
-0.0994298 0.500059 1


-0.1 0.525 0
-0.0994139 0.524916 1


-0.1 0.55 0
-0.099396 0.549772 1


-0.1 0.575 0
-0.0993767 0.574625 1


-0.1 0.6 0
-0.0993569 0.599475 1


-0.1 0.625 0
-0.0993373 0.624324 1


-0.1 0.65 0
-0.0993186 0.64917 1


-0.1 0.675 0
-0.0993013 0.674016 1


-0.075 0.325 0
-0.0746584 0.326084 1


-0.075 0.35 0
-0.0746462 0.350929 1


-0.075 0.375 0
-0.0746352 0.375775 1


-0.075 0.4 0
-0.074625 0.400623 1


-0.075 0.425 0
-0.0746148 0.425474 1


-0.075 0.45 0
-0.0746037 0.450328 1


-0.075 0.475 0
-0.0745913 0.475186 1


-0.075 0.5 0
-0.0745773 0.500044 1


-0.075 0.525 0
-0.0745617 0.524903 1


-0.075 0.55 0
-0.0745444 0.54976 1


-0.075 0.575 0
-0.0745258 0.574615 1


-0.075 0.6 0
-0.0745064 0.599466 1


-0.075 0.625 0
-0.074487 0.624313 1


-0.075 0.65 0
-0.0744683 0.64916 1


-0.075 0.675 0
-0.0744509 0.674005 1


-0.05 0.325 0
-0.0498073 0.326066 1


-0.05 0.35 0
-0.0497947 0.350911 1


-0.05 0.375 0
-0.049783 0.375756 1


-0.05 0.4 0
-0.0497718 0.400604 1


-0.05 0.425 0
-0.0497604 0.425455 1


-0.05 0.45 0
-0.0497482 0.450311 1


-0.05 0.475 0
-0.049735 0.47517 1


-0.05 0.5 0
-0.0497208 0.50003 1


-0.05 0.525 0
-0.0497054 0.52489 1


-0.05 0.55 0
-0.0496888 0.549748 1


-0.05 0.575 0
-0.0496714 0.574604 1


-0.05 0.6 0
-0.0496532 0.599455 1


-0.05 0.625 0
-0.0496347 0.624303 1


-0.05 0.65 0
-0.0496168 0.649149 1


-0.05 0.675 0
-0.0495998 0.673994 1


-0.025 0.325 0
-0.0249556 0.326048 1


-0.025 0.35 0
-0.0249421 0.350893 1


-0.025 0.375 0
-0.0249291 0.375738 1


-0.025 0.4 0
-0.0249162 0.400586 1


-0.025 0.425 0
-0.0249032 0.425438 1


-0.025 0.45 0
-0.0248897 0.450295 1


-0.025 0.475 0
-0.0248757 0.475154 1


-0.025 0.5 0
-0.0248612 0.500015 1


-0.025 0.525 0
-0.0248461 0.524876 1


-0.025 0.55 0
-0.0248304 0.549735 1


-0.025 0.575 0
-0.0248142 0.574591 1


-0.025 0.6 0
-0.0247976 0.599444 1


-0.025 0.625 0
-0.0247808 0.624291 1


-0.025 0.65 0
-0.0247643 0.649137 1


-0.025 0.675 0
-0.0247481 0.673982 1


0 0.325 0
-0.000103746 0.326032 1


0 0.35 0
-8.89352e-05 0.350877 1


0 0.375 0
-7.41206e-05 0.375722 1


0 0.4 0
-5.93013e-05 0.40057 1


0 0.425 0
-4.44791e-05 0.425423 1


0 0.45 0
-2.96545e-05 0.450279 1


0 0.475 0
-1.48279e-05 0.475139 1


0 0.5 0
-6.78271e-11 0.5 1


0 0.525 0
1.48277e-05 0.524861 1


0 0.55 0
2.96544e-05 0.549721 1


0 0.575 0
4.44791e-05 0.574577 1


0 0.6 0
5.93014e-05 0.59943 1


0 0.625 0
7.41207e-05 0.624278 1


0 0.65 0
8.89354e-05 0.649123 1


0 0.675 0
0.000103747 0.673968 1


0.025 0.325 0
0.0247481 0.326019 1


0.025 0.35 0
0.0247643 0.350863 1


0.025 0.375 0
0.0247808 0.375709 1


0.025 0.4 0
0.0247976 0.400556 1


0.025 0.425 0
0.0248142 0.425409 1


0.025 0.45 0
0.0248304 0.450265 1


0.025 0.475 0
0.0248461 0.475124 1


0.025 0.5 0
0.0248612 0.499985 1


0.025 0.525 0
0.0248757 0.524846 1


0.025 0.55 0
0.0248897 0.549705 1


0.025 0.575 0
0.0249031 0.574562 1


0.025 0.6 0
0.0249162 0.599414 1


0.025 0.625 0
0.0249291 0.624262 1


0.025 0.65 0
0.0249421 0.649107 1


0.025 0.675 0
0.0249556 0.673952 1


0.05 0.325 0
0.0495998 0.326006 1


0.05 0.35 0
0.0496168 0.350851 1


0.05 0.375 0
0.0496348 0.375697 1


0.05 0.4 0
0.0496532 0.400545 1


0.05 0.425 0
0.0496714 0.425396 1


0.05 0.45 0
0.0496889 0.450252 1


0.05 0.475 0
0.0497054 0.47511 1


0.05 0.5 0
0.0497208 0.49997 1


0.05 0.525 0
0.049735 0.52483 1


0.05 0.55 0
0.0497482 0.549689 1


0.05 0.575 0
0.0497603 0.574544 1


0.05 0.6 0
0.0497718 0.599396 1


0.05 0.625 0
0.049783 0.624244 1


0.05 0.65 0
0.0497947 0.649089 1


0.05 0.675 0
0.0498073 0.673934 1


0.075 0.325 0
0.0744509 0.325995 1


0.075 0.35 0
0.0744684 0.35084 1


0.075 0.375 0
0.074487 0.375687 1


0.075 0.4 0
0.0745064 0.400534 1


0.075 0.425 0
0.0745259 0.425385 1


0.075 0.45 0
0.0745444 0.45024 1


0.075 0.475 0
0.0745617 0.475097 1


0.075 0.5 0
0.0745773 0.499955 1


0.075 0.525 0
0.0745913 0.524814 1


0.075 0.55 0
0.0746037 0.549671 1


0.075 0.575 0
0.0746148 0.574526 1


0.075 0.6 0
0.074625 0.599377 1


0.075 0.625 0
0.0746352 0.624225 1


0.075 0.65 0
0.0746462 0.649071 1


0.075 0.675 0
0.0746584 0.673916 1


0.1 0.325 0
0.0993013 0.325984 1


0.1 0.35 0
0.0993187 0.350829 1


0.1 0.375 0
0.0993374 0.375676 1


0.1 0.4 0
0.0993569 0.400524 1


0.1 0.425 0
0.0993768 0.425375 1


0.1 0.45 0
0.0993961 0.450228 1


0.1 0.475 0
0.0994139 0.475084 1


0.1 0.5 0
0.0994298 0.499941 1


0.1 0.525 0
0.0994435 0.524797 1


0.1 0.55 0
0.0994553 0.549653 1


0.1 0.575 0
0.0994657 0.574506 1


0.1 0.6 0
0.0994754 0.599357 1


0.1 0.625 0
0.0994855 0.624205 1


0.1 0.65 0
0.0994965 0.649052 1


0.1 0.675 0
0.0995088 0.673897 1


0.125 0.35 0
0.124168 0.350818 1


0.125 0.375 0
0.124186 0.375665 1


0.125 0.4 0
0.124205 0.400514 1


0.125 0.425 0
0.124225 0.425365 1


0.125 0.45 0
0.124244 0.450217 1


0.125 0.475 0
0.124262 0.475071 1


0.125 0.5 0
0.124278 0.499926 1


0.125 0.525 0
0.124291 0.524781 1


0.125 0.55 0
0.124303 0.549635 1


0.125 0.575 0
0.124313 0.574487 1


0.125 0.6 0
0.124324 0.599337 1


0.125 0.625 0
0.124334 0.624185 1


0.125 0.65 0
0.124345 0.649032 1


0.15 0.375 0
0.149033 0.375654 1


0.15 0.4 0
0.149052 0.400503 1


0.15 0.425 0
0.149071 0.425354 1


0.15 0.45 0
0.149089 0.450205 1


0.15 0.475 0
0.149107 0.475058 1


0.15 0.5 0
0.149123 0.499911 1


0.15 0.525 0
0.149137 0.524764 1


0.15 0.55 0
0.149149 0.549617 1


0.15 0.575 0
0.14916 0.574468 1


0.15 0.6 0
0.14917 0.599318 1


0.15 0.625 0
0.149181 0.624167 1


0.175 0.4 0
0.173897 0.400491 1


0.175 0.425 0
0.173916 0.425341 1


0.175 0.45 0
0.173934 0.450192 1


0.175 0.475 0
0.173952 0.475044 1


0.175 0.5 0
0.173968 0.499896 1


0.175 0.525 0
0.173981 0.524748 1


0.175 0.55 0
0.173994 0.5496 1


0.175 0.575 0
0.174005 0.574451 1


0.175 0.6 0
0.174016 0.599301 1


