-0.5 1 0 0 0 0 255
-0.475 1 0 0 0 0 255
-0.45 1 0 0 0 0 255
-0.425 1 0 0 0 0 255
-0.4 1 0 0 0 0 255
-0.375 1 0 0 0 0 255
-0.35 1 0 0 0 0 255
-0.325 1 0 0 0 0 255
-0.3 1 0 0 0 0 255
-0.275 1 0 0 0 0 255
-0.25 1 0 0 0 0 255
-0.225 1 0 0 0 0 255
-0.2 1 0 0 0 0 255
-0.175 1 0 0 0 0 255
-0.15 1 0 0 0 0 255
-0.125 1 0 0 0 0 255
-0.1 1 0 0 0 0 255
-0.075 1 0 0 0 0 255
-0.05 1 0 0 0 0 255
-0.025 1 0 0 0 0 255
0 1 0 0 0 0 255
0.025 1 0 0 0 0 255
0.05 1 0 0 0 0 255
0.075 1 0 0 0 0 255
0.1 1 0 0 0 0 255
0.125 1 0 0 0 0 255
0.15 1 0 0 0 0 255
0.175 1 0 0 0 0 255
0.2 1 0 0 0 0 255
0.225 1 0 0 0 0 255
0.25 1 0 0 0 0 255
0.275 1 0 0 0 0 255
0.3 1 0 0 0 0 255
0.325 1 0 0 0 0 255
0.35 1 0 0 0 0 255
0.375 1 0 0 0 0 255
0.4 1 0 0 0 0 255
0.425 1 0 0 0 0 255
0.45 1 0 0 0 0 255
0.475 1 0 0 0 0 255
0.5 1 0 0 0 0 255
-0.5 0.975 0 0 0 0 255
-0.475 0.975 0 0 0 0 255
-0.45 0.975 0 0 0 0 255
-0.425 0.975 0 0 0 0 255
-0.4 0.975 0 0 0 0 255
-0.375 0.975 0 0 0 0 255
-0.35 0.975 0 0 0 0 255
-0.325 0.975 0 0 0 0 255
-0.3 0.975 0 0 0 0 255
-0.275 0.975 0 0 0 0 255
-0.25 0.975 0 0 0 0 255
-0.225 0.975 0 0 0 0 255
-0.2 0.975 0 0 0 0 255
-0.175 0.975 0 0 0 0 255
-0.15 0.975 0 0 0 0 255
-0.125 0.975 0 0 0 0 255
-0.1 0.975 0 0 0 0 255
-0.075 0.975 0 0 0 0 255
-0.05 0.975 0 0 0 0 255
-0.025 0.975 0 0 0 0 255
0 0.975 0 0 0 0 255
0.025 0.975 0 0 0 0 255
0.05 0.975 0 0 0 0 255
0.075 0.975 0 0 0 0 255
0.1 0.975 0 0 0 0 255
0.125 0.975 0 0 0 0 255
0.15 0.975 0 0 0 0 255
0.175 0.975 0 0 0 0 255
0.2 0.975 0 0 0 0 255
0.225 0.975 0 0 0 0 255
0.25 0.975 0 0 0 0 255
0.275 0.975 0 0 0 0 255
0.3 0.975 0 0 0 0 255
0.325 0.975 0 0 0 0 255
0.35 0.975 0 0 0 0 255
0.375 0.975 0 0 0 0 255
0.4 0.975 0 0 0 0 255
0.425 0.975 0 0 0 0 255
0.45 0.975 0 0 0 0 255
0.475 0.975 0 0 0 0 255
0.5 0.975 0 0 0 0 255
-0.5 0.95 0 0 0 0 255
-0.475 0.95 0 0 0 0 255
-0.45 0.95 0 0 0 0 255
-0.425 0.95 0 0 0 0 255
-0.4 0.95 0 0 0 0 255
-0.375 0.95 0 0 0 0 255
-0.35 0.95 0 0 0 0 255
-0.325 0.95 0 0 0 0 255
-0.3 0.95 0 0 0 0 255
-0.275 0.95 0 0 0 0 255
-0.25 0.95 0 0 0 0 255
-0.225 0.95 0 0 0 0 255
-0.2 0.95 0 0 0 0 255
-0.175 0.95 0 0 0 0 255
-0.15 0.95 0 0 0 0 255
-0.125 0.95 0 0 0 0 255
-0.1 0.95 0 0 0 0 255
-0.075 0.95 0 0 0 0 255
-0.05 0.95 0 0 0 0 255
-0.025 0.95 0 0 0 0 255
0 0.95 0 0 0 0 255
0.025 0.95 0 0 0 0 255
0.05 0.95 0 0 0 0 255
0.075 0.95 0 0 0 0 255
0.1 0.95 0 0 0 0 255
0.125 0.95 0 0 0 0 255
0.15 0.95 0 0 0 0 255
0.175 0.95 0 0 0 0 255
0.2 0.95 0 0 0 0 255
0.225 0.95 0 0 0 0 255
0.25 0.95 0 0 0 0 255
0.275 0.95 0 0 0 0 255
0.3 0.95 0 0 0 0 255
0.325 0.95 0 0 0 0 255
0.35 0.95 0 0 0 0 255
0.375 0.95 0 0 0 0 255
0.4 0.95 0 0 0 0 255
0.425 0.95 0 0 0 0 255
0.45 0.95 0 0 0 0 255
0.475 0.95 0 0 0 0 255
0.5 0.95 0 0 0 0 255
-0.5 0.925 0 0 0 0 255
-0.475 0.925 0 0 0 0 255
-0.45 0.925 0 0 0 0 255
-0.425 0.925 0 0 0 0 255
-0.4 0.925 0 0 0 0 255
-0.375 0.925 0 0 0 0 255
-0.35 0.925 0 0 0 0 255
-0.325 0.925 0 0 0 0 255
-0.3 0.925 0 0 0 0 255
-0.275 0.925 0 0 0 0 255
-0.25 0.925 0 0 0 0 255
-0.225 0.925 0 0 0 0 255
-0.2 0.925 0 0 0 0 255
-0.175 0.925 0 0 0 0 255
-0.15 0.925 0 0 0 0 255
-0.125 0.925 0 0 0 0 255
-0.1 0.925 0 0 0 0 255
-0.075 0.925 0 0 0 0 255
-0.05 0.925 0 0 0 0 255
-0.025 0.925 0 0 0 0 255
0 0.925 0 0 0 0 255
0.025 0.925 0 0 0 0 255
0.05 0.925 0 0 0 0 255
0.075 0.925 0 0 0 0 255
0.1 0.925 0 0 0 0 255
0.125 0.925 0 0 0 0 255
0.15 0.925 0 0 0 0 255
0.175 0.925 0 0 0 0 255
0.2 0.925 0 0 0 0 255
0.225 0.925 0 0 0 0 255
0.25 0.925 0 0 0 0 255
0.275 0.925 0 0 0 0 255
0.3 0.925 0 0 0 0 255
0.325 0.925 0 0 0 0 255
0.35 0.925 0 0 0 0 255
0.375 0.925 0 0 0 0 255
0.4 0.925 0 0 0 0 255
0.425 0.925 0 0 0 0 255
0.45 0.925 0 0 0 0 255
0.475 0.925 0 0 0 0 255
0.5 0.925 0 0 0 0 255
-0.5 0.9 0 0 0 0 255
-0.475 0.9 0 0 0 0 255
-0.45 0.9 0 0 0 0 255
-0.425 0.9 0 0 0 0 255
-0.4 0.9 0 0 0 0 255
-0.375 0.9 0 0 0 0 255
-0.35 0.9 0 0 0 0 255
-0.325 0.9 0 0 0 0 255
-0.3 0.9 0 0 0 0 255
-0.275 0.9 0 0 0 0 255
-0.25 0.9 0 0 0 0 255
-0.225 0.9 0 0 0 0 255
-0.2 0.9 0 0 0 0 255
-0.175 0.9 0 0 0 0 255
-0.15 0.9 0 0 0 0 255
-0.125 0.9 0 0 0 0 255
-0.1 0.9 0 0 0 0 255
-0.075 0.9 0 0 0 0 255
-0.05 0.9 0 0 0 0 255
-0.025 0.9 0 0 0 0 255
0 0.9 0 0 0 0 255
0.025 0.9 0 0 0 0 255
0.05 0.9 0 0 0 0 255
0.075 0.9 0 0 0 0 255
0.1 0.9 0 0 0 0 255
0.125 0.9 0 0 0 0 255
0.15 0.9 0 0 0 0 255
0.175 0.9 0 0 0 0 255
0.2 0.9 0 0 0 0 255
0.225 0.9 0 0 0 0 255
0.25 0.9 0 0 0 0 255
0.275 0.9 0 0 0 0 255
0.3 0.9 0 0 0 0 255
0.325 0.9 0 0 0 0 255
0.35 0.9 0 0 0 0 255
0.375 0.9 0 0 0 0 255
0.4 0.9 0 0 0 0 255
0.425 0.9 0 0 0 0 255
0.45 0.9 0 0 0 0 255
0.475 0.9 0 0 0 0 255
0.5 0.9 0 0 0 0 255
-0.5 0.875 0 0 0 0 255
-0.475 0.875 0 0 0 0 255
-0.45 0.875 0 0 0 0 255
-0.425 0.875 0 0 0 0 255
-0.4 0.875 0 0 0 0 255
-0.375 0.875 0 0 0 0 255
-0.35 0.875 0 0 0 0 255
-0.325 0.875 0 0 0 0 255
-0.3 0.875 0 0 0 0 255
-0.275 0.875 0 0 0 0 255
-0.25 0.875 0 0 0 0 255
-0.225 0.875 0 0 0 0 255
-0.2 0.875 0 0 0 0 255
-0.175 0.875 0 0 0 0 255
-0.15 0.875 0 0 0 0 255
-0.125 0.875 0 0 0 0 255
-0.1 0.875 0 0 0 0 255
-0.075 0.875 0 0 0 0 255
-0.05 0.875 0 0 0 0 255
-0.025 0.875 0 0 0 0 255
0 0.875 0 0 0 0 255
0.025 0.875 0 0 0 0 255
0.05 0.875 0 0 0 0 255
0.075 0.875 0 0 0 0 255
0.1 0.875 0 0 0 0 255
0.125 0.875 0 0 0 0 255
0.15 0.875 0 0 0 0 255
0.175 0.875 0 0 0 0 255
0.2 0.875 0 0 0 0 255
0.225 0.875 0 0 0 0 255
0.25 0.875 0 0 0 0 255
0.275 0.875 0 0 0 0 255
0.3 0.875 0 0 0 0 255
0.325 0.875 0 0 0 0 255
0.35 0.875 0 0 0 0 255
0.375 0.875 0 0 0 0 255
0.4 0.875 0 0 0 0 255
0.425 0.875 0 0 0 0 255
0.45 0.875 0 0 0 0 255
0.475 0.875 0 0 0 0 255
0.5 0.875 0 0 0 0 255
-0.5 0.85 0 0 0 0 255
-0.475 0.85 0 0 0 0 255
-0.45 0.85 0 0 0 0 255
-0.425 0.85 0 0 0 0 255
-0.4 0.85 0 0 0 0 255
-0.375 0.85 0 0 0 0 255
-0.35 0.85 0 0 0 0 255
-0.325 0.85 0 0 0 0 255
-0.3 0.85 0 0 0 0 255
-0.275 0.85 0 0 0 0 255
-0.25 0.85 0 0 0 0 255
-0.225 0.85 0 0 0 0 255
-0.2 0.85 0 0 0 0 255
-0.175 0.85 0 0 0 0 255
-0.15 0.85 0 0 0 0 255
-0.125 0.85 0 0 0 0 255
-0.1 0.85 0 0 0 0 255
-0.075 0.85 0 0 0 0 255
-0.05 0.85 0 0 0 0 255
-0.025 0.85 0 0 0 0 255
0 0.85 0 0 0 0 255
0.025 0.85 0 0 0 0 255
0.05 0.85 0 0 0 0 255
0.075 0.85 0 0 0 0 255
0.1 0.85 0 0 0 0 255
0.125 0.85 0 0 0 0 255
0.15 0.85 0 0 0 0 255
0.175 0.85 0 0 0 0 255
0.2 0.85 0 0 0 0 255
0.225 0.85 0 0 0 0 255
0.25 0.85 0 0 0 0 255
0.275 0.85 0 0 0 0 255
0.3 0.85 0 0 0 0 255
0.325 0.85 0 0 0 0 255
0.35 0.85 0 0 0 0 255
0.375 0.85 0 0 0 0 255
0.4 0.85 0 0 0 0 255
0.425 0.85 0 0 0 0 255
0.45 0.85 0 0 0 0 255
0.475 0.85 0 0 0 0 255
0.5 0.85 0 0 0 0 255
-0.5 0.825 0 0 0 0 255
-0.475 0.825 0 0 0 0 255
-0.45 0.825 0 0 0 0 255
-0.425 0.825 0 0 0 0 255
-0.4 0.825 0 0 0 0 255
-0.375 0.825 0 0 0 0 255
-0.35 0.825 0 0 0 0 255
-0.325 0.825 0 0 0 0 255
-0.3 0.825 0 0 0 0 255
-0.275 0.825 0 0 0 0 255
-0.25 0.825 0 0 0 0 255
-0.225 0.825 0 0 0 0 255
-0.2 0.825 0 0 0 0 255
-0.175 0.825 0 0 0 0 255
-0.15 0.825 0 0 0 0 255
-0.125 0.825 0 0 0 0 255
-0.1 0.825 0 0 0 0 255
-0.075 0.825 0 0 0 0 255
-0.05 0.825 0 0 0 0 255
-0.025 0.825 0 0 0 0 255
0 0.825 0 0 0 0 255
0.025 0.825 0 0 0 0 255
0.05 0.825 0 0 0 0 255
0.075 0.825 0 0 0 0 255
0.1 0.825 0 0 0 0 255
0.125 0.825 0 0 0 0 255
0.15 0.825 0 0 0 0 255
0.175 0.825 0 0 0 0 255
0.2 0.825 0 0 0 0 255
0.225 0.825 0 0 0 0 255
0.25 0.825 0 0 0 0 255
0.275 0.825 0 0 0 0 255
0.3 0.825 0 0 0 0 255
0.325 0.825 0 0 0 0 255
0.35 0.825 0 0 0 0 255
0.375 0.825 0 0 0 0 255
0.4 0.825 0 0 0 0 255
0.425 0.825 0 0 0 0 255
0.45 0.825 0 0 0 0 255
0.475 0.825 0 0 0 0 255
0.5 0.825 0 0 0 0 255
-0.5 0.8 0 0 0 0 255
-0.475 0.8 0 0 0 0 255
-0.45 0.8 0 0 0 0 255
-0.425 0.8 0 0 0 0 255
-0.4 0.8 0 0 0 0 255
-0.375 0.8 0 0 0 0 255
-0.35 0.8 0 0 0 0 255
-0.325 0.8 0 0 0 0 255
-0.3 0.8 0 0 0 0 255
-0.275 0.8 0 0 0 0 255
-0.25 0.8 0 0 0 0 255
-0.225 0.8 0 0 0 0 255
-0.2 0.8 0 0 0 0 255
-0.175 0.8 0 0 0 0 255
-0.15 0.8 0 0 0 0 255
-0.125 0.8 0 0 0 0 255
-0.1 0.8 0 0 0 0 255
-0.075 0.8 0 0 0 0 255
-0.05 0.8 0 0 0 0 255
-0.025 0.8 0 0 0 0 255
0 0.8 0 0 0 0 255
0.025 0.8 0 0 0 0 255
0.05 0.8 0 0 0 0 255
0.075 0.8 0 0 0 0 255
0.1 0.8 0 0 0 0 255
0.125 0.8 0 0 0 0 255
0.15 0.8 0 0 0 0 255
0.175 0.8 0 0 0 0 255
0.2 0.8 0 0 0 0 255
0.225 0.8 0 0 0 0 255
0.25 0.8 0 0 0 0 255
0.275 0.8 0 0 0 0 255
0.3 0.8 0 0 0 0 255
0.325 0.8 0 0 0 0 255
0.35 0.8 0 0 0 0 255
0.375 0.8 0 0 0 0 255
0.4 0.8 0 0 0 0 255
0.425 0.8 0 0 0 0 255
0.45 0.8 0 0 0 0 255
0.475 0.8 0 0 0 0 255
0.5 0.8 0 0 0 0 255
-0.5 0.775 0 0 0 0 255
-0.475 0.775 0 0 0 0 255
-0.45 0.775 0 0 0 0 255
-0.425 0.775 0 0 0 0 255
-0.4 0.775 0 0 0 0 255
-0.375 0.775 0 0 0 0 255
-0.35 0.775 0 0 0 0 255
-0.325 0.775 0 0 0 0 255
-0.3 0.775 0 0 0 0 255
-0.275 0.775 0 0 0 0 255
-0.25 0.775 0 0 0 0 255
-0.225 0.775 0 0 0 0 255
-0.2 0.775 0 0 0 0 255
-0.175 0.775 0 0 0 0 255
-0.15 0.775 0 0 0 0 255
-0.125 0.775 0 0 0 0 255
-0.1 0.775 0 0 0 0 255
-0.075 0.775 0 0 0 0 255
-0.05 0.775 0 0 0 0 255
-0.025 0.775 0 0 0 0 255
0 0.775 0 0 0 0 255
0.025 0.775 0 0 0 0 255
0.05 0.775 0 0 0 0 255
0.075 0.775 0 0 0 0 255
0.1 0.775 0 0 0 0 255
0.125 0.775 0 0 0 0 255
0.15 0.775 0 0 0 0 255
0.175 0.775 0 0 0 0 255
0.2 0.775 0 0 0 0 255
0.225 0.775 0 0 0 0 255
0.25 0.775 0 0 0 0 255
0.275 0.775 0 0 0 0 255
0.3 0.775 0 0 0 0 255
0.325 0.775 0 0 0 0 255
0.35 0.775 0 0 0 0 255
0.375 0.775 0 0 0 0 255
0.4 0.775 0 0 0 0 255
0.425 0.775 0 0 0 0 255
0.45 0.775 0 0 0 0 255
0.475 0.775 0 0 0 0 255
0.5 0.775 0 0 0 0 255
-0.5 0.75 0 0 0 0 255
-0.475 0.75 0 0 0 0 255
-0.45 0.75 0 0 0 0 255
-0.425 0.75 0 0 0 0 255
-0.4 0.75 0 0 0 0 255
-0.375 0.75 0 0 0 0 255
-0.35 0.75 0 0 0 0 255
-0.325 0.75 0 0 0 0 255
-0.3 0.75 0 0 0 0 255
-0.275 0.75 0 0 0 0 255
-0.25 0.75 0 0 0 0 255
-0.225 0.75 0 0 0 0 255
-0.2 0.75 0 0 0 0 255
-0.175 0.75 0 0 0 0 255
-0.15 0.75 0 0 0 0 255
-0.125 0.75 0 0 0 0 255
-0.1 0.75 0 0 0 0 255
-0.075 0.75 0 0 0 0 255
-0.05 0.75 0 0 0 0 255
-0.025 0.75 0 0 0 0 255
0 0.75 0 0 0 0 255
0.025 0.75 0 0 0 0 255
0.05 0.75 0 0 0 0 255
0.075 0.75 0 0 0 0 255
0.1 0.75 0 0 0 0 255
0.125 0.75 0 0 0 0 255
0.15 0.75 0 0 0 0 255
0.175 0.75 0 0 0 0 255
0.2 0.75 0 0 0 0 255
0.225 0.75 0 0 0 0 255
0.25 0.75 0 0 0 0 255
0.275 0.75 0 0 0 0 255
0.3 0.75 0 0 0 0 255
0.325 0.75 0 0 0 0 255
0.35 0.75 0 0 0 0 255
0.375 0.75 0 0 0 0 255
0.4 0.75 0 0 0 0 255
0.425 0.75 0 0 0 0 255
0.45 0.75 0 0 0 0 255
0.475 0.75 0 0 0 0 255
0.5 0.75 0 0 0 0 255
-0.5 0.725 0 0 0 0 255
-0.475 0.725 0 0 0 0 255
-0.45 0.725 0 0 0 0 255
-0.425 0.725 0 0 0 0 255
-0.4 0.725 0 0 0 0 255
-0.375 0.725 0 0 0 0 255
-0.35 0.725 0 0 0 0 255
-0.325 0.725 0 0 0 0 255
-0.3 0.725 0 0 0 0 255
-0.275 0.725 0 0 0 0 255
-0.25 0.725 0 0 0 0 255
-0.225 0.725 0 0 0 0 255
-0.2 0.725 0 0 0 0 255
-0.175 0.725 0 0 0 0 255
-0.15 0.725 0 0 0 0 255
-0.125 0.725 0 0 0 0 255
-0.1 0.725 0 0 0 0 255
-0.075 0.725 0 0 0 0 255
-0.05 0.725 0 0 0 0 255
-0.025 0.725 0 0 0 0 255
0 0.725 0 0 0 0 255
0.025 0.725 0 0 0 0 255
0.05 0.725 0 0 0 0 255
0.075 0.725 0 0 0 0 255
0.1 0.725 0 0 0 0 255
0.125 0.725 0 0 0 0 255
0.15 0.725 0 0 0 0 255
0.175 0.725 0 0 0 0 255
0.2 0.725 0 0 0 0 255
0.225 0.725 0 0 0 0 255
0.25 0.725 0 0 0 0 255
0.275 0.725 0 0 0 0 255
0.3 0.725 0 0 0 0 255
0.325 0.725 0 0 0 0 255
0.35 0.725 0 0 0 0 255
0.375 0.725 0 0 0 0 255
0.4 0.725 0 0 0 0 255
0.425 0.725 0 0 0 0 255
0.45 0.725 0 0 0 0 255
0.475 0.725 0 0 0 0 255
0.5 0.725 0 0 0 0 255
-0.5 0.7 0 0 0 0 255
-0.475 0.7 0 0 0 0 255
-0.45 0.7 0 0 0 0 255
-0.425 0.7 0 0 0 0 255
-0.4 0.7 0 0 0 0 255
-0.375 0.7 0 0 0 0 255
-0.35 0.7 0 0 0 0 255
-0.325 0.7 0 0 0 0 255
-0.3 0.7 0 0 0 0 255
-0.275 0.7 0 0 0 0 255
-0.25 0.7 0 0 0 0 255
-0.225 0.7 0 0 0 0 255
-0.2 0.7 0 0 0 0 255
-0.175 0.7 0 0 0 0 255
-0.15 0.7 -28.9955 10.3551 255 0 0
-0.125 0.7 -52.1128 9.79371 255 0 0
-0.1 0.7 -57.1401 3.83288 255 0 0
-0.075 0.7 -65.802 -7.55647 255 0 0
-0.05 0.7 0 0 0 0 255
-0.025 0.7 0 0 0 0 255
0 0.7 0 0 0 0 255
0.025 0.7 0 0 0 0 255
0.05 0.7 0 0 0 0 255
0.075 0.7 0 0 0 0 255
0.1 0.7 0 0 0 0 255
0.125 0.7 0 0 0 0 255
0.15 0.7 0 0 0 0 255
0.175 0.7 0 0 0 0 255
0.2 0.7 0 0 0 0 255
0.225 0.7 0 0 0 0 255
0.25 0.7 0 0 0 0 255
0.275 0.7 0 0 0 0 255
0.3 0.7 0 0 0 0 255
0.325 0.7 0 0 0 0 255
0.35 0.7 0 0 0 0 255
0.375 0.7 0 0 0 0 255
0.4 0.7 0 0 0 0 255
0.425 0.7 0 0 0 0 255
0.45 0.7 0 0 0 0 255
0.475 0.7 0 0 0 0 255
0.5 0.7 0 0 0 0 255
-0.5 0.675 0 0 0 0 255
-0.475 0.675 0 0 0 0 255
-0.45 0.675 0 0 0 0 255
-0.425 0.675 0 0 0 0 255
-0.4 0.675 0 0 0 0 255
-0.375 0.675 0 0 0 0 255
-0.35 0.675 0 0 0 0 255
-0.325 0.675 0 0 0 0 255
-0.3 0.675 0 0 0 0 255
-0.275 0.675 0 0 0 0 255
-0.25 0.675 0 0 0 0 255
-0.225 0.675 0 0 0 0 255
-0.2 0.675 0 0 0 0 255
-0.175 0.675 -34.559 22.3299 255 0 0
-0.15 0.675 -39.7147 17.7923 255 0 0
-0.125 0.675 -44.4678 12.8106 255 0 0
-0.1 0.675 -49.264 7.78704 255 0 0
-0.075 0.675 -54.1273 2.74606 255 0 0
-0.05 0.675 -59.0542 -2.27853 255 0 0
-0.025 0.675 -64.1118 -7.30132 255 0 0
0 0.675 -71.4752 -11.2415 255 0 0
0.025 0.675 0 0 0 0 255
0.05 0.675 0 0 0 0 255
0.075 0.675 0 0 0 0 255
0.1 0.675 0 0 0 0 255
0.125 0.675 0 0 0 0 255
0.15 0.675 0 0 0 0 255
0.175 0.675 0 0 0 0 255
0.2 0.675 0 0 0 0 255
0.225 0.675 0 0 0 0 255
0.25 0.675 0 0 0 0 255
0.275 0.675 0 0 0 0 255
0.3 0.675 0 0 0 0 255
0.325 0.675 0 0 0 0 255
0.35 0.675 0 0 0 0 255
0.375 0.675 0 0 0 0 255
0.4 0.675 0 0 0 0 255
0.425 0.675 0 0 0 0 255
0.45 0.675 0 0 0 0 255
0.475 0.675 0 0 0 0 255
0.5 0.675 0 0 0 0 255
-0.5 0.65 0 0 0 0 255
-0.475 0.65 0 0 0 0 255
-0.45 0.65 0 0 0 0 255
-0.425 0.65 0 0 0 0 255
-0.4 0.65 0 0 0 0 255
-0.375 0.65 0 0 0 0 255
-0.35 0.65 0 0 0 0 255
-0.325 0.65 0 0 0 0 255
-0.3 0.65 0 0 0 0 255
-0.275 0.65 0 0 0 0 255
-0.25 0.65 0 0 0 0 255
-0.225 0.65 0 0 0 0 255
-0.2 0.65 -22.5353 27.3144 255 0 0
-0.175 0.65 -26.0169 27.2506 255 0 0
-0.15 0.65 -30.7266 22.2745 255 0 0
-0.125 0.65 -35.4648 17.2874 255 0 0
-0.1 0.65 -40.2437 12.2755 255 0 0
-0.075 0.65 -45.0789 7.24028 255 0 0
-0.05 0.65 -49.9766 2.18347 255 0 0
-0.025 0.65 -54.9256 -2.90586 255 0 0
0 0.65 -59.8964 -8.02545 255 0 0
0.025 0.65 -64.9151 -13.0895 255 0 0
0.05 0.65 -75.4492 -15.3108 255 0 0
0.075 0.65 0 0 0 0 255
0.1 0.65 0 0 0 0 255
0.125 0.65 0 0 0 0 255
0.15 0.65 0 0 0 0 255
0.175 0.65 0 0 0 0 255
0.2 0.65 0 0 0 0 255
0.225 0.65 0 0 0 0 255
0.25 0.65 0 0 0 0 255
0.275 0.65 0 0 0 0 255
0.3 0.65 0 0 0 0 255
0.325 0.65 0 0 0 0 255
0.35 0.65 0 0 0 0 255
0.375 0.65 0 0 0 0 255
0.4 0.65 0 0 0 0 255
0.425 0.65 0 0 0 0 255
0.45 0.65 0 0 0 0 255
0.475 0.65 0 0 0 0 255
0.5 0.65 0 0 0 0 255
-0.5 0.625 0 0 0 0 255
-0.475 0.625 0 0 0 0 255
-0.45 0.625 0 0 0 0 255
-0.425 0.625 0 0 0 0 255
-0.4 0.625 0 0 0 0 255
-0.375 0.625 0 0 0 0 255
-0.35 0.625 0 0 0 0 255
-0.325 0.625 0 0 0 0 255
-0.3 0.625 0 0 0 0 255
-0.275 0.625 0 0 0 0 255
-0.25 0.625 0 0 0 0 255
-0.225 0.625 0 0 0 0 255
-0.2 0.625 -13.222 37.3251 255 0 0
-0.175 0.625 -16.9931 31.7502 255 0 0
-0.15 0.625 -21.6939 26.7694 255 0 0
-0.125 0.625 -26.4219 21.7849 255 0 0
-0.1 0.625 -31.1813 16.7786 255 0 0
-0.075 0.625 -35.983 11.7433 255 0 0
-0.05 0.625 -40.8315 6.67551 255 0 0
-0.025 0.625 -45.7185 1.5731 255 0 0
0 0.625 -50.6236 -3.56198 255 0 0
0.025 0.625 -55.5296 -8.72123 255 0 0
0.05 0.625 -60.4372 -13.8849 255 0 0
0.075 0.625 -65.8498 -18.0852 255 0 0
0.1 0.625 0 0 0 0 255
0.125 0.625 0 0 0 0 255
0.15 0.625 0 0 0 0 255
0.175 0.625 0 0 0 0 255
0.2 0.625 0 0 0 0 255
0.225 0.625 0 0 0 0 255
0.25 0.625 0 0 0 0 255
0.275 0.625 0 0 0 0 255
0.3 0.625 0 0 0 0 255
0.325 0.625 0 0 0 0 255
0.35 0.625 0 0 0 0 255
0.375 0.625 0 0 0 0 255
0.4 0.625 0 0 0 0 255
0.425 0.625 0 0 0 0 255
0.45 0.625 0 0 0 0 255
0.475 0.625 0 0 0 0 255
0.5 0.625 0 0 0 0 255
-0.5 0.6 0 0 0 0 255
-0.475 0.6 0 0 0 0 255
-0.45 0.6 0 0 0 0 255
-0.425 0.6 0 0 0 0 255
-0.4 0.6 0 0 0 0 255
-0.375 0.6 0 0 0 0 255
-0.35 0.6 0 0 0 0 255
-0.325 0.6 0 0 0 0 255
-0.3 0.6 0 0 0 0 255
-0.275 0.6 0 0 0 0 255
-0.25 0.6 0 0 0 0 255
-0.225 0.6 0 0 0 0 255
-0.2 0.6 -3.6384 41.6428 255 0 0
-0.175 0.6 -7.90569 36.2509 255 0 0
-0.15 0.6 -12.6129 31.2848 255 0 0
-0.125 0.6 -17.3314 26.3101 255 0 0
-0.1 0.6 -22.0693 21.3087 255 0 0
-0.075 0.6 -26.8358 16.2703 255 0 0
-0.05 0.6 -31.6356 11.1919 255 0 0
-0.025 0.6 -36.465 6.07558 255 0 0
0 0.6 -41.3121 0.927736 255 0 0
0.025 0.6 -46.163 -4.24277 255 0 0
0.05 0.6 -51.0025 -9.4288 255 0 0
0.075 0.6 -55.8257 -14.6176 255 0 0
0.1 0.6 -60.8208 -19.3733 255 0 0
0.125 0.6 0 0 0 0 255
0.15 0.6 0 0 0 0 255
0.175 0.6 0 0 0 0 255
0.2 0.6 0 0 0 0 255
0.225 0.6 0 0 0 0 255
0.25 0.6 0 0 0 0 255
0.275 0.6 0 0 0 0 255
0.3 0.6 0 0 0 0 255
0.325 0.6 0 0 0 0 255
0.35 0.6 0 0 0 0 255
0.375 0.6 0 0 0 0 255
0.4 0.6 0 0 0 0 255
0.425 0.6 0 0 0 0 255
0.45 0.6 0 0 0 0 255
0.475 0.6 0 0 0 0 255
0.5 0.6 0 0 0 0 255
-0.5 0.575 0 0 0 0 255
-0.475 0.575 0 0 0 0 255
-0.45 0.575 0 0 0 0 255
-0.425 0.575 0 0 0 0 255
-0.4 0.575 0 0 0 0 255
-0.375 0.575 0 0 0 0 255
-0.35 0.575 0 0 0 0 255
-0.325 0.575 0 0 0 0 255
-0.3 0.575 0 0 0 0 255
-0.275 0.575 0 0 0 0 255
-0.25 0.575 0 0 0 0 255
-0.225 0.575 0 0 0 0 255
-0.2 0.575 10.6794 48.4099 255 0 0
-0.175 0.575 1.22403 40.7787 255 0 0
-0.15 0.575 -3.48795 35.8509 255 0 0
-0.125 0.575 -8.19139 30.8848 255 0 0
-0.1 0.575 -12.9016 25.8813 255 0 0
-0.075 0.575 -17.6301 20.8346 255 0 0
-0.05 0.575 -22.3829 15.744 255 0 0
-0.025 0.575 -27.1596 10.6134 255 0 0
0 0.575 -31.9535 5.45083 255 0 0
0.025 0.575 -36.7538 0.267495 255 0 0
0.05 0.575 -41.5492 -4.92577 255 0 0
0.075 0.575 -46.3307 -10.1229 255 0 0
0.1 0.575 -51.0991 -15.3138 255 0 0
0.125 0.575 -56.0583 -19.823 255 0 0
0.15 0.575 0 0 0 0 255
0.175 0.575 0 0 0 0 255
0.2 0.575 0 0 0 0 255
0.225 0.575 0 0 0 0 255
0.25 0.575 0 0 0 0 255
0.275 0.575 0 0 0 0 255
0.3 0.575 0 0 0 0 255
0.325 0.575 0 0 0 0 255
0.35 0.575 0 0 0 0 255
0.375 0.575 0 0 0 0 255
0.4 0.575 0 0 0 0 255
0.425 0.575 0 0 0 0 255
0.45 0.575 0 0 0 0 255
0.475 0.575 0 0 0 0 255
0.5 0.575 0 0 0 0 255
-0.5 0.55 0 0 0 0 255
-0.475 0.55 0 0 0 0 255
-0.45 0.55 0 0 0 0 255
-0.425 0.55 0 0 0 0 255
-0.4 0.55 0 0 0 0 255
-0.375 0.55 0 0 0 0 255
-0.35 0.55 0 0 0 0 255
-0.325 0.55 0 0 0 0 255
-0.3 0.55 0 0 0 0 255
-0.275 0.55 0 0 0 0 255
-0.25 0.55 0 0 0 0 255
-0.225 0.55 0 0 0 0 255
-0.2 0.55 0 0 0 0 255
-0.175 0.55 10.3468 45.3443 255 0 0
-0.15 0.55 5.67363 40.5044 255 0 0
-0.125 0.55 0.998357 35.53 255 0 0
-0.1 0.55 -3.67729 30.5105 255 0 0
-0.075 0.55 -8.36482 25.4472 255 0 0
-0.05 0.55 -13.0715 20.3403 255 0 0
-0.025 0.55 -17.7995 15.1942 255 0 0
0 0.55 -22.5454 10.0174 255 0 0
0.025 0.55 -27.3014 4.82144 255 0 0
0.05 0.55 -32.0582 -0.38143 255 0 0
0.075 0.55 -36.8081 -5.58135 255 0 0
0.1 0.55 -41.5469 -10.7752 255 0 0
0.125 0.55 -46.2769 -15.9542 255 0 0
0.15 0.55 -51.0422 -18.0396 255 0 0
0.175 0.55 0 0 0 0 255
0.2 0.55 0 0 0 0 255
0.225 0.55 0 0 0 0 255
0.25 0.55 0 0 0 0 255
0.275 0.55 0 0 0 0 255
0.3 0.55 0 0 0 0 255
0.325 0.55 0 0 0 0 255
0.35 0.55 0 0 0 0 255
0.375 0.55 0 0 0 0 255
0.4 0.55 0 0 0 0 255
0.425 0.55 0 0 0 0 255
0.45 0.55 0 0 0 0 255
0.475 0.55 0 0 0 0 255
0.5 0.55 0 0 0 0 255
-0.5 0.525 0 0 0 0 255
-0.475 0.525 0 0 0 0 255
-0.45 0.525 0 0 0 0 255
-0.425 0.525 0 0 0 0 255
-0.4 0.525 0 0 0 0 255
-0.375 0.525 0 0 0 0 255
-0.35 0.525 0 0 0 0 255
-0.325 0.525 0 0 0 0 255
-0.3 0.525 0 0 0 0 255
-0.275 0.525 0 0 0 0 255
-0.25 0.525 0 0 0 0 255
-0.225 0.525 0 0 0 0 255
-0.2 0.525 0 0 0 0 255
-0.175 0.525 19.3504 50.0509 255 0 0
-0.15 0.525 14.8818 45.2661 255 0 0
-0.125 0.525 10.2395 40.2552 255 0 0
-0.1 0.525 5.60149 35.2027 255 0 0
-0.075 0.525 0.956387 30.1128 255 0 0
-0.05 0.525 -3.70507 24.9851 255 0 0
-0.025 0.525 -8.3873 19.8224 255 0 0
0 0.525 -13.0897 14.6321 255 0 0
0.025 0.525 -17.807 9.42521 255 0 0
0.05 0.525 -22.5312 4.21399 255 0 0
0.075 0.525 -27.2547 -0.990772 255 0 0
0.1 0.525 -31.9724 -6.1829 255 0 0
0.125 0.525 -36.6828 -11.3644 255 0 0
0.15 0.525 -41.3883 -16.5381 255 0 0
0.175 0.525 0 0 0 0 255
0.2 0.525 0 0 0 0 255
0.225 0.525 0 0 0 0 255
0.25 0.525 0 0 0 0 255
0.275 0.525 0 0 0 0 255
0.3 0.525 0 0 0 0 255
0.325 0.525 0 0 0 0 255
0.35 0.525 0 0 0 0 255
0.375 0.525 0 0 0 0 255
0.4 0.525 0 0 0 0 255
0.425 0.525 0 0 0 0 255
0.45 0.525 0 0 0 0 255
0.475 0.525 0 0 0 0 255
0.5 0.525 0 0 0 0 255
-0.5 0.5 0 0 0 0 255
-0.475 0.5 0 0 0 0 255
-0.45 0.5 0 0 0 0 255
-0.425 0.5 0 0 0 0 255
-0.4 0.5 0 0 0 0 255
-0.375 0.5 0 0 0 0 255
-0.35 0.5 0 0 0 0 255
-0.325 0.5 0 0 0 0 255
-0.3 0.5 0 0 0 0 255
-0.275 0.5 0 0 0 0 255
-0.25 0.5 0 0 0 0 255
-0.225 0.5 0 0 0 0 255
-0.2 0.5 0 0 0 0 255
-0.175 0.5 20.978 82.3643 255 0 0
-0.15 0.5 24.1155 50.142 255 0 0
-0.125 0.5 19.5296 45.0406 255 0 0
-0.1 0.5 14.93 39.9492 255 0 0
-0.075 0.5 10.3265 34.8278 255 0 0
-0.05 0.5 5.70803 29.6769 255 0 0
-0.025 0.5 1.06846 24.4975 255 0 0
0 0.5 -3.59414 19.2954 255 0 0
0.025 0.5 -8.27693 14.0801 255 0 0
0.05 0.5 -12.9735 8.86326 255 0 0
0.075 0.5 -17.6762 3.65552 255 0 0
0.1 0.5 -22.3789 -1.53552 255 0 0
0.125 0.5 -27.0785 -6.70933 255 0 0
0.15 0.5 -31.7711 -11.8653 255 0 0
0.175 0.5 -32.8112 -8.05768 255 0 0
0.2 0.5 0 0 0 0 255
0.225 0.5 0 0 0 0 255
0.25 0.5 0 0 0 0 255
0.275 0.5 0 0 0 0 255
0.3 0.5 0 0 0 0 255
0.325 0.5 0 0 0 0 255
0.35 0.5 0 0 0 0 255
0.375 0.5 0 0 0 0 255
0.4 0.5 0 0 0 0 255
0.425 0.5 0 0 0 0 255
0.45 0.5 0 0 0 0 255
0.475 0.5 0 0 0 0 255
0.5 0.5 0 0 0 0 255
-0.5 0.475 0 0 0 0 255
-0.475 0.475 0 0 0 0 255
-0.45 0.475 0 0 0 0 255
-0.425 0.475 0 0 0 0 255
-0.4 0.475 0 0 0 0 255
-0.375 0.475 0 0 0 0 255
-0.35 0.475 0 0 0 0 255
-0.325 0.475 0 0 0 0 255
-0.3 0.475 0 0 0 0 255
-0.275 0.475 0 0 0 0 255
-0.25 0.475 0 0 0 0 255
-0.225 0.475 0 0 0 0 255
-0.2 0.475 0 0 0 0 255
-0.175 0.475 0 0 0 0 255
-0.15 0.475 31.7153 56.914 255 0 0
-0.125 0.475 28.8632 49.866 255 0 0
-0.1 0.475 24.306 44.7305 255 0 0
-0.075 0.475 19.7375 39.5819 255 0 0
-0.05 0.475 15.1573 34.4091 255 0 0
-0.025 0.475 10.5561 29.2147 255 0 0
0 0.475 5.92936 24.0034 255 0 0
0.025 0.475 1.27748 18.7832 255 0 0
0.05 0.475 -3.39486 13.5641 255 0 0
0.075 0.475 -8.08064 8.35643 255 0 0
0.1 0.475 -12.7733 3.16814 255 0 0
0.125 0.475 -17.4691 -1.99652 255 0 0
0.15 0.475 -22.1682 -7.13821 255 0 0
0.175 0.475 -27.0309 -11.8207 255 0 0
0.2 0.475 0 0 0 0 255
0.225 0.475 0 0 0 0 255
0.25 0.475 0 0 0 0 255
0.275 0.475 0 0 0 0 255
0.3 0.475 0 0 0 0 255
0.325 0.475 0 0 0 0 255
0.35 0.475 0 0 0 0 255
0.375 0.475 0 0 0 0 255
0.4 0.475 0 0 0 0 255
0.425 0.475 0 0 0 0 255
0.45 0.475 0 0 0 0 255
0.475 0.475 0 0 0 0 255
0.5 0.475 0 0 0 0 255
-0.5 0.45 0 0 0 0 255
-0.475 0.45 0 0 0 0 255
-0.45 0.45 0 0 0 0 255
-0.425 0.45 0 0 0 0 255
-0.4 0.45 0 0 0 0 255
-0.375 0.45 0 0 0 0 255
-0.35 0.45 0 0 0 0 255
-0.325 0.45 0 0 0 0 255
-0.3 0.45 0 0 0 0 255
-0.275 0.45 0 0 0 0 255
-0.25 0.45 0 0 0 0 255
-0.225 0.45 0 0 0 0 255
-0.2 0.45 0 0 0 0 255
-0.175 0.45 0 0 0 0 255
-0.15 0.45 0 0 0 0 255
-0.125 0.45 37.8444 55.1111 255 0 0
-0.1 0.45 33.7208 49.5354 255 0 0
-0.075 0.45 29.1839 44.3623 255 0 0
-0.05 0.45 24.633 39.1733 255 0 0
-0.025 0.45 20.0639 33.9671 255 0 0
0 0.45 15.468 28.7498 255 0 0
0.025 0.45 10.8433 23.5282 255 0 0
0.05 0.45 6.19264 18.3105 255 0 0
0.075 0.45 1.52184 13.1056 255 0 0
0.1 0.45 -3.16257 7.92075 255 0 0
0.125 0.45 -7.85649 2.76048 255 0 0
0.15 0.45 -12.5592 -2.37715 255 0 0
0.175 0.45 -17.4181 -7.27465 255 0 0
0.2 0.45 0 0 0 0 255
0.225 0.45 0 0 0 0 255
0.25 0.45 0 0 0 0 255
0.275 0.45 0 0 0 0 255
0.3 0.45 0 0 0 0 255
0.325 0.45 0 0 0 0 255
0.35 0.45 0 0 0 0 255
0.375 0.45 0 0 0 0 255
0.4 0.45 0 0 0 0 255
0.425 0.45 0 0 0 0 255
0.45 0.45 0 0 0 0 255
0.475 0.45 0 0 0 0 255
0.5 0.45 0 0 0 0 255
-0.5 0.425 0 0 0 0 255
-0.475 0.425 0 0 0 0 255
-0.45 0.425 0 0 0 0 255
-0.425 0.425 0 0 0 0 255
-0.4 0.425 0 0 0 0 255
-0.375 0.425 0 0 0 0 255
-0.35 0.425 0 0 0 0 255
-0.325 0.425 0 0 0 0 255
-0.3 0.425 0 0 0 0 255
-0.275 0.425 0 0 0 0 255
-0.25 0.425 0 0 0 0 255
-0.225 0.425 0 0 0 0 255
-0.2 0.425 0 0 0 0 255
-0.175 0.425 0 0 0 0 255
-0.15 0.425 0 0 0 0 255
-0.125 0.425 0 0 0 0 255
-0.1 0.425 42.8622 54.6311 255 0 0
-0.075 0.425 38.6547 49.1664 255 0 0
-0.05 0.425 34.1303 43.9608 255 0 0
-0.025 0.425 29.5838 38.7479 255 0 0
0 0.425 25.0119 33.5278 255 0 0
0.025 0.425 20.4095 28.3079 255 0 0
0.05 0.425 15.778 23.0947 255 0 0
0.075 0.425 11.1215 17.8947 255 0 0
0.1 0.425 6.44637 12.7137 255 0 0
0.125 0.425 1.75738 7.55434 255 0 0
0.15 0.425 -2.94422 2.41468 255 0 0
0.175 0.425 -7.81762 -2.47554 255 0 0
0.2 0.425 0 0 0 0 255
0.225 0.425 0 0 0 0 255
0.25 0.425 0 0 0 0 255
0.275 0.425 0 0 0 0 255
0.3 0.425 0 0 0 0 255
0.325 0.425 0 0 0 0 255
0.35 0.425 0 0 0 0 255
0.375 0.425 0 0 0 0 255
0.4 0.425 0 0 0 0 255
0.425 0.425 0 0 0 0 255
0.45 0.425 0 0 0 0 255
0.475 0.425 0 0 0 0 255
0.5 0.425 0 0 0 0 255
-0.5 0.4 0 0 0 0 255
-0.475 0.4 0 0 0 0 255
-0.45 0.4 0 0 0 0 255
-0.425 0.4 0 0 0 0 255
-0.4 0.4 0 0 0 0 255
-0.375 0.4 0 0 0 0 255
-0.35 0.4 0 0 0 0 255
-0.325 0.4 0 0 0 0 255
-0.3 0.4 0 0 0 0 255
-0.275 0.4 0 0 0 0 255
-0.25 0.4 0 0 0 0 255
-0.225 0.4 0 0 0 0 255
-0.2 0.4 0 0 0 0 255
-0.175 0.4 0 0 0 0 255
-0.15 0.4 0 0 0 0 255
-0.125 0.4 0 0 0 0 255
-0.1 0.4 0 0 0 0 255
-0.075 0.4 47.5007 54.4271 255 0 0
-0.05 0.4 43.636 48.7733 255 0 0
-0.025 0.4 39.1141 43.551 255 0 0
0 0.4 34.558 38.33 255 0 0
0.025 0.4 29.9703 33.1156 255 0 0
0.05 0.4 25.3547 27.9094 255 0 0
0.075 0.4 20.712 22.7158 255 0 0
0.1 0.4 16.0487 17.5377 255 0 0
0.125 0.4 11.3694 12.3755 255 0 0
0.15 0.4 6.67588 7.23002 255 0 0
0.175 0.4 1.26516 2.48177 255 0 0
0.2 0.4 0 0 0 0 255
0.225 0.4 0 0 0 0 255
0.25 0.4 0 0 0 0 255
0.275 0.4 0 0 0 0 255
0.3 0.4 0 0 0 0 255
0.325 0.4 0 0 0 0 255
0.35 0.4 0 0 0 0 255
0.375 0.4 0 0 0 0 255
0.4 0.4 0 0 0 0 255
0.425 0.4 0 0 0 0 255
0.45 0.4 0 0 0 0 255
0.475 0.4 0 0 0 0 255
0.5 0.4 0 0 0 0 255
-0.5 0.375 0 0 0 0 255
-0.475 0.375 0 0 0 0 255
-0.45 0.375 0 0 0 0 255
-0.425 0.375 0 0 0 0 255
-0.4 0.375 0 0 0 0 255
-0.375 0.375 0 0 0 0 255
-0.35 0.375 0 0 0 0 255
-0.325 0.375 0 0 0 0 255
-0.3 0.375 0 0 0 0 255
-0.275 0.375 0 0 0 0 255
-0.25 0.375 0 0 0 0 255
-0.225 0.375 0 0 0 0 255
-0.2 0.375 0 0 0 0 255
-0.175 0.375 0 0 0 0 255
-0.15 0.375 0 0 0 0 255
-0.125 0.375 0 0 0 0 255
-0.1 0.375 0 0 0 0 255
-0.075 0.375 0 0 0 0 255
-0.05 0.375 48.5531 56.0139 255 0 0
-0.025 0.375 48.6437 48.4149 255 0 0
0 0.375 44.1041 43.1526 255 0 0
0.025 0.375 39.5261 37.9445 255 0 0
0.05 0.375 34.9243 32.7469 255 0 0
0.075 0.375 30.2941 27.5606 255 0 0
0.1 0.375 25.6443 22.3842 255 0 0
0.125 0.375 20.9795 17.2198 255 0 0
0.15 0.375 16.3861 12.0809 255 0 0
0.175 0.375 0 0 0 0 255
0.2 0.375 0 0 0 0 255
0.225 0.375 0 0 0 0 255
0.25 0.375 0 0 0 0 255
0.275 0.375 0 0 0 0 255
0.3 0.375 0 0 0 0 255
0.325 0.375 0 0 0 0 255
0.35 0.375 0 0 0 0 255
0.375 0.375 0 0 0 0 255
0.4 0.375 0 0 0 0 255
0.425 0.375 0 0 0 0 255
0.45 0.375 0 0 0 0 255
0.475 0.375 0 0 0 0 255
0.5 0.375 0 0 0 0 255
-0.5 0.35 0 0 0 0 255
-0.475 0.35 0 0 0 0 255
-0.45 0.35 0 0 0 0 255
-0.425 0.35 0 0 0 0 255
-0.4 0.35 0 0 0 0 255
-0.375 0.35 0 0 0 0 255
-0.35 0.35 0 0 0 0 255
-0.325 0.35 0 0 0 0 255
-0.3 0.35 0 0 0 0 255
-0.275 0.35 0 0 0 0 255
-0.25 0.35 0 0 0 0 255
-0.225 0.35 0 0 0 0 255
-0.2 0.35 0 0 0 0 255
-0.175 0.35 0 0 0 0 255
-0.15 0.35 0 0 0 0 255
-0.125 0.35 0 0 0 0 255
-0.1 0.35 0 0 0 0 255
-0.075 0.35 0 0 0 0 255
-0.05 0.35 0 0 0 0 255
-0.025 0.35 0 0 0 0 255
0 0.35 45.5458 49.8746 255 0 0
0.025 0.35 48.9413 43.0196 255 0 0
0.05 0.35 44.4576 37.7075 255 0 0
0.075 0.35 39.8496 32.4927 255 0 0
0.1 0.35 35.2254 27.3522 255 0 0
0.125 0.35 31.2107 22.5817 255 0 0
0.15 0.35 0 0 0 0 255
0.175 0.35 0 0 0 0 255
0.2 0.35 0 0 0 0 255
0.225 0.35 0 0 0 0 255
0.25 0.35 0 0 0 0 255
0.275 0.35 0 0 0 0 255
0.3 0.35 0 0 0 0 255
0.325 0.35 0 0 0 0 255
0.35 0.35 0 0 0 0 255
0.375 0.35 0 0 0 0 255
0.4 0.35 0 0 0 0 255
0.425 0.35 0 0 0 0 255
0.45 0.35 0 0 0 0 255
0.475 0.35 0 0 0 0 255
0.5 0.35 0 0 0 0 255
-0.5 0.325 0 0 0 0 255
-0.475 0.325 0 0 0 0 255
-0.45 0.325 0 0 0 0 255
-0.425 0.325 0 0 0 0 255
-0.4 0.325 0 0 0 0 255
-0.375 0.325 0 0 0 0 255
-0.35 0.325 0 0 0 0 255
-0.325 0.325 0 0 0 0 255
-0.3 0.325 0 0 0 0 255
-0.275 0.325 0 0 0 0 255
-0.25 0.325 0 0 0 0 255
-0.225 0.325 0 0 0 0 255
-0.2 0.325 0 0 0 0 255
-0.175 0.325 0 0 0 0 255
-0.15 0.325 0 0 0 0 255
-0.125 0.325 0 0 0 0 255
-0.1 0.325 0 0 0 0 255
-0.075 0.325 0 0 0 0 255
-0.05 0.325 0 0 0 0 255
-0.025 0.325 0 0 0 0 255
0 0.325 0 0 0 0 255
0.025 0.325 0 0 0 0 255
0.05 0.325 0 0 0 0 255
0.075 0.325 0 0 0 0 255
0.1 0.325 0 0 0 0 255
0.125 0.325 0 0 0 0 255
0.15 0.325 0 0 0 0 255
0.175 0.325 0 0 0 0 255
0.2 0.325 0 0 0 0 255
0.225 0.325 0 0 0 0 255
0.25 0.325 0 0 0 0 255
0.275 0.325 0 0 0 0 255
0.3 0.325 0 0 0 0 255
0.325 0.325 0 0 0 0 255
0.35 0.325 0 0 0 0 255
0.375 0.325 0 0 0 0 255
0.4 0.325 0 0 0 0 255
0.425 0.325 0 0 0 0 255
0.45 0.325 0 0 0 0 255
0.475 0.325 0 0 0 0 255
0.5 0.325 0 0 0 0 255
-0.5 0.3 0 0 0 0 255
-0.475 0.3 0 0 0 0 255
-0.45 0.3 0 0 0 0 255
-0.425 0.3 0 0 0 0 255
-0.4 0.3 0 0 0 0 255
-0.375 0.3 0 0 0 0 255
-0.35 0.3 0 0 0 0 255
-0.325 0.3 0 0 0 0 255
-0.3 0.3 0 0 0 0 255
-0.275 0.3 0 0 0 0 255
-0.25 0.3 0 0 0 0 255
-0.225 0.3 0 0 0 0 255
-0.2 0.3 0 0 0 0 255
-0.175 0.3 0 0 0 0 255
-0.15 0.3 0 0 0 0 255
-0.125 0.3 0 0 0 0 255
-0.1 0.3 0 0 0 0 255
-0.075 0.3 0 0 0 0 255
-0.05 0.3 0 0 0 0 255
-0.025 0.3 0 0 0 0 255
0 0.3 0 0 0 0 255
0.025 0.3 0 0 0 0 255
0.05 0.3 0 0 0 0 255
0.075 0.3 0 0 0 0 255
0.1 0.3 0 0 0 0 255
0.125 0.3 0 0 0 0 255
0.15 0.3 0 0 0 0 255
0.175 0.3 0 0 0 0 255
0.2 0.3 0 0 0 0 255
0.225 0.3 0 0 0 0 255
0.25 0.3 0 0 0 0 255
0.275 0.3 0 0 0 0 255
0.3 0.3 0 0 0 0 255
0.325 0.3 0 0 0 0 255
0.35 0.3 0 0 0 0 255
0.375 0.3 0 0 0 0 255
0.4 0.3 0 0 0 0 255
0.425 0.3 0 0 0 0 255
0.45 0.3 0 0 0 0 255
0.475 0.3 0 0 0 0 255
0.5 0.3 0 0 0 0 255
-0.5 0.275 0 0 0 0 255
-0.475 0.275 0 0 0 0 255
-0.45 0.275 0 0 0 0 255
-0.425 0.275 0 0 0 0 255
-0.4 0.275 0 0 0 0 255
-0.375 0.275 0 0 0 0 255
-0.35 0.275 0 0 0 0 255
-0.325 0.275 0 0 0 0 255
-0.3 0.275 0 0 0 0 255
-0.275 0.275 0 0 0 0 255
-0.25 0.275 0 0 0 0 255
-0.225 0.275 0 0 0 0 255
-0.2 0.275 0 0 0 0 255
-0.175 0.275 0 0 0 0 255
-0.15 0.275 0 0 0 0 255
-0.125 0.275 0 0 0 0 255
-0.1 0.275 0 0 0 0 255
-0.075 0.275 0 0 0 0 255
-0.05 0.275 0 0 0 0 255
-0.025 0.275 0 0 0 0 255
0 0.275 0 0 0 0 255
0.025 0.275 0 0 0 0 255
0.05 0.275 0 0 0 0 255
0.075 0.275 0 0 0 0 255
0.1 0.275 0 0 0 0 255
0.125 0.275 0 0 0 0 255
0.15 0.275 0 0 0 0 255
0.175 0.275 0 0 0 0 255
0.2 0.275 0 0 0 0 255
0.225 0.275 0 0 0 0 255
0.25 0.275 0 0 0 0 255
0.275 0.275 0 0 0 0 255
0.3 0.275 0 0 0 0 255
0.325 0.275 0 0 0 0 255
0.35 0.275 0 0 0 0 255
0.375 0.275 0 0 0 0 255
0.4 0.275 0 0 0 0 255
0.425 0.275 0 0 0 0 255
0.45 0.275 0 0 0 0 255
0.475 0.275 0 0 0 0 255
0.5 0.275 0 0 0 0 255
-0.5 0.25 0 0 0 0 255
-0.475 0.25 0 0 0 0 255
-0.45 0.25 0 0 0 0 255
-0.425 0.25 0 0 0 0 255
-0.4 0.25 0 0 0 0 255
-0.375 0.25 0 0 0 0 255
-0.35 0.25 0 0 0 0 255
-0.325 0.25 0 0 0 0 255
-0.3 0.25 0 0 0 0 255
-0.275 0.25 0 0 0 0 255
-0.25 0.25 0 0 0 0 255
-0.225 0.25 0 0 0 0 255
-0.2 0.25 0 0 0 0 255
-0.175 0.25 0 0 0 0 255
-0.15 0.25 0 0 0 0 255
-0.125 0.25 0 0 0 0 255
-0.1 0.25 0 0 0 0 255
-0.075 0.25 0 0 0 0 255
-0.05 0.25 0 0 0 0 255
-0.025 0.25 0 0 0 0 255
0 0.25 0 0 0 0 255
0.025 0.25 0 0 0 0 255
0.05 0.25 0 0 0 0 255
0.075 0.25 0 0 0 0 255
0.1 0.25 0 0 0 0 255
0.125 0.25 0 0 0 0 255
0.15 0.25 0 0 0 0 255
0.175 0.25 0 0 0 0 255
0.2 0.25 0 0 0 0 255
0.225 0.25 0 0 0 0 255
0.25 0.25 0 0 0 0 255
0.275 0.25 0 0 0 0 255
0.3 0.25 0 0 0 0 255
0.325 0.25 0 0 0 0 255
0.35 0.25 0 0 0 0 255
0.375 0.25 0 0 0 0 255
0.4 0.25 0 0 0 0 255
0.425 0.25 0 0 0 0 255
0.45 0.25 0 0 0 0 255
0.475 0.25 0 0 0 0 255
0.5 0.25 0 0 0 0 255
-0.5 0.225 0 0 0 0 255
-0.475 0.225 0 0 0 0 255
-0.45 0.225 0 0 0 0 255
-0.425 0.225 0 0 0 0 255
-0.4 0.225 0 0 0 0 255
-0.375 0.225 0 0 0 0 255
-0.35 0.225 0 0 0 0 255
-0.325 0.225 0 0 0 0 255
-0.3 0.225 0 0 0 0 255
-0.275 0.225 0 0 0 0 255
-0.25 0.225 0 0 0 0 255
-0.225 0.225 0 0 0 0 255
-0.2 0.225 0 0 0 0 255
-0.175 0.225 0 0 0 0 255
-0.15 0.225 0 0 0 0 255
-0.125 0.225 0 0 0 0 255
-0.1 0.225 0 0 0 0 255
-0.075 0.225 0 0 0 0 255
-0.05 0.225 0 0 0 0 255
-0.025 0.225 0 0 0 0 255
0 0.225 0 0 0 0 255
0.025 0.225 0 0 0 0 255
0.05 0.225 0 0 0 0 255
0.075 0.225 0 0 0 0 255
0.1 0.225 0 0 0 0 255
0.125 0.225 0 0 0 0 255
0.15 0.225 0 0 0 0 255
0.175 0.225 0 0 0 0 255
0.2 0.225 0 0 0 0 255
0.225 0.225 0 0 0 0 255
0.25 0.225 0 0 0 0 255
0.275 0.225 0 0 0 0 255
0.3 0.225 0 0 0 0 255
0.325 0.225 0 0 0 0 255
0.35 0.225 0 0 0 0 255
0.375 0.225 0 0 0 0 255
0.4 0.225 0 0 0 0 255
0.425 0.225 0 0 0 0 255
0.45 0.225 0 0 0 0 255
0.475 0.225 0 0 0 0 255
0.5 0.225 0 0 0 0 255
-0.5 0.2 0 0 0 0 255
-0.475 0.2 0 0 0 0 255
-0.45 0.2 0 0 0 0 255
-0.425 0.2 0 0 0 0 255
-0.4 0.2 0 0 0 0 255
-0.375 0.2 0 0 0 0 255
-0.35 0.2 0 0 0 0 255
-0.325 0.2 0 0 0 0 255
-0.3 0.2 0 0 0 0 255
-0.275 0.2 0 0 0 0 255
-0.25 0.2 0 0 0 0 255
-0.225 0.2 0 0 0 0 255
-0.2 0.2 0 0 0 0 255
-0.175 0.2 0 0 0 0 255
-0.15 0.2 0 0 0 0 255
-0.125 0.2 0 0 0 0 255
-0.1 0.2 0 0 0 0 255
-0.075 0.2 0 0 0 0 255
-0.05 0.2 0 0 0 0 255
-0.025 0.2 0 0 0 0 255
0 0.2 0 0 0 0 255
0.025 0.2 0 0 0 0 255
0.05 0.2 0 0 0 0 255
0.075 0.2 0 0 0 0 255
0.1 0.2 0 0 0 0 255
0.125 0.2 0 0 0 0 255
0.15 0.2 0 0 0 0 255
0.175 0.2 0 0 0 0 255
0.2 0.2 0 0 0 0 255
0.225 0.2 0 0 0 0 255
0.25 0.2 0 0 0 0 255
0.275 0.2 0 0 0 0 255
0.3 0.2 0 0 0 0 255
0.325 0.2 0 0 0 0 255
0.35 0.2 0 0 0 0 255
0.375 0.2 0 0 0 0 255
0.4 0.2 0 0 0 0 255
0.425 0.2 0 0 0 0 255
0.45 0.2 0 0 0 0 255
0.475 0.2 0 0 0 0 255
0.5 0.2 0 0 0 0 255
-0.5 0.175 0 0 0 0 255
-0.475 0.175 0 0 0 0 255
-0.45 0.175 0 0 0 0 255
-0.425 0.175 0 0 0 0 255
-0.4 0.175 0 0 0 0 255
-0.375 0.175 0 0 0 0 255
-0.35 0.175 0 0 0 0 255
-0.325 0.175 0 0 0 0 255
-0.3 0.175 0 0 0 0 255
-0.275 0.175 0 0 0 0 255
-0.25 0.175 0 0 0 0 255
-0.225 0.175 0 0 0 0 255
-0.2 0.175 0 0 0 0 255
-0.175 0.175 0 0 0 0 255
-0.15 0.175 0 0 0 0 255
-0.125 0.175 0 0 0 0 255
-0.1 0.175 0 0 0 0 255
-0.075 0.175 0 0 0 0 255
-0.05 0.175 0 0 0 0 255
-0.025 0.175 0 0 0 0 255
0 0.175 0 0 0 0 255
0.025 0.175 0 0 0 0 255
0.05 0.175 0 0 0 0 255
0.075 0.175 0 0 0 0 255
0.1 0.175 0 0 0 0 255
0.125 0.175 0 0 0 0 255
0.15 0.175 0 0 0 0 255
0.175 0.175 0 0 0 0 255
0.2 0.175 0 0 0 0 255
0.225 0.175 0 0 0 0 255
0.25 0.175 0 0 0 0 255
0.275 0.175 0 0 0 0 255
0.3 0.175 0 0 0 0 255
0.325 0.175 0 0 0 0 255
0.35 0.175 0 0 0 0 255
0.375 0.175 0 0 0 0 255
0.4 0.175 0 0 0 0 255
0.425 0.175 0 0 0 0 255
0.45 0.175 0 0 0 0 255
0.475 0.175 0 0 0 0 255
0.5 0.175 0 0 0 0 255
-0.5 0.15 0 0 0 0 255
-0.475 0.15 0 0 0 0 255
-0.45 0.15 0 0 0 0 255
-0.425 0.15 0 0 0 0 255
-0.4 0.15 0 0 0 0 255
-0.375 0.15 0 0 0 0 255
-0.35 0.15 0 0 0 0 255
-0.325 0.15 0 0 0 0 255
-0.3 0.15 0 0 0 0 255
-0.275 0.15 0 0 0 0 255
-0.25 0.15 0 0 0 0 255
-0.225 0.15 0 0 0 0 255
-0.2 0.15 0 0 0 0 255
-0.175 0.15 0 0 0 0 255
-0.15 0.15 0 0 0 0 255
-0.125 0.15 0 0 0 0 255
-0.1 0.15 0 0 0 0 255
-0.075 0.15 0 0 0 0 255
-0.05 0.15 0 0 0 0 255
-0.025 0.15 0 0 0 0 255
0 0.15 0 0 0 0 255
0.025 0.15 0 0 0 0 255
0.05 0.15 0 0 0 0 255
0.075 0.15 0 0 0 0 255
0.1 0.15 0 0 0 0 255
0.125 0.15 0 0 0 0 255
0.15 0.15 0 0 0 0 255
0.175 0.15 0 0 0 0 255
0.2 0.15 0 0 0 0 255
0.225 0.15 0 0 0 0 255
0.25 0.15 0 0 0 0 255
0.275 0.15 0 0 0 0 255
0.3 0.15 0 0 0 0 255
0.325 0.15 0 0 0 0 255
0.35 0.15 0 0 0 0 255
0.375 0.15 0 0 0 0 255
0.4 0.15 0 0 0 0 255
0.425 0.15 0 0 0 0 255
0.45 0.15 0 0 0 0 255
0.475 0.15 0 0 0 0 255
0.5 0.15 0 0 0 0 255
-0.5 0.125 0 0 0 0 255
-0.475 0.125 0 0 0 0 255
-0.45 0.125 0 0 0 0 255
-0.425 0.125 0 0 0 0 255
-0.4 0.125 0 0 0 0 255
-0.375 0.125 0 0 0 0 255
-0.35 0.125 0 0 0 0 255
-0.325 0.125 0 0 0 0 255
-0.3 0.125 0 0 0 0 255
-0.275 0.125 0 0 0 0 255
-0.25 0.125 0 0 0 0 255
-0.225 0.125 0 0 0 0 255
-0.2 0.125 0 0 0 0 255
-0.175 0.125 0 0 0 0 255
-0.15 0.125 0 0 0 0 255
-0.125 0.125 0 0 0 0 255
-0.1 0.125 0 0 0 0 255
-0.075 0.125 0 0 0 0 255
-0.05 0.125 0 0 0 0 255
-0.025 0.125 0 0 0 0 255
0 0.125 0 0 0 0 255
0.025 0.125 0 0 0 0 255
0.05 0.125 0 0 0 0 255
0.075 0.125 0 0 0 0 255
0.1 0.125 0 0 0 0 255
0.125 0.125 0 0 0 0 255
0.15 0.125 0 0 0 0 255
0.175 0.125 0 0 0 0 255
0.2 0.125 0 0 0 0 255
0.225 0.125 0 0 0 0 255
0.25 0.125 0 0 0 0 255
0.275 0.125 0 0 0 0 255
0.3 0.125 0 0 0 0 255
0.325 0.125 0 0 0 0 255
0.35 0.125 0 0 0 0 255
0.375 0.125 0 0 0 0 255
0.4 0.125 0 0 0 0 255
0.425 0.125 0 0 0 0 255
0.45 0.125 0 0 0 0 255
0.475 0.125 0 0 0 0 255
0.5 0.125 0 0 0 0 255
-0.5 0.1 0 0 0 0 255
-0.475 0.1 0 0 0 0 255
-0.45 0.1 0 0 0 0 255
-0.425 0.1 0 0 0 0 255
-0.4 0.1 0 0 0 0 255
-0.375 0.1 0 0 0 0 255
-0.35 0.1 0 0 0 0 255
-0.325 0.1 0 0 0 0 255
-0.3 0.1 0 0 0 0 255
-0.275 0.1 0 0 0 0 255
-0.25 0.1 0 0 0 0 255
-0.225 0.1 0 0 0 0 255
-0.2 0.1 0 0 0 0 255
-0.175 0.1 0 0 0 0 255
-0.15 0.1 0 0 0 0 255
-0.125 0.1 0 0 0 0 255
-0.1 0.1 0 0 0 0 255
-0.075 0.1 0 0 0 0 255
-0.05 0.1 0 0 0 0 255
-0.025 0.1 0 0 0 0 255
0 0.1 0 0 0 0 255
0.025 0.1 0 0 0 0 255
0.05 0.1 0 0 0 0 255
0.075 0.1 0 0 0 0 255
0.1 0.1 0 0 0 0 255
0.125 0.1 0 0 0 0 255
0.15 0.1 0 0 0 0 255
0.175 0.1 0 0 0 0 255
0.2 0.1 0 0 0 0 255
0.225 0.1 0 0 0 0 255
0.25 0.1 0 0 0 0 255
0.275 0.1 0 0 0 0 255
0.3 0.1 0 0 0 0 255
0.325 0.1 0 0 0 0 255
0.35 0.1 0 0 0 0 255
0.375 0.1 0 0 0 0 255
0.4 0.1 0 0 0 0 255
0.425 0.1 0 0 0 0 255
0.45 0.1 0 0 0 0 255
0.475 0.1 0 0 0 0 255
0.5 0.1 0 0 0 0 255
-0.5 0.075 0 0 0 0 255
-0.475 0.075 0 0 0 0 255
-0.45 0.075 0 0 0 0 255
-0.425 0.075 0 0 0 0 255
-0.4 0.075 0 0 0 0 255
-0.375 0.075 0 0 0 0 255
-0.35 0.075 0 0 0 0 255
-0.325 0.075 0 0 0 0 255
-0.3 0.075 0 0 0 0 255
-0.275 0.075 0 0 0 0 255
-0.25 0.075 0 0 0 0 255
-0.225 0.075 0 0 0 0 255
-0.2 0.075 0 0 0 0 255
-0.175 0.075 0 0 0 0 255
-0.15 0.075 0 0 0 0 255
-0.125 0.075 0 0 0 0 255
-0.1 0.075 0 0 0 0 255
-0.075 0.075 0 0 0 0 255
-0.05 0.075 0 0 0 0 255
-0.025 0.075 0 0 0 0 255
0 0.075 0 0 0 0 255
0.025 0.075 0 0 0 0 255
0.05 0.075 0 0 0 0 255
0.075 0.075 0 0 0 0 255
0.1 0.075 0 0 0 0 255
0.125 0.075 0 0 0 0 255
0.15 0.075 0 0 0 0 255
0.175 0.075 0 0 0 0 255
0.2 0.075 0 0 0 0 255
0.225 0.075 0 0 0 0 255
0.25 0.075 0 0 0 0 255
0.275 0.075 0 0 0 0 255
0.3 0.075 0 0 0 0 255
0.325 0.075 0 0 0 0 255
0.35 0.075 0 0 0 0 255
0.375 0.075 0 0 0 0 255
0.4 0.075 0 0 0 0 255
0.425 0.075 0 0 0 0 255
0.45 0.075 0 0 0 0 255
0.475 0.075 0 0 0 0 255
0.5 0.075 0 0 0 0 255
-0.5 0.05 0 0 0 0 255
-0.475 0.05 0 0 0 0 255
-0.45 0.05 0 0 0 0 255
-0.425 0.05 0 0 0 0 255
-0.4 0.05 0 0 0 0 255
-0.375 0.05 0 0 0 0 255
-0.35 0.05 0 0 0 0 255
-0.325 0.05 0 0 0 0 255
-0.3 0.05 0 0 0 0 255
-0.275 0.05 0 0 0 0 255
-0.25 0.05 0 0 0 0 255
-0.225 0.05 0 0 0 0 255
-0.2 0.05 0 0 0 0 255
-0.175 0.05 0 0 0 0 255
-0.15 0.05 0 0 0 0 255
-0.125 0.05 0 0 0 0 255
-0.1 0.05 0 0 0 0 255
-0.075 0.05 0 0 0 0 255
-0.05 0.05 0 0 0 0 255
-0.025 0.05 0 0 0 0 255
0 0.05 0 0 0 0 255
0.025 0.05 0 0 0 0 255
0.05 0.05 0 0 0 0 255
0.075 0.05 0 0 0 0 255
0.1 0.05 0 0 0 0 255
0.125 0.05 0 0 0 0 255
0.15 0.05 0 0 0 0 255
0.175 0.05 0 0 0 0 255
0.2 0.05 0 0 0 0 255
0.225 0.05 0 0 0 0 255
0.25 0.05 0 0 0 0 255
0.275 0.05 0 0 0 0 255
0.3 0.05 0 0 0 0 255
0.325 0.05 0 0 0 0 255
0.35 0.05 0 0 0 0 255
0.375 0.05 0 0 0 0 255
0.4 0.05 0 0 0 0 255
0.425 0.05 0 0 0 0 255
0.45 0.05 0 0 0 0 255
0.475 0.05 0 0 0 0 255
0.5 0.05 0 0 0 0 255
-0.5 0.025 0 0 0 0 255
-0.475 0.025 0 0 0 0 255
-0.45 0.025 0 0 0 0 255
-0.425 0.025 0 0 0 0 255
-0.4 0.025 0 0 0 0 255
-0.375 0.025 0 0 0 0 255
-0.35 0.025 0 0 0 0 255
-0.325 0.025 0 0 0 0 255
-0.3 0.025 0 0 0 0 255
-0.275 0.025 0 0 0 0 255
-0.25 0.025 0 0 0 0 255
-0.225 0.025 0 0 0 0 255
-0.2 0.025 0 0 0 0 255
-0.175 0.025 0 0 0 0 255
-0.15 0.025 0 0 0 0 255
-0.125 0.025 0 0 0 0 255
-0.1 0.025 0 0 0 0 255
-0.075 0.025 0 0 0 0 255
-0.05 0.025 0 0 0 0 255
-0.025 0.025 0 0 0 0 255
0 0.025 0 0 0 0 255
0.025 0.025 0 0 0 0 255
0.05 0.025 0 0 0 0 255
0.075 0.025 0 0 0 0 255
0.1 0.025 0 0 0 0 255
0.125 0.025 0 0 0 0 255
0.15 0.025 0 0 0 0 255
0.175 0.025 0 0 0 0 255
0.2 0.025 0 0 0 0 255
0.225 0.025 0 0 0 0 255
0.25 0.025 0 0 0 0 255
0.275 0.025 0 0 0 0 255
0.3 0.025 0 0 0 0 255
0.325 0.025 0 0 0 0 255
0.35 0.025 0 0 0 0 255
0.375 0.025 0 0 0 0 255
0.4 0.025 0 0 0 0 255
0.425 0.025 0 0 0 0 255
0.45 0.025 0 0 0 0 255
0.475 0.025 0 0 0 0 255
0.5 0.025 0 0 0 0 255
-0.5 0 0 0 0 0 255
-0.475 0 0 0 0 0 255
-0.45 0 0 0 0 0 255
-0.425 0 0 0 0 0 255
-0.4 0 0 0 0 0 255
-0.375 0 0 0 0 0 255
-0.35 0 0 0 0 0 255
-0.325 0 0 0 0 0 255
-0.3 0 0 0 0 0 255
-0.275 0 0 0 0 0 255
-0.25 0 0 0 0 0 255
-0.225 0 0 0 0 0 255
-0.2 0 0 0 0 0 255
-0.175 0 0 0 0 0 255
-0.15 0 0 0 0 0 255
-0.125 0 0 0 0 0 255
-0.1 0 0 0 0 0 255
-0.075 0 0 0 0 0 255
-0.05 0 0 0 0 0 255
-0.025 0 0 0 0 0 255
0 0 0 0 0 0 255
0.025 0 0 0 0 0 255
0.05 0 0 0 0 0 255
0.075 0 0 0 0 0 255
0.1 0 0 0 0 0 255
0.125 0 0 0 0 0 255
0.15 0 0 0 0 0 255
0.175 0 0 0 0 0 255
0.2 0 0 0 0 0 255
0.225 0 0 0 0 0 255
0.25 0 0 0 0 0 255
0.275 0 0 0 0 0 255
0.3 0 0 0 0 0 255
0.325 0 0 0 0 0 255
0.35 0 0 0 0 0 255
0.375 0 0 0 0 0 255
0.4 0 0 0 0 0 255
0.425 0 0 0 0 0 255
0.45 0 0 0 0 0 255
0.475 0 0 0 0 0 255
0.5 0 0 0 0 0 255
