-0.5 1 0 0 0 0 255
-0.475 1 0 0 0 0 255
-0.45 1 0 0 0 0 255
-0.425 1 0 0 0 0 255
-0.4 1 0 0 0 0 255
-0.375 1 0 0 0 0 255
-0.35 1 0 0 0 0 255
-0.325 1 0 0 0 0 255
-0.3 1 0 0 0 0 255
-0.275 1 0 0 0 0 255
-0.25 1 0 0 0 0 255
-0.225 1 0 0 0 0 255
-0.2 1 0 0 0 0 255
-0.175 1 0 0 0 0 255
-0.15 1 0 0 0 0 255
-0.125 1 0 0 0 0 255
-0.1 1 0 0 0 0 255
-0.075 1 0 0 0 0 255
-0.05 1 0 0 0 0 255
-0.025 1 0 0 0 0 255
0 1 0 0 0 0 255
0.025 1 0 0 0 0 255
0.05 1 0 0 0 0 255
0.075 1 0 0 0 0 255
0.1 1 0 0 0 0 255
0.125 1 0 0 0 0 255
0.15 1 0 0 0 0 255
0.175 1 0 0 0 0 255
0.2 1 0 0 0 0 255
0.225 1 0 0 0 0 255
0.25 1 0 0 0 0 255
0.275 1 0 0 0 0 255
0.3 1 0 0 0 0 255
0.325 1 0 0 0 0 255
0.35 1 0 0 0 0 255
0.375 1 0 0 0 0 255
0.4 1 0 0 0 0 255
0.425 1 0 0 0 0 255
0.45 1 0 0 0 0 255
0.475 1 0 0 0 0 255
0.5 1 0 0 0 0 255
-0.5 0.975 0 0 0 0 255
-0.475 0.975 0 0 0 0 255
-0.45 0.975 0 0 0 0 255
-0.425 0.975 0 0 0 0 255
-0.4 0.975 0 0 0 0 255
-0.375 0.975 0 0 0 0 255
-0.35 0.975 0 0 0 0 255
-0.325 0.975 0 0 0 0 255
-0.3 0.975 0 0 0 0 255
-0.275 0.975 0 0 0 0 255
-0.25 0.975 0 0 0 0 255
-0.225 0.975 0 0 0 0 255
-0.2 0.975 0 0 0 0 255
-0.175 0.975 0 0 0 0 255
-0.15 0.975 0 0 0 0 255
-0.125 0.975 0 0 0 0 255
-0.1 0.975 0 0 0 0 255
-0.075 0.975 0 0 0 0 255
-0.05 0.975 0 0 0 0 255
-0.025 0.975 0 0 0 0 255
0 0.975 0 0 0 0 255
0.025 0.975 0 0 0 0 255
0.05 0.975 0 0 0 0 255
0.075 0.975 0 0 0 0 255
0.1 0.975 0 0 0 0 255
0.125 0.975 0 0 0 0 255
0.15 0.975 0 0 0 0 255
0.175 0.975 0 0 0 0 255
0.2 0.975 0 0 0 0 255
0.225 0.975 0 0 0 0 255
0.25 0.975 0 0 0 0 255
0.275 0.975 0 0 0 0 255
0.3 0.975 0 0 0 0 255
0.325 0.975 0 0 0 0 255
0.35 0.975 0 0 0 0 255
0.375 0.975 0 0 0 0 255
0.4 0.975 0 0 0 0 255
0.425 0.975 0 0 0 0 255
0.45 0.975 0 0 0 0 255
0.475 0.975 0 0 0 0 255
0.5 0.975 0 0 0 0 255
-0.5 0.95 0 0 0 0 255
-0.475 0.95 0 0 0 0 255
-0.45 0.95 0 0 0 0 255
-0.425 0.95 0 0 0 0 255
-0.4 0.95 0 0 0 0 255
-0.375 0.95 0 0 0 0 255
-0.35 0.95 0 0 0 0 255
-0.325 0.95 0 0 0 0 255
-0.3 0.95 0 0 0 0 255
-0.275 0.95 0 0 0 0 255
-0.25 0.95 0 0 0 0 255
-0.225 0.95 0 0 0 0 255
-0.2 0.95 0 0 0 0 255
-0.175 0.95 0 0 0 0 255
-0.15 0.95 0 0 0 0 255
-0.125 0.95 0 0 0 0 255
-0.1 0.95 0 0 0 0 255
-0.075 0.95 0 0 0 0 255
-0.05 0.95 0 0 0 0 255
-0.025 0.95 0 0 0 0 255
0 0.95 0 0 0 0 255
0.025 0.95 0 0 0 0 255
0.05 0.95 0 0 0 0 255
0.075 0.95 0 0 0 0 255
0.1 0.95 0 0 0 0 255
0.125 0.95 0 0 0 0 255
0.15 0.95 0 0 0 0 255
0.175 0.95 0 0 0 0 255
0.2 0.95 0 0 0 0 255
0.225 0.95 0 0 0 0 255
0.25 0.95 0 0 0 0 255
0.275 0.95 0 0 0 0 255
0.3 0.95 0 0 0 0 255
0.325 0.95 0 0 0 0 255
0.35 0.95 0 0 0 0 255
0.375 0.95 0 0 0 0 255
0.4 0.95 0 0 0 0 255
0.425 0.95 0 0 0 0 255
0.45 0.95 0 0 0 0 255
0.475 0.95 0 0 0 0 255
0.5 0.95 0 0 0 0 255
-0.5 0.925 0 0 0 0 255
-0.475 0.925 0 0 0 0 255
-0.45 0.925 0 0 0 0 255
-0.425 0.925 0 0 0 0 255
-0.4 0.925 0 0 0 0 255
-0.375 0.925 0 0 0 0 255
-0.35 0.925 0 0 0 0 255
-0.325 0.925 0 0 0 0 255
-0.3 0.925 0 0 0 0 255
-0.275 0.925 0 0 0 0 255
-0.25 0.925 0 0 0 0 255
-0.225 0.925 0 0 0 0 255
-0.2 0.925 0 0 0 0 255
-0.175 0.925 0 0 0 0 255
-0.15 0.925 0 0 0 0 255
-0.125 0.925 0 0 0 0 255
-0.1 0.925 0 0 0 0 255
-0.075 0.925 0 0 0 0 255
-0.05 0.925 0 0 0 0 255
-0.025 0.925 0 0 0 0 255
0 0.925 0 0 0 0 255
0.025 0.925 0 0 0 0 255
0.05 0.925 0 0 0 0 255
0.075 0.925 0 0 0 0 255
0.1 0.925 0 0 0 0 255
0.125 0.925 0 0 0 0 255
0.15 0.925 0 0 0 0 255
0.175 0.925 0 0 0 0 255
0.2 0.925 0 0 0 0 255
0.225 0.925 0 0 0 0 255
0.25 0.925 0 0 0 0 255
0.275 0.925 0 0 0 0 255
0.3 0.925 0 0 0 0 255
0.325 0.925 0 0 0 0 255
0.35 0.925 0 0 0 0 255
0.375 0.925 0 0 0 0 255
0.4 0.925 0 0 0 0 255
0.425 0.925 0 0 0 0 255
0.45 0.925 0 0 0 0 255
0.475 0.925 0 0 0 0 255
0.5 0.925 0 0 0 0 255
-0.5 0.9 0 0 0 0 255
-0.475 0.9 0 0 0 0 255
-0.45 0.9 0 0 0 0 255
-0.425 0.9 0 0 0 0 255
-0.4 0.9 0 0 0 0 255
-0.375 0.9 0 0 0 0 255
-0.35 0.9 0 0 0 0 255
-0.325 0.9 0 0 0 0 255
-0.3 0.9 0 0 0 0 255
-0.275 0.9 0 0 0 0 255
-0.25 0.9 0 0 0 0 255
-0.225 0.9 0 0 0 0 255
-0.2 0.9 0 0 0 0 255
-0.175 0.9 0 0 0 0 255
-0.15 0.9 0 0 0 0 255
-0.125 0.9 0 0 0 0 255
-0.1 0.9 0 0 0 0 255
-0.075 0.9 0 0 0 0 255
-0.05 0.9 0 0 0 0 255
-0.025 0.9 0 0 0 0 255
0 0.9 0 0 0 0 255
0.025 0.9 0 0 0 0 255
0.05 0.9 0 0 0 0 255
0.075 0.9 0 0 0 0 255
0.1 0.9 0 0 0 0 255
0.125 0.9 0 0 0 0 255
0.15 0.9 0 0 0 0 255
0.175 0.9 0 0 0 0 255
0.2 0.9 0 0 0 0 255
0.225 0.9 0 0 0 0 255
0.25 0.9 0 0 0 0 255
0.275 0.9 0 0 0 0 255
0.3 0.9 0 0 0 0 255
0.325 0.9 0 0 0 0 255
0.35 0.9 0 0 0 0 255
0.375 0.9 0 0 0 0 255
0.4 0.9 0 0 0 0 255
0.425 0.9 0 0 0 0 255
0.45 0.9 0 0 0 0 255
0.475 0.9 0 0 0 0 255
0.5 0.9 0 0 0 0 255
-0.5 0.875 0 0 0 0 255
-0.475 0.875 0 0 0 0 255
-0.45 0.875 0 0 0 0 255
-0.425 0.875 0 0 0 0 255
-0.4 0.875 0 0 0 0 255
-0.375 0.875 0 0 0 0 255
-0.35 0.875 0 0 0 0 255
-0.325 0.875 0 0 0 0 255
-0.3 0.875 0 0 0 0 255
-0.275 0.875 0 0 0 0 255
-0.25 0.875 0 0 0 0 255
-0.225 0.875 0 0 0 0 255
-0.2 0.875 0 0 0 0 255
-0.175 0.875 0 0 0 0 255
-0.15 0.875 0 0 0 0 255
-0.125 0.875 0 0 0 0 255
-0.1 0.875 0 0 0 0 255
-0.075 0.875 0 0 0 0 255
-0.05 0.875 0 0 0 0 255
-0.025 0.875 0 0 0 0 255
0 0.875 0 0 0 0 255
0.025 0.875 0 0 0 0 255
0.05 0.875 0 0 0 0 255
0.075 0.875 0 0 0 0 255
0.1 0.875 0 0 0 0 255
0.125 0.875 0 0 0 0 255
0.15 0.875 0 0 0 0 255
0.175 0.875 0 0 0 0 255
0.2 0.875 0 0 0 0 255
0.225 0.875 0 0 0 0 255
0.25 0.875 0 0 0 0 255
0.275 0.875 0 0 0 0 255
0.3 0.875 0 0 0 0 255
0.325 0.875 0 0 0 0 255
0.35 0.875 0 0 0 0 255
0.375 0.875 0 0 0 0 255
0.4 0.875 0 0 0 0 255
0.425 0.875 0 0 0 0 255
0.45 0.875 0 0 0 0 255
0.475 0.875 0 0 0 0 255
0.5 0.875 0 0 0 0 255
-0.5 0.85 0 0 0 0 255
-0.475 0.85 0 0 0 0 255
-0.45 0.85 0 0 0 0 255
-0.425 0.85 0 0 0 0 255
-0.4 0.85 0 0 0 0 255
-0.375 0.85 0 0 0 0 255
-0.35 0.85 0 0 0 0 255
-0.325 0.85 0 0 0 0 255
-0.3 0.85 0 0 0 0 255
-0.275 0.85 0 0 0 0 255
-0.25 0.85 0 0 0 0 255
-0.225 0.85 0 0 0 0 255
-0.2 0.85 0 0 0 0 255
-0.175 0.85 0 0 0 0 255
-0.15 0.85 0 0 0 0 255
-0.125 0.85 0 0 0 0 255
-0.1 0.85 0 0 0 0 255
-0.075 0.85 0 0 0 0 255
-0.05 0.85 0 0 0 0 255
-0.025 0.85 0 0 0 0 255
0 0.85 0 0 0 0 255
0.025 0.85 0 0 0 0 255
0.05 0.85 0 0 0 0 255
0.075 0.85 0 0 0 0 255
0.1 0.85 0 0 0 0 255
0.125 0.85 0 0 0 0 255
0.15 0.85 0 0 0 0 255
0.175 0.85 0 0 0 0 255
0.2 0.85 0 0 0 0 255
0.225 0.85 0 0 0 0 255
0.25 0.85 0 0 0 0 255
0.275 0.85 0 0 0 0 255
0.3 0.85 0 0 0 0 255
0.325 0.85 0 0 0 0 255
0.35 0.85 0 0 0 0 255
0.375 0.85 0 0 0 0 255
0.4 0.85 0 0 0 0 255
0.425 0.85 0 0 0 0 255
0.45 0.85 0 0 0 0 255
0.475 0.85 0 0 0 0 255
0.5 0.85 0 0 0 0 255
-0.5 0.825 0 0 0 0 255
-0.475 0.825 0 0 0 0 255
-0.45 0.825 0 0 0 0 255
-0.425 0.825 0 0 0 0 255
-0.4 0.825 0 0 0 0 255
-0.375 0.825 0 0 0 0 255
-0.35 0.825 0 0 0 0 255
-0.325 0.825 0 0 0 0 255
-0.3 0.825 0 0 0 0 255
-0.275 0.825 0 0 0 0 255
-0.25 0.825 0 0 0 0 255
-0.225 0.825 0 0 0 0 255
-0.2 0.825 0 0 0 0 255
-0.175 0.825 0 0 0 0 255
-0.15 0.825 0 0 0 0 255
-0.125 0.825 0 0 0 0 255
-0.1 0.825 0 0 0 0 255
-0.075 0.825 0 0 0 0 255
-0.05 0.825 0 0 0 0 255
-0.025 0.825 0 0 0 0 255
0 0.825 0 0 0 0 255
0.025 0.825 0 0 0 0 255
0.05 0.825 0 0 0 0 255
0.075 0.825 0 0 0 0 255
0.1 0.825 0 0 0 0 255
0.125 0.825 0 0 0 0 255
0.15 0.825 0 0 0 0 255
0.175 0.825 0 0 0 0 255
0.2 0.825 0 0 0 0 255
0.225 0.825 0 0 0 0 255
0.25 0.825 0 0 0 0 255
0.275 0.825 0 0 0 0 255
0.3 0.825 0 0 0 0 255
0.325 0.825 0 0 0 0 255
0.35 0.825 0 0 0 0 255
0.375 0.825 0 0 0 0 255
0.4 0.825 0 0 0 0 255
0.425 0.825 0 0 0 0 255
0.45 0.825 0 0 0 0 255
0.475 0.825 0 0 0 0 255
0.5 0.825 0 0 0 0 255
-0.5 0.8 0 0 0 0 255
-0.475 0.8 0 0 0 0 255
-0.45 0.8 0 0 0 0 255
-0.425 0.8 0 0 0 0 255
-0.4 0.8 0 0 0 0 255
-0.375 0.8 0 0 0 0 255
-0.35 0.8 0 0 0 0 255
-0.325 0.8 0 0 0 0 255
-0.3 0.8 0 0 0 0 255
-0.275 0.8 0 0 0 0 255
-0.25 0.8 0 0 0 0 255
-0.225 0.8 0 0 0 0 255
-0.2 0.8 0 0 0 0 255
-0.175 0.8 0 0 0 0 255
-0.15 0.8 0 0 0 0 255
-0.125 0.8 0 0 0 0 255
-0.1 0.8 0 0 0 0 255
-0.075 0.8 0 0 0 0 255
-0.05 0.8 0 0 0 0 255
-0.025 0.8 0 0 0 0 255
0 0.8 0 0 0 0 255
0.025 0.8 0 0 0 0 255
0.05 0.8 0 0 0 0 255
0.075 0.8 0 0 0 0 255
0.1 0.8 0 0 0 0 255
0.125 0.8 0 0 0 0 255
0.15 0.8 0 0 0 0 255
0.175 0.8 0 0 0 0 255
0.2 0.8 0 0 0 0 255
0.225 0.8 0 0 0 0 255
0.25 0.8 0 0 0 0 255
0.275 0.8 0 0 0 0 255
0.3 0.8 0 0 0 0 255
0.325 0.8 0 0 0 0 255
0.35 0.8 0 0 0 0 255
0.375 0.8 0 0 0 0 255
0.4 0.8 0 0 0 0 255
0.425 0.8 0 0 0 0 255
0.45 0.8 0 0 0 0 255
0.475 0.8 0 0 0 0 255
0.5 0.8 0 0 0 0 255
-0.5 0.775 0 0 0 0 255
-0.475 0.775 0 0 0 0 255
-0.45 0.775 0 0 0 0 255
-0.425 0.775 0 0 0 0 255
-0.4 0.775 0 0 0 0 255
-0.375 0.775 0 0 0 0 255
-0.35 0.775 0 0 0 0 255
-0.325 0.775 0 0 0 0 255
-0.3 0.775 0 0 0 0 255
-0.275 0.775 0 0 0 0 255
-0.25 0.775 0 0 0 0 255
-0.225 0.775 0 0 0 0 255
-0.2 0.775 0 0 0 0 255
-0.175 0.775 0 0 0 0 255
-0.15 0.775 0 0 0 0 255
-0.125 0.775 0 0 0 0 255
-0.1 0.775 0 0 0 0 255
-0.075 0.775 0 0 0 0 255
-0.05 0.775 0 0 0 0 255
-0.025 0.775 0 0 0 0 255
0 0.775 0 0 0 0 255
0.025 0.775 0 0 0 0 255
0.05 0.775 0 0 0 0 255
0.075 0.775 0 0 0 0 255
0.1 0.775 0 0 0 0 255
0.125 0.775 0 0 0 0 255
0.15 0.775 0 0 0 0 255
0.175 0.775 0 0 0 0 255
0.2 0.775 0 0 0 0 255
0.225 0.775 0 0 0 0 255
0.25 0.775 0 0 0 0 255
0.275 0.775 0 0 0 0 255
0.3 0.775 0 0 0 0 255
0.325 0.775 0 0 0 0 255
0.35 0.775 0 0 0 0 255
0.375 0.775 0 0 0 0 255
0.4 0.775 0 0 0 0 255
0.425 0.775 0 0 0 0 255
0.45 0.775 0 0 0 0 255
0.475 0.775 0 0 0 0 255
0.5 0.775 0 0 0 0 255
-0.5 0.75 0 0 0 0 255
-0.475 0.75 0 0 0 0 255
-0.45 0.75 0 0 0 0 255
-0.425 0.75 0 0 0 0 255
-0.4 0.75 0 0 0 0 255
-0.375 0.75 0 0 0 0 255
-0.35 0.75 0 0 0 0 255
-0.325 0.75 0 0 0 0 255
-0.3 0.75 0 0 0 0 255
-0.275 0.75 0 0 0 0 255
-0.25 0.75 0 0 0 0 255
-0.225 0.75 0 0 0 0 255
-0.2 0.75 0 0 0 0 255
-0.175 0.75 0 0 0 0 255
-0.15 0.75 0 0 0 0 255
-0.125 0.75 0 0 0 0 255
-0.1 0.75 0 0 0 0 255
-0.075 0.75 0 0 0 0 255
-0.05 0.75 0 0 0 0 255
-0.025 0.75 0 0 0 0 255
0 0.75 0 0 0 0 255
0.025 0.75 0 0 0 0 255
0.05 0.75 0 0 0 0 255
0.075 0.75 0 0 0 0 255
0.1 0.75 0 0 0 0 255
0.125 0.75 0 0 0 0 255
0.15 0.75 0 0 0 0 255
0.175 0.75 0 0 0 0 255
0.2 0.75 0 0 0 0 255
0.225 0.75 0 0 0 0 255
0.25 0.75 0 0 0 0 255
0.275 0.75 0 0 0 0 255
0.3 0.75 0 0 0 0 255
0.325 0.75 0 0 0 0 255
0.35 0.75 0 0 0 0 255
0.375 0.75 0 0 0 0 255
0.4 0.75 0 0 0 0 255
0.425 0.75 0 0 0 0 255
0.45 0.75 0 0 0 0 255
0.475 0.75 0 0 0 0 255
0.5 0.75 0 0 0 0 255
-0.5 0.725 0 0 0 0 255
-0.475 0.725 0 0 0 0 255
-0.45 0.725 0 0 0 0 255
-0.425 0.725 0 0 0 0 255
-0.4 0.725 0 0 0 0 255
-0.375 0.725 0 0 0 0 255
-0.35 0.725 0 0 0 0 255
-0.325 0.725 0 0 0 0 255
-0.3 0.725 0 0 0 0 255
-0.275 0.725 0 0 0 0 255
-0.25 0.725 0 0 0 0 255
-0.225 0.725 0 0 0 0 255
-0.2 0.725 0 0 0 0 255
-0.175 0.725 0 0 0 0 255
-0.15 0.725 0 0 0 0 255
-0.125 0.725 0 0 0 0 255
-0.1 0.725 0 0 0 0 255
-0.075 0.725 0 0 0 0 255
-0.05 0.725 0 0 0 0 255
-0.025 0.725 0 0 0 0 255
0 0.725 0 0 0 0 255
0.025 0.725 0 0 0 0 255
0.05 0.725 0 0 0 0 255
0.075 0.725 0 0 0 0 255
0.1 0.725 0 0 0 0 255
0.125 0.725 0 0 0 0 255
0.15 0.725 0 0 0 0 255
0.175 0.725 0 0 0 0 255
0.2 0.725 0 0 0 0 255
0.225 0.725 0 0 0 0 255
0.25 0.725 0 0 0 0 255
0.275 0.725 0 0 0 0 255
0.3 0.725 0 0 0 0 255
0.325 0.725 0 0 0 0 255
0.35 0.725 0 0 0 0 255
0.375 0.725 0 0 0 0 255
0.4 0.725 0 0 0 0 255
0.425 0.725 0 0 0 0 255
0.45 0.725 0 0 0 0 255
0.475 0.725 0 0 0 0 255
0.5 0.725 0 0 0 0 255
-0.5 0.7 0 0 0 0 255
-0.475 0.7 0 0 0 0 255
-0.45 0.7 0 0 0 0 255
-0.425 0.7 0 0 0 0 255
-0.4 0.7 0 0 0 0 255
-0.375 0.7 0 0 0 0 255
-0.35 0.7 0 0 0 0 255
-0.325 0.7 0 0 0 0 255
-0.3 0.7 0 0 0 0 255
-0.275 0.7 0 0 0 0 255
-0.25 0.7 0 0 0 0 255
-0.225 0.7 0 0 0 0 255
-0.2 0.7 0 0 0 0 255
-0.175 0.7 0 0 0 0 255
-0.15 0.7 0 0 0 0 255
-0.125 0.7 0 0 0 0 255
-0.1 0.7 0 0 0 0 255
-0.075 0.7 0 0 0 0 255
-0.05 0.7 0 0 0 0 255
-0.025 0.7 0 0 0 0 255
0 0.7 0 0 0 0 255
0.025 0.7 0 0 0 0 255
0.05 0.7 0 0 0 0 255
0.075 0.7 0 0 0 0 255
0.1 0.7 0 0 0 0 255
0.125 0.7 0 0 0 0 255
0.15 0.7 0 0 0 0 255
0.175 0.7 0 0 0 0 255
0.2 0.7 0 0 0 0 255
0.225 0.7 0 0 0 0 255
0.25 0.7 0 0 0 0 255
0.275 0.7 0 0 0 0 255
0.3 0.7 0 0 0 0 255
0.325 0.7 0 0 0 0 255
0.35 0.7 0 0 0 0 255
0.375 0.7 0 0 0 0 255
0.4 0.7 0 0 0 0 255
0.425 0.7 0 0 0 0 255
0.45 0.7 0 0 0 0 255
0.475 0.7 0 0 0 0 255
0.5 0.7 0 0 0 0 255
-0.5 0.675 0 0 0 0 255
-0.475 0.675 0 0 0 0 255
-0.45 0.675 0 0 0 0 255
-0.425 0.675 0 0 0 0 255
-0.4 0.675 0 0 0 0 255
-0.375 0.675 0 0 0 0 255
-0.35 0.675 0 0 0 0 255
-0.325 0.675 0 0 0 0 255
-0.3 0.675 0 0 0 0 255
-0.275 0.675 0 0 0 0 255
-0.25 0.675 0 0 0 0 255
-0.225 0.675 0 0 0 0 255
-0.2 0.675 0 0 0 0 255
-0.175 0.675 0 0 0 0 255
-0.15 0.675 0 0 0 0 255
-0.125 0.675 0 0 0 0 255
-0.1 0.675 -0.787356 1.29152 255 0 0
-0.075 0.675 -0.649185 1.159 255 0 0
-0.05 0.675 -0.476194 1.17473 255 0 0
-0.025 0.675 -0.303417 1.1931 255 0 0
0 0.675 -0.130759 1.21176 255 0 0
0.025 0.675 0.0418986 1.23046 255 0 0
0.05 0.675 0.214677 1.24945 255 0 0
0.075 0.675 0.387668 1.27107 255 0 0
0.1 0.675 0.525871 1.44059 255 0 0
0.125 0.675 0 0 0 0 255
0.15 0.675 0 0 0 0 255
0.175 0.675 0 0 0 0 255
0.2 0.675 0 0 0 0 255
0.225 0.675 0 0 0 0 255
0.25 0.675 0 0 0 0 255
0.275 0.675 0 0 0 0 255
0.3 0.675 0 0 0 0 255
0.325 0.675 0 0 0 0 255
0.35 0.675 0 0 0 0 255
0.375 0.675 0 0 0 0 255
0.4 0.675 0 0 0 0 255
0.425 0.675 0 0 0 0 255
0.45 0.675 0 0 0 0 255
0.475 0.675 0 0 0 0 255
0.5 0.675 0 0 0 0 255
-0.5 0.65 0 0 0 0 255
-0.475 0.65 0 0 0 0 255
-0.45 0.65 0 0 0 0 255
-0.425 0.65 0 0 0 0 255
-0.4 0.65 0 0 0 0 255
-0.375 0.65 0 0 0 0 255
-0.35 0.65 0 0 0 0 255
-0.325 0.65 0 0 0 0 255
-0.3 0.65 0 0 0 0 255
-0.275 0.65 0 0 0 0 255
-0.25 0.65 0 0 0 0 255
-0.225 0.65 0 0 0 0 255
-0.2 0.65 0 0 0 0 255
-0.175 0.65 0 0 0 0 255
-0.15 0.65 0 0 0 0 255
-0.125 0.65 -0.985898 0.956587 255 0 0
-0.1 0.65 -0.803567 0.963887 255 0 0
-0.075 0.65 -0.630385 0.982066 255 0 0
-0.05 0.65 -0.457497 1.00062 255 0 0
-0.025 0.65 -0.284756 1.01928 255 0 0
0 0.65 -0.11208 1.03796 255 0 0
0.025 0.65 0.0605968 1.05664 255 0 0
0.05 0.65 0.233339 1.07534 255 0 0
0.075 0.65 0.406227 1.09414 255 0 0
0.1 0.65 0.579411 1.11332 255 0 0
0.125 0.65 0.76174 1.14335 255 0 0
0.15 0.65 0 0 0 0 255
0.175 0.65 0 0 0 0 255
0.2 0.65 0 0 0 0 255
0.225 0.65 0 0 0 0 255
0.25 0.65 0 0 0 0 255
0.275 0.65 0 0 0 0 255
0.3 0.65 0 0 0 0 255
0.325 0.65 0 0 0 0 255
0.35 0.65 0 0 0 0 255
0.375 0.65 0 0 0 0 255
0.4 0.65 0 0 0 0 255
0.425 0.65 0 0 0 0 255
0.45 0.65 0 0 0 0 255
0.475 0.65 0 0 0 0 255
0.5 0.65 0 0 0 0 255
-0.5 0.625 0 0 0 0 255
-0.475 0.625 0 0 0 0 255
-0.45 0.625 0 0 0 0 255
-0.425 0.625 0 0 0 0 255
-0.4 0.625 0 0 0 0 255
-0.375 0.625 0 0 0 0 255
-0.35 0.625 0 0 0 0 255
-0.325 0.625 0 0 0 0 255
-0.3 0.625 0 0 0 0 255
-0.275 0.625 0 0 0 0 255
-0.25 0.625 0 0 0 0 255
-0.225 0.625 0 0 0 0 255
-0.2 0.625 0 0 0 0 255
-0.175 0.625 0 0 0 0 255
-0.15 0.625 -1.14607 0.760377 255 0 0
-0.125 0.625 -0.958415 0.771444 255 0 0
-0.1 0.625 -0.784881 0.790003 255 0 0
-0.075 0.625 -0.611759 0.808617 255 0 0
-0.05 0.625 -0.438871 0.827272 255 0 0
-0.025 0.625 -0.266111 0.84598 255 0 0
0 0.625 -0.0933999 0.86468 255 0 0
0.025 0.625 0.0793112 0.883338 255 0 0
0.05 0.625 0.252072 0.901989 255 0 0
0.075 0.625 0.42496 0.920694 255 0 0
0.1 0.625 0.598084 0.939439 255 0 0
0.125 0.625 0.771619 0.95824 255 0 0
0.15 0.625 0.959301 0.984538 255 0 0
0.175 0.625 0 0 0 0 255
0.2 0.625 0 0 0 0 255
0.225 0.625 0 0 0 0 255
0.25 0.625 0 0 0 0 255
0.275 0.625 0 0 0 0 255
0.3 0.625 0 0 0 0 255
0.325 0.625 0 0 0 0 255
0.35 0.625 0 0 0 0 255
0.375 0.625 0 0 0 0 255
0.4 0.625 0 0 0 0 255
0.425 0.625 0 0 0 0 255
0.45 0.625 0 0 0 0 255
0.475 0.625 0 0 0 0 255
0.5 0.625 0 0 0 0 255
-0.5 0.6 0 0 0 0 255
-0.475 0.6 0 0 0 0 255
-0.45 0.6 0 0 0 0 255
-0.425 0.6 0 0 0 0 255
-0.4 0.6 0 0 0 0 255
-0.375 0.6 0 0 0 0 255
-0.35 0.6 0 0 0 0 255
-0.325 0.6 0 0 0 0 255
-0.3 0.6 0 0 0 0 255
-0.275 0.6 0 0 0 0 255
-0.25 0.6 0 0 0 0 255
-0.225 0.6 0 0 0 0 255
-0.2 0.6 0 0 0 0 255
-0.175 0.6 -1.43977 0.544116 255 0 0
-0.15 0.6 -1.11344 0.579574 255 0 0
-0.125 0.6 -0.939524 0.598105 255 0 0
-0.1 0.6 -0.766206 0.616764 255 0 0
-0.075 0.6 -0.593156 0.635471 255 0 0
-0.05 0.6 -0.420294 0.654236 255 0 0
-0.025 0.6 -0.247503 0.673013 255 0 0
0 0.6 -0.07472 0.691735 255 0 0
0.025 0.6 0.0980628 0.710373 255 0 0
0.05 0.6 0.270855 0.728955 255 0 0
0.075 0.6 0.443717 0.747549 255 0 0
0.1 0.6 0.616768 0.766202 255 0 0
0.125 0.6 0.790088 0.784903 255 0 0
0.15 0.6 0.96401 0.803732 255 0 0
0.175 0.6 1.29069 0.805681 255 0 0
0.2 0.6 0 0 0 0 255
0.225 0.6 0 0 0 0 255
0.25 0.6 0 0 0 0 255
0.275 0.6 0 0 0 0 255
0.3 0.6 0 0 0 0 255
0.325 0.6 0 0 0 0 255
0.35 0.6 0 0 0 0 255
0.375 0.6 0 0 0 0 255
0.4 0.6 0 0 0 0 255
0.425 0.6 0 0 0 0 255
0.45 0.6 0 0 0 0 255
0.475 0.6 0 0 0 0 255
0.5 0.6 0 0 0 0 255
-0.5 0.575 0 0 0 0 255
-0.475 0.575 0 0 0 0 255
-0.45 0.575 0 0 0 0 255
-0.425 0.575 0 0 0 0 255
-0.4 0.575 0 0 0 0 255
-0.375 0.575 0 0 0 0 255
-0.35 0.575 0 0 0 0 255
-0.325 0.575 0 0 0 0 255
-0.3 0.575 0 0 0 0 255
-0.275 0.575 0 0 0 0 255
-0.25 0.575 0 0 0 0 255
-0.225 0.575 0 0 0 0 255
-0.2 0.575 0 0 0 0 255
-0.175 0.575 -1.27118 0.38798 255 0 0
-0.15 0.575 -1.09425 0.406398 255 0 0
-0.125 0.575 -0.920756 0.425064 255 0 0
-0.1 0.575 -0.747555 0.44378 255 0 0
-0.075 0.575 -0.574609 0.462574 255 0 0
-0.05 0.575 -0.40177 0.481409 255 0 0
-0.025 0.575 -0.228922 0.500218 255 0 0
0 0.575 -0.0560401 0.518949 255 0 0
0.025 0.575 0.116842 0.537578 255 0 0
0.05 0.575 0.28969 0.556128 255 0 0
0.075 0.575 0.46253 0.574653 255 0 0
0.1 0.575 0.635477 0.593219 255 0 0
0.125 0.575 0.808679 0.611863 255 0 0
0.15 0.575 0.982173 0.630556 255 0 0
0.175 0.575 1.15912 0.649497 255 0 0
0.2 0.575 0 0 0 0 255
0.225 0.575 0 0 0 0 255
0.25 0.575 0 0 0 0 255
0.275 0.575 0 0 0 0 255
0.3 0.575 0 0 0 0 255
0.325 0.575 0 0 0 0 255
0.35 0.575 0 0 0 0 255
0.375 0.575 0 0 0 0 255
0.4 0.575 0 0 0 0 255
0.425 0.575 0 0 0 0 255
0.45 0.575 0 0 0 0 255
0.475 0.575 0 0 0 0 255
0.5 0.575 0 0 0 0 255
-0.5 0.55 0 0 0 0 255
-0.475 0.55 0 0 0 0 255
-0.45 0.55 0 0 0 0 255
-0.425 0.55 0 0 0 0 255
-0.4 0.55 0 0 0 0 255
-0.375 0.55 0 0 0 0 255
-0.35 0.55 0 0 0 0 255
-0.325 0.55 0 0 0 0 255
-0.3 0.55 0 0 0 0 255
-0.275 0.55 0 0 0 0 255
-0.25 0.55 0 0 0 0 255
-0.225 0.55 0 0 0 0 255
-0.2 0.55 0 0 0 0 255
-0.175 0.55 -1.24959 0.214917 255 0 0
-0.15 0.55 -1.07543 0.233529 255 0 0
-0.125 0.55 -0.902042 0.252214 255 0 0
-0.1 0.55 -0.728961 0.27096 255 0 0
-0.075 0.55 -0.556094 0.28977 255 0 0
-0.05 0.55 -0.383253 0.308599 255 0 0
-0.025 0.55 -0.210341 0.327395 255 0 0
0 0.55 -0.0373601 0.346119 255 0 0
0.025 0.55 0.135621 0.364755 255 0 0
0.05 0.55 0.308534 0.383319 255 0 0
0.075 0.55 0.481374 0.40185 255 0 0
0.1 0.55 0.654243 0.420399 255 0 0
0.125 0.55 0.827324 0.439014 255 0 0
0.15 0.55 1.00072 0.457688 255 0 0
0.175 0.55 1.17487 0.476435 255 0 0
0.2 0.55 0 0 0 0 255
0.225 0.55 0 0 0 0 255
0.25 0.55 0 0 0 0 255
0.275 0.55 0 0 0 0 255
0.3 0.55 0 0 0 0 255
0.325 0.55 0 0 0 0 255
0.35 0.55 0 0 0 0 255
0.375 0.55 0 0 0 0 255
0.4 0.55 0 0 0 0 255
0.425 0.55 0 0 0 0 255
0.45 0.55 0 0 0 0 255
0.475 0.55 0 0 0 0 255
0.5 0.55 0 0 0 0 255
-0.5 0.525 0 0 0 0 255
-0.475 0.525 0 0 0 0 255
-0.45 0.525 0 0 0 0 255
-0.425 0.525 0 0 0 0 255
-0.4 0.525 0 0 0 0 255
-0.375 0.525 0 0 0 0 255
-0.35 0.525 0 0 0 0 255
-0.325 0.525 0 0 0 0 255
-0.3 0.525 0 0 0 0 255
-0.275 0.525 0 0 0 0 255
-0.25 0.525 0 0 0 0 255
-0.225 0.525 0 0 0 0 255
-0.2 0.525 0 0 0 0 255
-0.175 0.525 -1.23059 0.0421428 255 0 0
-0.15 0.525 -1.05672 0.0608004 255 0 0
-0.125 0.525 -0.883384 0.0794751 255 0 0
-0.1 0.525 -0.710376 0.0981921 255 0 0
-0.075 0.525 -0.537546 0.116945 255 0 0
-0.05 0.525 -0.364696 0.135707 255 0 0
-0.025 0.525 -0.191734 0.15445 255 0 0
0 0.525 -0.01868 0.173154 255 0 0
0.025 0.525 0.154374 0.19181 255 0 0
0.05 0.525 0.327336 0.210427 255 0 0
0.075 0.525 0.500187 0.229025 255 0 0
0.1 0.525 0.673017 0.247632 255 0 0
0.125 0.525 0.846025 0.266275 255 0 0
0.15 0.525 1.01936 0.284959 255 0 0
0.175 0.525 1.19323 0.303661 255 0 0
0.2 0.525 0 0 0 0 255
0.225 0.525 0 0 0 0 255
0.25 0.525 0 0 0 0 255
0.275 0.525 0 0 0 0 255
0.3 0.525 0 0 0 0 255
0.325 0.525 0 0 0 0 255
0.35 0.525 0 0 0 0 255
0.375 0.525 0 0 0 0 255
0.4 0.525 0 0 0 0 255
0.425 0.525 0 0 0 0 255
0.45 0.525 0 0 0 0 255
0.475 0.525 0 0 0 0 255
0.5 0.525 0 0 0 0 255
-0.5 0.5 0 0 0 0 255
-0.475 0.5 0 0 0 0 255
-0.45 0.5 0 0 0 0 255
-0.425 0.5 0 0 0 0 255
-0.4 0.5 0 0 0 0 255
-0.375 0.5 0 0 0 0 255
-0.35 0.5 0 0 0 0 255
-0.325 0.5 0 0 0 0 255
-0.3 0.5 0 0 0 0 255
-0.275 0.5 0 0 0 0 255
-0.25 0.5 0 0 0 0 255
-0.225 0.5 0 0 0 0 255
-0.2 0.5 0 0 0 0 255
-0.175 0.5 -1.21188 -0.130512 255 0 0
-0.15 0.5 -1.03804 -0.111869 255 0 0
-0.125 0.5 -0.864717 -0.0932254 255 0 0
-0.1 0.5 -0.691732 -0.0745782 255 0 0
-0.075 0.5 -0.518913 -0.0559249 255 0 0
-0.05 0.5 -0.346059 -0.0372643 255 0 0
-0.025 0.5 -0.173079 -0.018596 255 0 0
0 0.5 5.88438e-09 8.01268e-05 255 0 0
0.025 0.5 0.173079 0.0187641 255 0 0
0.05 0.5 0.346059 0.0374559 255 0 0
0.075 0.5 0.518913 0.0561552 255 0 0
0.1 0.5 0.691732 0.0748617 255 0 0
0.125 0.5 0.864717 0.0935742 255 0 0
0.15 0.5 1.03804 0.11229 255 0 0
0.175 0.5 1.21188 0.131006 255 0 0
0.2 0.5 0 0 0 0 255
0.225 0.5 0 0 0 0 255
0.25 0.5 0 0 0 0 255
0.275 0.5 0 0 0 0 255
0.3 0.5 0 0 0 0 255
0.325 0.5 0 0 0 0 255
0.35 0.5 0 0 0 0 255
0.375 0.5 0 0 0 0 255
0.4 0.5 0 0 0 0 255
0.425 0.5 0 0 0 0 255
0.45 0.5 0 0 0 0 255
0.475 0.5 0 0 0 0 255
0.5 0.5 0 0 0 0 255
-0.5 0.475 0 0 0 0 255
-0.475 0.475 0 0 0 0 255
-0.45 0.475 0 0 0 0 255
-0.425 0.475 0 0 0 0 255
-0.4 0.475 0 0 0 0 255
-0.375 0.475 0 0 0 0 255
-0.35 0.475 0 0 0 0 255
-0.325 0.475 0 0 0 0 255
-0.3 0.475 0 0 0 0 255
-0.275 0.475 0 0 0 0 255
-0.25 0.475 0 0 0 0 255
-0.225 0.475 0 0 0 0 255
-0.2 0.475 0 0 0 0 255
-0.175 0.475 -1.19321 -0.303171 255 0 0
-0.15 0.475 -1.01935 -0.284546 255 0 0
-0.125 0.475 -0.846006 -0.265935 255 0 0
-0.1 0.475 -0.672999 -0.247359 255 0 0
-0.075 0.475 -0.500172 -0.228805 255 0 0
-0.05 0.475 -0.327326 -0.210245 255 0 0
-0.025 0.475 -0.154369 -0.191652 255 0 0
0 0.475 0.01868 -0.173004 255 0 0
0.025 0.475 0.191729 -0.154292 255 0 0
0.05 0.475 0.364686 -0.135525 255 0 0
0.075 0.475 0.537532 -0.116725 255 0 0
0.1 0.475 0.710359 -0.097919 255 0 0
0.125 0.475 0.883365 -0.0791354 255 0 0
0.15 0.475 1.05671 -0.0603871 255 0 0
0.175 0.475 1.23057 -0.0416537 255 0 0
0.2 0.475 0 0 0 0 255
0.225 0.475 0 0 0 0 255
0.25 0.475 0 0 0 0 255
0.275 0.475 0 0 0 0 255
0.3 0.475 0 0 0 0 255
0.325 0.475 0 0 0 0 255
0.35 0.475 0 0 0 0 255
0.375 0.475 0 0 0 0 255
0.4 0.475 0 0 0 0 255
0.425 0.475 0 0 0 0 255
0.45 0.475 0 0 0 0 255
0.475 0.475 0 0 0 0 255
0.5 0.475 0 0 0 0 255
-0.5 0.45 0 0 0 0 255
-0.475 0.45 0 0 0 0 255
-0.45 0.45 0 0 0 0 255
-0.425 0.45 0 0 0 0 255
-0.4 0.45 0 0 0 0 255
-0.375 0.45 0 0 0 0 255
-0.35 0.45 0 0 0 0 255
-0.325 0.45 0 0 0 0 255
-0.3 0.45 0 0 0 0 255
-0.275 0.45 0 0 0 0 255
-0.25 0.45 0 0 0 0 255
-0.225 0.45 0 0 0 0 255
-0.2 0.45 0 0 0 0 255
-0.175 0.45 -1.17484 -0.475957 255 0 0
-0.15 0.45 -1.00068 -0.457297 255 0 0
-0.125 0.45 -0.827287 -0.438703 255 0 0
-0.1 0.45 -0.654207 -0.420159 255 0 0
-0.075 0.45 -0.481346 -0.401663 255 0 0
-0.05 0.45 -0.308514 -0.383168 255 0 0
-0.025 0.45 -0.135611 -0.364627 255 0 0
0 0.45 0.0373601 -0.345998 255 0 0
0.025 0.45 0.210331 -0.327267 255 0 0
0.05 0.45 0.383234 -0.308449 255 0 0
0.075 0.45 0.556065 -0.289583 255 0 0
0.1 0.45 0.728926 -0.27072 255 0 0
0.125 0.45 0.902005 -0.251904 255 0 0
0.15 0.45 1.0754 -0.233139 255 0 0
0.175 0.45 1.24956 -0.21444 255 0 0
0.2 0.45 0 0 0 0 255
0.225 0.45 0 0 0 0 255
0.25 0.45 0 0 0 0 255
0.275 0.45 0 0 0 0 255
0.3 0.45 0 0 0 0 255
0.325 0.45 0 0 0 0 255
0.35 0.45 0 0 0 0 255
0.375 0.45 0 0 0 0 255
0.4 0.45 0 0 0 0 255
0.425 0.45 0 0 0 0 255
0.45 0.45 0 0 0 0 255
0.475 0.45 0 0 0 0 255
0.5 0.45 0 0 0 0 255
-0.5 0.425 0 0 0 0 255
-0.475 0.425 0 0 0 0 255
-0.45 0.425 0 0 0 0 255
-0.425 0.425 0 0 0 0 255
-0.4 0.425 0 0 0 0 255
-0.375 0.425 0 0 0 0 255
-0.35 0.425 0 0 0 0 255
-0.325 0.425 0 0 0 0 255
-0.3 0.425 0 0 0 0 255
-0.275 0.425 0 0 0 0 255
-0.25 0.425 0 0 0 0 255
-0.225 0.425 0 0 0 0 255
-0.2 0.425 0 0 0 0 255
-0.175 0.425 -1.15918 -0.649008 255 0 0
-0.15 0.425 -0.982129 -0.630207 255 0 0
-0.125 0.425 -0.808624 -0.611614 255 0 0
-0.1 0.425 -0.635424 -0.593045 255 0 0
-0.075 0.425 -0.46249 -0.574525 255 0 0
-0.05 0.425 -0.289663 -0.556031 255 0 0
-0.025 0.425 -0.116828 -0.537499 255 0 0
0 0.425 0.05604 -0.518876 255 0 0
0.025 0.425 0.228908 -0.50014 255 0 0
0.05 0.425 0.401743 -0.481311 255 0 0
0.075 0.425 0.574569 -0.462446 255 0 0
0.1 0.425 0.747502 -0.443606 255 0 0
0.125 0.425 0.920701 -0.424816 255 0 0
0.15 0.425 1.0942 -0.40605 255 0 0
0.175 0.425 1.27125 -0.387492 255 0 0
0.2 0.425 0 0 0 0 255
0.225 0.425 0 0 0 0 255
0.25 0.425 0 0 0 0 255
0.275 0.425 0 0 0 0 255
0.3 0.425 0 0 0 0 255
0.325 0.425 0 0 0 0 255
0.35 0.425 0 0 0 0 255
0.375 0.425 0 0 0 0 255
0.4 0.425 0 0 0 0 255
0.425 0.425 0 0 0 0 255
0.45 0.425 0 0 0 0 255
0.475 0.425 0 0 0 0 255
0.5 0.425 0 0 0 0 255
-0.5 0.4 0 0 0 0 255
-0.475 0.4 0 0 0 0 255
-0.45 0.4 0 0 0 0 255
-0.425 0.4 0 0 0 0 255
-0.4 0.4 0 0 0 0 255
-0.375 0.4 0 0 0 0 255
-0.35 0.4 0 0 0 0 255
-0.325 0.4 0 0 0 0 255
-0.3 0.4 0 0 0 0 255
-0.275 0.4 0 0 0 0 255
-0.25 0.4 0 0 0 0 255
-0.225 0.4 0 0 0 0 255
-0.2 0.4 0 0 0 0 255
-0.175 0.4 -1.29907 -0.805684 255 0 0
-0.15 0.4 -0.963971 -0.803405 255 0 0
-0.125 0.4 -0.790012 -0.784784 255 0 0
-0.1 0.4 -0.6167 -0.766142 255 0 0
-0.075 0.4 -0.44367 -0.747508 255 0 0
-0.05 0.4 -0.270825 -0.728932 255 0 0
-0.025 0.4 -0.0980484 -0.710362 255 0 0
0 0.4 0.0747199 -0.691729 255 0 0
0.025 0.4 0.247488 -0.673003 255 0 0
0.05 0.4 0.420264 -0.654213 255 0 0
0.075 0.4 0.593109 -0.63543 255 0 0
0.1 0.4 0.766138 -0.616704 255 0 0
0.125 0.4 0.939449 -0.597987 255 0 0
0.15 0.4 1.11341 -0.57925 255 0 0
0.175 0.4 1.44819 -0.544162 255 0 0
0.2 0.4 0 0 0 0 255
0.225 0.4 0 0 0 0 255
0.25 0.4 0 0 0 0 255
0.275 0.4 0 0 0 0 255
0.3 0.4 0 0 0 0 255
0.325 0.4 0 0 0 0 255
0.35 0.4 0 0 0 0 255
0.375 0.4 0 0 0 0 255
0.4 0.4 0 0 0 0 255
0.425 0.4 0 0 0 0 255
0.45 0.4 0 0 0 0 255
0.475 0.4 0 0 0 0 255
0.5 0.4 0 0 0 0 255
-0.5 0.375 0 0 0 0 255
-0.475 0.375 0 0 0 0 255
-0.45 0.375 0 0 0 0 255
-0.425 0.375 0 0 0 0 255
-0.4 0.375 0 0 0 0 255
-0.375 0.375 0 0 0 0 255
-0.35 0.375 0 0 0 0 255
-0.325 0.375 0 0 0 0 255
-0.3 0.375 0 0 0 0 255
-0.275 0.375 0 0 0 0 255
-0.25 0.375 0 0 0 0 255
-0.225 0.375 0 0 0 0 255
-0.2 0.375 0 0 0 0 255
-0.175 0.375 0 0 0 0 255
-0.15 0.375 -0.960452 -0.984571 255 0 0
-0.125 0.375 -0.771486 -0.958456 255 0 0
-0.1 0.375 -0.598009 -0.939534 255 0 0
-0.075 0.375 -0.42492 -0.920763 255 0 0
-0.05 0.375 -0.252047 -0.902057 255 0 0
-0.025 0.375 -0.0792994 -0.88341 255 0 0
0 0.375 0.0933997 -0.864754 255 0 0
0.025 0.375 0.266099 -0.846051 255 0 0
0.05 0.375 0.438846 -0.827338 255 0 0
0.075 0.375 0.611718 -0.808685 255 0 0
0.1 0.375 0.784806 -0.790097 255 0 0
0.125 0.375 0.958281 -0.77166 255 0 0
0.15 0.375 1.14724 -0.760441 255 0 0
0.175 0.375 0 0 0 0 255
0.2 0.375 0 0 0 0 255
0.225 0.375 0 0 0 0 255
0.25 0.375 0 0 0 0 255
0.275 0.375 0 0 0 0 255
0.3 0.375 0 0 0 0 255
0.325 0.375 0 0 0 0 255
0.35 0.375 0 0 0 0 255
0.375 0.375 0 0 0 0 255
0.4 0.375 0 0 0 0 255
0.425 0.375 0 0 0 0 255
0.45 0.375 0 0 0 0 255
0.475 0.375 0 0 0 0 255
0.5 0.375 0 0 0 0 255
-0.5 0.35 0 0 0 0 255
-0.475 0.35 0 0 0 0 255
-0.45 0.35 0 0 0 0 255
-0.425 0.35 0 0 0 0 255
-0.4 0.35 0 0 0 0 255
-0.375 0.35 0 0 0 0 255
-0.35 0.35 0 0 0 0 255
-0.325 0.35 0 0 0 0 255
-0.3 0.35 0 0 0 0 255
-0.275 0.35 0 0 0 0 255
-0.25 0.35 0 0 0 0 255
-0.225 0.35 0 0 0 0 255
-0.2 0.35 0 0 0 0 255
-0.175 0.35 0 0 0 0 255
-0.15 0.35 0 0 0 0 255
-0.125 0.35 -0.759079 -1.14996 255 0 0
-0.1 0.35 -0.579414 -1.11353 255 0 0
-0.075 0.35 -0.406221 -1.09431 255 0 0
-0.05 0.35 -0.23333 -1.0755 255 0 0
-0.025 0.35 -0.0605908 -1.05679 255 0 0
0 0.35 0.112079 -1.03812 255 0 0
0.025 0.35 0.28475 -1.01943 255 0 0
0.05 0.35 0.457488 -1.00078 255 0 0
0.075 0.35 0.630378 -0.982235 255 0 0
0.1 0.35 0.80357 -0.964094 255 0 0
0.125 0.35 0.983211 -0.963166 255 0 0
0.15 0.35 0 0 0 0 255
0.175 0.35 0 0 0 0 255
0.2 0.35 0 0 0 0 255
0.225 0.35 0 0 0 0 255
0.25 0.35 0 0 0 0 255
0.275 0.35 0 0 0 0 255
0.3 0.35 0 0 0 0 255
0.325 0.35 0 0 0 0 255
0.35 0.35 0 0 0 0 255
0.375 0.35 0 0 0 0 255
0.4 0.35 0 0 0 0 255
0.425 0.35 0 0 0 0 255
0.45 0.35 0 0 0 0 255
0.475 0.35 0 0 0 0 255
0.5 0.35 0 0 0 0 255
-0.5 0.325 0 0 0 0 255
-0.475 0.325 0 0 0 0 255
-0.45 0.325 0 0 0 0 255
-0.425 0.325 0 0 0 0 255
-0.4 0.325 0 0 0 0 255
-0.375 0.325 0 0 0 0 255
-0.35 0.325 0 0 0 0 255
-0.325 0.325 0 0 0 0 255
-0.3 0.325 0 0 0 0 255
-0.275 0.325 0 0 0 0 255
-0.25 0.325 0 0 0 0 255
-0.225 0.325 0 0 0 0 255
-0.2 0.325 0 0 0 0 255
-0.175 0.325 0 0 0 0 255
-0.15 0.325 0 0 0 0 255
-0.125 0.325 0 0 0 0 255
-0.1 0.325 -0.562407 -1.44737 255 0 0
-0.075 0.325 -0.387804 -1.27136 255 0 0
-0.05 0.325 -0.214681 -1.24969 255 0 0
-0.025 0.325 -0.041898 -1.2307 255 0 0
0 0.325 0.130759 -1.21201 255 0 0
0.025 0.325 0.303416 -1.19335 255 0 0
0.05 0.325 0.476198 -1.17498 255 0 0
0.075 0.325 0.64932 -1.15929 255 0 0
0.1 0.325 0.824009 -1.29823 255 0 0
0.125 0.325 0 0 0 0 255
0.15 0.325 0 0 0 0 255
0.175 0.325 0 0 0 0 255
0.2 0.325 0 0 0 0 255
0.225 0.325 0 0 0 0 255
0.25 0.325 0 0 0 0 255
0.275 0.325 0 0 0 0 255
0.3 0.325 0 0 0 0 255
0.325 0.325 0 0 0 0 255
0.35 0.325 0 0 0 0 255
0.375 0.325 0 0 0 0 255
0.4 0.325 0 0 0 0 255
0.425 0.325 0 0 0 0 255
0.45 0.325 0 0 0 0 255
0.475 0.325 0 0 0 0 255
0.5 0.325 0 0 0 0 255
-0.5 0.3 0 0 0 0 255
-0.475 0.3 0 0 0 0 255
-0.45 0.3 0 0 0 0 255
-0.425 0.3 0 0 0 0 255
-0.4 0.3 0 0 0 0 255
-0.375 0.3 0 0 0 0 255
-0.35 0.3 0 0 0 0 255
-0.325 0.3 0 0 0 0 255
-0.3 0.3 0 0 0 0 255
-0.275 0.3 0 0 0 0 255
-0.25 0.3 0 0 0 0 255
-0.225 0.3 0 0 0 0 255
-0.2 0.3 0 0 0 0 255
-0.175 0.3 0 0 0 0 255
-0.15 0.3 0 0 0 0 255
-0.125 0.3 0 0 0 0 255
-0.1 0.3 0 0 0 0 255
-0.075 0.3 0 0 0 0 255
-0.05 0.3 0 0 0 0 255
-0.025 0.3 0 0 0 0 255
0 0.3 0 0 0 0 255
0.025 0.3 0 0 0 0 255
0.05 0.3 0 0 0 0 255
0.075 0.3 0 0 0 0 255
0.1 0.3 0 0 0 0 255
0.125 0.3 0 0 0 0 255
0.15 0.3 0 0 0 0 255
0.175 0.3 0 0 0 0 255
0.2 0.3 0 0 0 0 255
0.225 0.3 0 0 0 0 255
0.25 0.3 0 0 0 0 255
0.275 0.3 0 0 0 0 255
0.3 0.3 0 0 0 0 255
0.325 0.3 0 0 0 0 255
0.35 0.3 0 0 0 0 255
0.375 0.3 0 0 0 0 255
0.4 0.3 0 0 0 0 255
0.425 0.3 0 0 0 0 255
0.45 0.3 0 0 0 0 255
0.475 0.3 0 0 0 0 255
0.5 0.3 0 0 0 0 255
-0.5 0.275 0 0 0 0 255
-0.475 0.275 0 0 0 0 255
-0.45 0.275 0 0 0 0 255
-0.425 0.275 0 0 0 0 255
-0.4 0.275 0 0 0 0 255
-0.375 0.275 0 0 0 0 255
-0.35 0.275 0 0 0 0 255
-0.325 0.275 0 0 0 0 255
-0.3 0.275 0 0 0 0 255
-0.275 0.275 0 0 0 0 255
-0.25 0.275 0 0 0 0 255
-0.225 0.275 0 0 0 0 255
-0.2 0.275 0 0 0 0 255
-0.175 0.275 0 0 0 0 255
-0.15 0.275 0 0 0 0 255
-0.125 0.275 0 0 0 0 255
-0.1 0.275 0 0 0 0 255
-0.075 0.275 0 0 0 0 255
-0.05 0.275 0 0 0 0 255
-0.025 0.275 0 0 0 0 255
0 0.275 0 0 0 0 255
0.025 0.275 0 0 0 0 255
0.05 0.275 0 0 0 0 255
0.075 0.275 0 0 0 0 255
0.1 0.275 0 0 0 0 255
0.125 0.275 0 0 0 0 255
0.15 0.275 0 0 0 0 255
0.175 0.275 0 0 0 0 255
0.2 0.275 0 0 0 0 255
0.225 0.275 0 0 0 0 255
0.25 0.275 0 0 0 0 255
0.275 0.275 0 0 0 0 255
0.3 0.275 0 0 0 0 255
0.325 0.275 0 0 0 0 255
0.35 0.275 0 0 0 0 255
0.375 0.275 0 0 0 0 255
0.4 0.275 0 0 0 0 255
0.425 0.275 0 0 0 0 255
0.45 0.275 0 0 0 0 255
0.475 0.275 0 0 0 0 255
0.5 0.275 0 0 0 0 255
-0.5 0.25 0 0 0 0 255
-0.475 0.25 0 0 0 0 255
-0.45 0.25 0 0 0 0 255
-0.425 0.25 0 0 0 0 255
-0.4 0.25 0 0 0 0 255
-0.375 0.25 0 0 0 0 255
-0.35 0.25 0 0 0 0 255
-0.325 0.25 0 0 0 0 255
-0.3 0.25 0 0 0 0 255
-0.275 0.25 0 0 0 0 255
-0.25 0.25 0 0 0 0 255
-0.225 0.25 0 0 0 0 255
-0.2 0.25 0 0 0 0 255
-0.175 0.25 0 0 0 0 255
-0.15 0.25 0 0 0 0 255
-0.125 0.25 0 0 0 0 255
-0.1 0.25 0 0 0 0 255
-0.075 0.25 0 0 0 0 255
-0.05 0.25 0 0 0 0 255
-0.025 0.25 0 0 0 0 255
0 0.25 0 0 0 0 255
0.025 0.25 0 0 0 0 255
0.05 0.25 0 0 0 0 255
0.075 0.25 0 0 0 0 255
0.1 0.25 0 0 0 0 255
0.125 0.25 0 0 0 0 255
0.15 0.25 0 0 0 0 255
0.175 0.25 0 0 0 0 255
0.2 0.25 0 0 0 0 255
0.225 0.25 0 0 0 0 255
0.25 0.25 0 0 0 0 255
0.275 0.25 0 0 0 0 255
0.3 0.25 0 0 0 0 255
0.325 0.25 0 0 0 0 255
0.35 0.25 0 0 0 0 255
0.375 0.25 0 0 0 0 255
0.4 0.25 0 0 0 0 255
0.425 0.25 0 0 0 0 255
0.45 0.25 0 0 0 0 255
0.475 0.25 0 0 0 0 255
0.5 0.25 0 0 0 0 255
-0.5 0.225 0 0 0 0 255
-0.475 0.225 0 0 0 0 255
-0.45 0.225 0 0 0 0 255
-0.425 0.225 0 0 0 0 255
-0.4 0.225 0 0 0 0 255
-0.375 0.225 0 0 0 0 255
-0.35 0.225 0 0 0 0 255
-0.325 0.225 0 0 0 0 255
-0.3 0.225 0 0 0 0 255
-0.275 0.225 0 0 0 0 255
-0.25 0.225 0 0 0 0 255
-0.225 0.225 0 0 0 0 255
-0.2 0.225 0 0 0 0 255
-0.175 0.225 0 0 0 0 255
-0.15 0.225 0 0 0 0 255
-0.125 0.225 0 0 0 0 255
-0.1 0.225 0 0 0 0 255
-0.075 0.225 0 0 0 0 255
-0.05 0.225 0 0 0 0 255
-0.025 0.225 0 0 0 0 255
0 0.225 0 0 0 0 255
0.025 0.225 0 0 0 0 255
0.05 0.225 0 0 0 0 255
0.075 0.225 0 0 0 0 255
0.1 0.225 0 0 0 0 255
0.125 0.225 0 0 0 0 255
0.15 0.225 0 0 0 0 255
0.175 0.225 0 0 0 0 255
0.2 0.225 0 0 0 0 255
0.225 0.225 0 0 0 0 255
0.25 0.225 0 0 0 0 255
0.275 0.225 0 0 0 0 255
0.3 0.225 0 0 0 0 255
0.325 0.225 0 0 0 0 255
0.35 0.225 0 0 0 0 255
0.375 0.225 0 0 0 0 255
0.4 0.225 0 0 0 0 255
0.425 0.225 0 0 0 0 255
0.45 0.225 0 0 0 0 255
0.475 0.225 0 0 0 0 255
0.5 0.225 0 0 0 0 255
-0.5 0.2 0 0 0 0 255
-0.475 0.2 0 0 0 0 255
-0.45 0.2 0 0 0 0 255
-0.425 0.2 0 0 0 0 255
-0.4 0.2 0 0 0 0 255
-0.375 0.2 0 0 0 0 255
-0.35 0.2 0 0 0 0 255
-0.325 0.2 0 0 0 0 255
-0.3 0.2 0 0 0 0 255
-0.275 0.2 0 0 0 0 255
-0.25 0.2 0 0 0 0 255
-0.225 0.2 0 0 0 0 255
-0.2 0.2 0 0 0 0 255
-0.175 0.2 0 0 0 0 255
-0.15 0.2 0 0 0 0 255
-0.125 0.2 0 0 0 0 255
-0.1 0.2 0 0 0 0 255
-0.075 0.2 0 0 0 0 255
-0.05 0.2 0 0 0 0 255
-0.025 0.2 0 0 0 0 255
0 0.2 0 0 0 0 255
0.025 0.2 0 0 0 0 255
0.05 0.2 0 0 0 0 255
0.075 0.2 0 0 0 0 255
0.1 0.2 0 0 0 0 255
0.125 0.2 0 0 0 0 255
0.15 0.2 0 0 0 0 255
0.175 0.2 0 0 0 0 255
0.2 0.2 0 0 0 0 255
0.225 0.2 0 0 0 0 255
0.25 0.2 0 0 0 0 255
0.275 0.2 0 0 0 0 255
0.3 0.2 0 0 0 0 255
0.325 0.2 0 0 0 0 255
0.35 0.2 0 0 0 0 255
0.375 0.2 0 0 0 0 255
0.4 0.2 0 0 0 0 255
0.425 0.2 0 0 0 0 255
0.45 0.2 0 0 0 0 255
0.475 0.2 0 0 0 0 255
0.5 0.2 0 0 0 0 255
-0.5 0.175 0 0 0 0 255
-0.475 0.175 0 0 0 0 255
-0.45 0.175 0 0 0 0 255
-0.425 0.175 0 0 0 0 255
-0.4 0.175 0 0 0 0 255
-0.375 0.175 0 0 0 0 255
-0.35 0.175 0 0 0 0 255
-0.325 0.175 0 0 0 0 255
-0.3 0.175 0 0 0 0 255
-0.275 0.175 0 0 0 0 255
-0.25 0.175 0 0 0 0 255
-0.225 0.175 0 0 0 0 255
-0.2 0.175 0 0 0 0 255
-0.175 0.175 0 0 0 0 255
-0.15 0.175 0 0 0 0 255
-0.125 0.175 0 0 0 0 255
-0.1 0.175 0 0 0 0 255
-0.075 0.175 0 0 0 0 255
-0.05 0.175 0 0 0 0 255
-0.025 0.175 0 0 0 0 255
0 0.175 0 0 0 0 255
0.025 0.175 0 0 0 0 255
0.05 0.175 0 0 0 0 255
0.075 0.175 0 0 0 0 255
0.1 0.175 0 0 0 0 255
0.125 0.175 0 0 0 0 255
0.15 0.175 0 0 0 0 255
0.175 0.175 0 0 0 0 255
0.2 0.175 0 0 0 0 255
0.225 0.175 0 0 0 0 255
0.25 0.175 0 0 0 0 255
0.275 0.175 0 0 0 0 255
0.3 0.175 0 0 0 0 255
0.325 0.175 0 0 0 0 255
0.35 0.175 0 0 0 0 255
0.375 0.175 0 0 0 0 255
0.4 0.175 0 0 0 0 255
0.425 0.175 0 0 0 0 255
0.45 0.175 0 0 0 0 255
0.475 0.175 0 0 0 0 255
0.5 0.175 0 0 0 0 255
-0.5 0.15 0 0 0 0 255
-0.475 0.15 0 0 0 0 255
-0.45 0.15 0 0 0 0 255
-0.425 0.15 0 0 0 0 255
-0.4 0.15 0 0 0 0 255
-0.375 0.15 0 0 0 0 255
-0.35 0.15 0 0 0 0 255
-0.325 0.15 0 0 0 0 255
-0.3 0.15 0 0 0 0 255
-0.275 0.15 0 0 0 0 255
-0.25 0.15 0 0 0 0 255
-0.225 0.15 0 0 0 0 255
-0.2 0.15 0 0 0 0 255
-0.175 0.15 0 0 0 0 255
-0.15 0.15 0 0 0 0 255
-0.125 0.15 0 0 0 0 255
-0.1 0.15 0 0 0 0 255
-0.075 0.15 0 0 0 0 255
-0.05 0.15 0 0 0 0 255
-0.025 0.15 0 0 0 0 255
0 0.15 0 0 0 0 255
0.025 0.15 0 0 0 0 255
0.05 0.15 0 0 0 0 255
0.075 0.15 0 0 0 0 255
0.1 0.15 0 0 0 0 255
0.125 0.15 0 0 0 0 255
0.15 0.15 0 0 0 0 255
0.175 0.15 0 0 0 0 255
0.2 0.15 0 0 0 0 255
0.225 0.15 0 0 0 0 255
0.25 0.15 0 0 0 0 255
0.275 0.15 0 0 0 0 255
0.3 0.15 0 0 0 0 255
0.325 0.15 0 0 0 0 255
0.35 0.15 0 0 0 0 255
0.375 0.15 0 0 0 0 255
0.4 0.15 0 0 0 0 255
0.425 0.15 0 0 0 0 255
0.45 0.15 0 0 0 0 255
0.475 0.15 0 0 0 0 255
0.5 0.15 0 0 0 0 255
-0.5 0.125 0 0 0 0 255
-0.475 0.125 0 0 0 0 255
-0.45 0.125 0 0 0 0 255
-0.425 0.125 0 0 0 0 255
-0.4 0.125 0 0 0 0 255
-0.375 0.125 0 0 0 0 255
-0.35 0.125 0 0 0 0 255
-0.325 0.125 0 0 0 0 255
-0.3 0.125 0 0 0 0 255
-0.275 0.125 0 0 0 0 255
-0.25 0.125 0 0 0 0 255
-0.225 0.125 0 0 0 0 255
-0.2 0.125 0 0 0 0 255
-0.175 0.125 0 0 0 0 255
-0.15 0.125 0 0 0 0 255
-0.125 0.125 0 0 0 0 255
-0.1 0.125 0 0 0 0 255
-0.075 0.125 0 0 0 0 255
-0.05 0.125 0 0 0 0 255
-0.025 0.125 0 0 0 0 255
0 0.125 0 0 0 0 255
0.025 0.125 0 0 0 0 255
0.05 0.125 0 0 0 0 255
0.075 0.125 0 0 0 0 255
0.1 0.125 0 0 0 0 255
0.125 0.125 0 0 0 0 255
0.15 0.125 0 0 0 0 255
0.175 0.125 0 0 0 0 255
0.2 0.125 0 0 0 0 255
0.225 0.125 0 0 0 0 255
0.25 0.125 0 0 0 0 255
0.275 0.125 0 0 0 0 255
0.3 0.125 0 0 0 0 255
0.325 0.125 0 0 0 0 255
0.35 0.125 0 0 0 0 255
0.375 0.125 0 0 0 0 255
0.4 0.125 0 0 0 0 255
0.425 0.125 0 0 0 0 255
0.45 0.125 0 0 0 0 255
0.475 0.125 0 0 0 0 255
0.5 0.125 0 0 0 0 255
-0.5 0.1 0 0 0 0 255
-0.475 0.1 0 0 0 0 255
-0.45 0.1 0 0 0 0 255
-0.425 0.1 0 0 0 0 255
-0.4 0.1 0 0 0 0 255
-0.375 0.1 0 0 0 0 255
-0.35 0.1 0 0 0 0 255
-0.325 0.1 0 0 0 0 255
-0.3 0.1 0 0 0 0 255
-0.275 0.1 0 0 0 0 255
-0.25 0.1 0 0 0 0 255
-0.225 0.1 0 0 0 0 255
-0.2 0.1 0 0 0 0 255
-0.175 0.1 0 0 0 0 255
-0.15 0.1 0 0 0 0 255
-0.125 0.1 0 0 0 0 255
-0.1 0.1 0 0 0 0 255
-0.075 0.1 0 0 0 0 255
-0.05 0.1 0 0 0 0 255
-0.025 0.1 0 0 0 0 255
0 0.1 0 0 0 0 255
0.025 0.1 0 0 0 0 255
0.05 0.1 0 0 0 0 255
0.075 0.1 0 0 0 0 255
0.1 0.1 0 0 0 0 255
0.125 0.1 0 0 0 0 255
0.15 0.1 0 0 0 0 255
0.175 0.1 0 0 0 0 255
0.2 0.1 0 0 0 0 255
0.225 0.1 0 0 0 0 255
0.25 0.1 0 0 0 0 255
0.275 0.1 0 0 0 0 255
0.3 0.1 0 0 0 0 255
0.325 0.1 0 0 0 0 255
0.35 0.1 0 0 0 0 255
0.375 0.1 0 0 0 0 255
0.4 0.1 0 0 0 0 255
0.425 0.1 0 0 0 0 255
0.45 0.1 0 0 0 0 255
0.475 0.1 0 0 0 0 255
0.5 0.1 0 0 0 0 255
-0.5 0.075 0 0 0 0 255
-0.475 0.075 0 0 0 0 255
-0.45 0.075 0 0 0 0 255
-0.425 0.075 0 0 0 0 255
-0.4 0.075 0 0 0 0 255
-0.375 0.075 0 0 0 0 255
-0.35 0.075 0 0 0 0 255
-0.325 0.075 0 0 0 0 255
-0.3 0.075 0 0 0 0 255
-0.275 0.075 0 0 0 0 255
-0.25 0.075 0 0 0 0 255
-0.225 0.075 0 0 0 0 255
-0.2 0.075 0 0 0 0 255
-0.175 0.075 0 0 0 0 255
-0.15 0.075 0 0 0 0 255
-0.125 0.075 0 0 0 0 255
-0.1 0.075 0 0 0 0 255
-0.075 0.075 0 0 0 0 255
-0.05 0.075 0 0 0 0 255
-0.025 0.075 0 0 0 0 255
0 0.075 0 0 0 0 255
0.025 0.075 0 0 0 0 255
0.05 0.075 0 0 0 0 255
0.075 0.075 0 0 0 0 255
0.1 0.075 0 0 0 0 255
0.125 0.075 0 0 0 0 255
0.15 0.075 0 0 0 0 255
0.175 0.075 0 0 0 0 255
0.2 0.075 0 0 0 0 255
0.225 0.075 0 0 0 0 255
0.25 0.075 0 0 0 0 255
0.275 0.075 0 0 0 0 255
0.3 0.075 0 0 0 0 255
0.325 0.075 0 0 0 0 255
0.35 0.075 0 0 0 0 255
0.375 0.075 0 0 0 0 255
0.4 0.075 0 0 0 0 255
0.425 0.075 0 0 0 0 255
0.45 0.075 0 0 0 0 255
0.475 0.075 0 0 0 0 255
0.5 0.075 0 0 0 0 255
-0.5 0.05 0 0 0 0 255
-0.475 0.05 0 0 0 0 255
-0.45 0.05 0 0 0 0 255
-0.425 0.05 0 0 0 0 255
-0.4 0.05 0 0 0 0 255
-0.375 0.05 0 0 0 0 255
-0.35 0.05 0 0 0 0 255
-0.325 0.05 0 0 0 0 255
-0.3 0.05 0 0 0 0 255
-0.275 0.05 0 0 0 0 255
-0.25 0.05 0 0 0 0 255
-0.225 0.05 0 0 0 0 255
-0.2 0.05 0 0 0 0 255
-0.175 0.05 0 0 0 0 255
-0.15 0.05 0 0 0 0 255
-0.125 0.05 0 0 0 0 255
-0.1 0.05 0 0 0 0 255
-0.075 0.05 0 0 0 0 255
-0.05 0.05 0 0 0 0 255
-0.025 0.05 0 0 0 0 255
0 0.05 0 0 0 0 255
0.025 0.05 0 0 0 0 255
0.05 0.05 0 0 0 0 255
0.075 0.05 0 0 0 0 255
0.1 0.05 0 0 0 0 255
0.125 0.05 0 0 0 0 255
0.15 0.05 0 0 0 0 255
0.175 0.05 0 0 0 0 255
0.2 0.05 0 0 0 0 255
0.225 0.05 0 0 0 0 255
0.25 0.05 0 0 0 0 255
0.275 0.05 0 0 0 0 255
0.3 0.05 0 0 0 0 255
0.325 0.05 0 0 0 0 255
0.35 0.05 0 0 0 0 255
0.375 0.05 0 0 0 0 255
0.4 0.05 0 0 0 0 255
0.425 0.05 0 0 0 0 255
0.45 0.05 0 0 0 0 255
0.475 0.05 0 0 0 0 255
0.5 0.05 0 0 0 0 255
-0.5 0.025 0 0 0 0 255
-0.475 0.025 0 0 0 0 255
-0.45 0.025 0 0 0 0 255
-0.425 0.025 0 0 0 0 255
-0.4 0.025 0 0 0 0 255
-0.375 0.025 0 0 0 0 255
-0.35 0.025 0 0 0 0 255
-0.325 0.025 0 0 0 0 255
-0.3 0.025 0 0 0 0 255
-0.275 0.025 0 0 0 0 255
-0.25 0.025 0 0 0 0 255
-0.225 0.025 0 0 0 0 255
-0.2 0.025 0 0 0 0 255
-0.175 0.025 0 0 0 0 255
-0.15 0.025 0 0 0 0 255
-0.125 0.025 0 0 0 0 255
-0.1 0.025 0 0 0 0 255
-0.075 0.025 0 0 0 0 255
-0.05 0.025 0 0 0 0 255
-0.025 0.025 0 0 0 0 255
0 0.025 0 0 0 0 255
0.025 0.025 0 0 0 0 255
0.05 0.025 0 0 0 0 255
0.075 0.025 0 0 0 0 255
0.1 0.025 0 0 0 0 255
0.125 0.025 0 0 0 0 255
0.15 0.025 0 0 0 0 255
0.175 0.025 0 0 0 0 255
0.2 0.025 0 0 0 0 255
0.225 0.025 0 0 0 0 255
0.25 0.025 0 0 0 0 255
0.275 0.025 0 0 0 0 255
0.3 0.025 0 0 0 0 255
0.325 0.025 0 0 0 0 255
0.35 0.025 0 0 0 0 255
0.375 0.025 0 0 0 0 255
0.4 0.025 0 0 0 0 255
0.425 0.025 0 0 0 0 255
0.45 0.025 0 0 0 0 255
0.475 0.025 0 0 0 0 255
0.5 0.025 0 0 0 0 255
-0.5 0 0 0 0 0 255
-0.475 0 0 0 0 0 255
-0.45 0 0 0 0 0 255
-0.425 0 0 0 0 0 255
-0.4 0 0 0 0 0 255
-0.375 0 0 0 0 0 255
-0.35 0 0 0 0 0 255
-0.325 0 0 0 0 0 255
-0.3 0 0 0 0 0 255
-0.275 0 0 0 0 0 255
-0.25 0 0 0 0 0 255
-0.225 0 0 0 0 0 255
-0.2 0 0 0 0 0 255
-0.175 0 0 0 0 0 255
-0.15 0 0 0 0 0 255
-0.125 0 0 0 0 0 255
-0.1 0 0 0 0 0 255
-0.075 0 0 0 0 0 255
-0.05 0 0 0 0 0 255
-0.025 0 0 0 0 0 255
0 0 0 0 0 0 255
0.025 0 0 0 0 0 255
0.05 0 0 0 0 0 255
0.075 0 0 0 0 0 255
0.1 0 0 0 0 0 255
0.125 0 0 0 0 0 255
0.15 0 0 0 0 0 255
0.175 0 0 0 0 0 255
0.2 0 0 0 0 0 255
0.225 0 0 0 0 0 255
0.25 0 0 0 0 0 255
0.275 0 0 0 0 0 255
0.3 0 0 0 0 0 255
0.325 0 0 0 0 0 255
0.35 0 0 0 0 0 255
0.375 0 0 0 0 0 255
0.4 0 0 0 0 0 255
0.425 0 0 0 0 0 255
0.45 0 0 0 0 0 255
0.475 0 0 0 0 0 255
0.5 0 0 0 0 0 255
