-0.5 1 0 0 0 0 255
-0.475 1 0 0 0 0 255
-0.45 1 0 0 0 0 255
-0.425 1 0 0 0 0 255
-0.4 1 0 0 0 0 255
-0.375 1 0 0 0 0 255
-0.35 1 0 0 0 0 255
-0.325 1 0 0 0 0 255
-0.3 1 0 0 0 0 255
-0.275 1 0 0 0 0 255
-0.25 1 0 0 0 0 255
-0.225 1 0 0 0 0 255
-0.2 1 0 0 0 0 255
-0.175 1 0 0 0 0 255
-0.15 1 0 0 0 0 255
-0.125 1 0 0 0 0 255
-0.1 1 0 0 0 0 255
-0.075 1 0 0 0 0 255
-0.05 1 0 0 0 0 255
-0.025 1 0 0 0 0 255
0 1 0 0 0 0 255
0.025 1 0 0 0 0 255
0.05 1 0 0 0 0 255
0.075 1 0 0 0 0 255
0.1 1 0 0 0 0 255
0.125 1 0 0 0 0 255
0.15 1 0 0 0 0 255
0.175 1 0 0 0 0 255
0.2 1 0 0 0 0 255
0.225 1 0 0 0 0 255
0.25 1 0 0 0 0 255
0.275 1 0 0 0 0 255
0.3 1 0 0 0 0 255
0.325 1 0 0 0 0 255
0.35 1 0 0 0 0 255
0.375 1 0 0 0 0 255
0.4 1 0 0 0 0 255
0.425 1 0 0 0 0 255
0.45 1 0 0 0 0 255
0.475 1 0 0 0 0 255
0.5 1 0 0 0 0 255
-0.5 0.975 0 0 0 0 255
-0.475 0.975 0 0 0 0 255
-0.45 0.975 0 0 0 0 255
-0.425 0.975 0 0 0 0 255
-0.4 0.975 0 0 0 0 255
-0.375 0.975 0 0 0 0 255
-0.35 0.975 0 0 0 0 255
-0.325 0.975 0 0 0 0 255
-0.3 0.975 0 0 0 0 255
-0.275 0.975 0 0 0 0 255
-0.25 0.975 0 0 0 0 255
-0.225 0.975 0 0 0 0 255
-0.2 0.975 0 0 0 0 255
-0.175 0.975 0 0 0 0 255
-0.15 0.975 0 0 0 0 255
-0.125 0.975 0 0 0 0 255
-0.1 0.975 0 0 0 0 255
-0.075 0.975 0 0 0 0 255
-0.05 0.975 0 0 0 0 255
-0.025 0.975 0 0 0 0 255
0 0.975 0 0 0 0 255
0.025 0.975 0 0 0 0 255
0.05 0.975 0 0 0 0 255
0.075 0.975 0 0 0 0 255
0.1 0.975 0 0 0 0 255
0.125 0.975 0 0 0 0 255
0.15 0.975 0 0 0 0 255
0.175 0.975 0 0 0 0 255
0.2 0.975 0 0 0 0 255
0.225 0.975 0 0 0 0 255
0.25 0.975 0 0 0 0 255
0.275 0.975 0 0 0 0 255
0.3 0.975 0 0 0 0 255
0.325 0.975 0 0 0 0 255
0.35 0.975 0 0 0 0 255
0.375 0.975 0 0 0 0 255
0.4 0.975 0 0 0 0 255
0.425 0.975 0 0 0 0 255
0.45 0.975 0 0 0 0 255
0.475 0.975 0 0 0 0 255
0.5 0.975 0 0 0 0 255
-0.5 0.95 0 0 0 0 255
-0.475 0.95 0 0 0 0 255
-0.45 0.95 0 0 0 0 255
-0.425 0.95 0 0 0 0 255
-0.4 0.95 0 0 0 0 255
-0.375 0.95 0 0 0 0 255
-0.35 0.95 0 0 0 0 255
-0.325 0.95 0 0 0 0 255
-0.3 0.95 0 0 0 0 255
-0.275 0.95 0 0 0 0 255
-0.25 0.95 0 0 0 0 255
-0.225 0.95 0 0 0 0 255
-0.2 0.95 0 0 0 0 255
-0.175 0.95 0 0 0 0 255
-0.15 0.95 0 0 0 0 255
-0.125 0.95 0 0 0 0 255
-0.1 0.95 0 0 0 0 255
-0.075 0.95 0 0 0 0 255
-0.05 0.95 0 0 0 0 255
-0.025 0.95 0 0 0 0 255
0 0.95 0 0 0 0 255
0.025 0.95 0 0 0 0 255
0.05 0.95 0 0 0 0 255
0.075 0.95 0 0 0 0 255
0.1 0.95 0 0 0 0 255
0.125 0.95 0 0 0 0 255
0.15 0.95 0 0 0 0 255
0.175 0.95 0 0 0 0 255
0.2 0.95 0 0 0 0 255
0.225 0.95 0 0 0 0 255
0.25 0.95 0 0 0 0 255
0.275 0.95 0 0 0 0 255
0.3 0.95 0 0 0 0 255
0.325 0.95 0 0 0 0 255
0.35 0.95 0 0 0 0 255
0.375 0.95 0 0 0 0 255
0.4 0.95 0 0 0 0 255
0.425 0.95 0 0 0 0 255
0.45 0.95 0 0 0 0 255
0.475 0.95 0 0 0 0 255
0.5 0.95 0 0 0 0 255
-0.5 0.925 0 0 0 0 255
-0.475 0.925 0 0 0 0 255
-0.45 0.925 0 0 0 0 255
-0.425 0.925 0 0 0 0 255
-0.4 0.925 0 0 0 0 255
-0.375 0.925 0 0 0 0 255
-0.35 0.925 0 0 0 0 255
-0.325 0.925 0 0 0 0 255
-0.3 0.925 0 0 0 0 255
-0.275 0.925 0 0 0 0 255
-0.25 0.925 0 0 0 0 255
-0.225 0.925 0 0 0 0 255
-0.2 0.925 0 0 0 0 255
-0.175 0.925 0 0 0 0 255
-0.15 0.925 0 0 0 0 255
-0.125 0.925 0 0 0 0 255
-0.1 0.925 0 0 0 0 255
-0.075 0.925 0 0 0 0 255
-0.05 0.925 0 0 0 0 255
-0.025 0.925 0 0 0 0 255
0 0.925 0 0 0 0 255
0.025 0.925 0 0 0 0 255
0.05 0.925 0 0 0 0 255
0.075 0.925 0 0 0 0 255
0.1 0.925 0 0 0 0 255
0.125 0.925 0 0 0 0 255
0.15 0.925 0 0 0 0 255
0.175 0.925 0 0 0 0 255
0.2 0.925 0 0 0 0 255
0.225 0.925 0 0 0 0 255
0.25 0.925 0 0 0 0 255
0.275 0.925 0 0 0 0 255
0.3 0.925 0 0 0 0 255
0.325 0.925 0 0 0 0 255
0.35 0.925 0 0 0 0 255
0.375 0.925 0 0 0 0 255
0.4 0.925 0 0 0 0 255
0.425 0.925 0 0 0 0 255
0.45 0.925 0 0 0 0 255
0.475 0.925 0 0 0 0 255
0.5 0.925 0 0 0 0 255
-0.5 0.9 0 0 0 0 255
-0.475 0.9 0 0 0 0 255
-0.45 0.9 0 0 0 0 255
-0.425 0.9 0 0 0 0 255
-0.4 0.9 0 0 0 0 255
-0.375 0.9 0 0 0 0 255
-0.35 0.9 0 0 0 0 255
-0.325 0.9 0 0 0 0 255
-0.3 0.9 0 0 0 0 255
-0.275 0.9 0 0 0 0 255
-0.25 0.9 0 0 0 0 255
-0.225 0.9 0 0 0 0 255
-0.2 0.9 0 0 0 0 255
-0.175 0.9 0 0 0 0 255
-0.15 0.9 0 0 0 0 255
-0.125 0.9 0 0 0 0 255
-0.1 0.9 0 0 0 0 255
-0.075 0.9 0 0 0 0 255
-0.05 0.9 0 0 0 0 255
-0.025 0.9 0 0 0 0 255
0 0.9 0 0 0 0 255
0.025 0.9 0 0 0 0 255
0.05 0.9 0 0 0 0 255
0.075 0.9 0 0 0 0 255
0.1 0.9 0 0 0 0 255
0.125 0.9 0 0 0 0 255
0.15 0.9 0 0 0 0 255
0.175 0.9 0 0 0 0 255
0.2 0.9 0 0 0 0 255
0.225 0.9 0 0 0 0 255
0.25 0.9 0 0 0 0 255
0.275 0.9 0 0 0 0 255
0.3 0.9 0 0 0 0 255
0.325 0.9 0 0 0 0 255
0.35 0.9 0 0 0 0 255
0.375 0.9 0 0 0 0 255
0.4 0.9 0 0 0 0 255
0.425 0.9 0 0 0 0 255
0.45 0.9 0 0 0 0 255
0.475 0.9 0 0 0 0 255
0.5 0.9 0 0 0 0 255
-0.5 0.875 0 0 0 0 255
-0.475 0.875 0 0 0 0 255
-0.45 0.875 0 0 0 0 255
-0.425 0.875 0 0 0 0 255
-0.4 0.875 0 0 0 0 255
-0.375 0.875 0 0 0 0 255
-0.35 0.875 0 0 0 0 255
-0.325 0.875 0 0 0 0 255
-0.3 0.875 0 0 0 0 255
-0.275 0.875 0 0 0 0 255
-0.25 0.875 0 0 0 0 255
-0.225 0.875 0 0 0 0 255
-0.2 0.875 0 0 0 0 255
-0.175 0.875 0 0 0 0 255
-0.15 0.875 0 0 0 0 255
-0.125 0.875 0 0 0 0 255
-0.1 0.875 0 0 0 0 255
-0.075 0.875 0 0 0 0 255
-0.05 0.875 0 0 0 0 255
-0.025 0.875 0 0 0 0 255
0 0.875 0 0 0 0 255
0.025 0.875 0 0 0 0 255
0.05 0.875 0 0 0 0 255
0.075 0.875 0 0 0 0 255
0.1 0.875 0 0 0 0 255
0.125 0.875 0 0 0 0 255
0.15 0.875 0 0 0 0 255
0.175 0.875 0 0 0 0 255
0.2 0.875 0 0 0 0 255
0.225 0.875 0 0 0 0 255
0.25 0.875 0 0 0 0 255
0.275 0.875 0 0 0 0 255
0.3 0.875 0 0 0 0 255
0.325 0.875 0 0 0 0 255
0.35 0.875 0 0 0 0 255
0.375 0.875 0 0 0 0 255
0.4 0.875 0 0 0 0 255
0.425 0.875 0 0 0 0 255
0.45 0.875 0 0 0 0 255
0.475 0.875 0 0 0 0 255
0.5 0.875 0 0 0 0 255
-0.5 0.85 0 0 0 0 255
-0.475 0.85 0 0 0 0 255
-0.45 0.85 0 0 0 0 255
-0.425 0.85 0 0 0 0 255
-0.4 0.85 0 0 0 0 255
-0.375 0.85 0 0 0 0 255
-0.35 0.85 0 0 0 0 255
-0.325 0.85 0 0 0 0 255
-0.3 0.85 0 0 0 0 255
-0.275 0.85 0 0 0 0 255
-0.25 0.85 0 0 0 0 255
-0.225 0.85 0 0 0 0 255
-0.2 0.85 0 0 0 0 255
-0.175 0.85 0 0 0 0 255
-0.15 0.85 0 0 0 0 255
-0.125 0.85 0 0 0 0 255
-0.1 0.85 0 0 0 0 255
-0.075 0.85 0 0 0 0 255
-0.05 0.85 0 0 0 0 255
-0.025 0.85 0 0 0 0 255
0 0.85 0 0 0 0 255
0.025 0.85 0 0 0 0 255
0.05 0.85 0 0 0 0 255
0.075 0.85 0 0 0 0 255
0.1 0.85 0 0 0 0 255
0.125 0.85 0 0 0 0 255
0.15 0.85 0 0 0 0 255
0.175 0.85 0 0 0 0 255
0.2 0.85 0 0 0 0 255
0.225 0.85 0 0 0 0 255
0.25 0.85 0 0 0 0 255
0.275 0.85 0 0 0 0 255
0.3 0.85 0 0 0 0 255
0.325 0.85 0 0 0 0 255
0.35 0.85 0 0 0 0 255
0.375 0.85 0 0 0 0 255
0.4 0.85 0 0 0 0 255
0.425 0.85 0 0 0 0 255
0.45 0.85 0 0 0 0 255
0.475 0.85 0 0 0 0 255
0.5 0.85 0 0 0 0 255
-0.5 0.825 0 0 0 0 255
-0.475 0.825 0 0 0 0 255
-0.45 0.825 0 0 0 0 255
-0.425 0.825 0 0 0 0 255
-0.4 0.825 0 0 0 0 255
-0.375 0.825 0 0 0 0 255
-0.35 0.825 0 0 0 0 255
-0.325 0.825 0 0 0 0 255
-0.3 0.825 0 0 0 0 255
-0.275 0.825 0 0 0 0 255
-0.25 0.825 0 0 0 0 255
-0.225 0.825 0 0 0 0 255
-0.2 0.825 0 0 0 0 255
-0.175 0.825 0 0 0 0 255
-0.15 0.825 0 0 0 0 255
-0.125 0.825 0 0 0 0 255
-0.1 0.825 0 0 0 0 255
-0.075 0.825 0 0 0 0 255
-0.05 0.825 0 0 0 0 255
-0.025 0.825 0 0 0 0 255
0 0.825 0 0 0 0 255
0.025 0.825 0 0 0 0 255
0.05 0.825 0 0 0 0 255
0.075 0.825 0 0 0 0 255
0.1 0.825 0 0 0 0 255
0.125 0.825 0 0 0 0 255
0.15 0.825 0 0 0 0 255
0.175 0.825 0 0 0 0 255
0.2 0.825 0 0 0 0 255
0.225 0.825 0 0 0 0 255
0.25 0.825 0 0 0 0 255
0.275 0.825 0 0 0 0 255
0.3 0.825 0 0 0 0 255
0.325 0.825 0 0 0 0 255
0.35 0.825 0 0 0 0 255
0.375 0.825 0 0 0 0 255
0.4 0.825 0 0 0 0 255
0.425 0.825 0 0 0 0 255
0.45 0.825 0 0 0 0 255
0.475 0.825 0 0 0 0 255
0.5 0.825 0 0 0 0 255
-0.5 0.8 0 0 0 0 255
-0.475 0.8 0 0 0 0 255
-0.45 0.8 0 0 0 0 255
-0.425 0.8 0 0 0 0 255
-0.4 0.8 0 0 0 0 255
-0.375 0.8 0 0 0 0 255
-0.35 0.8 0 0 0 0 255
-0.325 0.8 0 0 0 0 255
-0.3 0.8 0 0 0 0 255
-0.275 0.8 0 0 0 0 255
-0.25 0.8 0 0 0 0 255
-0.225 0.8 0 0 0 0 255
-0.2 0.8 0 0 0 0 255
-0.175 0.8 0 0 0 0 255
-0.15 0.8 0 0 0 0 255
-0.125 0.8 0 0 0 0 255
-0.1 0.8 0 0 0 0 255
-0.075 0.8 0 0 0 0 255
-0.05 0.8 0 0 0 0 255
-0.025 0.8 0 0 0 0 255
0 0.8 0 0 0 0 255
0.025 0.8 0 0 0 0 255
0.05 0.8 0 0 0 0 255
0.075 0.8 0 0 0 0 255
0.1 0.8 0 0 0 0 255
0.125 0.8 0 0 0 0 255
0.15 0.8 0 0 0 0 255
0.175 0.8 0 0 0 0 255
0.2 0.8 0 0 0 0 255
0.225 0.8 0 0 0 0 255
0.25 0.8 0 0 0 0 255
0.275 0.8 0 0 0 0 255
0.3 0.8 0 0 0 0 255
0.325 0.8 0 0 0 0 255
0.35 0.8 0 0 0 0 255
0.375 0.8 0 0 0 0 255
0.4 0.8 0 0 0 0 255
0.425 0.8 0 0 0 0 255
0.45 0.8 0 0 0 0 255
0.475 0.8 0 0 0 0 255
0.5 0.8 0 0 0 0 255
-0.5 0.775 0 0 0 0 255
-0.475 0.775 0 0 0 0 255
-0.45 0.775 0 0 0 0 255
-0.425 0.775 0 0 0 0 255
-0.4 0.775 0 0 0 0 255
-0.375 0.775 0 0 0 0 255
-0.35 0.775 0 0 0 0 255
-0.325 0.775 0 0 0 0 255
-0.3 0.775 0 0 0 0 255
-0.275 0.775 0 0 0 0 255
-0.25 0.775 0 0 0 0 255
-0.225 0.775 0 0 0 0 255
-0.2 0.775 0 0 0 0 255
-0.175 0.775 0 0 0 0 255
-0.15 0.775 0 0 0 0 255
-0.125 0.775 0 0 0 0 255
-0.1 0.775 0 0 0 0 255
-0.075 0.775 0 0 0 0 255
-0.05 0.775 0 0 0 0 255
-0.025 0.775 0 0 0 0 255
0 0.775 0 0 0 0 255
0.025 0.775 0 0 0 0 255
0.05 0.775 0 0 0 0 255
0.075 0.775 0 0 0 0 255
0.1 0.775 0 0 0 0 255
0.125 0.775 0 0 0 0 255
0.15 0.775 0 0 0 0 255
0.175 0.775 0 0 0 0 255
0.2 0.775 0 0 0 0 255
0.225 0.775 0 0 0 0 255
0.25 0.775 0 0 0 0 255
0.275 0.775 0 0 0 0 255
0.3 0.775 0 0 0 0 255
0.325 0.775 0 0 0 0 255
0.35 0.775 0 0 0 0 255
0.375 0.775 0 0 0 0 255
0.4 0.775 0 0 0 0 255
0.425 0.775 0 0 0 0 255
0.45 0.775 0 0 0 0 255
0.475 0.775 0 0 0 0 255
0.5 0.775 0 0 0 0 255
-0.5 0.75 0 0 0 0 255
-0.475 0.75 0 0 0 0 255
-0.45 0.75 0 0 0 0 255
-0.425 0.75 0 0 0 0 255
-0.4 0.75 0 0 0 0 255
-0.375 0.75 0 0 0 0 255
-0.35 0.75 0 0 0 0 255
-0.325 0.75 0 0 0 0 255
-0.3 0.75 0 0 0 0 255
-0.275 0.75 0 0 0 0 255
-0.25 0.75 0 0 0 0 255
-0.225 0.75 0 0 0 0 255
-0.2 0.75 0 0 0 0 255
-0.175 0.75 0 0 0 0 255
-0.15 0.75 0 0 0 0 255
-0.125 0.75 0 0 0 0 255
-0.1 0.75 0 0 0 0 255
-0.075 0.75 0 0 0 0 255
-0.05 0.75 0 0 0 0 255
-0.025 0.75 0 0 0 0 255
0 0.75 0 0 0 0 255
0.025 0.75 0 0 0 0 255
0.05 0.75 0 0 0 0 255
0.075 0.75 0 0 0 0 255
0.1 0.75 0 0 0 0 255
0.125 0.75 0 0 0 0 255
0.15 0.75 0 0 0 0 255
0.175 0.75 0 0 0 0 255
0.2 0.75 0 0 0 0 255
0.225 0.75 0 0 0 0 255
0.25 0.75 0 0 0 0 255
0.275 0.75 0 0 0 0 255
0.3 0.75 0 0 0 0 255
0.325 0.75 0 0 0 0 255
0.35 0.75 0 0 0 0 255
0.375 0.75 0 0 0 0 255
0.4 0.75 0 0 0 0 255
0.425 0.75 0 0 0 0 255
0.45 0.75 0 0 0 0 255
0.475 0.75 0 0 0 0 255
0.5 0.75 0 0 0 0 255
-0.5 0.725 0 0 0 0 255
-0.475 0.725 0 0 0 0 255
-0.45 0.725 0 0 0 0 255
-0.425 0.725 0 0 0 0 255
-0.4 0.725 0 0 0 0 255
-0.375 0.725 0 0 0 0 255
-0.35 0.725 0 0 0 0 255
-0.325 0.725 0 0 0 0 255
-0.3 0.725 0 0 0 0 255
-0.275 0.725 0 0 0 0 255
-0.25 0.725 0 0 0 0 255
-0.225 0.725 0 0 0 0 255
-0.2 0.725 0 0 0 0 255
-0.175 0.725 0 0 0 0 255
-0.15 0.725 0 0 0 0 255
-0.125 0.725 0 0 0 0 255
-0.1 0.725 0 0 0 0 255
-0.075 0.725 0 0 0 0 255
-0.05 0.725 0 0 0 0 255
-0.025 0.725 0 0 0 0 255
0 0.725 0 0 0 0 255
0.025 0.725 0 0 0 0 255
0.05 0.725 0 0 0 0 255
0.075 0.725 0 0 0 0 255
0.1 0.725 0 0 0 0 255
0.125 0.725 0 0 0 0 255
0.15 0.725 0 0 0 0 255
0.175 0.725 0 0 0 0 255
0.2 0.725 0 0 0 0 255
0.225 0.725 0 0 0 0 255
0.25 0.725 0 0 0 0 255
0.275 0.725 0 0 0 0 255
0.3 0.725 0 0 0 0 255
0.325 0.725 0 0 0 0 255
0.35 0.725 0 0 0 0 255
0.375 0.725 0 0 0 0 255
0.4 0.725 0 0 0 0 255
0.425 0.725 0 0 0 0 255
0.45 0.725 0 0 0 0 255
0.475 0.725 0 0 0 0 255
0.5 0.725 0 0 0 0 255
-0.5 0.7 0 0 0 0 255
-0.475 0.7 0 0 0 0 255
-0.45 0.7 0 0 0 0 255
-0.425 0.7 0 0 0 0 255
-0.4 0.7 0 0 0 0 255
-0.375 0.7 0 0 0 0 255
-0.35 0.7 0 0 0 0 255
-0.325 0.7 0 0 0 0 255
-0.3 0.7 0 0 0 0 255
-0.275 0.7 0 0 0 0 255
-0.25 0.7 0 0 0 0 255
-0.225 0.7 0 0 0 0 255
-0.2 0.7 0 0 0 0 255
-0.175 0.7 0 0 0 0 255
-0.15 0.7 0 0 0 0 255
-0.125 0.7 -8.40889 17.9312 255 0 0
-0.1 0.7 -51.163 9.22416 255 0 0
-0.075 0.7 -70.2861 2.26702 255 0 0
-0.05 0.7 0 0 0 0 255
-0.025 0.7 0 0 0 0 255
0 0.7 0 0 0 0 255
0.025 0.7 0 0 0 0 255
0.05 0.7 0 0 0 0 255
0.075 0.7 0 0 0 0 255
0.1 0.7 0 0 0 0 255
0.125 0.7 0 0 0 0 255
0.15 0.7 0 0 0 0 255
0.175 0.7 0 0 0 0 255
0.2 0.7 0 0 0 0 255
0.225 0.7 0 0 0 0 255
0.25 0.7 0 0 0 0 255
0.275 0.7 0 0 0 0 255
0.3 0.7 0 0 0 0 255
0.325 0.7 0 0 0 0 255
0.35 0.7 0 0 0 0 255
0.375 0.7 0 0 0 0 255
0.4 0.7 0 0 0 0 255
0.425 0.7 0 0 0 0 255
0.45 0.7 0 0 0 0 255
0.475 0.7 0 0 0 0 255
0.5 0.7 0 0 0 0 255
-0.5 0.675 0 0 0 0 255
-0.475 0.675 0 0 0 0 255
-0.45 0.675 0 0 0 0 255
-0.425 0.675 0 0 0 0 255
-0.4 0.675 0 0 0 0 255
-0.375 0.675 0 0 0 0 255
-0.35 0.675 0 0 0 0 255
-0.325 0.675 0 0 0 0 255
-0.3 0.675 0 0 0 0 255
-0.275 0.675 0 0 0 0 255
-0.25 0.675 0 0 0 0 255
-0.225 0.675 0 0 0 0 255
-0.2 0.675 0 0 0 0 255
-0.175 0.675 -33.1721 22.167 255 0 0
-0.15 0.675 -38.4317 17.353 255 0 0
-0.125 0.675 -42.3399 12.6499 255 0 0
-0.1 0.675 -46.2942 7.92552 255 0 0
-0.075 0.675 -50.3521 3.17114 255 0 0
-0.05 0.675 -54.5251 -1.59112 255 0 0
-0.025 0.675 -58.8609 -6.351 255 0 0
0 0.675 -63.6061 -10.9212 255 0 0
0.025 0.675 -87.3265 -7.37374 255 0 0
0.05 0.675 0 0 0 0 255
0.075 0.675 0 0 0 0 255
0.1 0.675 0 0 0 0 255
0.125 0.675 0 0 0 0 255
0.15 0.675 0 0 0 0 255
0.175 0.675 0 0 0 0 255
0.2 0.675 0 0 0 0 255
0.225 0.675 0 0 0 0 255
0.25 0.675 0 0 0 0 255
0.275 0.675 0 0 0 0 255
0.3 0.675 0 0 0 0 255
0.325 0.675 0 0 0 0 255
0.35 0.675 0 0 0 0 255
0.375 0.675 0 0 0 0 255
0.4 0.675 0 0 0 0 255
0.425 0.675 0 0 0 0 255
0.45 0.675 0 0 0 0 255
0.475 0.675 0 0 0 0 255
0.5 0.675 0 0 0 0 255
-0.5 0.65 0 0 0 0 255
-0.475 0.65 0 0 0 0 255
-0.45 0.65 0 0 0 0 255
-0.425 0.65 0 0 0 0 255
-0.4 0.65 0 0 0 0 255
-0.375 0.65 0 0 0 0 255
-0.35 0.65 0 0 0 0 255
-0.325 0.65 0 0 0 0 255
-0.3 0.65 0 0 0 0 255
-0.275 0.65 0 0 0 0 255
-0.25 0.65 0 0 0 0 255
-0.225 0.65 0 0 0 0 255
-0.2 0.65 0 0 0 0 255
-0.175 0.65 -26.4008 25.7644 255 0 0
-0.15 0.65 -30.2752 21.0617 255 0 0
-0.125 0.65 -34.1693 16.3551 255 0 0
-0.1 0.65 -38.1201 11.6306 255 0 0
-0.075 0.65 -42.1621 6.88158 255 0 0
-0.05 0.65 -46.3166 2.10982 255 0 0
-0.025 0.65 -50.5824 -2.68461 255 0 0
0 0.65 -54.9287 -7.49572 255 0 0
0.025 0.65 -59.3172 -12.3009 255 0 0
0.05 0.65 -63.9862 -16.7766 255 0 0
0.075 0.65 -149.151 7.80804 255 0 0
0.1 0.65 0 0 0 0 255
0.125 0.65 0 0 0 0 255
0.15 0.65 0 0 0 0 255
0.175 0.65 0 0 0 0 255
0.2 0.65 0 0 0 0 255
0.225 0.65 0 0 0 0 255
0.25 0.65 0 0 0 0 255
0.275 0.65 0 0 0 0 255
0.3 0.65 0 0 0 0 255
0.325 0.65 0 0 0 0 255
0.35 0.65 0 0 0 0 255
0.375 0.65 0 0 0 0 255
0.4 0.65 0 0 0 0 255
0.425 0.65 0 0 0 0 255
0.45 0.65 0 0 0 0 255
0.475 0.65 0 0 0 0 255
0.5 0.65 0 0 0 0 255
-0.5 0.625 0 0 0 0 255
-0.475 0.625 0 0 0 0 255
-0.45 0.625 0 0 0 0 255
-0.425 0.625 0 0 0 0 255
-0.4 0.625 0 0 0 0 255
-0.375 0.625 0 0 0 0 255
-0.35 0.625 0 0 0 0 255
-0.325 0.625 0 0 0 0 255
-0.3 0.625 0 0 0 0 255
-0.275 0.625 0 0 0 0 255
-0.25 0.625 0 0 0 0 255
-0.225 0.625 0 0 0 0 255
-0.2 0.625 -29.0523 32.7909 255 0 0
-0.175 0.625 -18.2343 29.4865 255 0 0
-0.15 0.625 -22.0777 24.7909 255 0 0
-0.125 0.625 -25.9636 20.0892 255 0 0
-0.1 0.625 -29.9039 15.3691 255 0 0
-0.075 0.625 -33.9221 10.6242 255 0 0
-0.05 0.625 -38.0333 5.853 255 0 0
-0.025 0.625 -42.2346 1.05884 255 0 0
0 0.625 -46.5039 -3.74968 255 0 0
0.025 0.625 -50.8064 -8.56229 255 0 0
0.05 0.625 -55.123 -13.3645 255 0 0
0.075 0.625 -59.5144 -18.0975 255 0 0
0.1 0.625 -69.6068 -13.4694 255 0 0
0.125 0.625 0 0 0 0 255
0.15 0.625 0 0 0 0 255
0.175 0.625 0 0 0 0 255
0.2 0.625 0 0 0 0 255
0.225 0.625 0 0 0 0 255
0.25 0.625 0 0 0 0 255
0.275 0.625 0 0 0 0 255
0.3 0.625 0 0 0 0 255
0.325 0.625 0 0 0 0 255
0.35 0.625 0 0 0 0 255
0.375 0.625 0 0 0 0 255
0.4 0.625 0 0 0 0 255
0.425 0.625 0 0 0 0 255
0.45 0.625 0 0 0 0 255
0.475 0.625 0 0 0 0 255
0.5 0.625 0 0 0 0 255
-0.5 0.6 0 0 0 0 255
-0.475 0.6 0 0 0 0 255
-0.45 0.6 0 0 0 0 255
-0.425 0.6 0 0 0 0 255
-0.4 0.6 0 0 0 0 255
-0.375 0.6 0 0 0 0 255
-0.35 0.6 0 0 0 0 255
-0.325 0.6 0 0 0 0 255
-0.3 0.6 0 0 0 0 255
-0.275 0.6 0 0 0 0 255
-0.25 0.6 0 0 0 0 255
-0.225 0.6 0 0 0 0 255
-0.2 0.6 -9.36384 40.7678 255 0 0
-0.175 0.6 -10.0013 33.2368 255 0 0
-0.15 0.6 -13.842 28.554 255 0 0
-0.125 0.6 -17.718 23.865 255 0 0
-0.1 0.6 -21.6422 19.1548 255 0 0
-0.075 0.6 -25.6318 14.4142 255 0 0
-0.05 0.6 -29.6979 9.64363 255 0 0
-0.025 0.6 -33.8392 4.84975 255 0 0
0 0.6 -38.0413 0.0439158 255 0 0
0.025 0.6 -42.2811 -4.76066 255 0 0
0.05 0.6 -46.537 -9.55323 255 0 0
0.075 0.6 -50.7875 -14.3259 255 0 0
0.1 0.6 -55.0507 -19.0486 255 0 0
0.125 0.6 -62.3689 -17.0402 255 0 0
0.15 0.6 0 0 0 0 255
0.175 0.6 0 0 0 0 255
0.2 0.6 0 0 0 0 255
0.225 0.6 0 0 0 0 255
0.25 0.6 0 0 0 0 255
0.275 0.6 0 0 0 0 255
0.3 0.6 0 0 0 0 255
0.325 0.6 0 0 0 0 255
0.35 0.6 0 0 0 0 255
0.375 0.6 0 0 0 0 255
0.4 0.6 0 0 0 0 255
0.425 0.6 0 0 0 0 255
0.45 0.6 0 0 0 0 255
0.475 0.6 0 0 0 0 255
0.5 0.6 0 0 0 0 255
-0.5 0.575 0 0 0 0 255
-0.475 0.575 0 0 0 0 255
-0.45 0.575 0 0 0 0 255
-0.425 0.575 0 0 0 0 255
-0.4 0.575 0 0 0 0 255
-0.375 0.575 0 0 0 0 255
-0.35 0.575 0 0 0 0 255
-0.325 0.575 0 0 0 0 255
-0.3 0.575 0 0 0 0 255
-0.275 0.575 0 0 0 0 255
-0.25 0.575 0 0 0 0 255
-0.225 0.575 0 0 0 0 255
-0.2 0.575 4.22204 57.2355 255 0 0
-0.175 0.575 -1.71704 37.0305 255 0 0
-0.15 0.575 -5.56005 32.3833 255 0 0
-0.125 0.575 -9.4244 27.7108 255 0 0
-0.1 0.575 -13.3265 23.0085 255 0 0
-0.075 0.575 -17.2837 18.2706 255 0 0
-0.05 0.575 -21.3058 13.5001 255 0 0
-0.025 0.575 -25.3934 8.70634 255 0 0
0 0.575 -29.5368 3.90213 255 0 0
0.025 0.575 -33.7194 -0.898543 255 0 0
0.05 0.575 -37.9228 -5.68321 255 0 0
0.075 0.575 -42.1289 -10.4448 255 0 0
0.1 0.575 -46.3253 -15.1852 255 0 0
0.125 0.575 -50.5353 -19.8626 255 0 0
0.15 0.575 -61.5926 16.1159 255 0 0
0.175 0.575 0 0 0 0 255
0.2 0.575 0 0 0 0 255
0.225 0.575 0 0 0 0 255
0.25 0.575 0 0 0 0 255
0.275 0.575 0 0 0 0 255
0.3 0.575 0 0 0 0 255
0.325 0.575 0 0 0 0 255
0.35 0.575 0 0 0 0 255
0.375 0.575 0 0 0 0 255
0.4 0.575 0 0 0 0 255
0.425 0.575 0 0 0 0 255
0.45 0.575 0 0 0 0 255
0.475 0.575 0 0 0 0 255
0.5 0.575 0 0 0 0 255
-0.5 0.55 0 0 0 0 255
-0.475 0.55 0 0 0 0 255
-0.45 0.55 0 0 0 0 255
-0.425 0.55 0 0 0 0 255
-0.4 0.55 0 0 0 0 255
-0.375 0.55 0 0 0 0 255
-0.35 0.55 0 0 0 0 255
-0.325 0.55 0 0 0 0 255
-0.3 0.55 0 0 0 0 255
-0.275 0.55 0 0 0 0 255
-0.25 0.55 0 0 0 0 255
-0.225 0.55 0 0 0 0 255
-0.2 0.55 0 0 0 0 255
-0.175 0.55 6.58251 40.8897 255 0 0
-0.15 0.55 2.76742 36.3182 255 0 0
-0.125 0.55 -1.0786 31.6533 255 0 0
-0.1 0.55 -4.95404 26.9495 255 0 0
-0.075 0.55 -8.87651 22.2081 255 0 0
-0.05 0.55 -12.8563 17.4348 255 0 0
-0.025 0.55 -16.8957 12.64 255 0 0
0 0.55 -20.9887 7.83675 255 0 0
0.025 0.55 -25.1224 3.03903 255 0 0
0.05 0.55 -29.2811 -1.74121 255 0 0
0.075 0.55 -33.4496 -6.49641 255 0 0
0.1 0.55 -37.616 -11.227 255 0 0
0.125 0.55 -41.7748 -15.94 255 0 0
0.15 0.55 -46.028 -20.5814 255 0 0
0.175 0.55 0 0 0 0 255
0.2 0.55 0 0 0 0 255
0.225 0.55 0 0 0 0 255
0.25 0.55 0 0 0 0 255
0.275 0.55 0 0 0 0 255
0.3 0.55 0 0 0 0 255
0.325 0.55 0 0 0 0 255
0.35 0.55 0 0 0 0 255
0.375 0.55 0 0 0 0 255
0.4 0.55 0 0 0 0 255
0.425 0.55 0 0 0 0 255
0.45 0.55 0 0 0 0 255
0.475 0.55 0 0 0 0 255
0.5 0.55 0 0 0 0 255
-0.5 0.525 0 0 0 0 255
-0.475 0.525 0 0 0 0 255
-0.45 0.525 0 0 0 0 255
-0.425 0.525 0 0 0 0 255
-0.4 0.525 0 0 0 0 255
-0.375 0.525 0 0 0 0 255
-0.35 0.525 0 0 0 0 255
-0.325 0.525 0 0 0 0 255
-0.3 0.525 0 0 0 0 255
-0.275 0.525 0 0 0 0 255
-0.25 0.525 0 0 0 0 255
-0.225 0.525 0 0 0 0 255
-0.2 0.525 0 0 0 0 255
-0.175 0.525 14.8718 44.9088 255 0 0
-0.15 0.525 11.1483 40.3923 255 0 0
-0.125 0.525 7.32254 35.7085 255 0 0
-0.1 0.525 3.47429 30.9876 255 0 0
-0.075 0.525 -0.414025 26.2342 255 0 0
-0.05 0.525 -4.35409 21.454 255 0 0
-0.025 0.525 -8.35036 16.6563 255 0 0
0 0.525 -12.3996 11.8534 255 0 0
0.025 0.525 -16.492 7.05821 255 0 0
0.05 0.525 -20.6141 2.28179 255 0 0
0.075 0.525 -24.752 -2.46916 255 0 0
0.1 0.525 -28.894 -7.19384 255 0 0
0.125 0.525 -33.0311 -11.9 255 0 0
0.15 0.525 -37.1504 -16.5968 255 0 0
0.175 0.525 4.77315 29.2601 255 0 0
0.2 0.525 0 0 0 0 255
0.225 0.525 0 0 0 0 255
0.25 0.525 0 0 0 0 255
0.275 0.525 0 0 0 0 255
0.3 0.525 0 0 0 0 255
0.325 0.525 0 0 0 0 255
0.35 0.525 0 0 0 0 255
0.375 0.525 0 0 0 0 255
0.4 0.525 0 0 0 0 255
0.425 0.525 0 0 0 0 255
0.45 0.525 0 0 0 0 255
0.475 0.525 0 0 0 0 255
0.5 0.525 0 0 0 0 255
-0.5 0.5 0 0 0 0 255
-0.475 0.5 0 0 0 0 255
-0.45 0.5 0 0 0 0 255
-0.425 0.5 0 0 0 0 255
-0.4 0.5 0 0 0 0 255
-0.375 0.5 0 0 0 0 255
-0.35 0.5 0 0 0 0 255
-0.325 0.5 0 0 0 0 255
-0.3 0.5 0 0 0 0 255
-0.275 0.5 0 0 0 0 255
-0.25 0.5 0 0 0 0 255
-0.225 0.5 0 0 0 0 255
-0.2 0.5 0 0 0 0 255
-0.175 0.5 22.4606 50.5442 255 0 0
-0.15 0.5 19.5756 44.5869 255 0 0
-0.125 0.5 15.7768 39.8656 255 0 0
-0.1 0.5 11.9537 35.1182 255 0 0
-0.075 0.5 8.09701 30.3464 255 0 0
-0.05 0.5 4.19276 25.5557 255 0 0
-0.025 0.5 0.234601 20.7537 255 0 0
0 0.5 -3.77677 15.9509 255 0 0
0.025 0.5 -7.83429 11.1585 255 0 0
0.05 0.5 -11.9266 6.38609 255 0 0
0.075 0.5 -16.0408 1.6395 255 0 0
0.1 0.5 -20.1654 -3.08025 255 0 0
0.125 0.5 -24.2918 -7.7778 255 0 0
0.15 0.5 -28.4156 -12.4596 255 0 0
0.175 0.5 -32.5662 -16.7971 255 0 0
0.2 0.5 0 0 0 0 255
0.225 0.5 0 0 0 0 255
0.25 0.5 0 0 0 0 255
0.275 0.5 0 0 0 0 255
0.3 0.5 0 0 0 0 255
0.325 0.5 0 0 0 0 255
0.35 0.5 0 0 0 0 255
0.375 0.5 0 0 0 0 255
0.4 0.5 0 0 0 0 255
0.425 0.5 0 0 0 0 255
0.45 0.5 0 0 0 0 255
0.475 0.5 0 0 0 0 255
0.5 0.5 0 0 0 0 255
-0.5 0.475 0 0 0 0 255
-0.475 0.475 0 0 0 0 255
-0.45 0.475 0 0 0 0 255
-0.425 0.475 0 0 0 0 255
-0.4 0.475 0 0 0 0 255
-0.375 0.475 0 0 0 0 255
-0.35 0.475 0 0 0 0 255
-0.325 0.475 0 0 0 0 255
-0.3 0.475 0 0 0 0 255
-0.275 0.475 0 0 0 0 255
-0.25 0.475 0 0 0 0 255
-0.225 0.475 0 0 0 0 255
-0.2 0.475 0 0 0 0 255
-0.175 0.475 0 0 0 0 255
-0.15 0.475 27.9476 48.9389 255 0 0
-0.125 0.475 24.2783 44.1003 255 0 0
-0.1 0.475 20.4777 39.3258 255 0 0
-0.075 0.475 16.6477 34.5336 255 0 0
-0.05 0.475 12.7742 29.731 255 0 0
-0.025 0.475 8.84878 24.9244 255 0 0
0 0.475 4.86975 20.1221 255 0 0
0.025 0.475 0.841815 15.3332 255 0 0
0.05 0.475 -3.22567 10.5654 255 0 0
0.075 0.475 -7.32116 5.82347 255 0 0
0.1 0.475 -11.4338 1.10821 255 0 0
0.125 0.475 -15.5561 -3.58317 255 0 0
0.15 0.475 -19.6846 -8.25731 255 0 0
0.175 0.475 -23.9089 -12.8558 255 0 0
0.2 0.475 0 0 0 0 255
0.225 0.475 0 0 0 0 255
0.25 0.475 0 0 0 0 255
0.275 0.475 0 0 0 0 255
0.3 0.475 0 0 0 0 255
0.325 0.475 0 0 0 0 255
0.35 0.475 0 0 0 0 255
0.375 0.475 0 0 0 0 255
0.4 0.475 0 0 0 0 255
0.425 0.475 0 0 0 0 255
0.45 0.475 0 0 0 0 255
0.475 0.475 0 0 0 0 255
0.5 0.475 0 0 0 0 255
-0.5 0.45 0 0 0 0 255
-0.475 0.45 0 0 0 0 255
-0.45 0.45 0 0 0 0 255
-0.425 0.45 0 0 0 0 255
-0.4 0.45 0 0 0 0 255
-0.375 0.45 0 0 0 0 255
-0.35 0.45 0 0 0 0 255
-0.325 0.45 0 0 0 0 255
-0.3 0.45 0 0 0 0 255
-0.275 0.45 0 0 0 0 255
-0.25 0.45 0 0 0 0 255
-0.225 0.45 0 0 0 0 255
-0.2 0.45 0 0 0 0 255
-0.175 0.45 0 0 0 0 255
-0.15 0.45 33.2617 59.8173 255 0 0
-0.125 0.45 32.8051 48.4154 255 0 0
-0.1 0.45 29.0396 43.5882 255 0 0
-0.075 0.45 25.2298 38.78 255 0 0
-0.05 0.45 21.3809 33.9669 255 0 0
-0.025 0.45 17.4823 29.1564 255 0 0
0 0.45 13.5301 24.3556 255 0 0
0.025 0.45 9.52713 19.571 255 0 0
0.05 0.45 5.48082 14.8086 255 0 0
0.075 0.45 1.40138 10.0716 255 0 0
0.1 0.45 -2.70092 5.36014 255 0 0
0.125 0.45 -6.8188 0.671629 255 0 0
0.15 0.45 -10.9486 -4.00082 255 0 0
0.175 0.45 -15.1584 -8.60007 255 0 0
0.2 0.45 0 0 0 0 255
0.225 0.45 0 0 0 0 255
0.25 0.45 0 0 0 0 255
0.275 0.45 0 0 0 0 255
0.3 0.45 0 0 0 0 255
0.325 0.45 0 0 0 0 255
0.35 0.45 0 0 0 0 255
0.375 0.45 0 0 0 0 255
0.4 0.45 0 0 0 0 255
0.425 0.45 0 0 0 0 255
0.45 0.45 0 0 0 0 255
0.475 0.45 0 0 0 0 255
0.5 0.45 0 0 0 0 255
-0.5 0.425 0 0 0 0 255
-0.475 0.425 0 0 0 0 255
-0.45 0.425 0 0 0 0 255
-0.425 0.425 0 0 0 0 255
-0.4 0.425 0 0 0 0 255
-0.375 0.425 0 0 0 0 255
-0.35 0.425 0 0 0 0 255
-0.325 0.425 0 0 0 0 255
-0.3 0.425 0 0 0 0 255
-0.275 0.425 0 0 0 0 255
-0.25 0.425 0 0 0 0 255
-0.225 0.425 0 0 0 0 255
-0.2 0.425 0 0 0 0 255
-0.175 0.425 0 0 0 0 255
-0.15 0.425 0 0 0 0 255
-0.125 0.425 39.7086 54.3197 255 0 0
-0.1 0.425 37.6228 47.9 255 0 0
-0.075 0.425 33.8396 43.0675 255 0 0
-0.05 0.425 30.0073 38.2492 255 0 0
-0.025 0.425 26.1284 33.4368 255 0 0
0 0.425 22.197 28.6383 255 0 0
0.025 0.425 18.2144 23.8589 255 0 0
0.05 0.425 14.1863 19.1022 255 0 0
0.075 0.425 10.1217 14.3699 255 0 0
0.1 0.425 6.0302 9.66116 255 0 0
0.125 0.425 1.91933 4.97241 255 0 0
0.15 0.425 -2.20731 0.298078 255 0 0
0.175 0.425 -6.46184 -4.25219 255 0 0
0.2 0.425 0 0 0 0 255
0.225 0.425 0 0 0 0 255
0.25 0.425 0 0 0 0 255
0.275 0.425 0 0 0 0 255
0.3 0.425 0 0 0 0 255
0.325 0.425 0 0 0 0 255
0.35 0.425 0 0 0 0 255
0.375 0.425 0 0 0 0 255
0.4 0.425 0 0 0 0 255
0.425 0.425 0 0 0 0 255
0.45 0.425 0 0 0 0 255
0.475 0.425 0 0 0 0 255
0.5 0.425 0 0 0 0 255
-0.5 0.4 0 0 0 0 255
-0.475 0.4 0 0 0 0 255
-0.45 0.4 0 0 0 0 255
-0.425 0.4 0 0 0 0 255
-0.4 0.4 0 0 0 0 255
-0.375 0.4 0 0 0 0 255
-0.35 0.4 0 0 0 0 255
-0.325 0.4 0 0 0 0 255
-0.3 0.4 0 0 0 0 255
-0.275 0.4 0 0 0 0 255
-0.25 0.4 0 0 0 0 255
-0.225 0.4 0 0 0 0 255
-0.2 0.4 0 0 0 0 255
-0.175 0.4 0 0 0 0 255
-0.15 0.4 0 0 0 0 255
-0.125 0.4 0 0 0 0 255
-0.1 0.4 44.5815 53.566 255 0 0
-0.075 0.4 42.4622 47.4025 255 0 0
-0.05 0.4 38.653 42.5649 255 0 0
-0.025 0.4 34.786 37.7521 255 0 0
0 0.4 30.8677 32.9581 255 0 0
0.025 0.4 26.9006 28.1844 255 0 0
0.05 0.4 22.8876 23.4332 255 0 0
0.075 0.4 18.8369 18.7049 255 0 0
0.1 0.4 14.7579 13.9972 255 0 0
0.125 0.4 10.6577 9.30505 255 0 0
0.15 0.4 6.53906 4.62679 255 0 0
0.175 0.4 1.66578 0.223917 255 0 0
0.2 0.4 0 0 0 0 255
0.225 0.4 0 0 0 0 255
0.25 0.4 0 0 0 0 255
0.275 0.4 0 0 0 0 255
0.3 0.4 0 0 0 0 255
0.325 0.4 0 0 0 0 255
0.35 0.4 0 0 0 0 255
0.375 0.4 0 0 0 0 255
0.4 0.4 0 0 0 0 255
0.425 0.4 0 0 0 0 255
0.45 0.4 0 0 0 0 255
0.475 0.4 0 0 0 0 255
0.5 0.4 0 0 0 0 255
-0.5 0.375 0 0 0 0 255
-0.475 0.375 0 0 0 0 255
-0.45 0.375 0 0 0 0 255
-0.425 0.375 0 0 0 0 255
-0.4 0.375 0 0 0 0 255
-0.375 0.375 0 0 0 0 255
-0.35 0.375 0 0 0 0 255
-0.325 0.375 0 0 0 0 255
-0.3 0.375 0 0 0 0 255
-0.275 0.375 0 0 0 0 255
-0.25 0.375 0 0 0 0 255
-0.225 0.375 0 0 0 0 255
-0.2 0.375 0 0 0 0 255
-0.175 0.375 0 0 0 0 255
-0.15 0.375 0 0 0 0 255
-0.125 0.375 0 0 0 0 255
-0.1 0.375 0 0 0 0 255
-0.075 0.375 45.6004 55.519 255 0 0
-0.05 0.375 47.3197 46.9581 255 0 0
-0.025 0.375 43.455 42.0934 255 0 0
0 0.375 39.5434 37.3032 255 0 0
0.025 0.375 35.5877 32.5355 255 0 0
0.05 0.375 31.5866 27.7891 255 0 0
0.075 0.375 27.5478 23.064 255 0 0
0.1 0.375 23.4823 18.3559 255 0 0
0.125 0.375 19.3965 13.6618 255 0 0
0.15 0.375 15.3642 9.01984 255 0 0
0.175 0.375 0 0 0 0 255
0.2 0.375 0 0 0 0 255
0.225 0.375 0 0 0 0 255
0.25 0.375 0 0 0 0 255
0.275 0.375 0 0 0 0 255
0.3 0.375 0 0 0 0 255
0.325 0.375 0 0 0 0 255
0.35 0.375 0 0 0 0 255
0.375 0.375 0 0 0 0 255
0.4 0.375 0 0 0 0 255
0.425 0.375 0 0 0 0 255
0.45 0.375 0 0 0 0 255
0.475 0.375 0 0 0 0 255
0.5 0.375 0 0 0 0 255
-0.5 0.35 0 0 0 0 255
-0.475 0.35 0 0 0 0 255
-0.45 0.35 0 0 0 0 255
-0.425 0.35 0 0 0 0 255
-0.4 0.35 0 0 0 0 255
-0.375 0.35 0 0 0 0 255
-0.35 0.35 0 0 0 0 255
-0.325 0.35 0 0 0 0 255
-0.3 0.35 0 0 0 0 255
-0.275 0.35 0 0 0 0 255
-0.25 0.35 0 0 0 0 255
-0.225 0.35 0 0 0 0 255
-0.2 0.35 0 0 0 0 255
-0.175 0.35 0 0 0 0 255
-0.15 0.35 0 0 0 0 255
-0.125 0.35 0 0 0 0 255
-0.1 0.35 0 0 0 0 255
-0.075 0.35 0 0 0 0 255
-0.05 0.35 0 0 0 0 255
-0.025 0.35 50.161 47.2575 255 0 0
0 0.35 48.2259 41.7397 255 0 0
0.025 0.35 44.2831 36.9313 255 0 0
0.05 0.35 40.2864 32.1744 255 0 0
0.075 0.35 36.2556 27.4526 255 0 0
0.1 0.35 32.2096 22.7659 255 0 0
0.125 0.35 28.4595 18.2944 255 0 0
0.15 0.35 0 0 0 0 255
0.175 0.35 0 0 0 0 255
0.2 0.35 0 0 0 0 255
0.225 0.35 0 0 0 0 255
0.25 0.35 0 0 0 0 255
0.275 0.35 0 0 0 0 255
0.3 0.35 0 0 0 0 255
0.325 0.35 0 0 0 0 255
0.35 0.35 0 0 0 0 255
0.375 0.35 0 0 0 0 255
0.4 0.35 0 0 0 0 255
0.425 0.35 0 0 0 0 255
0.45 0.35 0 0 0 0 255
0.475 0.35 0 0 0 0 255
0.5 0.35 0 0 0 0 255
-0.5 0.325 0 0 0 0 255
-0.475 0.325 0 0 0 0 255
-0.45 0.325 0 0 0 0 255
-0.425 0.325 0 0 0 0 255
-0.4 0.325 0 0 0 0 255
-0.375 0.325 0 0 0 0 255
-0.35 0.325 0 0 0 0 255
-0.325 0.325 0 0 0 0 255
-0.3 0.325 0 0 0 0 255
-0.275 0.325 0 0 0 0 255
-0.25 0.325 0 0 0 0 255
-0.225 0.325 0 0 0 0 255
-0.2 0.325 0 0 0 0 255
-0.175 0.325 0 0 0 0 255
-0.15 0.325 0 0 0 0 255
-0.125 0.325 0 0 0 0 255
-0.1 0.325 0 0 0 0 255
-0.075 0.325 0 0 0 0 255
-0.05 0.325 0 0 0 0 255
-0.025 0.325 0 0 0 0 255
0 0.325 0 0 0 0 255
0.025 0.325 0 0 0 0 255
0.05 0.325 0 0 0 0 255
0.075 0.325 0 0 0 0 255
0.1 0.325 0 0 0 0 255
0.125 0.325 0 0 0 0 255
0.15 0.325 0 0 0 0 255
0.175 0.325 0 0 0 0 255
0.2 0.325 0 0 0 0 255
0.225 0.325 0 0 0 0 255
0.25 0.325 0 0 0 0 255
0.275 0.325 0 0 0 0 255
0.3 0.325 0 0 0 0 255
0.325 0.325 0 0 0 0 255
0.35 0.325 0 0 0 0 255
0.375 0.325 0 0 0 0 255
0.4 0.325 0 0 0 0 255
0.425 0.325 0 0 0 0 255
0.45 0.325 0 0 0 0 255
0.475 0.325 0 0 0 0 255
0.5 0.325 0 0 0 0 255
-0.5 0.3 0 0 0 0 255
-0.475 0.3 0 0 0 0 255
-0.45 0.3 0 0 0 0 255
-0.425 0.3 0 0 0 0 255
-0.4 0.3 0 0 0 0 255
-0.375 0.3 0 0 0 0 255
-0.35 0.3 0 0 0 0 255
-0.325 0.3 0 0 0 0 255
-0.3 0.3 0 0 0 0 255
-0.275 0.3 0 0 0 0 255
-0.25 0.3 0 0 0 0 255
-0.225 0.3 0 0 0 0 255
-0.2 0.3 0 0 0 0 255
-0.175 0.3 0 0 0 0 255
-0.15 0.3 0 0 0 0 255
-0.125 0.3 0 0 0 0 255
-0.1 0.3 0 0 0 0 255
-0.075 0.3 0 0 0 0 255
-0.05 0.3 0 0 0 0 255
-0.025 0.3 0 0 0 0 255
0 0.3 0 0 0 0 255
0.025 0.3 0 0 0 0 255
0.05 0.3 0 0 0 0 255
0.075 0.3 0 0 0 0 255
0.1 0.3 0 0 0 0 255
0.125 0.3 0 0 0 0 255
0.15 0.3 0 0 0 0 255
0.175 0.3 0 0 0 0 255
0.2 0.3 0 0 0 0 255
0.225 0.3 0 0 0 0 255
0.25 0.3 0 0 0 0 255
0.275 0.3 0 0 0 0 255
0.3 0.3 0 0 0 0 255
0.325 0.3 0 0 0 0 255
0.35 0.3 0 0 0 0 255
0.375 0.3 0 0 0 0 255
0.4 0.3 0 0 0 0 255
0.425 0.3 0 0 0 0 255
0.45 0.3 0 0 0 0 255
0.475 0.3 0 0 0 0 255
0.5 0.3 0 0 0 0 255
-0.5 0.275 0 0 0 0 255
-0.475 0.275 0 0 0 0 255
-0.45 0.275 0 0 0 0 255
-0.425 0.275 0 0 0 0 255
-0.4 0.275 0 0 0 0 255
-0.375 0.275 0 0 0 0 255
-0.35 0.275 0 0 0 0 255
-0.325 0.275 0 0 0 0 255
-0.3 0.275 0 0 0 0 255
-0.275 0.275 0 0 0 0 255
-0.25 0.275 0 0 0 0 255
-0.225 0.275 0 0 0 0 255
-0.2 0.275 0 0 0 0 255
-0.175 0.275 0 0 0 0 255
-0.15 0.275 0 0 0 0 255
-0.125 0.275 0 0 0 0 255
-0.1 0.275 0 0 0 0 255
-0.075 0.275 0 0 0 0 255
-0.05 0.275 0 0 0 0 255
-0.025 0.275 0 0 0 0 255
0 0.275 0 0 0 0 255
0.025 0.275 0 0 0 0 255
0.05 0.275 0 0 0 0 255
0.075 0.275 0 0 0 0 255
0.1 0.275 0 0 0 0 255
0.125 0.275 0 0 0 0 255
0.15 0.275 0 0 0 0 255
0.175 0.275 0 0 0 0 255
0.2 0.275 0 0 0 0 255
0.225 0.275 0 0 0 0 255
0.25 0.275 0 0 0 0 255
0.275 0.275 0 0 0 0 255
0.3 0.275 0 0 0 0 255
0.325 0.275 0 0 0 0 255
0.35 0.275 0 0 0 0 255
0.375 0.275 0 0 0 0 255
0.4 0.275 0 0 0 0 255
0.425 0.275 0 0 0 0 255
0.45 0.275 0 0 0 0 255
0.475 0.275 0 0 0 0 255
0.5 0.275 0 0 0 0 255
-0.5 0.25 0 0 0 0 255
-0.475 0.25 0 0 0 0 255
-0.45 0.25 0 0 0 0 255
-0.425 0.25 0 0 0 0 255
-0.4 0.25 0 0 0 0 255
-0.375 0.25 0 0 0 0 255
-0.35 0.25 0 0 0 0 255
-0.325 0.25 0 0 0 0 255
-0.3 0.25 0 0 0 0 255
-0.275 0.25 0 0 0 0 255
-0.25 0.25 0 0 0 0 255
-0.225 0.25 0 0 0 0 255
-0.2 0.25 0 0 0 0 255
-0.175 0.25 0 0 0 0 255
-0.15 0.25 0 0 0 0 255
-0.125 0.25 0 0 0 0 255
-0.1 0.25 0 0 0 0 255
-0.075 0.25 0 0 0 0 255
-0.05 0.25 0 0 0 0 255
-0.025 0.25 0 0 0 0 255
0 0.25 0 0 0 0 255
0.025 0.25 0 0 0 0 255
0.05 0.25 0 0 0 0 255
0.075 0.25 0 0 0 0 255
0.1 0.25 0 0 0 0 255
0.125 0.25 0 0 0 0 255
0.15 0.25 0 0 0 0 255
0.175 0.25 0 0 0 0 255
0.2 0.25 0 0 0 0 255
0.225 0.25 0 0 0 0 255
0.25 0.25 0 0 0 0 255
0.275 0.25 0 0 0 0 255
0.3 0.25 0 0 0 0 255
0.325 0.25 0 0 0 0 255
0.35 0.25 0 0 0 0 255
0.375 0.25 0 0 0 0 255
0.4 0.25 0 0 0 0 255
0.425 0.25 0 0 0 0 255
0.45 0.25 0 0 0 0 255
0.475 0.25 0 0 0 0 255
0.5 0.25 0 0 0 0 255
-0.5 0.225 0 0 0 0 255
-0.475 0.225 0 0 0 0 255
-0.45 0.225 0 0 0 0 255
-0.425 0.225 0 0 0 0 255
-0.4 0.225 0 0 0 0 255
-0.375 0.225 0 0 0 0 255
-0.35 0.225 0 0 0 0 255
-0.325 0.225 0 0 0 0 255
-0.3 0.225 0 0 0 0 255
-0.275 0.225 0 0 0 0 255
-0.25 0.225 0 0 0 0 255
-0.225 0.225 0 0 0 0 255
-0.2 0.225 0 0 0 0 255
-0.175 0.225 0 0 0 0 255
-0.15 0.225 0 0 0 0 255
-0.125 0.225 0 0 0 0 255
-0.1 0.225 0 0 0 0 255
-0.075 0.225 0 0 0 0 255
-0.05 0.225 0 0 0 0 255
-0.025 0.225 0 0 0 0 255
0 0.225 0 0 0 0 255
0.025 0.225 0 0 0 0 255
0.05 0.225 0 0 0 0 255
0.075 0.225 0 0 0 0 255
0.1 0.225 0 0 0 0 255
0.125 0.225 0 0 0 0 255
0.15 0.225 0 0 0 0 255
0.175 0.225 0 0 0 0 255
0.2 0.225 0 0 0 0 255
0.225 0.225 0 0 0 0 255
0.25 0.225 0 0 0 0 255
0.275 0.225 0 0 0 0 255
0.3 0.225 0 0 0 0 255
0.325 0.225 0 0 0 0 255
0.35 0.225 0 0 0 0 255
0.375 0.225 0 0 0 0 255
0.4 0.225 0 0 0 0 255
0.425 0.225 0 0 0 0 255
0.45 0.225 0 0 0 0 255
0.475 0.225 0 0 0 0 255
0.5 0.225 0 0 0 0 255
-0.5 0.2 0 0 0 0 255
-0.475 0.2 0 0 0 0 255
-0.45 0.2 0 0 0 0 255
-0.425 0.2 0 0 0 0 255
-0.4 0.2 0 0 0 0 255
-0.375 0.2 0 0 0 0 255
-0.35 0.2 0 0 0 0 255
-0.325 0.2 0 0 0 0 255
-0.3 0.2 0 0 0 0 255
-0.275 0.2 0 0 0 0 255
-0.25 0.2 0 0 0 0 255
-0.225 0.2 0 0 0 0 255
-0.2 0.2 0 0 0 0 255
-0.175 0.2 0 0 0 0 255
-0.15 0.2 0 0 0 0 255
-0.125 0.2 0 0 0 0 255
-0.1 0.2 0 0 0 0 255
-0.075 0.2 0 0 0 0 255
-0.05 0.2 0 0 0 0 255
-0.025 0.2 0 0 0 0 255
0 0.2 0 0 0 0 255
0.025 0.2 0 0 0 0 255
0.05 0.2 0 0 0 0 255
0.075 0.2 0 0 0 0 255
0.1 0.2 0 0 0 0 255
0.125 0.2 0 0 0 0 255
0.15 0.2 0 0 0 0 255
0.175 0.2 0 0 0 0 255
0.2 0.2 0 0 0 0 255
0.225 0.2 0 0 0 0 255
0.25 0.2 0 0 0 0 255
0.275 0.2 0 0 0 0 255
0.3 0.2 0 0 0 0 255
0.325 0.2 0 0 0 0 255
0.35 0.2 0 0 0 0 255
0.375 0.2 0 0 0 0 255
0.4 0.2 0 0 0 0 255
0.425 0.2 0 0 0 0 255
0.45 0.2 0 0 0 0 255
0.475 0.2 0 0 0 0 255
0.5 0.2 0 0 0 0 255
-0.5 0.175 0 0 0 0 255
-0.475 0.175 0 0 0 0 255
-0.45 0.175 0 0 0 0 255
-0.425 0.175 0 0 0 0 255
-0.4 0.175 0 0 0 0 255
-0.375 0.175 0 0 0 0 255
-0.35 0.175 0 0 0 0 255
-0.325 0.175 0 0 0 0 255
-0.3 0.175 0 0 0 0 255
-0.275 0.175 0 0 0 0 255
-0.25 0.175 0 0 0 0 255
-0.225 0.175 0 0 0 0 255
-0.2 0.175 0 0 0 0 255
-0.175 0.175 0 0 0 0 255
-0.15 0.175 0 0 0 0 255
-0.125 0.175 0 0 0 0 255
-0.1 0.175 0 0 0 0 255
-0.075 0.175 0 0 0 0 255
-0.05 0.175 0 0 0 0 255
-0.025 0.175 0 0 0 0 255
0 0.175 0 0 0 0 255
0.025 0.175 0 0 0 0 255
0.05 0.175 0 0 0 0 255
0.075 0.175 0 0 0 0 255
0.1 0.175 0 0 0 0 255
0.125 0.175 0 0 0 0 255
0.15 0.175 0 0 0 0 255
0.175 0.175 0 0 0 0 255
0.2 0.175 0 0 0 0 255
0.225 0.175 0 0 0 0 255
0.25 0.175 0 0 0 0 255
0.275 0.175 0 0 0 0 255
0.3 0.175 0 0 0 0 255
0.325 0.175 0 0 0 0 255
0.35 0.175 0 0 0 0 255
0.375 0.175 0 0 0 0 255
0.4 0.175 0 0 0 0 255
0.425 0.175 0 0 0 0 255
0.45 0.175 0 0 0 0 255
0.475 0.175 0 0 0 0 255
0.5 0.175 0 0 0 0 255
-0.5 0.15 0 0 0 0 255
-0.475 0.15 0 0 0 0 255
-0.45 0.15 0 0 0 0 255
-0.425 0.15 0 0 0 0 255
-0.4 0.15 0 0 0 0 255
-0.375 0.15 0 0 0 0 255
-0.35 0.15 0 0 0 0 255
-0.325 0.15 0 0 0 0 255
-0.3 0.15 0 0 0 0 255
-0.275 0.15 0 0 0 0 255
-0.25 0.15 0 0 0 0 255
-0.225 0.15 0 0 0 0 255
-0.2 0.15 0 0 0 0 255
-0.175 0.15 0 0 0 0 255
-0.15 0.15 0 0 0 0 255
-0.125 0.15 0 0 0 0 255
-0.1 0.15 0 0 0 0 255
-0.075 0.15 0 0 0 0 255
-0.05 0.15 0 0 0 0 255
-0.025 0.15 0 0 0 0 255
0 0.15 0 0 0 0 255
0.025 0.15 0 0 0 0 255
0.05 0.15 0 0 0 0 255
0.075 0.15 0 0 0 0 255
0.1 0.15 0 0 0 0 255
0.125 0.15 0 0 0 0 255
0.15 0.15 0 0 0 0 255
0.175 0.15 0 0 0 0 255
0.2 0.15 0 0 0 0 255
0.225 0.15 0 0 0 0 255
0.25 0.15 0 0 0 0 255
0.275 0.15 0 0 0 0 255
0.3 0.15 0 0 0 0 255
0.325 0.15 0 0 0 0 255
0.35 0.15 0 0 0 0 255
0.375 0.15 0 0 0 0 255
0.4 0.15 0 0 0 0 255
0.425 0.15 0 0 0 0 255
0.45 0.15 0 0 0 0 255
0.475 0.15 0 0 0 0 255
0.5 0.15 0 0 0 0 255
-0.5 0.125 0 0 0 0 255
-0.475 0.125 0 0 0 0 255
-0.45 0.125 0 0 0 0 255
-0.425 0.125 0 0 0 0 255
-0.4 0.125 0 0 0 0 255
-0.375 0.125 0 0 0 0 255
-0.35 0.125 0 0 0 0 255
-0.325 0.125 0 0 0 0 255
-0.3 0.125 0 0 0 0 255
-0.275 0.125 0 0 0 0 255
-0.25 0.125 0 0 0 0 255
-0.225 0.125 0 0 0 0 255
-0.2 0.125 0 0 0 0 255
-0.175 0.125 0 0 0 0 255
-0.15 0.125 0 0 0 0 255
-0.125 0.125 0 0 0 0 255
-0.1 0.125 0 0 0 0 255
-0.075 0.125 0 0 0 0 255
-0.05 0.125 0 0 0 0 255
-0.025 0.125 0 0 0 0 255
0 0.125 0 0 0 0 255
0.025 0.125 0 0 0 0 255
0.05 0.125 0 0 0 0 255
0.075 0.125 0 0 0 0 255
0.1 0.125 0 0 0 0 255
0.125 0.125 0 0 0 0 255
0.15 0.125 0 0 0 0 255
0.175 0.125 0 0 0 0 255
0.2 0.125 0 0 0 0 255
0.225 0.125 0 0 0 0 255
0.25 0.125 0 0 0 0 255
0.275 0.125 0 0 0 0 255
0.3 0.125 0 0 0 0 255
0.325 0.125 0 0 0 0 255
0.35 0.125 0 0 0 0 255
0.375 0.125 0 0 0 0 255
0.4 0.125 0 0 0 0 255
0.425 0.125 0 0 0 0 255
0.45 0.125 0 0 0 0 255
0.475 0.125 0 0 0 0 255
0.5 0.125 0 0 0 0 255
-0.5 0.1 0 0 0 0 255
-0.475 0.1 0 0 0 0 255
-0.45 0.1 0 0 0 0 255
-0.425 0.1 0 0 0 0 255
-0.4 0.1 0 0 0 0 255
-0.375 0.1 0 0 0 0 255
-0.35 0.1 0 0 0 0 255
-0.325 0.1 0 0 0 0 255
-0.3 0.1 0 0 0 0 255
-0.275 0.1 0 0 0 0 255
-0.25 0.1 0 0 0 0 255
-0.225 0.1 0 0 0 0 255
-0.2 0.1 0 0 0 0 255
-0.175 0.1 0 0 0 0 255
-0.15 0.1 0 0 0 0 255
-0.125 0.1 0 0 0 0 255
-0.1 0.1 0 0 0 0 255
-0.075 0.1 0 0 0 0 255
-0.05 0.1 0 0 0 0 255
-0.025 0.1 0 0 0 0 255
0 0.1 0 0 0 0 255
0.025 0.1 0 0 0 0 255
0.05 0.1 0 0 0 0 255
0.075 0.1 0 0 0 0 255
0.1 0.1 0 0 0 0 255
0.125 0.1 0 0 0 0 255
0.15 0.1 0 0 0 0 255
0.175 0.1 0 0 0 0 255
0.2 0.1 0 0 0 0 255
0.225 0.1 0 0 0 0 255
0.25 0.1 0 0 0 0 255
0.275 0.1 0 0 0 0 255
0.3 0.1 0 0 0 0 255
0.325 0.1 0 0 0 0 255
0.35 0.1 0 0 0 0 255
0.375 0.1 0 0 0 0 255
0.4 0.1 0 0 0 0 255
0.425 0.1 0 0 0 0 255
0.45 0.1 0 0 0 0 255
0.475 0.1 0 0 0 0 255
0.5 0.1 0 0 0 0 255
-0.5 0.075 0 0 0 0 255
-0.475 0.075 0 0 0 0 255
-0.45 0.075 0 0 0 0 255
-0.425 0.075 0 0 0 0 255
-0.4 0.075 0 0 0 0 255
-0.375 0.075 0 0 0 0 255
-0.35 0.075 0 0 0 0 255
-0.325 0.075 0 0 0 0 255
-0.3 0.075 0 0 0 0 255
-0.275 0.075 0 0 0 0 255
-0.25 0.075 0 0 0 0 255
-0.225 0.075 0 0 0 0 255
-0.2 0.075 0 0 0 0 255
-0.175 0.075 0 0 0 0 255
-0.15 0.075 0 0 0 0 255
-0.125 0.075 0 0 0 0 255
-0.1 0.075 0 0 0 0 255
-0.075 0.075 0 0 0 0 255
-0.05 0.075 0 0 0 0 255
-0.025 0.075 0 0 0 0 255
0 0.075 0 0 0 0 255
0.025 0.075 0 0 0 0 255
0.05 0.075 0 0 0 0 255
0.075 0.075 0 0 0 0 255
0.1 0.075 0 0 0 0 255
0.125 0.075 0 0 0 0 255
0.15 0.075 0 0 0 0 255
0.175 0.075 0 0 0 0 255
0.2 0.075 0 0 0 0 255
0.225 0.075 0 0 0 0 255
0.25 0.075 0 0 0 0 255
0.275 0.075 0 0 0 0 255
0.3 0.075 0 0 0 0 255
0.325 0.075 0 0 0 0 255
0.35 0.075 0 0 0 0 255
0.375 0.075 0 0 0 0 255
0.4 0.075 0 0 0 0 255
0.425 0.075 0 0 0 0 255
0.45 0.075 0 0 0 0 255
0.475 0.075 0 0 0 0 255
0.5 0.075 0 0 0 0 255
-0.5 0.05 0 0 0 0 255
-0.475 0.05 0 0 0 0 255
-0.45 0.05 0 0 0 0 255
-0.425 0.05 0 0 0 0 255
-0.4 0.05 0 0 0 0 255
-0.375 0.05 0 0 0 0 255
-0.35 0.05 0 0 0 0 255
-0.325 0.05 0 0 0 0 255
-0.3 0.05 0 0 0 0 255
-0.275 0.05 0 0 0 0 255
-0.25 0.05 0 0 0 0 255
-0.225 0.05 0 0 0 0 255
-0.2 0.05 0 0 0 0 255
-0.175 0.05 0 0 0 0 255
-0.15 0.05 0 0 0 0 255
-0.125 0.05 0 0 0 0 255
-0.1 0.05 0 0 0 0 255
-0.075 0.05 0 0 0 0 255
-0.05 0.05 0 0 0 0 255
-0.025 0.05 0 0 0 0 255
0 0.05 0 0 0 0 255
0.025 0.05 0 0 0 0 255
0.05 0.05 0 0 0 0 255
0.075 0.05 0 0 0 0 255
0.1 0.05 0 0 0 0 255
0.125 0.05 0 0 0 0 255
0.15 0.05 0 0 0 0 255
0.175 0.05 0 0 0 0 255
0.2 0.05 0 0 0 0 255
0.225 0.05 0 0 0 0 255
0.25 0.05 0 0 0 0 255
0.275 0.05 0 0 0 0 255
0.3 0.05 0 0 0 0 255
0.325 0.05 0 0 0 0 255
0.35 0.05 0 0 0 0 255
0.375 0.05 0 0 0 0 255
0.4 0.05 0 0 0 0 255
0.425 0.05 0 0 0 0 255
0.45 0.05 0 0 0 0 255
0.475 0.05 0 0 0 0 255
0.5 0.05 0 0 0 0 255
-0.5 0.025 0 0 0 0 255
-0.475 0.025 0 0 0 0 255
-0.45 0.025 0 0 0 0 255
-0.425 0.025 0 0 0 0 255
-0.4 0.025 0 0 0 0 255
-0.375 0.025 0 0 0 0 255
-0.35 0.025 0 0 0 0 255
-0.325 0.025 0 0 0 0 255
-0.3 0.025 0 0 0 0 255
-0.275 0.025 0 0 0 0 255
-0.25 0.025 0 0 0 0 255
-0.225 0.025 0 0 0 0 255
-0.2 0.025 0 0 0 0 255
-0.175 0.025 0 0 0 0 255
-0.15 0.025 0 0 0 0 255
-0.125 0.025 0 0 0 0 255
-0.1 0.025 0 0 0 0 255
-0.075 0.025 0 0 0 0 255
-0.05 0.025 0 0 0 0 255
-0.025 0.025 0 0 0 0 255
0 0.025 0 0 0 0 255
0.025 0.025 0 0 0 0 255
0.05 0.025 0 0 0 0 255
0.075 0.025 0 0 0 0 255
0.1 0.025 0 0 0 0 255
0.125 0.025 0 0 0 0 255
0.15 0.025 0 0 0 0 255
0.175 0.025 0 0 0 0 255
0.2 0.025 0 0 0 0 255
0.225 0.025 0 0 0 0 255
0.25 0.025 0 0 0 0 255
0.275 0.025 0 0 0 0 255
0.3 0.025 0 0 0 0 255
0.325 0.025 0 0 0 0 255
0.35 0.025 0 0 0 0 255
0.375 0.025 0 0 0 0 255
0.4 0.025 0 0 0 0 255
0.425 0.025 0 0 0 0 255
0.45 0.025 0 0 0 0 255
0.475 0.025 0 0 0 0 255
0.5 0.025 0 0 0 0 255
-0.5 0 0 0 0 0 255
-0.475 0 0 0 0 0 255
-0.45 0 0 0 0 0 255
-0.425 0 0 0 0 0 255
-0.4 0 0 0 0 0 255
-0.375 0 0 0 0 0 255
-0.35 0 0 0 0 0 255
-0.325 0 0 0 0 0 255
-0.3 0 0 0 0 0 255
-0.275 0 0 0 0 0 255
-0.25 0 0 0 0 0 255
-0.225 0 0 0 0 0 255
-0.2 0 0 0 0 0 255
-0.175 0 0 0 0 0 255
-0.15 0 0 0 0 0 255
-0.125 0 0 0 0 0 255
-0.1 0 0 0 0 0 255
-0.075 0 0 0 0 0 255
-0.05 0 0 0 0 0 255
-0.025 0 0 0 0 0 255
0 0 0 0 0 0 255
0.025 0 0 0 0 0 255
0.05 0 0 0 0 0 255
0.075 0 0 0 0 0 255
0.1 0 0 0 0 0 255
0.125 0 0 0 0 0 255
0.15 0 0 0 0 0 255
0.175 0 0 0 0 0 255
0.2 0 0 0 0 0 255
0.225 0 0 0 0 0 255
0.25 0 0 0 0 0 255
0.275 0 0 0 0 0 255
0.3 0 0 0 0 0 255
0.325 0 0 0 0 0 255
0.35 0 0 0 0 0 255
0.375 0 0 0 0 0 255
0.4 0 0 0 0 0 255
0.425 0 0 0 0 0 255
0.45 0 0 0 0 0 255
0.475 0 0 0 0 0 255
0.5 0 0 0 0 0 255
