-0.5 1 -20.3496 10.3773 0 0 255
-0.475 1 -20.849 10.0412 0 0 255
-0.45 1 -21.3779 9.68618 0 0 255
-0.425 1 -21.935 9.31336 0 0 255
-0.4 1 -22.5178 8.92461 0 0 255
-0.375 1 -23.1223 8.5228 0 0 255
-0.35 1 -23.7426 8.11206 0 0 255
-0.325 1 -24.3708 7.69791 0 0 255
-0.3 1 -24.9963 7.28744 0 0 255
-0.275 1 -25.6063 6.88939 0 0 255
-0.25 1 -26.1852 6.51394 0 0 255
-0.225 1 -26.7156 6.17239 0 0 255
-0.2 1 -27.1792 5.87642 0 0 255
-0.175 1 -27.5582 5.63697 0 0 255
-0.15 1 -27.8371 5.46293 0 0 255
-0.125 1 -28.0038 5.36058 0 0 255
-0.1 1 -30.2914 2.68485 0 0 255
-0.075 1 -32.4482 0.2642 0 0 255
-0.05 1 -34.2847 -1.83506 0 0 255
-0.025 1 -35.6699 -3.5449 0 0 255
0 1 -36.888 -5.01455 0 0 255
0.025 1 -38.1879 -6.37316 0 0 255
0.05 1 -40.0526 -7.5866 0 0 255
0.075 1 -83.3488 -8.68478 0 0 255
0.1 1 -82.3859 -8.64896 0 0 255
0.125 1 -80.8918 -8.59448 0 0 255
0.15 1 -78.967 -8.52517 0 0 255
0.175 1 -76.6904 -8.43691 0 0 255
0.2 1 -74.1328 -8.31634 0 0 255
0.225 1 -71.3615 -8.14219 0 0 255
0.25 1 -68.4416 -7.8886 0 0 255
0.275 1 -65.4365 -7.52953 0 0 255
0.3 1 -62.4064 -7.0429 0 0 255
0.325 1 -59.4072 -6.41383 0 0 255
0.35 1 -56.488 -5.63645 0 0 255
0.375 1 -53.6896 -4.71407 0 0 255
0.4 1 -51.0433 -3.65813 0 0 255
0.425 1 -48.571 -2.48632 0 0 255
0.45 1 -46.2853 -1.2203 0 0 255
0.475 1 -44.1911 0.116541 0 0 255
0.5 1 -42.2865 1.50088 0 0 255
-0.5 0.975 -19.8502 10.7134 0 0 255
-0.475 0.975 -20.3492 10.3766 0 0 255
-0.45 0.975 -20.8822 10.0179 0 0 255
-0.425 0.975 -21.4489 9.63763 0 0 255
-0.4 0.975 -22.0474 9.23727 0 0 255
-0.375 0.975 -22.6746 8.81923 0 0 255
-0.35 0.975 -23.3251 8.38728 0 0 255
-0.325 0.975 -23.9913 7.94689 0 0 255
-0.3 0.975 -24.6623 7.5054 0 0 255
-0.275 0.975 -25.3243 7.07228 0 0 255
-0.25 0.975 -25.9598 6.65906 0 0 255
-0.225 0.975 -26.5486 6.27904 0 0 255
-0.2 0.975 -27.0683 5.94647 0 0 255
-0.175 0.975 -27.4968 5.67524 0 0 255
-0.15 0.975 -27.814 5.47713 0 0 255
-0.125 0.975 -28.0038 5.36058 0 0 255
-0.1 0.975 -30.2914 2.68485 0 0 255
-0.075 0.975 -32.4482 0.2642 0 0 255
-0.05 0.975 -34.2847 -1.83506 0 0 255
-0.025 0.975 -35.6699 -3.5449 0 0 255
0 0.975 -36.888 -5.01455 0 0 255
0.025 0.975 -38.1879 -6.37316 0 0 255
0.05 0.975 -40.0526 -7.5866 0 0 255
0.075 0.975 -83.3488 -8.68478 0 0 255
0.1 0.975 -82.2523 -8.64399 0 0 255
0.125 0.975 -80.5633 -8.5825 0 0 255
0.15 0.975 -78.4046 -8.50491 0 0 255
0.175 0.975 -75.873 -8.40522 0 0 255
0.2 0.975 -73.0542 -8.2655 0 0 255
0.225 0.975 -70.0288 -8.05843 0 0 255
0.25 0.975 -66.8737 -7.75242 0 0 255
0.275 0.975 -63.6624 -7.31755 0 0 255
0.3 0.975 -60.4634 -6.73084 0 0 255
0.325 0.975 -57.3376 -5.97974 0 0 255
0.35 0.975 -54.3362 -5.06343 0 0 255
0.375 0.975 -51.4992 -3.99208 0 0 255
0.4 0.975 -48.8542 -2.78458 0 0 255
0.425 0.975 -46.4176 -1.46567 0 0 255
0.45 0.975 -44.1957 -0.0628489 0 0 255
0.475 0.975 -42.1865 1.39612 0 0 255
0.5 0.975 -40.3819 2.88522 0 0 255
-0.5 0.95 -19.3222 11.0698 0 0 255
-0.475 0.95 -19.8161 10.7354 0 0 255
-0.45 0.95 -20.3487 10.3759 0 0 255
-0.425 0.95 -20.9204 9.99108 0 0 255
-0.4 0.95 -21.5307 9.58163 0 0 255
-0.375 0.95 -22.1775 9.1493 0 0 255
-0.35 0.95 -22.8562 8.69729 0 0 255
-0.325 0.95 -23.5599 8.2307 0 0 255
-0.3 0.95 -24.278 7.7569 0 0 255
-0.275 0.95 -24.9957 7.28593 0 0 255
-0.25 0.95 -25.694 6.83064 0 0 255
-0.225 0.95 -26.3493 6.40655 0 0 255
-0.2 0.95 -26.9348 6.03103 0 0 255
-0.175 0.95 -27.4223 5.72177 0 0 255
-0.15 0.95 -27.7858 5.49443 0 0 255
-0.125 0.95 -28.0038 5.36058 0 0 255
-0.1 0.95 -30.2914 2.68485 0 0 255
-0.075 0.95 -32.4482 0.2642 0 0 255
-0.05 0.95 -34.2847 -1.83506 0 0 255
-0.025 0.95 -35.6699 -3.5449 0 0 255
0 0.95 -36.888 -5.01455 0 0 255
0.025 0.95 -38.1879 -6.37316 0 0 255
0.05 0.95 -40.0526 -7.5866 0 0 255
0.075 0.95 -83.3488 -8.68478 0 0 255
0.1 0.95 -82.0895 -8.63794 0 0 255
0.125 0.95 -80.1666 -8.56806 0 0 255
0.15 0.95 -77.7326 -8.48076 0 0 255
0.175 0.95 -74.9066 -8.36717 0 0 255
0.2 0.95 -71.7932 -8.203 0 0 255
0.225 0.95 -68.4889 -7.95304 0 0 255
0.25 0.95 -65.0844 -7.57889 0 0 255
0.275 0.95 -61.6646 -7.04701 0 0 255
0.3 0.95 -58.3058 -6.33513 0 0 255
0.325 0.95 -55.0729 -5.43557 0 0 255
0.35 0.95 -52.017 -4.35538 0 0 255
0.375 0.95 -49.1741 -3.11406 0 0 255
0.4 0.95 -46.5653 -1.73967 0 0 255
0.425 0.95 -44.1991 -0.264771 0 0 255
0.45 0.95 -42.0731 1.27729 0 0 255
0.475 0.95 -40.1773 2.8551 0 0 255
0.5 0.95 -38.4965 4.44095 0 0 255
-0.5 0.925 -18.767 11.4456 0 0 255
-0.475 0.925 -19.2505 11.1172 0 0 255
-0.45 0.925 -19.777 10.7607 0 0 255
-0.425 0.925 -20.3482 10.375 0 0 255
-0.4 0.925 -20.9649 9.95994 0 0 255
-0.375 0.925 -21.6263 9.5163 0 0 255
-0.35 0.925 -22.3297 9.0464 0 0 255
-0.325 0.925 -23.0691 8.5546 0 0 255
-0.3 0.925 -23.8345 8.04792 0 0 255
-0.275 0.925 -24.6112 7.53666 0 0 255
-0.25 0.925 -25.3784 7.03484 0 0 255
-0.225 0.925 -26.1095 6.56033 0 0 255
-0.2 0.925 -26.7721 6.13421 0 0 255
-0.175 0.925 -27.3308 5.77904 0 0 255
-0.15 0.925 -27.751 5.51581 0 0 255
-0.125 0.925 -28.0038 5.36058 0 0 255
-0.1 0.925 -30.2914 2.68485 0 0 255
-0.075 0.925 -32.4482 0.2642 0 0 255
-0.05 0.925 -34.2847 -1.83506 0 0 255
-0.025 0.925 -35.6699 -3.5449 0 0 255
0 0.925 -36.888 -5.01455 0 0 255
0.025 0.925 -38.1879 -6.37316 0 0 255
0.05 0.925 -40.0526 -7.5866 0 0 255
0.075 0.925 -83.3488 -8.68478 0 0 255
0.1 0.925 -81.8883 -8.63045 0 0 255
0.125 0.925 -79.6822 -8.55046 0 0 255
0.15 0.925 -76.922 -8.45168 0 0 255
0.175 0.925 -73.7559 -8.32092 0 0 255
0.2 0.925 -70.3113 -8.12486 0 0 255
0.225 0.925 -66.7041 -7.81803 0 0 255
0.25 0.925 -63.041 -7.3543 0 0 255
0.275 0.925 -59.4183 -6.69765 0 0 255
0.3 0.925 -55.9194 -5.82935 0 0 255
0.325 0.925 -52.6103 -4.75033 0 0 255
0.35 0.925 -49.5382 -3.47919 0 0 255
0.375 0.925 -46.7312 -2.04745 0 0 255
0.4 0.925 -44.2005 -0.493774 0 0 255
0.425 0.925 -41.9433 1.14129 0 0 255
0.45 0.925 -39.9471 2.81935 0 0 255
0.475 0.925 -38.1929 4.5067 0 0 255
0.5 0.925 -36.6581 6.17558 0 0 255
-0.5 0.9 -18.1872 11.8393 0 0 255
-0.475 0.9 -18.6542 11.5211 0 0 255
-0.45 0.9 -19.1678 11.172 0 0 255
-0.425 0.9 -19.7315 10.7901 0 0 255
-0.4 0.9 -20.3475 10.374 0 0 255
-0.375 0.9 -21.0171 9.92329 0 0 255
-0.35 0.9 -21.7394 9.43903 0 0 255
-0.325 0.9 -22.5104 8.92438 0 0 255
-0.3 0.9 -23.3218 8.38542 0 0 255
-0.275 0.9 -24.1593 7.83218 0 0 255
-0.25 0.9 -25.0015 7.27947 0 0 255
-0.225 0.9 -25.8185 6.74749 0 0 255
-0.2 0.9 -26.5718 6.26158 0 0 255
-0.175 0.9 -27.2166 5.85052 0 0 255
-0.15 0.9 -27.7073 5.54263 0 0 255
-0.125 0.9 -28.0038 5.36058 0 0 255
-0.1 0.9 -30.2914 2.68485 0 0 255
-0.075 0.9 -32.4482 0.2642 0 0 255
-0.05 0.9 -34.2847 -1.83506 0 0 255
-0.025 0.9 -35.6699 -3.5449 0 0 255
0 0.9 -36.888 -5.01455 0 0 255
0.025 0.9 -38.1879 -6.37316 0 0 255
0.05 0.9 -40.0526 -7.5866 0 0 255
0.075 0.9 -83.3488 -8.68478 0 0 255
0.1 0.9 -81.636 -8.62107 0 0 255
0.125 0.9 -79.0831 -8.52874 0 0 255
0.15 0.9 -75.9344 -8.41634 0 0 255
0.175 0.9 -72.3751 -8.26389 0 0 255
0.2 0.9 -68.5611 -8.02523 0 0 255
0.225 0.9 -64.6309 -7.64169 0 0 255
0.25 0.9 -60.7085 -7.05903 0 0 255
0.275 0.9 -56.9014 -6.24141 0 0 255
0.3 0.9 -53.2965 -5.17844 0 0 255
0.325 0.9 -49.9563 -3.88493 0 0 255
0.35 0.9 -46.9187 -2.39533 0 0 255
0.375 0.9 -44.1987 -0.755705 0 0 255
0.4 0.9 -41.7932 0.984064 0 0 255
0.425 0.9 -39.6861 2.77635 0 0 255
0.45 0.9 -37.8532 4.57956 0 0 255
0.475 0.9 -36.2662 6.35989 0 0 255
0.5 0.9 -34.8961 8.09159 0 0 255
-0.5 0.875 -17.5872 12.2482 0 0 255
-0.475 0.875 -18.0306 11.9449 0 0 255
-0.45 0.875 -18.5237 11.6085 0 0 255
-0.425 0.875 -19.0714 11.2359 0 0 255
-0.4 0.875 -19.6779 10.8247 0 0 255
-0.375 0.875 -20.3468 10.3727 0 0 255
-0.35 0.875 -21.0797 9.87946 0 0 255
-0.325 0.875 -21.8754 9.34617 0 0 255
-0.3 0.875 -22.7285 8.77732 0 0 255
-0.275 0.875 -23.6265 8.18182 0 0 255
-0.25 0.875 -24.5485 7.57449 0 0 255
-0.225 0.875 -25.4619 6.9775 0 0 255
-0.2 0.875 -26.3219 6.42087 0 0 255
-0.175 0.875 -27.0722 5.94116 0 0 255
-0.15 0.875 -27.6515 5.57688 0 0 255
-0.125 0.875 -28.0038 5.36058 0 0 255
-0.1 0.875 -30.2914 2.68485 0 0 255
-0.075 0.875 -32.4482 0.2642 0 0 255
-0.05 0.875 -34.2847 -1.83506 0 0 255
-0.025 0.875 -35.6699 -3.5449 0 0 255
0 0.875 -36.888 -5.01455 0 0 255
0.025 0.875 -38.1879 -6.37316 0 0 255
0.05 0.875 -40.0526 -7.5866 0 0 255
0.075 0.875 -83.3488 -8.68478 0 0 255
0.1 0.875 -81.3138 -8.60908 0 0 255
0.125 0.875 -78.3315 -8.50156 0 0 255
0.15 0.875 -74.7178 -8.37291 0 0 255
0.175 0.875 -70.7055 -8.19238 0 0 255
0.2 0.875 -66.485 -7.89533 0 0 255
0.225 0.875 -62.2204 -7.40645 0 0 255
0.25 0.875 -58.0532 -6.6646 0 0 255
0.275 0.875 -54.0986 -5.63948 0 0 255
0.3 0.875 -50.441 -4.33646 0 0 255
0.325 0.875 -47.1319 -2.79112 0 0 255
0.35 0.875 -44.192 -1.05821 0 0 255
0.375 0.875 -41.6177 0.800146 0 0 255
0.4 0.875 -39.3877 2.72383 0 0 255
0.425 0.875 -37.4709 4.66061 0 0 255
0.45 0.875 -35.8312 6.56874 0 0 255
0.475 0.875 -34.4324 8.41723 0 0 255
0.5 0.875 -33.2398 10.1849 0 0 255
-0.5 0.85 -16.9728 12.6685 0 0 255
-0.475 0.85 -17.3852 12.3852 0 0 255
-0.45 0.85 -17.8492 12.0673 0 0 255
-0.425 0.85 -18.3711 11.7108 0 0 255
-0.4 0.85 -18.9573 11.3116 0 0 255
-0.375 0.85 -19.6139 10.866 0 0 255
-0.35 0.85 -20.3458 10.3712 0 0 255
-0.325 0.85 -21.1558 9.82607 0 0 255
-0.3 0.85 -22.0423 9.23234 0 0 255
-0.275 0.85 -22.9968 8.59664 0 0 255
-0.25 0.85 -24.0007 7.93251 0 0 255
-0.225 0.85 -25.0207 7.26305 0 0 255
-0.2 0.85 -26.0058 6.62293 0 0 255
-0.175 0.85 -26.8861 6.05821 0 0 255
-0.15 0.85 -27.5789 5.6215 0 0 255
-0.125 0.85 -28.0038 5.36058 0 0 255
-0.1 0.85 -30.2914 2.68485 0 0 255
-0.075 0.85 -32.4482 0.2642 0 0 255
-0.05 0.85 -34.2847 -1.83506 0 0 255
-0.025 0.85 -35.6699 -3.5449 0 0 255
0 0.85 -36.888 -5.01455 0 0 255
0.025 0.85 -38.1879 -6.37316 0 0 255
0.05 0.85 -40.0526 -7.5866 0 0 255
0.075 0.85 -83.3488 -8.68478 0 0 255
0.1 0.85 -80.8939 -8.59346 0 0 255
0.125 0.85 -77.3733 -8.46701 0 0 255
0.15 0.85 -73.2016 -8.31893 0 0 255
0.175 0.85 -68.6718 -8.10087 0 0 255
0.2 0.85 -64.0147 -7.72146 0 0 255
0.225 0.85 -59.4216 -7.0856 0 0 255
0.25 0.85 -55.0479 -6.1296 0 0 255
0.275 0.85 -51.0089 -4.83855 0 0 255
0.3 0.85 -47.3757 -3.24442 0 0 255
0.325 0.85 -44.1775 -1.41144 0 0 255
0.35 0.85 -41.4094 0.581997 0 0 255
0.375 0.85 -39.0433 2.6585 0 0 255
0.4 0.85 -37.0377 4.7511 0 0 255
0.425 0.85 -35.3463 6.8073 0 0 255
0.45 0.85 -33.923 8.78942 0 0 255
0.475 0.85 -32.7255 10.6728 0 0 255
0.5 0.85 -31.7163 12.4431 0 0 255
-0.5 0.825 -16.3522 13.0948 0 0 255
-0.475 0.825 -16.7261 12.8368 0 0 255
-0.45 0.825 -17.1517 12.5438 0 0 255
-0.425 0.825 -17.6369 12.2108 0 0 255
-0.4 0.825 -18.19 11.8322 0 0 255
-0.375 0.825 -18.8201 11.4026 0 0 255
-0.35 0.825 -19.5358 10.9164 0 0 255
-0.325 0.825 -20.3446 10.3693 0 0 255
-0.3 0.825 -21.2507 9.75948 0 0 255
-0.275 0.825 -22.252 9.08939 0 0 255
-0.25 0.825 -23.3352 8.36931 0 0 255
-0.225 0.825 -24.4696 7.62121 0 0 255
-0.2 0.825 -25.6 6.88328 0 0 255
-0.175 0.825 -26.6412 6.21253 0 0 255
-0.15 0.825 -27.4818 5.68111 0 0 255
-0.125 0.825 -28.0038 5.36058 0 0 255
-0.1 0.825 -30.2914 2.68485 0 0 255
-0.075 0.825 -32.4482 0.2642 0 0 255
-0.05 0.825 -34.2847 -1.83506 0 0 255
-0.025 0.825 -35.6699 -3.5449 0 0 255
0 0.825 -36.888 -5.01455 0 0 255
0.025 0.825 -38.1879 -6.37316 0 0 255
0.05 0.825 -40.0526 -7.5866 0 0 255
0.075 0.825 -83.3488 -8.68478 0 0 255
0.1 0.825 -80.3331 -8.5726 0 0 255
0.125 0.825 -76.1292 -8.42232 0 0 255
0.15 0.825 -71.2884 -8.25102 0 0 255
0.175 0.825 -66.1781 -7.98083 0 0 255
0.2 0.825 -61.0728 -7.48178 0 0 255
0.225 0.825 -56.1876 -6.63791 0 0 255
0.25 0.825 -51.6821 -5.3939 0 0 255
0.275 0.825 -47.6558 -3.76676 0 0 255
0.3 0.825 -44.1502 -1.82914 0 0 255
0.325 0.825 -41.1583 0.318927 0 0 255
0.35 0.825 -38.6414 2.57543 0 0 255
0.375 0.825 -36.5434 4.85236 0 0 255
0.4 0.825 -34.8034 7.08232 0 0 255
0.425 0.825 -33.3626 9.21878 0 0 255
0.45 0.825 -32.1683 11.233 0 0 255
0.475 0.825 -31.1757 13.1101 0 0 255
0.5 0.825 -30.3473 14.8448 0 0 255
-0.5 0.8 -15.736 13.5202 0 0 255
-0.475 0.8 -16.064 13.2926 0 0 255
-0.45 0.8 -16.442 13.0309 0 0 255
-0.425 0.8 -16.8789 12.7294 0 0 255
-0.4 0.8 -17.3849 12.3812 0 0 255
-0.375 0.8 -17.9717 11.9789 0 0 255
-0.35 0.8 -18.6519 11.5142 0 0 255
-0.325 0.8 -19.4385 10.9792 0 0 255
-0.3 0.8 -20.3431 10.3669 0 0 255
-0.275 0.8 -21.3727 9.67396 0 0 255
-0.25 0.8 -22.524 8.90422 0 0 255
-0.225 0.8 -23.7746 8.07489 0 0 255
-0.2 0.8 -25.0703 7.22448 0 0 255
-0.175 0.8 -26.3115 6.42101 0 0 255
-0.15 0.8 -27.3483 5.76311 0 0 255
-0.125 0.8 -28.0038 5.36058 0 0 255
-0.1 0.8 -30.2914 2.68485 0 0 255
-0.075 0.8 -32.4482 0.2642 0 0 255
-0.05 0.8 -34.2847 -1.83506 0 0 255
-0.025 0.8 -35.6699 -3.5449 0 0 255
0 0.8 -36.888 -5.01455 0 0 255
0.025 0.8 -38.1879 -6.37316 0 0 255
0.05 0.8 -40.0526 -7.5866 0 0 255
0.075 0.8 -83.3488 -8.68478 0 0 255
0.1 0.8 -79.5616 -8.54391 0 0 255
0.125 0.8 -74.48 -8.36336 0 0 255
0.15 0.8 -68.844 -8.16453 0 0 255
0.175 0.8 -63.1061 -7.8184 0 0 255
0.2 0.8 -57.5801 -7.14036 0 0 255
0.225 0.8 -52.4905 -5.99927 0 0 255
0.25 0.8 -47.9782 -4.37123 0 0 255
0.275 0.8 -44.1013 -2.33025 0 0 255
0.3 0.8 -40.8493 -0.00475759 0 0 255
0.325 0.8 -38.1665 2.467 0 0 255
0.35 0.8 -35.9752 4.96575 0 0 255
0.375 0.8 -34.1936 7.40269 0 0 255
0.4 0.8 -32.7457 9.71942 0 0 255
0.425 0.8 -31.5661 11.8826 0 0 255
0.45 0.8 -30.6006 13.8772 0 0 255
0.475 0.8 -29.8057 15.7009 0 0 255
0.5 0.8 -29.1468 17.3588 0 0 255
-0.5 0.775 -15.137 13.9358 0 0 255
-0.475 0.775 -15.4129 13.7432 0 0 255
-0.45 0.775 -15.7349 13.5189 0 0 255
-0.425 0.775 -16.1123 13.2568 0 0 255
-0.4 0.775 -16.5566 12.9492 0 0 255
-0.375 0.775 -17.0815 12.587 0 0 255
-0.35 0.775 -17.7033 12.1595 0 0 255
-0.325 0.775 -18.4406 11.6547 0 0 255
-0.3 0.775 -19.3135 11.0599 0 0 255
-0.275 0.775 -20.3411 10.3637 0 0 255
-0.25 0.775 -21.5356 9.55971 0 0 255
-0.225 0.775 -22.8916 8.65444 0 0 255
-0.2 0.775 -24.367 7.67977 0 0 255
-0.175 0.775 -25.8548 6.71078 0 0 255
-0.15 0.775 -27.1578 5.88007 0 0 255
-0.125 0.775 -28.0038 5.36058 0 0 255
-0.1 0.775 -30.2914 2.68485 0 0 255
-0.075 0.775 -32.4482 0.2642 0 0 255
-0.05 0.775 -34.2847 -1.83506 0 0 255
-0.025 0.775 -35.6699 -3.5449 0 0 255
0 0.775 -36.888 -5.01455 0 0 255
0.025 0.775 -38.1879 -6.37316 0 0 255
0.05 0.775 -40.0526 -7.5866 0 0 255
0.075 0.775 -83.3488 -8.68478 0 0 255
0.1 0.775 -78.4612 -8.50298 0 0 255
0.125 0.775 -72.2418 -8.28384 0 0 255
0.15 0.775 -65.6842 -8.05305 0 0 255
0.175 0.775 -59.3194 -7.58998 0 0 255
0.2 0.775 -53.4744 -6.6366 0 0 255
0.225 0.775 -48.3463 -5.07014 0 0 255
0.25 0.775 -44.0146 -2.94119 0 0 255
0.275 0.775 -40.4596 -0.413052 0 0 255
0.3 0.775 -37.5974 2.32073 0 0 255
0.325 0.775 -35.3171 5.09216 0 0 255
0.35 0.775 -33.507 7.7803 0 0 255
0.375 0.775 -32.0678 10.3104 0 0 255
0.4 0.775 -30.9178 12.6442 0 0 255
0.425 0.775 -29.9925 14.7682 0 0 255
0.45 0.775 -29.2417 16.6847 0 0 255
0.475 0.775 -28.6271 18.4048 0 0 255
0.5 0.775 -28.1195 19.9441 0 0 255
-0.5 0.75 -14.5706 14.3312 0 0 255
-0.475 0.75 -14.7902 14.1768 0 0 255
-0.45 0.75 -15.0496 13.9949 0 0 255
-0.425 0.75 -15.3579 13.7792 0 0 255
-0.4 0.75 -15.7268 13.5218 0 0 255
-0.375 0.75 -16.1712 13.2129 0 0 255
-0.35 0.75 -16.7096 12.8398 0 0 255
-0.325 0.75 -17.3653 12.3873 0 0 255
-0.3 0.75 -18.1668 11.8369 0 0 255
-0.275 0.75 -19.1466 11.1676 0 0 255
-0.25 0.75 -20.3382 10.359 0 0 255
-0.225 0.75 -21.7652 9.3986 0 0 255
-0.2 0.75 -23.4171 8.29843 0 0 255
-0.175 0.75 -25.2015 7.1273 0 0 255
-0.15 0.75 -26.8733 6.05476 0 0 255
-0.125 0.75 -28.0038 5.36058 0 0 255
-0.1 0.75 -30.2914 2.68485 0 0 255
-0.075 0.75 -32.4482 0.2642 0 0 255
-0.05 0.75 -34.2847 -1.83506 0 0 255
-0.025 0.75 -35.6699 -3.5449 0 0 255
0 0.75 -36.888 -5.01455 0 0 255
0.025 0.75 -38.1879 -6.37316 0 0 255
0.05 0.75 -40.0526 -7.5866 0 0 255
0.075 0.75 -83.3488 -8.68478 0 0 255
0.1 0.75 -76.8175 -8.44184 0 0 255
0.125 0.75 -69.1234 -8.17396 0 0 255
0.15 0.75 -61.5651 -7.90809 0 0 255
0.175 0.75 -54.6873 -7.25296 0 0 255
0.2 0.75 -48.7537 -5.86661 0 0 255
0.225 0.75 -43.8573 -3.6989 0 0 255
0.25 0.75 -39.9521 -0.944549 0 0 255
0.275 0.75 -36.9045 2.11508 0 0 255
0.3 0.75 -34.5504 5.23103 0 0 255
0.325 0.75 -32.7343 8.23136 0 0 255
0.35 0.75 -31.3265 11.0184 0 0 255
0.375 0.75 -30.2257 13.5488 0 0 255
0.4 0.75 -29.3558 15.8142 0 0 255
0.425 0.75 -28.6606 17.8252 0 0 255
0.45 0.75 -28.0986 19.6024 0 0 255
0.475 0.75 -27.6392 21.1697 0 0 255
0.5 0.75 -27.2596 22.5516 0 0 255
-0.5 0.725 -14.0538 14.6945 0 0 255
-0.475 0.725 -14.2157 14.5797 0 0 255
-0.45 0.725 -14.4092 14.4429 0 0 255
-0.425 0.725 -14.6423 14.2784 0 0 255
-0.4 0.725 -14.9256 14.079 0 0 255
-0.375 0.725 -15.2734 13.8349 0 0 255
-0.35 0.725 -15.7046 13.5333 0 0 255
-0.325 0.725 -16.2445 13.1572 0 0 255
-0.3 0.725 -16.927 12.6837 0 0 255
-0.275 0.725 -17.7971 12.0833 0 0 255
-0.25 0.725 -18.9112 11.3195 0 0 255
-0.225 0.725 -20.3337 10.3519 0 0 255
-0.2 0.725 -22.1158 9.15246 0 0 255
-0.175 0.725 -24.2308 7.75005 0 0 255
-0.15 0.725 -26.4218 6.33201 0 0 255
-0.125 0.725 -28.0038 5.36058 0 0 255
-0.1 0.725 -30.2914 2.68485 0 0 255
-0.075 0.725 -32.4482 0.2642 0 0 255
-0.05 0.725 -34.2847 -1.83506 0 0 255
-0.025 0.725 -35.6699 -3.5449 0 0 255
0 0.725 -36.888 -5.01455 0 0 255
0.025 0.725 -38.1879 -6.37316 0 0 255
0.05 0.725 -40.0526 -7.5866 0 0 255
0.075 0.725 -83.3488 -8.68478 0 0 255
0.1 0.725 -74.209 -8.34481 0 0 255
0.125 0.725 -64.656 -8.01843 0 0 255
0.15 0.725 -56.197 -7.71925 0 0 255
0.175 0.725 -49.156 -6.7261 0 0 255
0.2 0.725 -43.5564 -4.65228 0 0 255
0.225 0.725 -39.2639 -1.66532 0 0 255
0.25 0.725 -36.0469 1.8098 0 0 255
0.275 0.725 -33.6549 5.37747 0 0 255
0.3 0.725 -31.8704 8.7784 0 0 255
0.325 0.725 -30.5252 11.8811 0 0 255
0.35 0.725 -29.497 14.6399 0 0 255
0.375 0.725 -28.6993 17.0577 0 0 255
0.4 0.725 -28.0709 19.1606 0 0 255
0.425 0.725 -27.5688 20.9836 0 0 255
0.45 0.725 -27.1623 22.5632 0 0 255
0.475 0.725 -26.829 23.9334 0 0 255
0.5 0.725 -26.5528 25.1248 0 0 255
-0.5 0.7 -13.6043 15.0131 0 0 255
-0.475 0.7 -13.7111 14.9366 0 0 255
-0.45 0.7 -13.84 14.8445 0 0 255
-0.425 0.7 -13.9971 14.7325 0 0 255
-0.4 0.7 -14.1909 14.5946 0 0 255
-0.375 0.7 -14.433 14.4227 0 0 255
-0.35 0.7 -14.7396 14.2057 0 0 255
-0.325 0.7 -15.1342 13.9273 0 0 255
-0.3 0.7 -15.6504 13.5646 0 0 255
-0.275 0.7 -16.3378 13.0839 0 0 255
-0.25 0.7 -17.2695 12.4361 0 0 255
-0.225 0.7 -18.5516 11.5514 0 0 255
-0.2 0.7 -20.3259 10.3394 0 0 255
-0.175 0.7 -22.7265 8.72363 0 0 255
-0.15 0.7 -25.6418 6.81098 0 0 255
-0.125 0.7 -28.0038 5.36058 0 0 255
-0.1 0.7 -30.2914 2.68485 0 0 255
-0.075 0.7 -32.4482 0.2642 0 0 255
-0.05 0.7 -34.2847 -1.83506 0 0 255
-0.025 0.7 -35.6699 -3.5449 0 0 255
0 0.7 -36.888 -5.01455 0 0 255
0.025 0.7 -38.1879 -6.37316 0 0 255
0.05 0.7 -40.0526 -7.5866 0 0 255
0.075 0.7 -83.3488 -8.68478 0 0 255
0.1 0.7 -69.7024 -8.17719 0 0 255
0.125 0.7 -58.0973 -7.79434 0 0 255
0.15 0.7 -49.3612 -7.47749 0 0 255
0.175 0.7 -42.9247 -5.84716 0 0 255
0.2 0.7 -38.2781 -2.69744 0 0 255
0.225 0.7 -34.9713 1.32165 0 0 255
0.25 0.7 -32.6177 5.51412 0 0 255
0.275 0.7 -30.9224 9.45308 0 0 255
0.3 0.7 -29.6787 12.9552 0 0 255
0.325 0.7 -28.7477 15.9808 0 0 255
0.35 0.7 -28.0368 18.5583 0 0 255
0.375 0.7 -27.4838 20.7417 0 0 255
0.4 0.7 -27.0464 22.5893 0 0 255
0.425 0.7 -26.6952 24.1555 0 0 255
0.45 0.7 -26.4095 25.4877 0 0 255
0.475 0.7 -26.1743 26.6256 0 0 255
0.5 0.7 -25.9785 27.6021 0 0 255
-0.5 0.675 -13.239 15.2745 0 0 255
-0.475 0.675 -13.2977 15.232 0 0 255
-0.45 0.675 -13.3691 15.1804 0 0 255
-0.425 0.675 -13.4568 15.117 0 0 255
-0.4 0.675 -13.5662 15.038 0 0 255
-0.375 0.675 -13.7049 14.9381 0 0 255
-0.35 0.675 -13.8838 14.8094 0 0 255
-0.325 0.675 -14.1194 14.6404 0 0 255
-0.3 0.675 -14.4373 14.413 0 0 255
-0.275 0.675 -14.8785 14.0984 0 0 255
-0.25 0.675 -15.5114 13.6493 0 0 255
-0.225 0.675 -16.4552 12.9834 0 0 255
-0.2 0.675 -17.9253 11.9551 0 0 255
-0.175 0.675 -20.3078 10.3104 0 0 255
-0.15 0.675 -24.1052 7.75458 0 0 255
-0.125 0.675 -28.0038 5.36058 255 0 0
-0.1 0.675 -30.2914 2.68485 255 0 0
-0.075 0.675 -32.4482 0.2642 255 0 0
-0.05 0.675 -34.2847 -1.83506 255 0 0
-0.025 0.675 -35.6699 -3.5449 255 0 0
0 0.675 -36.888 -5.01455 255 0 0
0.025 0.675 -38.1879 -6.37316 255 0 0
0.05 0.675 -40.0526 -7.5866 255 0 0
0.075 0.675 -83.3488 -8.68478 255 0 0
0.1 0.675 -60.8244 -7.84696 0 0 255
0.125 0.675 -48.4692 -7.47672 0 0 255
0.15 0.675 -41.3655 -7.18748 0 0 255
0.175 0.675 -36.7605 -4.28583 0 0 255
0.2 0.675 -33.6316 0.45228 0 0 255
0.225 0.675 -31.4632 5.58536 0 0 255
0.25 0.675 -29.9307 10.3005 0 0 255
0.275 0.675 -28.8233 14.3302 0 0 255
0.3 0.675 -28.0048 17.6688 0 0 255
0.325 0.675 -27.3869 20.4032 0 0 255
0.35 0.675 -26.9113 22.6387 0 0 255
0.375 0.675 -26.539 24.4719 0 0 255
0.4 0.675 -26.2429 25.9834 0 0 255
0.425 0.675 -26.0041 27.2379 0 0 255
0.45 0.675 -25.8093 28.2866 0 0 255
0.475 0.675 -25.6484 29.1693 0 0 255
0.5 0.675 -25.5143 29.9176 0 0 255
-0.5 0.65 -12.9722 15.4678 0 0 255
-0.475 0.65 -12.9941 15.4517 0 0 255
-0.45 0.65 -13.0208 15.4321 0 0 255
-0.425 0.65 -13.0538 15.4078 0 0 255
-0.4 0.65 -13.0952 15.3774 0 0 255
-0.375 0.65 -13.1481 15.3385 0 0 255
-0.35 0.65 -13.217 15.2878 0 0 255
-0.325 0.65 -13.309 15.2201 0 0 255
-0.3 0.65 -13.4356 15.1271 0 0 255
-0.275 0.65 -13.6162 14.9943 0 0 255
-0.25 0.65 -13.8859 14.796 0 0 255
-0.225 0.65 -14.314 14.4812 0 0 255
-0.2 0.65 -15.0535 13.9375 0 0 255
-0.175 0.65 -16.5104 12.8663 0 0 255
-0.15 0.65 -20.2067 10.1486 255 0 0
-0.125 0.65 -22.5025 7.48117 255 0 0
-0.1 0.65 -24.6816 4.88907 255 0 0
-0.075 0.65 -26.7676 2.49268 255 0 0
-0.05 0.65 -28.6116 0.381838 255 0 0
-0.025 0.65 -30.1379 -1.40617 255 0 0
0 0.65 -31.5149 -2.96798 255 0 0
0.025 0.65 -32.892 -4.40737 255 0 0
0.05 0.65 -34.2998 -5.76829 255 0 0
0.075 0.65 -35.7486 -7.06186 255 0 0
0.1 0.65 -38.2999 -7.00914 255 0 0
0.125 0.65 -36.1141 -7.10648 0 0 255
0.15 0.65 -34.2617 -6.89824 0 0 255
0.175 0.65 -32.1556 -1.38418 0 0 255
0.2 0.65 -30.3644 5.39977 0 0 255
0.225 0.65 -29.0131 11.3855 0 0 255
0.25 0.65 -28.0252 16.1635 0 0 255
0.275 0.65 -27.3016 19.8671 0 0 255
0.3 0.65 -26.7645 22.7278 0 0 255
0.325 0.65 -26.359 24.952 0 0 255
0.35 0.65 -26.0475 26.6994 0 0 255
0.375 0.65 -25.8043 28.0885 0 0 255
0.4 0.65 -25.6116 29.2058 0 0 255
0.425 0.65 -25.4567 30.1146 0 0 255
0.45 0.65 -25.3307 30.8617 0 0 255
0.475 0.65 -25.2269 31.4821 0 0 255
0.5 0.65 -25.1407 32.0018 0 0 255
-0.5 0.625 -12.8141 15.584 0 0 255
-0.475 0.625 -12.8141 15.584 0 0 255
-0.45 0.625 -12.8141 15.584 0 0 255
-0.425 0.625 -12.8141 15.584 0 0 255
-0.4 0.625 -12.8141 15.584 0 0 255
-0.375 0.625 -12.8141 15.584 0 0 255
-0.35 0.625 -12.8141 15.584 0 0 255
-0.325 0.625 -12.8141 15.584 0 0 255
-0.3 0.625 -12.8141 15.584 0 0 255
-0.275 0.625 -12.8141 15.584 0 0 255
-0.25 0.625 -12.8141 15.584 0 0 255
-0.225 0.625 -12.8141 15.584 0 0 255
-0.2 0.625 -12.8141 15.584 0 0 255
-0.175 0.625 -12.8141 15.584 255 0 0
-0.15 0.625 -15.0053 12.4299 255 0 0
-0.125 0.625 -17.186 9.62266 255 0 0
-0.1 0.625 -19.2799 7.01686 255 0 0
-0.075 0.625 -21.2552 4.645 255 0 0
-0.05 0.625 -23.0738 2.53378 255 0 0
-0.025 0.625 -24.7207 0.680779 255 0 0
0 0.625 -26.2548 -0.963461 255 0 0
0.025 0.625 -27.7429 -2.46121 255 0 0
0.05 0.625 -29.216 -3.85799 255 0 0
0.075 0.625 -30.6807 -5.1857 255 0 0
0.1 0.625 -32.15 -6.46399 255 0 0
0.125 0.625 -33.9282 -7.20383 255 0 0
0.15 0.625 -32.4093 -6.69 0 0 255
0.175 0.625 -30.0495 4.12989 0 0 255
0.2 0.625 -28.4074 12.8118 0 0 255
0.225 0.625 -27.3409 18.7924 0 0 255
0.25 0.625 -26.6342 22.891 0 0 255
0.275 0.625 -26.1497 25.7632 0 0 255
0.3 0.625 -25.8064 27.8304 0 0 255
0.325 0.625 -25.5559 29.3567 0 0 255
0.35 0.625 -25.3684 30.5099 0 0 255
0.375 0.625 -25.2248 31.3992 0 0 255
0.4 0.625 -25.1128 32.0974 0 0 255
0.425 0.625 -25.0239 32.6545 0 0 255
0.45 0.625 -24.9522 33.1052 0 0 255
0.475 0.625 -24.8937 33.4746 0 0 255
0.5 0.625 -24.8454 33.7807 0 0 255
-0.5 0.6 -7.64821 17.691 0 0 255
-0.475 0.6 -7.64821 17.691 0 0 255
-0.45 0.6 -7.64821 17.691 0 0 255
-0.425 0.6 -7.64821 17.691 0 0 255
-0.4 0.6 -7.64821 17.691 0 0 255
-0.375 0.6 -7.64821 17.691 0 0 255
-0.35 0.6 -7.64821 17.691 0 0 255
-0.325 0.6 -7.64821 17.691 0 0 255
-0.3 0.6 -7.64821 17.691 0 0 255
-0.275 0.6 -7.64821 17.691 0 0 255
-0.25 0.6 -7.64821 17.691 0 0 255
-0.225 0.6 -7.64821 17.691 0 0 255
-0.2 0.6 -7.64821 17.691 0 0 255
-0.175 0.6 -7.64821 17.691 255 0 0
-0.15 0.6 -9.89568 14.5677 255 0 0
-0.125 0.6 -12.0651 11.6761 255 0 0
-0.1 0.6 -14.1271 9.03157 255 0 0
-0.075 0.6 -16.0657 6.6517 255 0 0
-0.05 0.6 -17.8807 4.53066 255 0 0
-0.025 0.6 -19.5817 2.64588 255 0 0
0 0.6 -21.1925 0.959741 255 0 0
0.025 0.6 -22.747 -0.574258 255 0 0
0.05 0.6 -24.2754 -2.00099 255 0 0
0.075 0.6 -25.7929 -3.35567 255 0 0
0.1 0.6 -27.3056 -4.66594 255 0 0
0.125 0.6 -28.8241 -5.94631 255 0 0
0.15 0.6 -30.8904 -6.17617 255 0 0
0.175 0.6 -27.6896 14.9498 0 0 255
0.2 0.6 -26.428 23.2766 0 0 255
0.225 0.6 -25.7876 27.5033 0 0 255
0.25 0.6 -25.417 29.9499 0 0 255
0.275 0.6 -25.1834 31.4915 0 0 255
0.3 0.6 -25.027 32.5236 0 0 255
0.325 0.6 -24.9174 33.2472 0 0 255
0.35 0.6 -24.8377 33.7732 0 0 255
0.375 0.6 -24.778 34.167 0 0 255
0.4 0.6 -24.7322 34.4692 0 0 255
0.425 0.6 -24.6964 34.7059 0 0 255
0.45 0.6 -24.6678 34.8945 0 0 255
0.475 0.6 -24.6447 35.0473 0 0 255
0.5 0.6 -24.6257 35.1726 0 0 255
-0.5 0.575 -2.68975 19.7925 0 0 255
-0.475 0.575 -2.68975 19.7925 0 0 255
-0.45 0.575 -2.68975 19.7925 0 0 255
-0.425 0.575 -2.68975 19.7925 0 0 255
-0.4 0.575 -2.68975 19.7925 0 0 255
-0.375 0.575 -2.68975 19.7925 0 0 255
-0.35 0.575 -2.68975 19.7925 0 0 255
-0.325 0.575 -2.68975 19.7925 0 0 255
-0.3 0.575 -2.68975 19.7925 0 0 255
-0.275 0.575 -2.68975 19.7925 0 0 255
-0.25 0.575 -2.68975 19.7925 0 0 255
-0.225 0.575 -2.68975 19.7925 0 0 255
-0.2 0.575 -2.68975 19.7925 0 0 255
-0.175 0.575 -2.68975 19.7925 255 0 0
-0.15 0.575 -4.96394 16.6137 255 0 0
-0.125 0.575 -7.16177 13.6099 255 0 0
-0.1 0.575 -9.22231 10.9233 255 0 0
-0.075 0.575 -11.1555 8.53293 255 0 0
-0.05 0.575 -12.9763 6.40336 255 0 0
-0.025 0.575 -14.6984 4.50533 255 0 0
0 0.575 -16.3429 2.79971 255 0 0
0.025 0.575 -17.9356 1.24381 255 0 0
0.05 0.575 -19.4995 -0.203941 255 0 0
0.075 0.575 -21.0512 -1.57922 255 0 0
0.1 0.575 -22.5998 -2.90997 255 0 0
0.125 0.575 -24.1493 -4.21745 255 0 0
0.15 0.575 -25.7078 -5.49202 255 0 0
0.175 0.575 -24.4888 36.0757 255 0 0
0.2 0.575 -24.4888 36.0757 0 0 255
0.225 0.575 -24.4888 36.0757 0 0 255
0.25 0.575 -24.4888 36.0757 0 0 255
0.275 0.575 -24.4888 36.0757 0 0 255
0.3 0.575 -24.4888 36.0757 0 0 255
0.325 0.575 -24.4888 36.0757 0 0 255
0.35 0.575 -24.4888 36.0757 0 0 255
0.375 0.575 -24.4888 36.0757 0 0 255
0.4 0.575 -24.4888 36.0757 0 0 255
0.425 0.575 -24.4888 36.0757 0 0 255
0.45 0.575 -24.4888 36.0757 0 0 255
0.475 0.575 -24.4888 36.0757 0 0 255
0.5 0.575 -24.4888 36.0757 0 0 255
-0.5 0.55 1.98257 21.625 0 0 255
-0.475 0.55 1.98257 21.625 0 0 255
-0.45 0.55 1.98257 21.625 0 0 255
-0.425 0.55 1.98257 21.625 0 0 255
-0.4 0.55 1.98257 21.625 0 0 255
-0.375 0.55 1.98257 21.625 0 0 255
-0.35 0.55 1.98257 21.625 0 0 255
-0.325 0.55 1.98257 21.625 0 0 255
-0.3 0.55 1.98257 21.625 0 0 255
-0.275 0.55 1.98257 21.625 0 0 255
-0.25 0.55 1.98257 21.625 0 0 255
-0.225 0.55 1.98257 21.625 0 0 255
-0.2 0.55 1.98257 21.625 0 0 255
-0.175 0.55 1.98257 21.625 255 0 0
-0.15 0.55 -0.291374 18.4317 255 0 0
-0.125 0.55 -2.49806 15.3848 255 0 0
-0.1 0.55 -4.55197 12.6923 255 0 0
-0.075 0.55 -6.4775 10.3091 255 0 0
-0.05 0.55 -8.29905 8.1821 255 0 0
-0.025 0.55 -10.0312 6.2803 255 0 0
0 0.55 -11.6936 4.56506 255 0 0
0.025 0.55 -13.3069 2.99646 255 0 0
0.05 0.55 -14.8908 1.53537 255 0 0
0.075 0.55 -16.4609 0.146459 255 0 0
0.1 0.55 -18.0284 -1.19938 255 0 0
0.125 0.55 -19.5988 -2.52364 255 0 0
0.15 0.55 -21.1741 -3.84053 255 0 0
0.175 0.55 -22.9559 -5.13818 255 0 0
0.2 0.55 -22.9559 -5.13818 0 0 255
0.225 0.55 -22.9559 -5.13818 0 0 255
0.25 0.55 -22.9559 -5.13818 0 0 255
0.275 0.55 -22.9559 -5.13818 0 0 255
0.3 0.55 -22.9559 -5.13818 0 0 255
0.325 0.55 -22.9559 -5.13818 0 0 255
0.35 0.55 -22.9559 -5.13818 0 0 255
0.375 0.55 -22.9559 -5.13818 0 0 255
0.4 0.55 -22.9559 -5.13818 0 0 255
0.425 0.55 -22.9559 -5.13818 0 0 255
0.45 0.55 -22.9559 -5.13818 0 0 255
0.475 0.55 -22.9559 -5.13818 0 0 255
0.5 0.55 -22.9559 -5.13818 0 0 255
-0.5 0.525 6.30474 23.008 0 0 255
-0.475 0.525 6.30474 23.008 0 0 255
-0.45 0.525 6.30474 23.008 0 0 255
-0.425 0.525 6.30474 23.008 0 0 255
-0.4 0.525 6.30474 23.008 0 0 255
-0.375 0.525 6.30474 23.008 0 0 255
-0.35 0.525 6.30474 23.008 0 0 255
-0.325 0.525 6.30474 23.008 0 0 255
-0.3 0.525 6.30474 23.008 0 0 255
-0.275 0.525 6.30474 23.008 0 0 255
-0.25 0.525 6.30474 23.008 0 0 255
-0.225 0.525 6.30474 23.008 0 0 255
-0.2 0.525 6.30474 23.008 0 0 255
-0.175 0.525 6.30474 23.008 255 0 0
-0.15 0.525 4.08679 19.9239 255 0 0
-0.125 0.525 1.93298 16.9873 255 0 0
-0.1 0.525 -0.0929961 14.3505 255 0 0
-0.075 0.525 -2.00484 11.9941 255 0 0
-0.05 0.525 -3.82049 9.88204 255 0 0
-0.025 0.525 -5.55394 7.98547 255 0 0
0 0.525 -7.22251 6.26858 255 0 0
0.025 0.525 -8.84409 4.69447 255 0 0
0.05 0.525 -10.436 3.22616 255 0 0
0.075 0.525 -12.0132 1.82924 255 0 0
0.1 0.525 -13.5876 0.47413 255 0 0
0.125 0.525 -15.1667 -0.862103 255 0 0
0.15 0.525 -16.7519 -2.19543 255 0 0
0.175 0.525 -18.3784 -3.58191 255 0 0
0.2 0.525 -18.3784 -3.58191 0 0 255
0.225 0.525 -18.3784 -3.58191 0 0 255
0.25 0.525 -18.3784 -3.58191 0 0 255
0.275 0.525 -18.3784 -3.58191 0 0 255
0.3 0.525 -18.3784 -3.58191 0 0 255
0.325 0.525 -18.3784 -3.58191 0 0 255
0.35 0.525 -18.3784 -3.58191 0 0 255
0.375 0.525 -18.3784 -3.58191 0 0 255
0.4 0.525 -18.3784 -3.58191 0 0 255
0.425 0.525 -18.3784 -3.58191 0 0 255
0.45 0.525 -18.3784 -3.58191 0 0 255
0.475 0.525 -18.3784 -3.58191 0 0 255
0.5 0.525 -18.3784 -3.58191 0 0 255
-0.5 0.5 10.367 24.1316 0 0 255
-0.475 0.5 10.367 24.1316 0 0 255
-0.45 0.5 10.367 24.1316 0 0 255
-0.425 0.5 10.367 24.1316 0 0 255
-0.4 0.5 10.367 24.1316 0 0 255
-0.375 0.5 10.367 24.1316 0 0 255
-0.35 0.5 10.367 24.1316 0 0 255
-0.325 0.5 10.367 24.1316 0 0 255
-0.3 0.5 10.367 24.1316 0 0 255
-0.275 0.5 10.367 24.1316 0 0 255
-0.25 0.5 10.367 24.1316 0 0 255
-0.225 0.5 10.367 24.1316 0 0 255
-0.2 0.5 10.367 24.1316 0 0 255
-0.175 0.5 10.367 24.1316 255 0 0
-0.15 0.5 8.25325 21.2371 255 0 0
-0.125 0.5 6.17913 18.4739 255 0 0
-0.1 0.5 4.1924 15.9238 255 0 0
-0.075 0.5 2.30031 13.6108 255 0 0
-0.05 0.5 0.496052 11.524 255 0 0
-0.025 0.5 -1.2323 9.63971 255 0 0
0 0.5 -2.8995 7.92701 255 0 0
0.025 0.5 -4.52122 6.35239 255 0 0
0.05 0.5 -6.11323 4.88131 255 0 0
0.075 0.5 -7.68993 3.48084 255 0 0
0.1 0.5 -9.26319 2.122 255 0 0
0.125 0.5 -10.8414 0.781773 255 0 0
0.15 0.5 -12.4272 -0.555863 255 0 0
0.175 0.5 -14.0292 -1.91119 255 0 0
0.2 0.5 -14.0292 -1.91119 0 0 255
0.225 0.5 -14.0292 -1.91119 0 0 255
0.25 0.5 -14.0292 -1.91119 0 0 255
0.275 0.5 -14.0292 -1.91119 0 0 255
0.3 0.5 -14.0292 -1.91119 0 0 255
0.325 0.5 -14.0292 -1.91119 0 0 255
0.35 0.5 -14.0292 -1.91119 0 0 255
0.375 0.5 -14.0292 -1.91119 0 0 255
0.4 0.5 -14.0292 -1.91119 0 0 255
0.425 0.5 -14.0292 -1.91119 0 0 255
0.45 0.5 -14.0292 -1.91119 0 0 255
0.475 0.5 -14.0292 -1.91119 0 0 255
0.5 0.5 -14.0292 -1.91119 0 0 255
-0.5 0.475 14.3642 25.3719 0 0 255
-0.475 0.475 14.3642 25.3719 0 0 255
-0.45 0.475 14.3642 25.3719 0 0 255
-0.425 0.475 14.3642 25.3719 0 0 255
-0.4 0.475 14.3642 25.3719 0 0 255
-0.375 0.475 14.3642 25.3719 0 0 255
-0.35 0.475 14.3642 25.3719 0 0 255
-0.325 0.475 14.3642 25.3719 0 0 255
-0.3 0.475 14.3642 25.3719 0 0 255
-0.275 0.475 14.3642 25.3719 0 0 255
-0.25 0.475 14.3642 25.3719 0 0 255
-0.225 0.475 14.3642 25.3719 0 0 255
-0.2 0.475 14.3642 25.3719 0 0 255
-0.175 0.475 14.3642 25.3719 255 0 0
-0.15 0.475 12.3176 22.5434 255 0 0
-0.125 0.475 10.2999 19.9123 255 0 0
-0.1 0.475 8.34967 17.448 255 0 0
-0.075 0.475 6.48006 15.1869 255 0 0
-0.05 0.475 4.68978 13.1309 255 0 0
-0.025 0.475 2.96988 11.263 255 0 0
0 0.475 1.3082 9.55799 255 0 0
0.025 0.475 -0.309102 7.98585 255 0 0
0.05 0.475 -1.89653 6.51475 255 0 0
0.075 0.475 -3.46793 5.11367 255 0 0
0.1 0.475 -5.03539 3.75487 255 0 0
0.125 0.475 -6.60824 2.41608 255 0 0
0.15 0.475 -8.19069 1.08218 255 0 0
0.175 0.475 -9.78823 -0.25497 255 0 0
0.2 0.475 -9.78823 -0.25497 0 0 255
0.225 0.475 -9.78823 -0.25497 0 0 255
0.25 0.475 -9.78823 -0.25497 0 0 255
0.275 0.475 -9.78823 -0.25497 0 0 255
0.3 0.475 -9.78823 -0.25497 0 0 255
0.325 0.475 -9.78823 -0.25497 0 0 255
0.35 0.475 -9.78823 -0.25497 0 0 255
0.375 0.475 -9.78823 -0.25497 0 0 255
0.4 0.475 -9.78823 -0.25497 0 0 255
0.425 0.475 -9.78823 -0.25497 0 0 255
0.45 0.475 -9.78823 -0.25497 0 0 255
0.475 0.475 -9.78823 -0.25497 0 0 255
0.5 0.475 -9.78823 -0.25497 0 0 255
-0.5 0.45 18.3474 27.8691 0 0 255
-0.475 0.45 18.3474 27.8691 0 0 255
-0.45 0.45 18.3474 27.8691 0 0 255
-0.425 0.45 18.3474 27.8691 0 0 255
-0.4 0.45 18.3474 27.8691 0 0 255
-0.375 0.45 18.3474 27.8691 0 0 255
-0.35 0.45 18.3474 27.8691 0 0 255
-0.325 0.45 18.3474 27.8691 0 0 255
-0.3 0.45 18.3474 27.8691 0 0 255
-0.275 0.45 18.3474 27.8691 0 0 255
-0.25 0.45 18.3474 27.8691 0 0 255
-0.225 0.45 18.3474 27.8691 0 0 255
-0.2 0.45 18.3474 27.8691 0 0 255
-0.175 0.45 18.3474 27.8691 255 0 0
-0.15 0.45 16.3202 23.8838 255 0 0
-0.125 0.45 14.3413 21.3435 255 0 0
-0.1 0.45 12.4224 18.9574 255 0 0
-0.075 0.45 10.5742 16.748 255 0 0
-0.05 0.45 8.79791 14.7239 255 0 0
-0.025 0.45 7.08747 12.8742 255 0 0
0 0.45 5.43299 11.1783 255 0 0
0.025 0.45 3.82221 9.60995 255 0 0
0.05 0.45 2.24175 8.13996 255 0 0
0.075 0.45 0.678242 6.73944 255 0 0
0.1 0.45 -0.880595 5.38216 255 0 0
0.125 0.45 -2.44462 4.04696 255 0 0
0.15 0.45 -4.01882 2.71929 255 0 0
0.175 0.45 -5.61433 1.39914 255 0 0
0.2 0.45 -5.61433 1.39914 0 0 255
0.225 0.45 -5.61433 1.39914 0 0 255
0.25 0.45 -5.61433 1.39914 0 0 255
0.275 0.45 -5.61433 1.39914 0 0 255
0.3 0.45 -5.61433 1.39914 0 0 255
0.325 0.45 -5.61433 1.39914 0 0 255
0.35 0.45 -5.61433 1.39914 0 0 255
0.375 0.45 -5.61433 1.39914 0 0 255
0.4 0.45 -5.61433 1.39914 0 0 255
0.425 0.45 -5.61433 1.39914 0 0 255
0.45 0.45 -5.61433 1.39914 0 0 255
0.475 0.45 -5.61433 1.39914 0 0 255
0.5 0.45 -5.61433 1.39914 0 0 255
-0.5 0.425 18.3878 27.8146 0 0 255
-0.475 0.425 18.3935 27.807 0 0 255
-0.45 0.425 18.4003 27.7978 0 0 255
-0.425 0.425 18.4087 27.7864 0 0 255
-0.4 0.425 18.4193 27.772 0 0 255
-0.375 0.425 18.4329 27.7538 0 0 255
-0.35 0.425 18.4505 27.73 0 0 255
-0.325 0.425 18.474 27.6982 0 0 255
-0.3 0.425 18.5064 27.6545 0 0 255
-0.275 0.425 18.5526 27.5921 0 0 255
-0.25 0.425 18.6217 27.4989 0 0 255
-0.225 0.425 18.7312 27.3511 0 0 255
-0.2 0.425 18.9204 27.0956 0 0 255
-0.175 0.425 19.2932 26.5924 0 0 255
-0.15 0.425 20.239 25.3156 255 0 0
-0.125 0.425 18.3358 22.789 255 0 0
-0.1 0.425 16.4441 20.4722 255 0 0
-0.075 0.425 14.616 18.3128 255 0 0
-0.05 0.425 12.8532 16.3202 255 0 0
-0.025 0.425 11.152 14.4889 255 0 0
0 0.425 9.50486 12.8025 255 0 0
0.025 0.425 7.90113 11.238 255 0 0
0.05 0.425 6.32853 9.76892 255 0 0
0.075 0.425 4.77406 8.36847 255 0 0
0.1 0.425 3.22516 7.01196 255 0 0
0.125 0.425 1.6715 5.67928 255 0 0
0.15 0.425 0.106999 4.35658 255 0 0
0.175 0.425 -1.5055 3.07141 255 0 0
0.2 0.425 -1.5055 3.07141 0 0 255
0.225 0.425 -1.5055 3.07141 0 0 255
0.25 0.425 -1.5055 3.07141 0 0 255
0.275 0.425 -1.5055 3.07141 0 0 255
0.3 0.425 -1.5055 3.07141 0 0 255
0.325 0.425 -1.5055 3.07141 0 0 255
0.35 0.425 -1.5055 3.07141 0 0 255
0.375 0.425 -1.5055 3.07141 0 0 255
0.4 0.425 -1.5055 3.07141 0 0 255
0.425 0.425 -1.5055 3.07141 0 0 255
0.45 0.425 -1.5055 3.07141 0 0 255
0.475 0.425 -1.5055 3.07141 0 0 255
0.5 0.425 -1.5055 3.07141 0 0 255
-0.5 0.4 18.5466 27.835 0 0 255
-0.475 0.4 18.5801 27.8393 0 0 255
-0.45 0.4 18.6218 27.8465 0 0 255
-0.425 0.4 18.6746 27.8581 0 0 255
-0.4 0.4 18.7421 27.8763 0 0 255
-0.375 0.4 18.83 27.9047 0 0 255
-0.35 0.4 18.946 27.9488 0 0 255
-0.325 0.4 19.1017 28.0176 0 0 255
-0.3 0.4 19.3142 28.1257 0 0 255
-0.275 0.4 19.6085 28.2974 0 0 255
-0.25 0.4 20.0198 28.5722 0 0 255
-0.225 0.4 20.5927 29.0118 0 0 255
-0.2 0.4 21.3631 29.6992 0 0 255
-0.175 0.4 22.2916 30.6889 0 0 255
-0.15 0.4 23.0951 31.7866 255 0 0
-0.125 0.4 22.2983 24.2841 255 0 0
-0.1 0.4 20.4375 22.0004 255 0 0
-0.075 0.4 18.6302 19.8909 255 0 0
-0.05 0.4 16.8816 17.9308 255 0 0
-0.025 0.4 15.1894 16.1184 255 0 0
0 0.4 13.5494 14.4416 255 0 0
0.025 0.4 11.9524 12.8803 255 0 0
0.05 0.4 10.3878 11.4112 255 0 0
0.075 0.4 8.84272 10.009 255 0 0
0.1 0.4 7.30401 8.65056 255 0 0
0.125 0.4 5.76093 7.31659 255 0 0
0.15 0.4 4.20696 5.99819 255 0 0
0.175 0.4 2.22059 4.96889 255 0 0
0.2 0.4 2.22059 4.96889 0 0 255
0.225 0.4 2.22059 4.96889 0 0 255
0.25 0.4 2.22059 4.96889 0 0 255
0.275 0.4 2.22059 4.96889 0 0 255
0.3 0.4 2.22059 4.96889 0 0 255
0.325 0.4 2.22059 4.96889 0 0 255
0.35 0.4 2.22059 4.96889 0 0 255
0.375 0.4 2.22059 4.96889 0 0 255
0.4 0.4 2.22059 4.96889 0 0 255
0.425 0.4 2.22059 4.96889 0 0 255
0.45 0.4 2.22059 4.96889 0 0 255
0.475 0.4 2.22059 4.96889 0 0 255
0.5 0.4 2.22059 4.96889 0 0 255
-0.5 0.375 18.8317 27.9554 0 0 255
-0.475 0.375 18.9087 27.988 0 0 255
-0.45 0.375 19.0022 28.0303 0 0 255
-0.425 0.375 19.1166 28.0856 0 0 255
-0.4 0.375 19.2573 28.158 0 0 255
-0.375 0.375 19.4309 28.2529 0 0 255
-0.35 0.375 19.6457 28.3775 0 0 255
-0.325 0.375 19.9115 28.5402 0 0 255
-0.3 0.375 20.2381 28.7511 0 0 255
-0.275 0.375 20.6341 29.0191 0 0 255
-0.25 0.375 21.101 29.3477 0 0 255
-0.225 0.375 21.6247 29.7234 0 0 255
-0.2 0.375 22.1613 30.0933 0 0 255
-0.175 0.375 22.6199 30.3197 0 0 255
-0.15 0.375 22.8451 30.0664 0 0 255
-0.125 0.375 22.595 28.3462 255 0 0
-0.1 0.375 24.4086 23.5672 255 0 0
-0.075 0.375 22.6337 21.4852 255 0 0
-0.05 0.375 20.9007 19.5576 255 0 0
-0.025 0.375 19.2177 17.7669 255 0 0
0 0.375 17.5854 16.1017 255 0 0
0.025 0.375 15.995 14.5433 255 0 0
0.05 0.375 14.4385 13.0732 255 0 0
0.075 0.375 12.9033 11.6663 255 0 0
0.1 0.375 11.3732 10.3015 255 0 0
0.125 0.375 9.83839 8.96298 255 0 0
0.15 0.375 8.33328 7.70482 255 0 0
0.175 0.375 5.27694 6.33686 0 0 255
0.2 0.375 4.07228 5.79767 0 0 255
0.225 0.375 3.46078 5.52398 0 0 255
0.25 0.375 3.10683 5.36555 0 0 255
0.275 0.375 2.8838 5.26573 0 0 255
0.3 0.375 2.73448 5.1989 0 0 255
0.325 0.375 2.6298 5.15205 0 0 255
0.35 0.375 2.5537 5.11799 0 0 255
0.375 0.375 2.49673 5.09248 0 0 255
0.4 0.375 2.45301 5.07292 0 0 255
0.425 0.375 2.41877 5.05759 0 0 255
0.45 0.375 2.39148 5.04538 0 0 255
0.475 0.375 2.36938 5.03549 0 0 255
0.5 0.375 2.35126 5.02737 0 0 255
-0.5 0.35 19.2004 28.1577 0 0 255
-0.475 0.35 19.3195 28.2231 0 0 255
-0.45 0.35 19.4588 28.3028 0 0 255
-0.425 0.35 19.6216 28.3999 0 0 255
-0.4 0.35 19.8112 28.5179 0 0 255
-0.375 0.35 20.0307 28.6605 0 0 255
-0.35 0.35 20.2819 28.8312 0 0 255
-0.325 0.35 20.5641 29.0324 0 0 255
-0.3 0.35 20.8716 29.2644 0 0 255
-0.275 0.35 21.19 29.5224 0 0 255
-0.25 0.35 21.4899 29.7938 0 0 255
-0.225 0.35 21.7173 30.0546 0 0 255
-0.2 0.35 21.777 30.2679 0 0 255
-0.175 0.35 21.4977 30.3947 0 0 255
-0.15 0.35 20.5483 30.4582 0 0 255
-0.125 0.35 18.2515 30.8499 0 0 255
-0.1 0.35 13.908 33.3535 255 0 0
-0.075 0.35 26.6696 23.1777 255 0 0
-0.05 0.35 24.9187 21.2012 255 0 0
-0.025 0.35 23.2439 19.4324 255 0 0
0 0.35 21.6216 17.7807 255 0 0
0.025 0.35 20.0384 16.2251 255 0 0
0.05 0.35 18.4909 14.7546 255 0 0
0.075 0.35 16.9667 13.341 255 0 0
0.1 0.35 15.4499 11.9704 255 0 0
0.125 0.35 14.0076 10.7233 255 0 0
0.15 0.35 11.1704 9.21404 0 0 255
0.175 0.35 8.22369 7.77545 0 0 255
0.2 0.35 6.34126 6.87864 0 0 255
0.225 0.35 5.16868 6.32719 0 0 255
0.25 0.35 4.41128 5.97394 0 0 255
0.275 0.35 3.90117 5.73743 0 0 255
0.3 0.35 3.54443 5.57276 0 0 255
0.325 0.35 3.28671 5.45422 0 0 255
0.35 0.35 3.09532 5.36642 0 0 255
0.375 0.35 2.94976 5.29981 0 0 255
0.4 0.35 2.83678 5.24821 0 0 255
0.425 0.35 2.74751 5.2075 0 0 255
0.45 0.35 2.67587 5.17488 0 0 255
0.475 0.35 2.61758 5.14836 0 0 255
0.5 0.35 2.56957 5.12655 0 0 255
-0.5 0.325 19.5915 28.4073 0 0 255
-0.475 0.325 19.7372 28.5003 0 0 255
-0.45 0.325 19.9003 28.6086 0 0 255
-0.425 0.325 20.0813 28.7339 0 0 255
-0.4 0.325 20.2796 28.878 0 0 255
-0.375 0.325 20.4925 29.0417 0 0 255
-0.35 0.325 20.7145 29.225 0 0 255
-0.325 0.325 20.9352 29.4258 0 0 255
-0.3 0.325 21.137 29.6397 0 0 255
-0.275 0.325 21.2917 29.8586 0 0 255
-0.25 0.325 21.3558 30.0706 0 0 255
-0.225 0.325 21.2633 30.2614 0 0 255
-0.2 0.325 20.9158 30.4197 0 0 255
-0.175 0.325 20.1707 30.551 0 0 255
-0.15 0.325 18.8436 30.7072 0 0 255
-0.125 0.325 16.8288 31.0016 0 0 255
-0.1 0.325 14.7553 31.2227 0 0 255
-0.075 0.325 17.9175 23.2704 0 0 255
-0.05 0.325 9.16532 23.3631 255 0 0
-0.025 0.325 27.2449 21.4628 255 0 0
0 0.325 25.6822 19.6283 255 0 0
0.025 0.325 24.0853 18.0222 255 0 0
0.05 0.325 22.552 16.5694 255 0 0
0.075 0.325 21.1869 15.3422 255 0 0
0.1 0.325 30.4748 15.6629 255 0 0
0.125 0.325 22.2412 13.1931 0 0 255
0.15 0.325 16.7058 11.2036 0 0 255
0.175 0.325 12.4648 9.4895 0 0 255
0.2 0.325 9.53848 8.24183 0 0 255
0.225 0.325 7.58545 7.3861 0 0 255
0.25 0.325 6.26728 6.79966 0 0 255
0.275 0.325 5.35442 6.38985 0 0 255
0.3 0.325 4.70421 6.09632 0 0 255
0.325 0.325 4.2286 5.88088 0 0 255
0.35 0.325 3.87228 5.71913 0 0 255
0.375 0.325 3.59961 5.59519 0 0 255
0.4 0.325 3.38701 5.49849 0 0 255
0.425 0.325 3.21849 5.4218 0 0 255
0.45 0.325 3.08293 5.36011 0 0 255
0.475 0.325 2.97245 5.30984 0 0 255
0.5 0.325 2.88135 5.2684 0 0 255
-0.5 0.3 19.9511 28.6718 0 0 255
-0.475 0.3 20.1025 28.7832 0 0 255
-0.45 0.3 20.2636 28.908 0 0 255
-0.425 0.3 20.4318 29.0467 0 0 255
-0.4 0.3 20.6026 29.199 0 0 255
-0.375 0.3 20.7686 29.364 0 0 255
-0.35 0.3 20.9188 29.5394 0 0 255
-0.325 0.3 21.0371 29.7214 0 0 255
-0.3 0.3 21.1002 29.9044 0 0 255
-0.275 0.3 21.0756 30.0809 0 0 255
-0.25 0.3 20.9193 30.2417 0 0 255
-0.225 0.3 20.5726 30.3777 0 0 255
-0.2 0.3 19.9621 30.4805 0 0 255
-0.175 0.3 19.0084 30.5414 0 0 255
-0.15 0.3 17.6652 30.5303 0 0 255
-0.125 0.3 16.0434 30.2867 0 0 255
-0.1 0.3 14.6761 29.0424 0 0 255
-0.075 0.3 14.4678 23.3069 0 0 255
-0.05 0.3 9.16532 23.3631 0 0 255
-0.025 0.3 27.2449 21.4628 0 0 255
0 0.3 25.6822 19.6283 0 0 255
0.025 0.3 24.0853 18.0222 0 0 255
0.05 0.3 22.552 16.5694 0 0 255
0.075 0.3 21.1869 15.3422 0 0 255
0.1 0.3 30.4748 15.6629 0 0 255
0.125 0.3 25.4865 14.1665 0 0 255
0.15 0.3 20.6874 12.5471 0 0 255
0.175 0.3 16.3941 10.9507 0 0 255
0.2 0.3 12.9663 9.59624 0 0 255
0.225 0.3 10.4105 8.54647 0 0 255
0.25 0.3 8.55154 7.76272 0 0 255
0.275 0.3 7.19956 7.18217 0 0 255
0.3 0.3 6.20505 6.74941 0 0 255
0.325 0.3 5.4618 6.4228 0 0 255
0.35 0.3 4.89681 6.17268 0 0 255
0.375 0.3 4.46013 5.97828 0 0 255
0.4 0.3 4.1173 5.825 0 0 255
0.425 0.3 3.84424 5.70251 0 0 255
0.45 0.3 3.62387 5.6034 0 0 255
0.475 0.3 3.44387 5.52228 0 0 255
0.5 0.3 3.29524 5.4552 0 0 255
-0.5 0.275 20.2442 28.9284 0 0 255
-0.475 0.275 20.3817 29.0488 0 0 255
-0.45 0.275 20.519 29.1793 0 0 255
-0.425 0.275 20.6508 29.3193 0 0 255
-0.4 0.275 20.7698 29.4674 0 0 255
-0.375 0.275 20.8659 29.6215 0 0 255
-0.35 0.275 20.9251 29.7784 0 0 255
-0.325 0.275 20.9292 29.9334 0 0 255
-0.3 0.275 20.8542 30.0808 0 0 255
-0.275 0.275 20.6696 30.2132 0 0 255
-0.25 0.275 20.338 30.3213 0 0 255
-0.225 0.275 19.816 30.3928 0 0 255
-0.2 0.275 19.0594 30.4079 0 0 255
-0.175 0.275 18.038 30.3257 0 0 255
-0.15 0.275 16.7699 30.0439 0 0 255
-0.125 0.275 15.3794 29.2885 0 0 255
-0.1 0.275 14.1025 27.3689 0 0 255
-0.075 0.275 12.7167 23.3255 0 0 255
-0.05 0.275 9.16532 23.3631 0 0 255
-0.025 0.275 27.2449 21.4628 0 0 255
0 0.275 25.6822 19.6283 0 0 255
0.025 0.275 24.0853 18.0222 0 0 255
0.05 0.275 22.552 16.5694 0 0 255
0.075 0.275 21.1869 15.3422 0 0 255
0.1 0.275 30.4748 15.6629 0 0 255
0.125 0.275 27.1338 14.6607 0 0 255
0.15 0.275 23.3116 13.4075 0 0 255
0.175 0.275 19.4858 12.0487 0 0 255
0.2 0.275 16.063 10.7611 0 0 255
0.225 0.275 13.2367 9.6538 0 0 255
0.25 0.275 11.0077 8.75412 0 0 255
0.275 0.275 9.28573 8.0433 0 0 255
0.3 0.275 7.96208 7.48736 0 0 255
0.325 0.275 6.9409 7.05256 0 0 255
0.35 0.275 6.14655 6.71063 0 0 255
0.375 0.275 5.52222 6.43951 0 0 255
0.4 0.275 5.02603 6.22248 0 0 255
0.425 0.275 4.62727 6.04703 0 0 255
0.45 0.275 4.30333 5.9038 0 0 255
0.475 0.275 4.03746 5.78578 0 0 255
0.5 0.275 3.81714 5.68765 0 0 255
-0.5 0.25 20.4542 29.1632 0 0 255
-0.475 0.25 20.5629 29.2847 0 0 255
-0.45 0.25 20.6612 29.4127 0 0 255
-0.425 0.25 20.7422 29.5457 0 0 255
-0.4 0.25 20.797 29.6816 0 0 255
-0.375 0.25 20.8142 29.8177 0 0 255
-0.35 0.25 20.7794 29.9499 0 0 255
-0.325 0.25 20.6746 30.0733 0 0 255
-0.3 0.25 20.478 30.1813 0 0 255
-0.275 0.25 20.1641 30.2651 0 0 255
-0.25 0.25 19.7047 30.3122 0 0 255
-0.225 0.25 19.0715 30.303 0 0 255
-0.2 0.25 18.2425 30.203 0 0 255
-0.175 0.25 17.2141 29.945 0 0 255
-0.15 0.25 16.0192 29.393 0 0 255
-0.125 0.25 14.7352 28.2796 0 0 255
-0.1 0.25 13.4052 26.1969 0 0 255
-0.075 0.25 11.7031 23.3362 0 0 255
-0.05 0.25 9.16532 23.3631 0 0 255
-0.025 0.25 27.2449 21.4628 0 0 255
0 0.25 25.6822 19.6283 0 0 255
0.025 0.25 24.0853 18.0222 0 0 255
0.05 0.25 22.552 16.5694 0 0 255
0.075 0.25 21.1869 15.3422 0 0 255
0.1 0.25 30.4748 15.6629 0 0 255
0.125 0.25 28.0873 14.9467 0 0 255
0.15 0.25 25.0659 13.9729 0 0 255
0.175 0.25 21.8031 12.8478 0 0 255
0.2 0.25 18.6384 11.6974 0 0 255
0.225 0.25 15.8066 10.626 0 0 255
0.25 0.25 13.4072 9.69007 0 0 255
0.275 0.25 11.4399 8.90404 0 0 255
0.3 0.25 9.85455 8.25825 0 0 255
0.325 0.25 8.58546 7.73309 0 0 255
0.35 0.25 7.56971 7.30726 0 0 255
0.375 0.25 6.75363 6.9614 0 0 255
0.4 0.25 6.09398 6.67925 0 0 255
0.425 0.25 5.55687 6.44773 0 0 255
0.45 0.25 5.11612 6.25649 0 0 255
0.475 0.25 4.75156 6.0974 0 0 255
0.5 0.25 4.44763 5.96413 0 0 255
-0.5 0.225 20.5782 29.3695 0 0 255
-0.475 0.225 20.6483 29.4861 0 0 255
-0.45 0.225 20.6989 29.6056 0 0 255
-0.425 0.225 20.7224 29.7259 0 0 255
-0.4 0.225 20.7094 29.8443 0 0 255
-0.375 0.225 20.6484 29.9576 0 0 255
-0.35 0.225 20.5257 30.0611 0 0 255
-0.325 0.225 20.3252 30.1489 0 0 255
-0.3 0.225 20.0287 30.2131 0 0 255
-0.275 0.225 19.6164 30.2423 0 0 255
-0.25 0.225 19.0686 30.2195 0 0 255
-0.225 0.225 18.3688 30.1175 0 0 255
-0.2 0.225 17.5083 29.8904 0 0 255
-0.175 0.225 16.4938 29.4585 0 0 255
-0.15 0.225 15.3516 28.6869 0 0 255
-0.125 0.225 14.1138 27.3778 0 0 255
-0.1 0.225 12.7489 25.3967 0 0 255
-0.075 0.225 11.0645 23.343 0 0 255
-0.05 0.225 9.16532 23.3631 0 0 255
-0.025 0.225 27.2449 21.4628 0 0 255
0 0.225 25.6822 19.6283 0 0 255
0.025 0.225 24.0853 18.0222 0 0 255
0.05 0.225 22.552 16.5694 0 0 255
0.075 0.225 21.1869 15.3422 0 0 255
0.1 0.225 30.4748 15.6629 0 0 255
0.125 0.225 28.6882 15.1269 0 0 255
0.15 0.225 26.2756 14.3583 0 0 255
0.175 0.225 23.5286 13.4306 0 0 255
0.2 0.225 20.7064 12.4303 0 0 255
0.225 0.225 18.0222 11.4419 0 0 255
0.25 0.225 15.61 10.5262 0 0 255
0.275 0.225 13.525 9.71514 0 0 255
0.3 0.225 11.767 9.01734 0 0 255
0.325 0.225 10.3059 8.42757 0 0 255
0.35 0.225 9.10016 7.93389 0 0 255
0.375 0.225 8.10711 7.52233 0 0 255
0.4 0.225 7.28823 7.17939 0 0 255
0.425 0.225 6.6107 6.89307 0 0 255
0.45 0.225 6.0475 6.65319 0 0 255
0.475 0.225 5.57681 6.45132 0 0 255
0.5 0.225 5.18114 6.28061 0 0 255
-0.5 0.2 20.6212 29.5443 0 0 255
-0.475 0.2 20.6476 29.6517 0 0 255
-0.45 0.2 20.6471 29.7584 0 0 255
-0.425 0.2 20.6121 29.8619 0 0 255
-0.4 0.2 20.5332 29.9592 0 0 255
-0.375 0.2 20.3999 30.0462 0 0 255
-0.35 0.2 20.1998 30.1176 0 0 255
-0.325 0.2 19.9194 30.1663 0 0 255
-0.3 0.2 19.5442 30.1824 0 0 255
-0.275 0.2 19.0598 30.1518 0 0 255
-0.25 0.2 18.4532 30.0531 0 0 255
-0.225 0.2 17.7155 29.8537 0 0 255
-0.2 0.2 16.8449 29.5022 0 0 255
-0.175 0.2 15.8493 28.9195 0 0 255
-0.15 0.2 14.744 27.9953 0 0 255
-0.125 0.2 13.5352 26.6193 0 0 255
-0.1 0.2 12.1849 24.8495 0 0 255
-0.075 0.2 10.6369 23.3475 0 0 255
-0.05 0.2 9.16532 23.3631 0 0 255
-0.025 0.2 27.2449 21.4628 0 0 255
0 0.2 25.6822 19.6283 0 0 255
0.025 0.2 24.0853 18.0222 0 0 255
0.05 0.2 22.552 16.5694 0 0 255
0.075 0.2 21.1869 15.3422 0 0 255
0.1 0.2 30.4748 15.6629 0 0 255
0.125 0.2 29.0904 15.2476 0 0 255
0.15 0.2 27.1363 14.6302 0 0 255
0.175 0.2 24.8246 13.8615 0 0 255
0.2 0.2 22.3477 13.0007 0 0 255
0.225 0.2 19.8807 12.1116 0 0 255
0.25 0.2 17.5568 11.2489 0 0 255
0.275 0.2 15.4561 10.4498 0 0 255
0.3 0.2 13.6115 9.73356 0 0 255
0.325 0.2 12.0232 9.10604 0 0 255
0.35 0.2 10.672 8.56422 0 0 255
0.375 0.2 9.53045 8.1005 0 0 255
0.4 0.2 8.56874 7.70543 0 0 255
0.425 0.2 7.75876 7.36938 0 0 255
0.45 0.2 7.07546 7.08341 0 0 255
0.475 0.2 6.49738 6.83959 0 0 255
0.5 0.2 6.00651 6.63113 0 0 255
-0.5 0.175 20.5927 29.6874 0 0 255
-0.475 0.175 20.5739 29.7822 0 0 255
-0.45 0.175 20.5226 29.873 0 0 255
-0.425 0.175 20.4315 29.9568 0 0 255
-0.4 0.175 20.2921 30.0301 0 0 255
-0.375 0.175 20.0947 30.0881 0 0 255
-0.35 0.175 19.829 30.1246 0 0 255
-0.325 0.175 19.4841 30.1311 0 0 255
-0.3 0.175 19.0487 30.0958 0 0 255
-0.275 0.175 18.5128 30.0022 0 0 255
-0.25 0.175 17.8682 29.826 0 0 255
-0.225 0.175 17.1106 29.5318 0 0 255
-0.2 0.175 16.2407 29.069 0 0 255
-0.175 0.175 15.2647 28.3691 0 0 255
-0.15 0.175 14.1895 27.3568 0 0 255
-0.125 0.175 13.0127 26.0016 0 0 255
-0.1 0.175 11.7175 24.4704 0 0 255
-0.075 0.175 10.3371 23.3507 0 0 255
-0.05 0.175 9.16532 23.3631 0 0 255
-0.025 0.175 27.2449 21.4628 0 0 255
0 0.175 25.6822 19.6283 0 0 255
0.025 0.175 24.0853 18.0222 0 0 255
0.05 0.175 22.552 16.5694 0 0 255
0.075 0.175 21.1869 15.3422 0 0 255
0.1 0.175 30.4748 15.6629 0 0 255
0.125 0.175 29.3724 15.3322 0 0 255
0.15 0.175 27.7664 14.828 0 0 255
0.175 0.175 25.8116 14.1858 0 0 255
0.2 0.175 23.6503 13.4464 0 0 255
0.225 0.175 21.4203 12.6568 0 0 255
0.25 0.175 19.2396 11.8622 0 0 255
0.275 0.175 17.1936 11.0984 0 0 255
0.3 0.175 15.3327 10.3894 0 0 255
0.325 0.175 13.6779 9.7477 0 0 255
0.35 0.175 12.2295 9.17741 0 0 255
0.375 0.175 10.9747 8.67677 0 0 255
0.4 0.175 9.89466 8.24072 0 0 255
0.425 0.175 8.96805 7.86271 0 0 255
0.45 0.175 8.17396 7.53573 0 0 255
0.475 0.175 7.4931 7.25303 0 0 255
0.5 0.175 6.90836 7.00841 0 0 255
-0.5 0.15 20.5038 29.7996 0 0 255
-0.475 0.15 20.4406 29.8793 0 0 255
-0.45 0.15 20.3411 29.9517 0 0 255
-0.425 0.15 20.1985 30.0136 0 0 255
-0.4 0.15 20.0051 30.0606 0 0 255
-0.375 0.15 19.7528 30.0874 0 0 255
-0.35 0.15 19.4331 30.0868 0 0 255
-0.325 0.15 19.0371 30.049 0 0 255
-0.3 0.15 18.5567 29.9607 0 0 255
-0.275 0.15 17.9849 29.8036 0 0 255
-0.25 0.15 17.3168 29.5522 0 0 255
-0.225 0.15 16.5505 29.1717 0 0 255
-0.2 0.15 15.6874 28.6166 0 0 255
-0.175 0.15 14.7314 27.8351 0 0 255
-0.15 0.15 13.686 26.7883 0 0 255
-0.125 0.15 12.5511 25.5067 0 0 255
-0.1 0.15 11.3353 24.2032 0 0 255
-0.075 0.15 10.1192 23.353 0 0 255
-0.05 0.15 9.16532 23.3631 0 0 255
-0.025 0.15 27.2449 21.4628 0 0 255
0 0.15 25.6822 19.6283 0 0 255
0.025 0.15 24.0853 18.0222 0 0 255
0.05 0.15 22.552 16.5694 0 0 255
0.075 0.15 21.1869 15.3422 0 0 255
0.1 0.15 30.4748 15.6629 0 0 255
0.125 0.15 29.5774 15.3937 0 0 255
0.15 0.15 28.2392 14.9757 0 0 255
0.175 0.15 26.5749 14.4342 0 0 255
0.2 0.15 24.6898 13.7975 0 0 255
0.225 0.15 22.6909 13.1001 0 0 255
0.25 0.15 20.677 12.3777 0 0 255
0.275 0.15 18.7286 11.6621 0 0 255
0.3 0.15 16.9024 10.9777 0 0 255
0.325 0.15 15.2317 10.3404 0 0 255
0.35 0.15 13.7306 9.7589 0 0 255
0.375 0.15 12.3993 9.23613 0 0 255
0.4 0.15 11.2291 8.77106 0 0 255
0.425 0.15 10.2065 8.36025 0 0 255
0.45 0.15 9.31604 7.99903 0 0 255
0.475 0.15 8.54182 7.6822 0 0 255
0.5 0.15 7.86884 7.4046 0 0 255
-0.5 0.125 20.3653 29.8821 0 0 255
-0.475 0.125 20.2602 29.9448 0 0 255
-0.45 0.125 20.1163 29.9971 0 0 255
-0.425 0.125 19.9277 30.0351 0 0 255
-0.4 0.125 19.6876 30.0542 0 0 255
-0.375 0.125 19.3893 30.0483 0 0 255
-0.35 0.125 19.0257 30.0091 0 0 255
-0.325 0.125 18.5902 29.926 0 0 255
-0.3 0.125 18.0768 29.7848 0 0 255
-0.275 0.125 17.4807 29.5663 0 0 255
-0.25 0.125 16.7992 29.2455 0 0 255
-0.225 0.125 16.0314 28.7906 0 0 255
-0.2 0.125 15.1789 28.1648 0 0 255
-0.175 0.125 14.2447 27.3347 0 0 255
-0.15 0.125 13.2323 26.2937 0 0 255
-0.125 0.125 12.1487 25.1128 0 0 255
-0.1 0.125 11.0235 24.0114 0 0 255
-0.075 0.125 9.95605 23.3547 0 0 255
-0.05 0.125 9.16532 23.3631 0 0 255
-0.025 0.125 27.2449 21.4628 0 0 255
0 0.125 25.6822 19.6283 0 0 255
0.025 0.125 24.0853 18.0222 0 0 255
0.05 0.125 22.552 16.5694 0 0 255
0.075 0.125 21.1869 15.3422 0 0 255
0.1 0.125 30.4748 15.6629 0 0 255
0.125 0.125 29.7309 15.4397 0 0 255
0.15 0.125 28.602 15.0885 0 0 255
0.175 0.125 27.1741 14.6276 0 0 255
0.2 0.125 25.5261 14.0769 0 0 255
0.225 0.125 23.7405 13.4617 0 0 255
0.25 0.125 21.898 12.8098 0 0 255
0.275 0.125 20.0699 12.1478 0 0 255
0.3 0.125 18.3122 11.4985 0 0 255
0.325 0.125 16.6638 10.8788 0 0 255
0.35 0.125 15.1476 10.2999 0 0 255
0.375 0.125 13.7734 9.76802 0 0 255
0.4 0.125 12.5415 9.28532 0 0 255
0.425 0.125 11.4458 8.85121 0 0 255
0.45 0.125 10.4763 8.4633 0 0 255
0.475 0.125 9.62154 8.11816 0 0 255
0.5 0.125 8.86927 7.8119 0 0 255
-0.5 0.1 20.1874 29.9368 0 0 255
-0.475 0.1 20.0437 29.9809 0 0 255
-0.45 0.1 19.86 30.0116 0 0 255
-0.425 0.1 19.6311 30.0245 0 0 255
-0.4 0.1 19.3512 30.0145 0 0 255
-0.375 0.1 19.0148 29.9747 0 0 255
-0.35 0.1 18.6163 29.8965 0 0 255
-0.325 0.1 18.1507 29.7685 0 0 255
-0.3 0.1 17.6136 29.576 0 0 255
-0.275 0.1 17.0019 29.3003 0 0 255
-0.25 0.1 16.314 28.9182 0 0 255
-0.225 0.1 15.5499 28.4029 0 0 255
-0.2 0.1 14.7112 27.7276 0 0 255
-0.175 0.1 13.8013 26.8768 0 0 255
-0.15 0.1 12.8261 25.8698 0 0 255
-0.125 0.1 11.8008 24.7998 0 0 255
-0.1 0.1 10.7685 23.8712 0 0 255
-0.075 0.1 9.83087 23.356 0 0 255
-0.05 0.1 9.16532 23.3631 0 0 255
-0.025 0.1 27.2449 21.4628 0 0 255
0 0.1 25.6822 19.6283 0 0 255
0.025 0.1 24.0853 18.0222 0 0 255
0.05 0.1 22.552 16.5694 0 0 255
0.075 0.1 21.1869 15.3422 0 0 255
0.1 0.1 30.4748 15.6629 0 0 255
0.125 0.1 29.8487 15.4751 0 0 255
0.15 0.1 28.8855 15.1765 0 0 255
0.175 0.1 27.651 14.7805 0 0 255
0.2 0.1 26.205 14.3017 0 0 255
0.225 0.1 24.6109 13.7584 0 0 255
0.25 0.1 22.9339 13.172 0 0 255
0.275 0.1 21.2349 12.5644 0 0 255
0.3 0.1 19.5658 11.9557 0 0 255
0.325 0.1 17.9665 11.3622 0 0 255
0.35 0.1 16.4647 10.7962 0 0 255
0.375 0.1 15.0765 10.2659 0 0 255
0.4 0.1 13.809 9.77559 0 0 255
0.425 0.1 12.6625 9.32714 0 0 255
0.45 0.1 11.6326 8.92019 0 0 255
0.475 0.1 10.7119 8.55302 0 0 255
0.5 0.1 9.89161 8.22308 0 0 255
-0.5 0.075 19.9788 29.9653 0 0 255
-0.475 0.075 19.8003 29.9898 0 0 255
-0.45 0.075 19.5815 29.9978 0 0 255
-0.425 0.075 19.3178 29.9847 0 0 255
-0.4 0.075 19.0046 29.9449 0 0 255
-0.375 0.075 18.6372 29.8711 0 0 255
-0.35 0.075 18.2114 29.7542 0 0 255
-0.325 0.075 17.7232 29.5827 0 0 255
-0.3 0.075 17.1697 29.3421 0 0 255
-0.275 0.075 16.5488 29.015 0 0 255
-0.25 0.075 15.8597 28.5811 0 0 255
-0.225 0.075 15.1032 28.0194 0 0 255
-0.2 0.075 14.2813 27.314 0 0 255
-0.175 0.075 13.3985 26.4649 0 0 255
-0.15 0.075 12.4643 25.5097 0 0 255
-0.125 0.075 11.501 24.5506 0 0 255
-0.1 0.075 10.5586 23.767 0 0 255
-0.075 0.075 9.73282 23.3571 0 0 255
-0.05 0.075 9.16532 23.3631 0 0 255
-0.025 0.075 27.2449 21.4628 0 0 255
0 0.075 25.6822 19.6283 0 0 255
0.025 0.075 24.0853 18.0222 0 0 255
0.05 0.075 22.552 16.5694 0 0 255
0.075 0.075 21.1869 15.3422 0 0 255
0.1 0.075 30.4748 15.6629 0 0 255
0.125 0.075 29.9409 15.5027 0 0 255
0.15 0.075 29.1109 15.2461 0 0 255
0.175 0.075 28.0357 14.9032 0 0 255
0.2 0.075 26.7612 14.4845 0 0 255
0.225 0.075 25.3364 14.0034 0 0 255
0.25 0.075 23.8137 13.4764 0 0 255
0.275 0.075 22.2441 12.9213 0 0 255
0.3 0.075 20.6737 12.3551 0 0 255
0.325 0.075 19.141 11.793 0 0 255
0.35 0.075 17.675 11.247 0 0 255
0.375 0.075 16.2959 10.7263 0 0 255
0.4 0.075 15.0155 10.2368 0 0 255
0.425 0.075 13.839 9.78197 0 0 255
0.45 0.075 12.7667 9.36316 0 0 255
0.475 0.075 11.7954 8.98019 0 0 255
0.5 0.075 10.9194 8.63182 0 0 255
-0.5 0.05 19.7472 29.9697 0 0 255
-0.475 0.05 19.5377 29.9736 0 0 255
-0.45 0.05 19.2883 29.9582 0 0 255
-0.425 0.05 18.9951 29.9187 0 0 255
-0.4 0.05 18.6542 29.849 0 0 255
-0.375 0.05 18.262 29.7415 0 0 255
-0.35 0.05 17.815 29.5872 0 0 255
-0.325 0.05 17.3104 29.3746 0 0 255
-0.3 0.05 16.7461 29.0902 0 0 255
-0.275 0.05 16.1209 28.7183 0 0 255
-0.25 0.05 15.4348 28.2425 0 0 255
-0.225 0.05 14.6889 27.6484 0 0 255
-0.2 0.05 13.8864 26.9294 0 0 255
-0.175 0.05 13.0335 26.0986 0 0 255
-0.15 0.05 12.1433 25.2052 0 0 255
-0.125 0.05 11.2429 24.3512 0 0 255
-0.1 0.05 10.3848 23.6884 0 0 255
-0.075 0.05 9.65466 23.3579 0 0 255
-0.05 0.05 9.16532 23.3631 0 0 255
-0.025 0.05 27.2449 21.4628 0 0 255
0 0.05 25.6822 19.6283 0 0 255
0.025 0.05 24.0853 18.0222 0 0 255
0.05 0.05 22.552 16.5694 0 0 255
0.075 0.05 21.1869 15.3422 0 0 255
0.1 0.05 30.4748 15.6629 0 0 255
0.125 0.05 30.0145 15.5248 0 0 255
0.15 0.05 29.2927 15.3022 0 0 255
0.175 0.05 28.3498 15.0029 0 0 255
0.2 0.05 27.221 14.6345 0 0 255
0.225 0.05 25.9449 14.2071 0 0 255
0.25 0.05 24.563 13.7333 0 0 255
0.275 0.05 23.1179 13.2273 0 0 255
0.3 0.05 21.6497 12.7034 0 0 255
0.325 0.05 20.1936 12.175 0 0 255
0.35 0.05 18.7784 11.6535 0 0 255
0.375 0.05 17.4259 11.1484 0 0 255
0.4 0.05 16.151 10.6662 0 0 255
0.425 0.05 14.9626 10.2117 0 0 255
0.45 0.05 13.8647 9.78743 0 0 255
0.475 0.05 12.8575 9.39451 0 0 255
0.5 0.05 11.9385 9.03287 0 0 255
-0.5 0.025 19.4986 29.9517 0 0 255
-0.475 0.025 19.262 29.9346 0 0 255
-0.45 0.025 18.9863 29.8955 0 0 255
-0.425 0.025 18.6683 29.8294 0 0 255
-0.4 0.025 18.3048 29.7302 0 0 255
-0.375 0.025 17.8928 29.5902 0 0 255
-0.35 0.025 17.4298 29.4003 0 0 255
-0.325 0.025 16.9137 29.1498 0 0 255
-0.3 0.025 16.3432 28.8265 0 0 255
-0.275 0.025 15.7176 28.4172 0 0 255
-0.25 0.025 15.0376 27.9094 0 0 255
-0.225 0.025 14.3052 27.295 0 0 255
-0.2 0.025 13.5244 26.5762 0 0 255
-0.175 0.025 12.7036 25.7756 0 0 255
-0.15 0.025 11.859 24.9484 0 0 255
-0.125 0.025 11.0206 24.191 0 0 255
-0.1 0.025 10.2397 23.6281 0 0 255
-0.075 0.025 9.59139 23.3586 0 0 255
-0.05 0.025 9.16532 23.3631 0 0 255
-0.025 0.025 27.2449 21.4628 0 0 255
0 0.025 25.6822 19.6283 0 0 255
0.025 0.025 24.0853 18.0222 0 0 255
0.05 0.025 22.552 16.5694 0 0 255
0.075 0.025 21.1869 15.3422 0 0 255
0.1 0.025 30.4748 15.6629 0 0 255
0.125 0.025 30.074 15.5426 0 0 255
0.15 0.025 29.4413 15.3479 0 0 255
0.175 0.025 28.6089 15.0848 0 0 255
0.2 0.025 27.6045 14.759 0 0 255
0.225 0.025 26.4583 14.3778 0 0 255
0.25 0.025 25.2036 13.9512 0 0 255
0.275 0.025 23.8754 13.4902 0 0 255
0.3 0.025 22.5082 13.0069 0 0 255
0.325 0.025 21.1335 12.5128 0 0 255
0.35 0.025 19.7787 12.0185 0 0 255
0.375 0.025 18.4655 11.5328 0 0 255
0.4 0.025 17.2106 11.063 0 0 255
0.425 0.025 16.0253 10.6141 0 0 255
0.45 0.025 14.9163 10.1898 0 0 255
0.475 0.025 13.8869 9.79216 0 0 255
0.5 0.025 12.9372 9.42206 0 0 255
-0.5 0 19.2384 29.9133 0 0 255
-0.475 0 18.9782 29.8748 0 0 255
-0.45 0 18.6801 29.8121 0 0 255
-0.425 0 18.3414 29.7199 0 0 255
-0.4 0 17.9596 29.592 0 0 255
-0.375 0 17.5323 29.4209 0 0 255
-0.35 0 17.0575 29.198 0 0 255
-0.325 0 16.5339 28.9134 0 0 255
-0.3 0 15.9607 28.5566 0 0 255
-0.275 0 15.3379 28.1171 0 0 255
-0.25 0 14.6668 27.5866 0 0 255
-0.225 0 13.9499 26.9628 0 0 255
-0.2 0 13.193 26.255 0 0 255
-0.175 0 12.406 25.4922 0 0 255
-0.15 0 11.6075 24.7318 0 0 255
-0.125 0 10.8286 24.0613 0 0 255
-0.1 0 10.1178 23.5812 0 0 255
-0.075 0 9.53948 23.3591 0 0 255
-0.05 0 9.16532 23.3631 0 0 255
-0.025 0 27.2449 21.4628 0 0 255
0 0 25.6822 19.6283 0 0 255
0.025 0 24.0853 18.0222 0 0 255
0.05 0 22.552 16.5694 0 0 255
0.075 0 21.1869 15.3422 0 0 255
0.1 0 30.4748 15.6629 0 0 255
0.125 0 30.1228 15.5573 0 0 255
0.15 0 29.5642 15.3857 0 0 255
0.175 0 28.8249 15.1529 0 0 255
0.2 0 27.927 14.863 0 0 255
0.225 0 26.8942 14.5219 0 0 255
0.25 0 25.7535 14.1368 0 0 255
0.275 0 24.5335 13.7168 0 0 255
0.3 0 23.2635 13.2716 0 0 255
0.325 0 21.9713 12.8113 0 0 255
0.35 0 20.682 12.3451 0 0 255
0.375 0 19.4169 11.8815 0 0 255
0.4 0 18.1928 11.4274 0 0 255
0.425 0 17.0226 10.9883 0 0 255
0.45 0 15.9151 10.5684 0 0 255
0.475 0 14.8755 10.1705 0 0 255
0.5 0 13.9063 9.7963 0 0 255
