-0.5 1 -19.3354 13.8225 0 0 255
-0.475 1 -19.3354 13.8225 0 0 255
-0.45 1 -19.3354 13.8225 0 0 255
-0.425 1 -19.3354 13.8225 0 0 255
-0.4 1 -19.3354 13.8225 0 0 255
-0.375 1 -19.3354 13.8225 0 0 255
-0.35 1 -19.3354 13.8225 0 0 255
-0.325 1 -19.3354 13.8225 0 0 255
-0.3 1 -19.3354 13.8225 0 0 255
-0.275 1 -19.3354 13.8225 0 0 255
-0.25 1 -19.3354 13.8225 0 0 255
-0.225 1 -19.3354 13.8225 0 0 255
-0.2 1 -19.3354 13.8225 0 0 255
-0.175 1 -47.2644 20.3419 0 0 255
-0.15 1 -53.8941 14.0543 0 0 255
-0.125 1 -60.4018 7.81358 0 0 255
-0.1 1 -66.5985 1.24737 0 0 255
-0.075 1 -69.1097 -15.0773 0 0 255
-0.05 1 -69.1061 -14.8247 0 0 255
-0.025 1 -69.3103 -14.3981 0 0 255
0 1 -69.7266 -13.8712 0 0 255
0.025 1 -70.3807 -13.3389 0 0 255
0.05 1 -71.2747 -12.8975 0 0 255
0.075 1 -72.3321 -12.6157 0 0 255
0.1 1 -73.4135 -12.5148 0 0 255
0.125 1 -74.3748 -12.5743 0 0 255
0.15 1 -75.1128 -12.7524 0 0 255
0.175 1 -75.5756 -13.0053 0 0 255
0.2 1 -75.7509 -13.2964 0 0 255
0.225 1 -75.6502 -13.5985 0 0 255
0.25 1 -75.2963 -13.892 0 0 255
0.275 1 -74.7171 -14.1626 0 0 255
0.3 1 -73.9421 -14.3993 0 0 255
0.325 1 -73.0016 -14.5932 0 0 255
0.35 1 -71.9257 -14.7376 0 0 255
0.375 1 -70.7441 -14.827 0 0 255
0.4 1 -69.4855 -14.8581 0 0 255
0.425 1 -68.1766 -14.8291 0 0 255
0.45 1 -66.8414 -14.74 0 0 255
0.475 1 -65.5009 -14.5925 0 0 255
0.5 1 -64.1725 -14.3895 0 0 255
-0.5 0.975 -19.3354 13.8225 0 0 255
-0.475 0.975 -19.3354 13.8225 0 0 255
-0.45 0.975 -19.3354 13.8225 0 0 255
-0.425 0.975 -19.3354 13.8225 0 0 255
-0.4 0.975 -19.3354 13.8225 0 0 255
-0.375 0.975 -19.3354 13.8225 0 0 255
-0.35 0.975 -19.3354 13.8225 0 0 255
-0.325 0.975 -19.3354 13.8225 0 0 255
-0.3 0.975 -19.3354 13.8225 0 0 255
-0.275 0.975 -19.3354 13.8225 0 0 255
-0.25 0.975 -19.3354 13.8225 0 0 255
-0.225 0.975 -19.3354 13.8225 0 0 255
-0.2 0.975 -19.3354 13.8225 0 0 255
-0.175 0.975 -47.2644 20.3419 0 0 255
-0.15 0.975 -53.8941 14.0543 0 0 255
-0.125 0.975 -60.4018 7.81358 0 0 255
-0.1 0.975 -66.5985 1.24737 0 0 255
-0.075 0.975 -69.1097 -15.0773 0 0 255
-0.05 0.975 -69.1056 -14.7871 0 0 255
-0.025 0.975 -69.356 -14.3027 0 0 255
0 0.975 -69.8451 -13.7212 0 0 255
0.025 0.975 -70.6 -13.1605 0 0 255
0.05 0.975 -71.6115 -12.7313 0 0 255
0.075 0.975 -72.768 -12.4995 0 0 255
0.1 0.975 -73.8947 -12.4699 0 0 255
0.125 0.975 -74.8341 -12.6027 0 0 255
0.15 0.975 -75.4907 -12.8437 0 0 255
0.175 0.975 -75.8291 -13.1438 0 0 255
0.2 0.975 -75.8535 -13.4667 0 0 255
0.225 0.975 -75.5874 -13.7866 0 0 255
0.25 0.975 -75.0626 -14.0859 0 0 255
0.275 0.975 -74.3129 -14.3515 0 0 255
0.3 0.975 -73.373 -14.5731 0 0 255
0.325 0.975 -72.2774 -14.7426 0 0 255
0.35 0.975 -71.0599 -14.8537 0 0 255
0.375 0.975 -69.7533 -14.9021 0 0 255
0.4 0.975 -68.3883 -14.8852 0 0 255
0.425 0.975 -66.9927 -14.8029 0 0 255
0.45 0.975 -65.5906 -14.6566 0 0 255
0.475 0.975 -64.2019 -14.4495 0 0 255
0.5 0.975 -62.8424 -14.1862 0 0 255
-0.5 0.95 -19.3354 13.8225 0 0 255
-0.475 0.95 -19.3354 13.8225 0 0 255
-0.45 0.95 -19.3354 13.8225 0 0 255
-0.425 0.95 -19.3354 13.8225 0 0 255
-0.4 0.95 -19.3354 13.8225 0 0 255
-0.375 0.95 -19.3354 13.8225 0 0 255
-0.35 0.95 -19.3354 13.8225 0 0 255
-0.325 0.95 -19.3354 13.8225 0 0 255
-0.3 0.95 -19.3354 13.8225 0 0 255
-0.275 0.95 -19.3354 13.8225 0 0 255
-0.25 0.95 -19.3354 13.8225 0 0 255
-0.225 0.95 -19.3354 13.8225 0 0 255
-0.2 0.95 -19.3354 13.8225 0 0 255
-0.175 0.95 -47.2644 20.3419 0 0 255
-0.15 0.95 -53.8941 14.0543 0 0 255
-0.125 0.95 -60.4018 7.81358 0 0 255
-0.1 0.95 -66.5985 1.24737 0 0 255
-0.075 0.95 -69.1097 -15.0773 0 0 255
-0.05 0.95 -69.1049 -14.7408 0 0 255
-0.025 0.95 -69.4157 -14.1873 0 0 255
0 0.95 -69.9921 -13.5463 0 0 255
0.025 0.95 -70.8652 -12.9636 0 0 255
0.05 0.95 -72.0079 -12.563 0 0 255
0.075 0.95 -73.2614 -12.4006 0 0 255
0.1 0.95 -74.4124 -12.4563 0 0 255
0.125 0.95 -75.2976 -12.6683 0 0 255
0.15 0.95 -75.8383 -12.9712 0 0 255
0.175 0.95 -76.0212 -13.3142 0 0 255
0.2 0.95 -75.8683 -13.6626 0 0 255
0.225 0.95 -75.4155 -13.9935 0 0 255
0.25 0.95 -74.7026 -14.2912 0 0 255
0.275 0.95 -73.7699 -14.5438 0 0 255
0.3 0.95 -72.6571 -14.7419 0 0 255
0.325 0.95 -71.4029 -14.8779 0 0 255
0.35 0.95 -70.0452 -14.9463 0 0 255
0.375 0.95 -68.6195 -14.944 0 0 255
0.4 0.95 -67.1578 -14.87 0 0 255
0.425 0.95 -65.6881 -14.7259 0 0 255
0.45 0.95 -64.2334 -14.515 0 0 255
0.475 0.95 -62.8116 -14.2422 0 0 255
0.5 0.95 -61.4358 -13.9137 0 0 255
-0.5 0.925 -19.3354 13.8225 0 0 255
-0.475 0.925 -19.3354 13.8225 0 0 255
-0.45 0.925 -19.3354 13.8225 0 0 255
-0.425 0.925 -19.3354 13.8225 0 0 255
-0.4 0.925 -19.3354 13.8225 0 0 255
-0.375 0.925 -19.3354 13.8225 0 0 255
-0.35 0.925 -19.3354 13.8225 0 0 255
-0.325 0.925 -19.3354 13.8225 0 0 255
-0.3 0.925 -19.3354 13.8225 0 0 255
-0.275 0.925 -19.3354 13.8225 0 0 255
-0.25 0.925 -19.3354 13.8225 0 0 255
-0.225 0.925 -19.3354 13.8225 0 0 255
-0.2 0.925 -19.3354 13.8225 0 0 255
-0.175 0.925 -47.2644 20.3419 0 0 255
-0.15 0.925 -53.8941 14.0543 0 0 255
-0.125 0.925 -60.4018 7.81358 0 0 255
-0.1 0.925 -66.5985 1.24737 0 0 255
-0.075 0.925 -69.1097 -15.0773 0 0 255
-0.05 0.925 -69.1041 -14.6826 0 0 255
-0.025 0.925 -69.4946 -14.0467 0 0 255
0 0.925 -70.1755 -13.3424 0 0 255
0.025 0.925 -71.1867 -12.7489 0 0 255
0.05 0.925 -72.4736 -12.3998 0 0 255
0.075 0.925 -73.8144 -12.3289 0 0 255
0.1 0.925 -74.9585 -12.4827 0 0 255
0.125 0.925 -75.7491 -12.7764 0 0 255
0.15 0.925 -76.1349 -13.1374 0 0 255
0.175 0.925 -76.129 -13.5163 0 0 255
0.2 0.925 -75.7718 -13.8823 0 0 255
0.225 0.925 -75.111 -14.216 0 0 255
0.25 0.925 -74.1942 -14.5035 0 0 255
0.275 0.925 -73.0678 -14.734 0 0 255
0.3 0.925 -71.7768 -14.8986 0 0 255
0.325 0.925 -70.3647 -14.9905 0 0 255
0.35 0.925 -68.8728 -15.0055 0 0 255
0.375 0.925 -67.3385 -14.9419 0 0 255
0.4 0.925 -65.7944 -14.801 0 0 255
0.425 0.925 -64.2671 -14.5865 0 0 255
0.45 0.925 -62.777 -14.3038 0 0 255
0.475 0.925 -61.3391 -13.9598 0 0 255
0.5 0.925 -59.963 -13.562 0 0 255
-0.5 0.9 -19.3354 13.8225 0 0 255
-0.475 0.9 -19.3354 13.8225 0 0 255
-0.45 0.9 -19.3354 13.8225 0 0 255
-0.425 0.9 -19.3354 13.8225 0 0 255
-0.4 0.9 -19.3354 13.8225 0 0 255
-0.375 0.9 -19.3354 13.8225 0 0 255
-0.35 0.9 -19.3354 13.8225 0 0 255
-0.325 0.9 -19.3354 13.8225 0 0 255
-0.3 0.9 -19.3354 13.8225 0 0 255
-0.275 0.9 -19.3354 13.8225 0 0 255
-0.25 0.9 -19.3354 13.8225 0 0 255
-0.225 0.9 -19.3354 13.8225 0 0 255
-0.2 0.9 -19.3354 13.8225 0 0 255
-0.175 0.9 -47.2644 20.3419 0 0 255
-0.15 0.9 -53.8941 14.0543 0 0 255
-0.125 0.9 -60.4018 7.81358 0 0 255
-0.1 0.9 -66.5985 1.24737 0 0 255
-0.075 0.9 -69.1097 -15.0773 0 0 255
-0.05 0.9 -69.1031 -14.6084 0 0 255
-0.025 0.9 -69.6009 -13.8737 0 0 255
0 0.9 -70.405 -13.1051 0 0 255
0.025 0.9 -71.577 -12.5198 0 0 255
0.05 0.9 -73.0182 -12.252 0 0 255
0.075 0.9 -74.4255 -12.2967 0 0 255
0.1 0.9 -75.5192 -12.558 0 0 255
0.125 0.9 -76.1667 -12.9316 0 0 255
0.15 0.9 -76.3546 -13.3431 0 0 255
0.175 0.9 -76.1253 -13.7486 0 0 255
0.2 0.9 -75.537 -14.1229 0 0 255
0.225 0.9 -74.6479 -14.4498 0 0 255
0.25 0.9 -73.5132 -14.7171 0 0 255
0.275 0.9 -72.1855 -14.9145 0 0 255
0.3 0.9 -70.7155 -15.0339 0 0 255
0.325 0.9 -69.1514 -15.0695 0 0 255
0.35 0.9 -67.5371 -15.0188 0 0 255
0.375 0.9 -65.9106 -14.8827 0 0 255
0.4 0.9 -64.303 -14.665 0 0 255
0.425 0.9 -62.7381 -14.3717 0 0 255
0.45 0.9 -61.2324 -14.0108 0 0 255
0.475 0.9 -59.7966 -13.5908 0 0 255
0.5 0.9 -58.4363 -13.1207 0 0 255
-0.5 0.875 -19.3354 13.8225 0 0 255
-0.475 0.875 -19.3354 13.8225 0 0 255
-0.45 0.875 -19.3354 13.8225 0 0 255
-0.425 0.875 -19.3354 13.8225 0 0 255
-0.4 0.875 -19.3354 13.8225 0 0 255
-0.375 0.875 -19.3354 13.8225 0 0 255
-0.35 0.875 -19.3354 13.8225 0 0 255
-0.325 0.875 -19.3354 13.8225 0 0 255
-0.3 0.875 -19.3354 13.8225 0 0 255
-0.275 0.875 -19.3354 13.8225 0 0 255
-0.25 0.875 -19.3354 13.8225 0 0 255
-0.225 0.875 -19.3354 13.8225 0 0 255
-0.2 0.875 -19.3354 13.8225 0 0 255
-0.175 0.875 -47.2644 20.3419 0 0 255
-0.15 0.875 -53.8941 14.0543 0 0 255
-0.125 0.875 -60.4018 7.81358 0 0 255
-0.1 0.875 -66.5985 1.24737 0 0 255
-0.075 0.875 -69.1097 -15.0773 0 0 255
-0.05 0.875 -69.1017 -14.5116 0 0 255
-0.025 0.875 -69.7463 -13.6591 0 0 255
0 0.875 -70.6926 -12.8302 0 0 255
0.025 0.875 -72.0509 -12.2832 0 0 255
0.05 0.875 -73.6504 -12.1345 0 0 255
0.075 0.875 -75.0878 -12.3177 0 0 255
0.1 0.875 -76.0734 -12.6905 0 0 255
0.125 0.875 -76.5217 -13.1364 0 0 255
0.15 0.875 -76.4662 -13.5874 0 0 255
0.175 0.875 -75.9785 -14.0083 0 0 255
0.2 0.875 -75.1329 -14.38 0 0 255
0.225 0.875 -73.9971 -14.6891 0 0 255
0.25 0.875 -72.6338 -14.9242 0 0 255
0.275 0.875 -71.1024 -15.0756 0 0 255
0.3 0.875 -69.4592 -15.1359 0 0 255
0.325 0.875 -67.756 -15.1013 0 0 255
0.35 0.875 -66.0379 -14.9718 0 0 255
0.375 0.875 -64.3414 -14.7514 0 0 255
0.4 0.875 -62.6939 -14.447 0 0 255
0.425 0.875 -61.1143 -14.0674 0 0 255
0.45 0.875 -59.614 -13.6228 0 0 255
0.475 0.875 -58.1986 -13.1234 0 0 255
0.5 0.875 -56.8694 -12.5793 0 0 255
-0.5 0.85 -19.3354 13.8225 0 0 255
-0.475 0.85 -19.3354 13.8225 0 0 255
-0.45 0.85 -19.3354 13.8225 0 0 255
-0.425 0.85 -19.3354 13.8225 0 0 255
-0.4 0.85 -19.3354 13.8225 0 0 255
-0.375 0.85 -19.3354 13.8225 0 0 255
-0.35 0.85 -19.3354 13.8225 0 0 255
-0.325 0.85 -19.3354 13.8225 0 0 255
-0.3 0.85 -19.3354 13.8225 0 0 255
-0.275 0.85 -19.3354 13.8225 0 0 255
-0.25 0.85 -19.3354 13.8225 0 0 255
-0.225 0.85 -19.3354 13.8225 0 0 255
-0.2 0.85 -19.3354 13.8225 0 0 255
-0.175 0.85 -47.2644 20.3419 0 0 255
-0.15 0.85 -53.8941 14.0543 0 0 255
-0.125 0.85 -60.4018 7.81358 0 0 255
-0.1 0.85 -66.5985 1.24737 0 0 255
-0.075 0.85 -69.1097 -15.0773 0 0 255
-0.05 0.85 -69.0998 -14.3824 0 0 255
-0.025 0.85 -69.9489 -13.3912 0 0 255
0 0.85 -71.0519 -12.5155 0 0 255
0.025 0.85 -72.6252 -12.0519 0 0 255
0.05 0.85 -74.3756 -12.0671 0 0 255
0.075 0.85 -75.7856 -12.4066 0 0 255
0.1 0.85 -76.5909 -12.8862 0 0 255
0.125 0.85 -76.7777 -13.391 0 0 255
0.15 0.85 -76.4317 -13.8673 0 0 255
0.175 0.85 -75.6514 -14.2907 0 0 255
0.2 0.85 -74.5245 -14.6474 0 0 255
0.225 0.85 -73.1274 -14.9257 0 0 255
0.25 0.85 -71.5306 -15.1145 0 0 255
0.275 0.85 -69.8005 -15.2043 0 0 255
0.3 0.85 -67.9984 -15.1895 0 0 255
0.325 0.85 -66.1778 -15.0692 0 0 255
0.35 0.85 -64.3821 -14.8471 0 0 255
0.375 0.85 -62.6433 -14.5308 0 0 255
0.4 0.85 -60.9828 -14.1308 0 0 255
0.425 0.85 -59.4129 -13.6586 0 0 255
0.45 0.85 -57.9387 -13.1263 0 0 255
0.475 0.85 -56.5607 -12.5455 0 0 255
0.5 0.85 -55.2759 -11.9269 0 0 255
-0.5 0.825 -19.3354 13.8225 0 0 255
-0.475 0.825 -19.3354 13.8225 0 0 255
-0.45 0.825 -19.3354 13.8225 0 0 255
-0.425 0.825 -19.3354 13.8225 0 0 255
-0.4 0.825 -19.3354 13.8225 0 0 255
-0.375 0.825 -19.3354 13.8225 0 0 255
-0.35 0.825 -19.3354 13.8225 0 0 255
-0.325 0.825 -19.3354 13.8225 0 0 255
-0.3 0.825 -19.3354 13.8225 0 0 255
-0.275 0.825 -19.3354 13.8225 0 0 255
-0.25 0.825 -19.3354 13.8225 0 0 255
-0.225 0.825 -19.3354 13.8225 0 0 255
-0.2 0.825 -19.3354 13.8225 0 0 255
-0.175 0.825 -47.2644 20.3419 0 0 255
-0.15 0.825 -53.8941 14.0543 0 0 255
-0.125 0.825 -60.4018 7.81358 0 0 255
-0.1 0.825 -66.5985 1.24737 0 0 255
-0.075 0.825 -69.1097 -15.0773 0 0 255
-0.05 0.825 -69.0973 -14.2046 0 0 255
-0.025 0.825 -70.2363 -13.0556 0 0 255
0 0.825 -71.4968 -12.1622 0 0 255
0.025 0.825 -73.3184 -11.8477 0 0 255
0.05 0.825 -75.1934 -12.0742 0 0 255
0.075 0.825 -76.492 -12.5767 0 0 255
0.1 0.825 -77.0303 -13.1478 0 0 255
0.125 0.825 -76.8894 -13.6927 0 0 255
0.15 0.825 -76.2061 -14.1777 0 0 255
0.175 0.825 -75.1013 -14.5892 0 0 255
0.2 0.825 -73.6731 -14.9169 0 0 255
0.225 0.825 -72.0067 -15.149 0 0 255
0.25 0.825 -70.1805 -15.274 0 0 255
0.275 0.825 -68.2676 -15.2839 0 0 255
0.3 0.825 -66.3319 -15.1758 0 0 255
0.325 0.825 -64.4251 -14.9533 0 0 255
0.35 0.825 -62.585 -14.6248 0 0 255
0.375 0.825 -60.8359 -14.2021 0 0 255
0.4 0.825 -59.1906 -13.699 0 0 255
0.425 0.825 -57.6538 -13.1296 0 0 255
0.45 0.825 -56.2245 -12.5073 0 0 255
0.475 0.825 -54.898 -11.8447 0 0 255
0.5 0.825 -53.6681 -11.1528 0 0 255
-0.5 0.8 -19.3354 13.8225 0 0 255
-0.475 0.8 -19.3354 13.8225 0 0 255
-0.45 0.8 -19.3354 13.8225 0 0 255
-0.425 0.8 -19.3354 13.8225 0 0 255
-0.4 0.8 -19.3354 13.8225 0 0 255
-0.375 0.8 -19.3354 13.8225 0 0 255
-0.35 0.8 -19.3354 13.8225 0 0 255
-0.325 0.8 -19.3354 13.8225 0 0 255
-0.3 0.8 -19.3354 13.8225 0 0 255
-0.275 0.8 -19.3354 13.8225 0 0 255
-0.25 0.8 -19.3354 13.8225 0 0 255
-0.225 0.8 -19.3354 13.8225 0 0 255
-0.2 0.8 -19.3354 13.8225 0 0 255
-0.175 0.8 -47.2644 20.3419 0 0 255
-0.15 0.8 -53.8941 14.0543 0 0 255
-0.125 0.8 -60.4018 7.81358 0 0 255
-0.1 0.8 -66.5985 1.24737 0 0 255
-0.075 0.8 -69.1097 -15.0773 0 0 255
-0.05 0.8 -69.0937 -13.951 0 0 255
-0.025 0.8 -70.6513 -12.637 0 0 255
0 0.8 -72.037 -11.7793 0 0 255
0.025 0.8 -74.1505 -11.704 0 0 255
0.05 0.8 -76.0926 -12.1829 0 0 255
0.075 0.8 -77.1645 -12.8369 0 0 255
0.1 0.8 -77.3372 -13.4734 0 0 255
0.125 0.8 -76.8007 -14.0354 0 0 255
0.15 0.8 -75.7362 -14.5112 0 0 255
0.175 0.8 -74.2798 -14.8952 0 0 255
0.2 0.8 -72.5382 -15.1773 0 0 255
0.225 0.8 -70.6052 -15.3442 0 0 255
0.25 0.8 -68.5674 -15.3845 0 0 255
0.275 0.8 -66.5016 -15.2929 0 0 255
0.3 0.8 -64.47 -15.072 0 0 255
0.325 0.8 -62.5172 -14.7307 0 0 255
0.35 0.8 -60.6707 -14.283 0 0 255
0.375 0.8 -58.9441 -13.745 0 0 255
0.4 0.8 -57.3409 -13.1334 0 0 255
0.425 0.8 -55.8578 -12.464 0 0 255
0.45 0.8 -54.4882 -11.7514 0 0 255
0.475 0.8 -53.2237 -11.0083 0 0 255
0.5 0.8 -52.0557 -10.2458 0 0 255
-0.5 0.775 -19.3354 13.8225 0 0 255
-0.475 0.775 -19.3354 13.8225 0 0 255
-0.45 0.775 -19.3354 13.8225 0 0 255
-0.425 0.775 -19.3354 13.8225 0 0 255
-0.4 0.775 -19.3354 13.8225 0 0 255
-0.375 0.775 -19.3354 13.8225 0 0 255
-0.35 0.775 -19.3354 13.8225 0 0 255
-0.325 0.775 -19.3354 13.8225 0 0 255
-0.3 0.775 -19.3354 13.8225 0 0 255
-0.275 0.775 -19.3354 13.8225 0 0 255
-0.25 0.775 -19.3354 13.8225 0 0 255
-0.225 0.775 -19.3354 13.8225 0 0 255
-0.2 0.775 -19.3354 13.8225 0 0 255
-0.175 0.775 -47.2644 20.3419 0 0 255
-0.15 0.775 -53.8941 14.0543 0 0 255
-0.125 0.775 -60.4018 7.81358 0 0 255
-0.1 0.775 -66.5985 1.24737 0 0 255
-0.075 0.775 -69.1097 -15.0773 0 0 255
-0.05 0.775 -69.0884 -13.5722 0 0 255
-0.025 0.775 -71.2582 -12.125 0 0 255
0 0.775 -72.6678 -11.3888 0 0 255
0.025 0.775 -75.1428 -11.6687 0 0 255
0.05 0.775 -77.0452 -12.4177 0 0 255
0.075 0.775 -77.7407 -13.1885 0 0 255
0.1 0.775 -77.4409 -13.8554 0 0 255
0.125 0.775 -76.4432 -14.4098 0 0 255
0.15 0.775 -74.9597 -14.8583 0 0 255
0.175 0.775 -73.1344 -15.1973 0 0 255
0.2 0.775 -71.081 -15.4133 0 0 255
0.225 0.775 -68.9017 -15.4912 0 0 255
0.25 0.775 -66.6883 -15.4216 0 0 255
0.275 0.775 -64.5158 -15.205 0 0 255
0.3 0.775 -62.4373 -14.8509 0 0 255
0.325 0.775 -60.4842 -14.3754 0 0 255
0.35 0.775 -58.6701 -13.7979 0 0 255
0.375 0.775 -56.9965 -13.1381 0 0 255
0.4 0.775 -55.4573 -12.4148 0 0 255
0.425 0.775 -54.0431 -11.645 0 0 255
0.45 0.775 -52.7432 -10.8435 0 0 255
0.475 0.775 -51.547 -10.023 0 0 255
0.5 0.775 -50.4447 -9.1942 0 0 255
-0.5 0.75 -19.3354 13.8225 0 0 255
-0.475 0.75 -19.3354 13.8225 0 0 255
-0.45 0.75 -19.3354 13.8225 0 0 255
-0.425 0.75 -19.3354 13.8225 0 0 255
-0.4 0.75 -19.3354 13.8225 0 0 255
-0.375 0.75 -19.3354 13.8225 0 0 255
-0.35 0.75 -19.3354 13.8225 0 0 255
-0.325 0.75 -19.3354 13.8225 0 0 255
-0.3 0.75 -19.3354 13.8225 0 0 255
-0.275 0.75 -19.3354 13.8225 0 0 255
-0.25 0.75 -19.3354 13.8225 0 0 255
-0.225 0.75 -19.3354 13.8225 0 0 255
-0.2 0.75 -19.3354 13.8225 0 0 255
-0.175 0.75 -47.2644 20.3419 0 0 255
-0.15 0.75 -53.8941 14.0543 0 0 255
-0.125 0.75 -60.4018 7.81358 0 0 255
-0.1 0.75 -66.5985 1.24737 0 0 255
-0.075 0.75 -69.1097 -15.0773 0 0 255
-0.05 0.75 -69.0798 -12.9711 0 0 255
-0.025 0.75 -72.1471 -11.5321 0 0 255
0 0.75 -73.3506 -11.0322 0 0 255
0.025 0.75 -76.3216 -11.802 0 0 255
0.05 0.75 -77.9976 -12.7927 0 0 255
0.075 0.75 -78.1323 -13.6224 0 0 255
0.1 0.75 -77.2495 -14.281 0 0 255
0.125 0.75 -75.7334 -14.8042 0 0 255
0.15 0.75 -73.8068 -15.2068 0 0 255
0.175 0.75 -71.6139 -15.4797 0 0 255
0.2 0.75 -69.2731 -15.6036 0 0 255
0.225 0.75 -66.8921 -15.563 0 0 255
0.25 0.75 -64.5607 -15.3547 0 0 255
0.275 0.75 -62.3425 -14.9882 0 0 255
0.3 0.75 -60.2729 -14.4821 0 0 255
0.325 0.75 -58.365 -13.8596 0 0 255
0.35 0.75 -56.6172 -13.1443 0 0 255
0.375 0.75 -55.0196 -12.3588 0 0 255
0.4 0.75 -53.5594 -11.523 0 0 255
0.425 0.75 -52.223 -10.6542 0 0 255
0.45 0.75 -50.9977 -9.76723 0 0 255
0.475 0.75 -49.8725 -8.87434 0 0 255
0.5 0.75 -48.8374 -7.98572 0 0 255
-0.5 0.725 -19.3354 13.8225 0 0 255
-0.475 0.725 -19.3354 13.8225 0 0 255
-0.45 0.725 -19.3354 13.8225 0 0 255
-0.425 0.725 -19.3354 13.8225 0 0 255
-0.4 0.725 -19.3354 13.8225 0 0 255
-0.375 0.725 -19.3354 13.8225 0 0 255
-0.35 0.725 -19.3354 13.8225 0 0 255
-0.325 0.725 -19.3354 13.8225 0 0 255
-0.3 0.725 -19.3354 13.8225 0 0 255
-0.275 0.725 -19.3354 13.8225 0 0 255
-0.25 0.725 -19.3354 13.8225 0 0 255
-0.225 0.725 -19.3354 13.8225 0 0 255
-0.2 0.725 -19.3354 13.8225 0 0 255
-0.175 0.725 -47.2644 20.3419 0 0 255
-0.15 0.725 -53.8941 14.0543 0 0 255
-0.125 0.725 -60.4018 7.81358 0 0 255
-0.1 0.725 -66.5985 1.24737 0 0 255
-0.075 0.725 -69.1097 -15.0773 0 0 255
-0.05 0.725 -69.0651 -11.9326 0 0 255
-0.025 0.725 -73.4166 -10.9366 0 0 255
0 0.725 -73.9764 -10.7722 0 0 255
0.025 0.725 -77.7249 -12.1656 0 0 255
0.05 0.725 -78.8572 -13.3008 0 0 255
0.075 0.725 -78.2128 -14.1186 0 0 255
0.1 0.725 -76.643 -14.7335 0 0 255
0.125 0.725 -74.5724 -15.2049 0 0 255
0.15 0.725 -72.2073 -15.541 0 0 255
0.175 0.725 -69.6805 -15.7203 0 0 255
0.2 0.725 -67.1104 -15.718 0 0 255
0.225 0.725 -64.6014 -15.524 0 0 255
0.25 0.725 -62.2288 -15.1464 0 0 255
0.275 0.725 -60.033 -14.6066 0 0 255
0.3 0.725 -58.0254 -13.9326 0 0 255
0.325 0.725 -56.1999 -13.1531 0 0 255
0.35 0.725 -54.5418 -12.2951 0 0 255
0.375 0.725 -53.0336 -11.3823 0 0 255
0.4 0.725 -51.659 -10.4352 0 0 255
0.425 0.725 -50.4031 -9.47119 0 0 255
0.45 0.725 -49.2535 -8.50455 0 0 255
0.475 0.725 -48.1997 -7.54699 0 0 255
0.5 0.725 -47.2325 -6.6079 0 0 255
-0.5 0.7 -19.3354 13.8225 0 0 255
-0.475 0.7 -19.3354 13.8225 0 0 255
-0.45 0.7 -19.3354 13.8225 0 0 255
-0.425 0.7 -19.3354 13.8225 0 0 255
-0.4 0.7 -19.3354 13.8225 0 0 255
-0.375 0.7 -19.3354 13.8225 0 0 255
-0.35 0.7 -19.3354 13.8225 0 0 255
-0.325 0.7 -19.3354 13.8225 0 0 255
-0.3 0.7 -19.3354 13.8225 0 0 255
-0.275 0.7 -19.3354 13.8225 0 0 255
-0.25 0.7 -19.3354 13.8225 0 0 255
-0.225 0.7 -19.3354 13.8225 0 0 255
-0.2 0.7 -19.3354 13.8225 255 0 0
-0.175 0.7 -47.2644 20.3419 255 0 0
-0.15 0.7 -53.8941 14.0543 255 0 0
-0.125 0.7 -60.4018 7.81358 255 0 0
-0.1 0.7 -66.5985 1.24737 255 0 0
-0.075 0.7 -69.1097 -15.0773 255 0 0
-0.05 0.7 -69.0361 -9.88671 0 0 255
-0.025 0.7 -75.0708 -10.5579 0 0 255
0 0.7 -74.298 -10.6778 0 0 255
0.025 0.7 -79.4104 -12.7922 0 0 255
0.05 0.7 -79.4614 -13.9065 0 0 255
0.075 0.7 -77.7941 -14.6501 0 0 255
0.1 0.7 -75.4645 -15.195 0 0 255
0.125 0.7 -72.8558 -15.5958 0 0 255
0.15 0.7 -70.1109 -15.8389 0 0 255
0.175 0.7 -67.3334 -15.8867 0 0 255
0.2 0.7 -64.6315 -15.7159 0 0 255
0.225 0.7 -62.0921 -15.33 0 0 255
0.25 0.7 -59.7614 -14.7536 0 0 255
0.275 0.7 -57.649 -14.0206 0 0 255
0.3 0.7 -55.7426 -13.1661 0 0 255
0.325 0.7 -54.021 -12.2227 0 0 255
0.35 0.7 -52.4622 -11.219 0 0 255
0.375 0.7 -51.0465 -10.1795 0 0 255
0.4 0.7 -49.7572 -9.12501 0 0 255
0.425 0.7 -48.5809 -8.07242 0 0 255
0.45 0.7 -47.5065 -7.03552 0 0 255
0.475 0.7 -46.5247 -6.0251 0 0 255
0.5 0.7 -45.6274 -5.04931 0 0 255
-0.5 0.675 -29.4343 32.5378 0 0 255
-0.475 0.675 -29.4343 32.5378 0 0 255
-0.45 0.675 -29.4343 32.5378 0 0 255
-0.425 0.675 -29.4343 32.5378 0 0 255
-0.4 0.675 -29.4343 32.5378 0 0 255
-0.375 0.675 -29.4343 32.5378 0 0 255
-0.35 0.675 -29.4343 32.5378 0 0 255
-0.325 0.675 -29.4343 32.5378 0 0 255
-0.3 0.675 -29.4343 32.5378 0 0 255
-0.275 0.675 -29.4343 32.5378 0 0 255
-0.25 0.675 -29.4343 32.5378 0 0 255
-0.225 0.675 -29.4343 32.5378 0 0 255
-0.2 0.675 -29.4343 32.5378 255 0 0
-0.175 0.675 -35.993 26.2445 255 0 0
-0.15 0.675 -42.5668 20.0553 255 0 0
-0.125 0.675 -49.1378 13.8571 255 0 0
-0.1 0.675 -55.7188 7.64512 255 0 0
-0.075 0.675 -62.3293 1.44745 255 0 0
-0.05 0.675 -68.9625 -4.69608 255 0 0
-0.025 0.675 -76.6878 -10.7378 255 0 0
0 0.675 -73.7678 -10.7601 0 0 255
0.025 0.675 -81.4159 -13.6216 0 0 255
0.05 0.675 -79.4908 -14.5507 0 0 255
0.075 0.675 -76.5801 -15.1916 0 0 255
0.1 0.675 -73.5288 -15.6478 0 0 255
0.125 0.675 -70.5133 -15.9557 0 0 255
0.15 0.675 -67.531 -16.0674 0 0 255
0.175 0.675 -64.6393 -15.9331 0 0 255
0.2 0.675 -61.9294 -15.545 0 0 255
0.225 0.675 -59.4586 -14.9298 0 0 255
0.25 0.675 -57.2368 -14.1293 0 0 255
0.275 0.675 -55.2454 -13.1865 0 0 255
0.3 0.675 -53.4561 -12.1413 0 0 255
0.325 0.675 -51.8416 -11.0284 0 0 255
0.35 0.675 -50.3794 -9.87786 0 0 255
0.375 0.675 -49.0518 -8.71505 0 0 255
0.4 0.675 -47.8447 -7.56072 0 0 255
0.425 0.675 -46.747 -6.4314 0 0 255
0.45 0.675 -45.7494 -5.3397 0 0 255
0.475 0.675 -44.8433 -4.29477 0 0 255
0.5 0.675 -44.0215 -3.30276 0 0 255
-0.5 0.65 -18.1233 38.5555 0 0 255
-0.475 0.65 -18.1233 38.5555 0 0 255
-0.45 0.65 -18.1233 38.5555 0 0 255
-0.425 0.65 -18.1233 38.5555 0 0 255
-0.4 0.65 -18.1233 38.5555 0 0 255
-0.375 0.65 -18.1233 38.5555 0 0 255
-0.35 0.65 -18.1233 38.5555 0 0 255
-0.325 0.65 -18.1233 38.5555 0 0 255
-0.3 0.65 -18.1233 38.5555 0 0 255
-0.275 0.65 -18.1233 38.5555 0 0 255
-0.25 0.65 -18.1233 38.5555 0 0 255
-0.225 0.65 -18.1233 38.5555 0 0 255
-0.2 0.65 -18.1233 38.5555 255 0 0
-0.175 0.65 -24.6596 32.3172 255 0 0
-0.15 0.65 -31.2393 26.1475 255 0 0
-0.125 0.65 -37.8216 19.9813 255 0 0
-0.1 0.65 -44.4107 13.8125 255 0 0
-0.075 0.65 -51.0133 7.64849 255 0 0
-0.05 0.65 -57.6243 1.49267 255 0 0
-0.025 0.65 -64.2297 -4.66584 255 0 0
0 0.65 -70.8477 -10.7824 255 0 0
0.025 0.65 -83.4652 -14.3883 255 0 0
0.05 0.65 -78.17 -15.1883 0 0 255
0.075 0.65 -74.1173 -15.7337 0 0 255
0.1 0.65 -70.7112 -16.069 0 0 255
0.125 0.65 -67.6133 -16.2519 0 0 255
0.15 0.65 -64.6057 -16.1769 0 0 255
0.175 0.65 -61.7476 -15.7989 0 0 255
0.2 0.65 -59.1354 -15.1448 0 0 255
0.225 0.65 -56.7975 -14.2673 0 0 255
0.25 0.65 -54.7132 -13.2199 0 0 255
0.275 0.65 -52.8472 -12.0512 0 0 255
0.3 0.65 -51.1674 -10.8043 0 0 255
0.325 0.65 -49.6491 -9.51703 0 0 255
0.35 0.65 -48.2745 -8.22161 0 0 255
0.375 0.65 -47.0301 -6.94443 0 0 255
0.4 0.65 -45.9053 -5.70601 0 0 255
0.425 0.65 -44.8905 -4.52134 0 0 255
0.45 0.65 -43.9772 -3.40053 0 0 255
0.475 0.65 -43.1568 -2.34962 0 0 255
0.5 0.65 -42.4213 -1.37133 0 0 255
-0.5 0.625 -6.7539 44.6006 0 0 255
-0.475 0.625 -6.7539 44.6006 0 0 255
-0.45 0.625 -6.7539 44.6006 0 0 255
-0.425 0.625 -6.7539 44.6006 0 0 255
-0.4 0.625 -6.7539 44.6006 0 0 255
-0.375 0.625 -6.7539 44.6006 0 0 255
-0.35 0.625 -6.7539 44.6006 0 0 255
-0.325 0.625 -6.7539 44.6006 0 0 255
-0.3 0.625 -6.7539 44.6006 0 0 255
-0.275 0.625 -6.7539 44.6006 0 0 255
-0.25 0.625 -6.7539 44.6006 0 0 255
-0.225 0.625 -6.7539 44.6006 0 0 255
-0.2 0.625 -6.7539 44.6006 255 0 0
-0.175 0.625 -13.2976 38.3854 255 0 0
-0.15 0.625 -19.8929 32.2481 255 0 0
-0.125 0.625 -26.4875 26.1196 255 0 0
-0.1 0.625 -33.0772 19.9842 255 0 0
-0.075 0.625 -39.6635 13.8386 255 0 0
-0.05 0.625 -46.2446 7.68467 255 0 0
-0.025 0.625 -52.8116 1.52273 255 0 0
0 0.625 -59.3551 -4.64339 255 0 0
0.025 0.625 -65.8771 -10.8019 255 0 0
0.05 0.625 -72.8748 -15.9882 255 0 0
0.075 0.625 -70.0646 -16.2792 0 0 255
0.1 0.625 -67.3051 -16.4043 0 0 255
0.125 0.625 -64.5153 -16.4349 0 0 255
0.15 0.625 -61.5982 -16.1019 0 0 255
0.175 0.625 -58.8338 -15.4135 0 0 255
0.2 0.625 -56.3555 -14.4487 0 0 255
0.225 0.625 -54.1576 -13.2765 0 0 255
0.25 0.625 -52.1963 -11.9552 0 0 255
0.275 0.625 -50.4326 -10.5389 0 0 255
0.3 0.625 -48.8411 -9.07751 0 0 255
0.325 0.625 -47.4053 -7.61454 0 0 255
0.35 0.625 -46.1137 -6.18534 0 0 255
0.375 0.625 -44.9567 -4.81636 0 0 255
0.4 0.625 -43.9248 -3.52558 0 0 255
0.425 0.625 -43.0081 -2.32367 0 0 255
0.45 0.625 -42.1965 -1.21547 0 0 255
0.475 0.625 -41.4798 -0.201405 0 0 255
0.5 0.625 -40.8481 0.721186 0 0 255
-0.5 0.6 4.92947 50.4127 0 0 255
-0.475 0.6 4.92947 50.4127 0 0 255
-0.45 0.6 4.92947 50.4127 0 0 255
-0.425 0.6 4.92947 50.4127 0 0 255
-0.4 0.6 4.92947 50.4127 0 0 255
-0.375 0.6 4.92947 50.4127 0 0 255
-0.35 0.6 4.92947 50.4127 0 0 255
-0.325 0.6 4.92947 50.4127 0 0 255
-0.3 0.6 4.92947 50.4127 0 0 255
-0.275 0.6 4.92947 50.4127 0 0 255
-0.25 0.6 4.92947 50.4127 0 0 255
-0.225 0.6 4.92947 50.4127 0 0 255
-0.2 0.6 4.92947 50.4127 255 0 0
-0.175 0.6 -1.90052 44.4485 255 0 0
-0.15 0.6 -8.52518 38.363 255 0 0
-0.125 0.6 -15.1311 32.2724 255 0 0
-0.1 0.6 -21.7169 26.1641 255 0 0
-0.075 0.6 -28.2849 20.0335 255 0 0
-0.05 0.6 -34.8359 13.8828 255 0 0
-0.025 0.6 -41.366 7.71817 255 0 0
0 0.6 -47.8688 1.54746 255 0 0
0.025 0.6 -54.3344 -4.62151 255 0 0
0.05 0.6 -60.7587 -10.7763 255 0 0
0.075 0.6 -67.2543 -16.5703 255 0 0
0.1 0.6 -64.5457 -16.5293 0 0 255
0.125 0.6 -61.7255 -16.4655 0 0 255
0.15 0.6 -58.681 -15.7688 0 0 255
0.175 0.6 -55.9594 -14.6978 0 0 255
0.2 0.6 -53.5944 -13.3738 0 0 255
0.225 0.6 -51.5018 -11.8599 0 0 255
0.25 0.6 -49.6222 -10.2212 0 0 255
0.275 0.6 -47.9284 -8.52788 0 0 255
0.3 0.6 -46.4087 -6.84409 0 0 255
0.325 0.6 -45.0562 -5.22105 0 0 255
0.35 0.6 -43.8626 -3.69433 0 0 255
0.375 0.6 -42.8174 -2.28505 0 0 255
0.4 0.6 -41.9077 -1.00255 0 0 255
0.425 0.6 -41.1196 0.152331 0 0 255
0.45 0.6 -40.4389 1.18445 0 0 255
0.475 0.6 -39.8519 2.10206 0 0 255
0.5 0.6 -39.346 2.91508 0 0 255
-0.5 0.575 36.3648 45.3607 0 0 255
-0.475 0.575 36.3648 45.3607 0 0 255
-0.45 0.575 36.3648 45.3607 0 0 255
-0.425 0.575 36.3648 45.3607 0 0 255
-0.4 0.575 36.3648 45.3607 0 0 255
-0.375 0.575 36.3648 45.3607 0 0 255
-0.35 0.575 36.3648 45.3607 0 0 255
-0.325 0.575 36.3648 45.3607 0 0 255
-0.3 0.575 36.3648 45.3607 0 0 255
-0.275 0.575 36.3648 45.3607 0 0 255
-0.25 0.575 36.3648 45.3607 0 0 255
-0.225 0.575 36.3648 45.3607 0 0 255
-0.2 0.575 36.3648 45.3607 255 0 0
-0.175 0.575 9.51394 50.5185 255 0 0
-0.15 0.575 2.84439 44.5183 255 0 0
-0.125 0.575 -3.75935 38.4524 255 0 0
-0.1 0.575 -10.3313 32.359 255 0 0
-0.075 0.575 -16.8756 26.2375 255 0 0
-0.05 0.575 -23.3943 20.0904 255 0 0
-0.025 0.575 -29.8865 13.9247 255 0 0
0 0.575 -36.3477 7.75127 255 0 0
0.025 0.575 -42.7709 1.58245 255 0 0
0.05 0.575 -49.1503 -4.57233 255 0 0
0.075 0.575 -55.4855 -10.7024 255 0 0
0.1 0.575 -61.8371 -16.4884 255 0 0
0.125 0.575 -58.9053 -16.4016 0 0 255
0.15 0.575 -55.6366 -15.0722 0 0 255
0.175 0.575 -53.012 -13.5379 0 0 255
0.2 0.575 -50.7459 -11.7792 0 0 255
0.225 0.575 -48.7033 -9.83532 0 0 255
0.25 0.575 -46.859 -7.81218 0 0 255
0.275 0.575 -45.2195 -5.81973 0 0 255
0.3 0.575 -43.7886 -3.94093 0 0 255
0.325 0.575 -42.5597 -2.22529 0 0 255
0.35 0.575 -41.517 -0.694017 0 0 255
0.375 0.575 -40.6395 0.65143 0 0 255
0.4 0.575 -39.9046 1.8215 0 0 255
0.425 0.575 -39.2905 2.83267 0 0 255
0.45 0.575 -38.7774 3.70357 0 0 255
0.475 0.575 -38.3481 4.45275 0 0 255
0.5 0.575 -37.9882 5.09741 0 0 255
-0.5 0.55 35.9913 45.6274 0 0 255
-0.475 0.55 35.9358 45.667 0 0 255
-0.45 0.55 35.8673 45.7159 0 0 255
-0.425 0.55 35.7814 45.7773 0 0 255
-0.4 0.55 35.6716 45.8556 0 0 255
-0.375 0.55 35.5286 45.9578 0 0 255
-0.35 0.55 35.3375 46.0942 0 0 255
-0.325 0.55 35.0747 46.2818 0 0 255
-0.3 0.55 34.6998 46.5494 0 0 255
-0.275 0.55 34.1399 46.9492 0 0 255
-0.25 0.55 33.2513 47.5837 0 0 255
-0.225 0.55 31.7162 48.6797 0 0 255
-0.2 0.55 28.6918 50.8391 0 0 255
-0.175 0.55 21.0188 56.3175 255 0 0
-0.15 0.55 14.2065 50.7352 255 0 0
-0.125 0.55 7.62153 44.6746 255 0 0
-0.1 0.55 1.0761 38.5788 255 0 0
-0.075 0.55 -5.43563 32.4566 255 0 0
-0.05 0.55 -11.9171 26.3107 255 0 0
-0.025 0.55 -18.3686 20.1466 255 0 0
0 0.55 -24.7874 13.9746 255 0 0
0.025 0.55 -31.1684 7.80835 255 0 0
0.05 0.55 -37.507 1.66092 255 0 0
0.075 0.55 -43.8017 -4.4601 255 0 0
0.1 0.55 -50.0541 -10.5483 255 0 0
0.125 0.55 -55.9735 -16.3148 255 0 0
0.15 0.55 -52.3678 -13.7429 0 0 255
0.175 0.55 -49.9101 -11.7244 0 0 255
0.2 0.55 -47.6272 -9.3588 0 0 255
0.225 0.55 -45.531 -6.81641 0 0 255
0.25 0.55 -43.7045 -4.35163 0 0 255
0.275 0.55 -42.1796 -2.12564 0 0 255
0.3 0.55 -40.9415 -0.202659 0 0 255
0.325 0.55 -39.9519 1.41551 0 0 255
0.35 0.55 -39.1665 2.75789 0 0 255
0.375 0.55 -38.5441 3.86428 0 0 255
0.4 0.55 -38.0497 4.77479 0 0 255
0.425 0.55 -37.6551 5.52531 0 0 255
0.45 0.55 -37.3383 6.14618 0 0 255
0.475 0.55 -37.0822 6.66225 0 0 255
0.5 0.55 -36.8737 7.09355 0 0 255
-0.5 0.525 35.92 46.1455 0 0 255
-0.475 0.525 35.904 46.2614 0 0 255
-0.45 0.525 35.8964 46.4029 0 0 255
-0.425 0.525 35.9038 46.5775 0 0 255
-0.4 0.525 35.9371 46.7952 0 0 255
-0.375 0.525 36.0146 47.0696 0 0 255
-0.35 0.525 36.1674 47.419 0 0 255
-0.325 0.525 36.4484 47.8676 0 0 255
-0.3 0.525 36.9489 48.4454 0 0 255
-0.275 0.525 37.8252 49.1841 0 0 255
-0.25 0.525 39.335 50.0997 0 0 255
-0.225 0.525 41.8529 51.141 0 0 255
-0.2 0.525 45.7064 52.0766 0 0 255
-0.175 0.525 50.2654 52.4083 255 0 0
-0.15 0.525 25.5576 57.0512 255 0 0
-0.125 0.525 19.0122 50.94 255 0 0
-0.1 0.525 12.504 44.8289 255 0 0
-0.075 0.525 6.0334 38.6968 255 0 0
-0.05 0.525 -0.404316 32.5481 255 0 0
-0.025 0.525 -6.81073 26.3868 255 0 0
0 0.525 -13.1848 20.2211 255 0 0
0.025 0.525 -19.5234 14.0629 255 0 0
0.05 0.525 -25.8228 7.92532 255 0 0
0.075 0.525 -32.0818 1.81895 255 0 0
0.1 0.525 -38.3028 -4.25347 255 0 0
0.125 0.525 -44.4841 -10.2882 255 0 0
0.15 0.525 -48.7621 -11.171 255 0 0
0.175 0.525 -46.3282 -8.78262 0 0 255
0.2 0.525 -43.6531 -5.24079 0 0 255
0.225 0.525 -41.4998 -1.9272 0 0 255
0.25 0.525 -39.9341 0.736452 0 0 255
0.275 0.525 -38.83 2.76418 0 0 255
0.3 0.525 -38.0524 4.2846 0 0 255
0.325 0.525 -37.4987 5.42687 0 0 255
0.35 0.525 -37.0982 6.29317 0 0 255
0.375 0.525 -36.8034 6.95844 0 0 255
0.4 0.525 -36.5827 7.47622 0 0 255
0.425 0.525 -36.4147 7.8846 0 0 255
0.45 0.525 -36.2848 8.21083 0 0 255
0.475 0.525 -36.1829 8.47457 0 0 255
0.5 0.525 -36.102 8.69017 0 0 255
-0.5 0.5 36.2515 46.9359 0 0 255
-0.475 0.5 36.3459 47.1609 0 0 255
-0.45 0.5 36.4788 47.4314 0 0 255
-0.425 0.5 36.6641 47.7586 0 0 255
-0.4 0.5 36.9204 48.1567 0 0 255
-0.375 0.5 37.272 48.6436 0 0 255
-0.35 0.5 37.7494 49.2412 0 0 255
-0.325 0.5 38.3875 49.9763 0 0 255
-0.3 0.5 39.2185 50.8799 0 0 255
-0.275 0.5 40.2517 51.9882 0 0 255
-0.25 0.5 41.4271 53.3466 0 0 255
-0.225 0.5 42.515 55.035 0 0 255
-0.2 0.5 42.8954 57.272 0 0 255
-0.175 0.5 40.9668 60.8367 0 0 255
-0.15 0.5 31.6681 69.2651 255 0 0
-0.125 0.5 30.4055 57.2549 255 0 0
-0.1 0.5 23.958 51.1036 255 0 0
-0.075 0.5 17.5316 44.9602 255 0 0
-0.05 0.5 11.1418 38.8068 255 0 0
-0.025 0.5 4.78452 32.6486 255 0 0
0 0.5 -1.54212 26.4924 255 0 0
0.025 0.5 -7.8373 20.3477 255 0 0
0.05 0.5 -14.0993 14.2252 255 0 0
0.075 0.5 -20.328 8.13514 255 0 0
0.1 0.5 -26.5269 2.08399 255 0 0
0.125 0.5 -32.7052 -3.9277 255 0 0
0.15 0.5 -38.8394 -9.87879 255 0 0
0.175 0.5 -37.2447 0.130917 0 0 255
0.2 0.5 -36.6162 4.07626 0 0 255
0.225 0.5 -36.2971 6.07893 0 0 255
0.25 0.5 -36.1124 7.23815 0 0 255
0.275 0.5 -35.9961 7.96857 0 0 255
0.3 0.5 -35.9182 8.4576 0 0 255
0.325 0.5 -35.8635 8.80044 0 0 255
0.35 0.5 -35.8238 9.04967 0 0 255
0.375 0.5 -35.7941 9.23627 0 0 255
0.4 0.5 -35.7713 9.37944 0 0 255
0.425 0.5 -35.7534 9.49158 0 0 255
0.45 0.5 -35.7392 9.58097 0 0 255
0.475 0.5 -35.7277 9.65333 0 0 255
0.5 0.5 -35.7182 9.71269 0 0 255
-0.5 0.475 36.8645 47.9693 0 0 255
-0.475 0.475 37.0723 48.3197 0 0 255
-0.45 0.475 37.3313 48.7329 0 0 255
-0.425 0.475 37.6515 49.2216 0 0 255
-0.4 0.475 38.0426 49.8012 0 0 255
-0.375 0.475 38.5126 50.4899 0 0 255
-0.35 0.475 39.063 51.3089 0 0 255
-0.325 0.475 39.682 52.2832 0 0 255
-0.3 0.475 40.3326 53.4426 0 0 255
-0.275 0.475 40.9334 54.8248 0 0 255
-0.25 0.475 41.332 56.4832 0 0 255
-0.225 0.475 41.2708 58.5028 0 0 255
-0.2 0.475 40.3667 61.0226 0 0 255
-0.175 0.475 38.2271 64.196 0 0 255
-0.15 0.475 35.4875 67.5553 0 0 255
-0.125 0.475 39.3068 65.8456 255 0 0
-0.1 0.475 35.4294 57.4076 255 0 0
-0.075 0.475 29.0625 51.2445 255 0 0
-0.05 0.475 22.7193 45.0892 255 0 0
-0.025 0.475 16.4119 38.934 255 0 0
0 0.475 10.1335 32.7889 255 0 0
0.025 0.475 3.88206 26.6611 255 0 0
0.05 0.475 -2.34364 20.5579 255 0 0
0.075 0.475 -8.54546 14.4871 255 0 0
0.1 0.475 -14.7274 8.45552 255 0 0
0.125 0.475 -20.8965 2.46452 255 0 0
0.15 0.475 -27.0579 -3.48445 255 0 0
0.175 0.475 -35.65 10.1406 255 0 0
0.2 0.475 -35.65 10.1406 0 0 255
0.225 0.475 -35.65 10.1406 0 0 255
0.25 0.475 -35.65 10.1406 0 0 255
0.275 0.475 -35.65 10.1406 0 0 255
0.3 0.475 -35.65 10.1406 0 0 255
0.325 0.475 -35.65 10.1406 0 0 255
0.35 0.475 -35.65 10.1406 0 0 255
0.375 0.475 -35.65 10.1406 0 0 255
0.4 0.475 -35.65 10.1406 0 0 255
0.425 0.475 -35.65 10.1406 0 0 255
0.45 0.475 -35.65 10.1406 0 0 255
0.475 0.475 -35.65 10.1406 0 0 255
0.5 0.475 -35.65 10.1406 0 0 255
-0.5 0.45 37.5807 49.1838 0 0 255
-0.475 0.45 37.8602 49.6579 0 0 255
-0.45 0.45 38.183 50.2062 0 0 255
-0.425 0.45 38.55 50.841 0 0 255
-0.4 0.45 38.9581 51.5764 0 0 255
-0.375 0.45 39.3974 52.4283 0 0 255
-0.35 0.45 39.8476 53.4148 0 0 255
-0.325 0.45 40.2727 54.5557 0 0 255
-0.3 0.45 40.6154 55.8737 0 0 255
-0.275 0.45 40.7922 57.3938 0 0 255
-0.25 0.45 40.6961 59.1412 0 0 255
-0.225 0.45 40.2205 61.1287 0 0 255
-0.2 0.45 39.3485 63.3089 0 0 255
-0.175 0.45 38.4084 65.4201 0 0 255
-0.15 0.45 38.5896 66.6443 0 0 255
-0.125 0.45 41.6917 65.7333 0 0 255
-0.1 0.45 44.0766 65.6209 255 0 0
-0.075 0.45 40.6017 57.563 255 0 0
-0.05 0.45 34.3291 51.396 255 0 0
-0.025 0.45 28.0687 45.2429 255 0 0
0 0.45 21.8335 39.1096 255 0 0
0.025 0.45 15.6227 33.0003 255 0 0
0.05 0.45 9.43144 26.9182 255 0 0
0.075 0.45 3.25416 20.8679 255 0 0
0.1 0.45 -2.91401 14.8541 255 0 0
0.125 0.45 -9.07973 8.87995 255 0 0
0.15 0.45 -15.2526 2.94638 255 0 0
0.175 0.45 -22.2224 -1.30812 255 0 0
0.2 0.45 -22.2224 -1.30812 0 0 255
0.225 0.45 -22.2224 -1.30812 0 0 255
0.25 0.45 -22.2224 -1.30812 0 0 255
0.275 0.45 -22.2224 -1.30812 0 0 255
0.3 0.45 -22.2224 -1.30812 0 0 255
0.325 0.45 -22.2224 -1.30812 0 0 255
0.35 0.45 -22.2224 -1.30812 0 0 255
0.375 0.45 -22.2224 -1.30812 0 0 255
0.4 0.45 -22.2224 -1.30812 0 0 255
0.425 0.45 -22.2224 -1.30812 0 0 255
0.45 0.45 -22.2224 -1.30812 0 0 255
0.475 0.45 -22.2224 -1.30812 0 0 255
0.5 0.45 -22.2224 -1.30812 0 0 255
-0.5 0.425 38.2624 50.5114 0 0 255
-0.475 0.425 38.5626 51.0958 0 0 255
-0.45 0.425 38.8869 51.7598 0 0 255
-0.425 0.425 39.2286 52.5139 0 0 255
-0.4 0.425 39.5758 53.3698 0 0 255
-0.375 0.425 39.9098 54.3397 0 0 255
-0.35 0.425 40.2038 55.4364 0 0 255
-0.325 0.425 40.4216 56.6721 0 0 255
-0.3 0.425 40.519 58.057 0 0 255
-0.275 0.425 40.4511 59.5945 0 0 255
-0.25 0.425 40.1912 61.2715 0 0 255
-0.225 0.425 39.7734 63.0344 0 0 255
-0.2 0.425 39.372 64.7449 0 0 255
-0.175 0.425 39.3945 66.1259 0 0 255
-0.15 0.425 40.3807 66.8317 0 0 255
-0.125 0.425 42.1717 67.0191 0 0 255
-0.1 0.425 42.6518 68.3049 0 0 255
-0.075 0.425 41.2269 70.9888 255 0 0
-0.05 0.425 45.9484 57.754 255 0 0
-0.025 0.425 39.7536 51.5705 255 0 0
0 0.425 33.5526 45.4509 255 0 0
0.025 0.425 27.3735 39.3626 255 0 0
0.05 0.425 21.212 33.3017 255 0 0
0.075 0.425 15.0566 27.2704 255 0 0
0.1 0.425 8.90109 21.2713 255 0 0
0.125 0.425 2.74039 15.3049 255 0 0
0.15 0.425 -3.43077 9.37002 255 0 0
0.175 0.425 -10.0032 4.27023 255 0 0
0.2 0.425 -10.0032 4.27023 0 0 255
0.225 0.425 -10.0032 4.27023 0 0 255
0.25 0.425 -10.0032 4.27023 0 0 255
0.275 0.425 -10.0032 4.27023 0 0 255
0.3 0.425 -10.0032 4.27023 0 0 255
0.325 0.425 -10.0032 4.27023 0 0 255
0.35 0.425 -10.0032 4.27023 0 0 255
0.375 0.425 -10.0032 4.27023 0 0 255
0.4 0.425 -10.0032 4.27023 0 0 255
0.425 0.425 -10.0032 4.27023 0 0 255
0.45 0.425 -10.0032 4.27023 0 0 255
0.475 0.425 -10.0032 4.27023 0 0 255
0.5 0.425 -10.0032 4.27023 0 0 255
-0.5 0.4 38.8365 51.8933 0 0 255
-0.475 0.4 39.1173 52.5693 0 0 255
-0.45 0.4 39.4019 53.3252 0 0 255
-0.425 0.4 39.6795 54.1692 0 0 255
-0.4 0.4 39.9356 55.1094 0 0 255
-0.375 0.4 40.1516 56.1536 0 0 255
-0.35 0.4 40.3055 57.3079 0 0 255
-0.325 0.4 40.3743 58.5749 0 0 255
-0.3 0.4 40.3402 59.9501 0 0 255
-0.275 0.4 40.2018 61.4153 0 0 255
-0.25 0.4 39.9948 62.9272 0 0 255
-0.225 0.4 39.8201 64.401 0 0 255
-0.2 0.4 39.8644 65.6977 0 0 255
-0.175 0.4 40.3568 66.6505 0 0 255
-0.15 0.4 41.3575 67.196 0 0 255
-0.125 0.4 42.4153 67.5907 0 0 255
-0.1 0.4 42.7031 68.2662 0 0 255
-0.075 0.4 42.7779 68.2098 0 0 255
-0.05 0.4 48.5663 57.8385 0 0 255
-0.025 0.4 51.1843 57.9229 255 0 0
0 0.4 45.2743 51.8083 255 0 0
0.025 0.4 39.1285 45.7483 255 0 0
0.05 0.4 32.992 39.7051 255 0 0
0.075 0.4 26.8539 33.6896 255 0 0
0.1 0.4 20.7096 27.7011 255 0 0
0.125 0.4 14.5572 21.7367 255 0 0
0.15 0.4 8.396 15.7961 255 0 0
0.175 0.4 2.11132 9.75183 255 0 0
0.2 0.4 2.11132 9.75183 0 0 255
0.225 0.4 2.11132 9.75183 0 0 255
0.25 0.4 2.11132 9.75183 0 0 255
0.275 0.4 2.11132 9.75183 0 0 255
0.3 0.4 2.11132 9.75183 0 0 255
0.325 0.4 2.11132 9.75183 0 0 255
0.35 0.4 2.11132 9.75183 0 0 255
0.375 0.4 2.11132 9.75183 0 0 255
0.4 0.4 2.11132 9.75183 0 0 255
0.425 0.4 2.11132 9.75183 0 0 255
0.45 0.4 2.11132 9.75183 0 0 255
0.475 0.4 2.11132 9.75183 0 0 255
0.5 0.4 2.11132 9.75183 0 0 255
-0.5 0.375 39.2808 53.2841 0 0 255
-0.475 0.375 39.5196 54.0315 0 0 255
-0.45 0.375 39.7461 54.8548 0 0 255
-0.425 0.375 39.9498 55.7596 0 0 255
-0.4 0.375 40.1181 56.7501 0 0 255
-0.375 0.375 40.238 57.8287 0 0 255
-0.35 0.375 40.2981 58.994 0 0 255
-0.325 0.375 40.2926 60.2386 0 0 255
-0.3 0.375 40.2285 61.5442 0 0 255
-0.275 0.375 40.1351 62.876 0 0 255
-0.25 0.375 40.0758 64.1751 0 0 255
-0.225 0.375 40.1523 65.3541 0 0 255
-0.2 0.375 40.4843 66.3063 0 0 255
-0.175 0.375 41.1363 66.9463 0 0 255
-0.15 0.375 42.0012 67.2745 0 0 255
-0.125 0.375 42.7695 67.3682 0 0 255
-0.1 0.375 43.2463 67.0689 0 0 255
-0.075 0.375 44.131 65.1185 0 0 255
-0.05 0.375 46.8425 58.9235 0 0 255
-0.025 0.375 45.1187 60.0086 0 0 255
0 0.375 39.0531 62.0943 255 0 0
0.025 0.375 50.7757 52.2191 255 0 0
0.05 0.375 44.7636 46.1447 255 0 0
0.075 0.375 38.6449 40.1284 255 0 0
0.1 0.375 32.5096 34.1438 255 0 0
0.125 0.375 26.3673 28.1829 255 0 0
0.15 0.375 20.3919 22.2241 255 0 0
0.175 0.375 11.2516 15.988 0 0 255
0.2 0.375 7.64894 13.53 0 0 255
0.225 0.375 5.82021 12.2823 0 0 255
0.25 0.375 4.76168 11.5601 0 0 255
0.275 0.375 4.0947 11.105 0 0 255
0.3 0.375 3.64815 10.8004 0 0 255
0.325 0.375 3.3351 10.5868 0 0 255
0.35 0.375 3.10751 10.4315 0 0 255
0.375 0.375 2.93712 10.3152 0 0 255
0.4 0.375 2.80638 10.226 0 0 255
0.425 0.375 2.70399 10.1562 0 0 255
0.45 0.375 2.62236 10.1005 0 0 255
0.475 0.375 2.55628 10.0554 0 0 255
0.5 0.375 2.50208 10.0184 0 0 255
-0.5 0.35 39.6046 54.6502 0 0 255
-0.475 0.35 39.7938 55.4485 0 0 255
-0.45 0.35 39.9616 56.3158 0 0 255
-0.425 0.35 40.0999 57.2541 0 0 255
-0.4 0.35 40.2014 58.2634 0 0 255
-0.375 0.35 40.2607 59.3404 0 0 255
-0.35 0.35 40.2777 60.4764 0 0 255
-0.325 0.35 40.2615 61.6545 0 0 255
-0.3 0.35 40.2354 62.846 0 0 255
-0.275 0.35 40.2416 64.0065 0 0 255
-0.25 0.35 40.3421 65.0735 0 0 255
-0.225 0.35 40.6078 65.9699 0 0 255
-0.2 0.35 41.0877 66.6187 0 0 255
-0.175 0.35 41.7602 66.967 0 0 255
-0.15 0.35 42.5026 66.9915 0 0 255
-0.125 0.35 43.1523 66.6248 0 0 255
-0.1 0.35 43.707 65.5477 0 0 255
-0.075 0.35 44.4546 63.0789 0 0 255
-0.05 0.35 44.9768 59.7883 0 0 255
-0.025 0.35 42.7279 60.8307 0 0 255
0 0.35 39.0531 62.0943 0 0 255
0.025 0.35 50.7757 52.2191 0 0 255
0.05 0.35 44.7636 46.1447 0 0 255
0.075 0.35 38.6449 40.1284 0 0 255
0.1 0.35 32.5096 34.1438 0 0 255
0.125 0.35 26.3673 28.1829 0 0 255
0.15 0.35 20.3919 22.2241 0 0 255
0.175 0.35 14.8542 18.446 0 0 255
0.2 0.35 11.2516 15.988 0 0 255
0.225 0.35 8.90369 14.3861 0 0 255
0.25 0.35 7.31831 13.3044 0 0 255
0.275 0.35 6.2089 12.5475 0 0 255
0.3 0.35 5.40764 12.0008 0 0 255
0.325 0.35 4.81291 11.595 0 0 255
0.35 0.35 4.36098 11.2867 0 0 255
0.375 0.35 4.01048 11.0476 0 0 255
0.4 0.35 3.73379 10.8588 0 0 255
0.425 0.35 3.51192 10.7074 0 0 255
0.45 0.35 3.33156 10.5844 0 0 255
0.475 0.35 3.18313 10.4831 0 0 255
0.5 0.35 3.05964 10.3988 0 0 255
-0.5 0.325 39.8315 55.9667 0 0 255
-0.475 0.325 39.9744 56.7963 0 0 255
-0.45 0.325 40.0935 57.685 0 0 255
-0.425 0.325 40.1848 58.6314 0 0 255
-0.4 0.325 40.2463 59.631 0 0 255
-0.375 0.325 40.2806 60.6748 0 0 255
-0.35 0.325 40.2966 61.7475 0 0 255
-0.325 0.325 40.3126 62.825 0 0 255
-0.3 0.325 40.3584 63.872 0 0 255
-0.275 0.325 40.4744 64.8407 0 0 255
-0.25 0.325 40.7064 65.6718 0 0 255
-0.225 0.325 41.0895 66.3011 0 0 255
-0.2 0.325 41.6253 66.6694 0 0 255
-0.175 0.325 42.2605 66.7293 0 0 255
-0.15 0.325 42.8949 66.4279 0 0 255
-0.125 0.325 43.4354 65.6515 0 0 255
-0.1 0.325 43.861 64.1878 0 0 255
-0.075 0.325 44.1065 62.0209 0 0 255
-0.05 0.325 43.5673 60.3825 0 0 255
-0.025 0.325 41.5144 61.248 0 0 255
0 0.325 39.0531 62.0943 0 0 255
0.025 0.325 50.7757 52.2191 0 0 255
0.05 0.325 44.7636 46.1447 0 0 255
0.075 0.325 38.6449 40.1284 0 0 255
0.1 0.325 32.5096 34.1438 0 0 255
0.125 0.325 26.3673 28.1829 0 0 255
0.15 0.325 20.3919 22.2241 0 0 255
0.175 0.325 16.683 19.6937 0 0 255
0.2 0.325 13.5995 17.5899 0 0 255
0.225 0.325 11.2516 15.988 0 0 255
0.25 0.325 9.48449 14.7823 0 0 255
0.275 0.325 8.14496 13.8684 0 0 255
0.3 0.325 7.11645 13.1667 0 0 255
0.325 0.325 6.31545 12.6202 0 0 255
0.35 0.325 5.6828 12.1886 0 0 255
0.375 0.325 5.17644 11.8431 0 0 255
0.4 0.325 4.76611 11.5631 0 0 255
0.425 0.325 4.42981 11.3337 0 0 255
0.45 0.325 4.15128 11.1436 0 0 255
0.475 0.325 3.9184 10.9847 0 0 255
0.5 0.325 3.72197 10.8507 0 0 255
-0.5 0.3 39.9892 57.215 0 0 255
-0.475 0.3 40.0957 58.0572 0 0 255
-0.45 0.3 40.1812 58.9463 0 0 255
-0.425 0.3 40.246 59.8775 0 0 255
-0.4 0.3 40.2933 60.8419 0 0 255
-0.375 0.3 40.3315 61.8256 0 0 255
-0.35 0.3 40.375 62.8081 0 0 255
-0.325 0.3 40.4453 63.7605 0 0 255
-0.3 0.3 40.5707 64.6446 0 0 255
-0.275 0.3 40.782 65.4136 0 0 255
-0.25 0.3 41.1046 66.0144 0 0 255
-0.225 0.3 41.5454 66.3936 0 0 255
-0.2 0.3 42.0797 66.5021 0 0 255
-0.175 0.3 42.6467 66.2933 0 0 255
-0.15 0.3 43.1634 65.7101 0 0 255
-0.125 0.3 43.5501 64.6759 0 0 255
-0.1 0.3 43.7269 63.173 0 0 255
-0.075 0.3 43.5124 61.5492 0 0 255
-0.05 0.3 42.5552 60.7892 0 0 255
-0.025 0.3 40.8119 61.4895 0 0 255
0 0.3 39.0531 62.0943 0 0 255
0.025 0.3 50.7757 52.2191 0 0 255
0.05 0.3 44.7636 46.1447 0 0 255
0.075 0.3 38.6449 40.1284 0 0 255
0.1 0.3 32.5096 34.1438 0 0 255
0.125 0.3 26.3673 28.1829 0 0 255
0.15 0.3 20.3919 22.2241 0 0 255
0.175 0.3 17.7415 20.4159 0 0 255
0.2 0.3 15.1849 18.6715 0 0 255
0.225 0.3 13.0187 17.1936 0 0 255
0.25 0.3 11.2516 15.988 0 0 255
0.275 0.3 9.82528 15.0148 0 0 255
0.3 0.3 8.67389 14.2293 0 0 255
0.325 0.3 7.73993 13.5921 0 0 255
0.35 0.3 6.97706 13.0716 0 0 255
0.375 0.3 6.34908 12.6431 0 0 255
0.4 0.3 5.82798 12.2876 0 0 255
0.425 0.3 5.39217 11.9903 0 0 255
0.45 0.3 5.0249 11.7397 0 0 255
0.475 0.3 4.71316 11.527 0 0 255
0.5 0.3 4.44673 11.3452 0 0 255
-0.5 0.275 40.104 58.3813 0 0 255
-0.475 0.275 40.1863 59.2184 0 0 255
-0.45 0.275 40.2542 60.0888 0 0 255
-0.425 0.275 40.3114 60.9839 0 0 255
-0.4 0.275 40.3651 61.8914 0 0 255
-0.375 0.275 40.4268 62.7934 0 0 255
-0.35 0.275 40.5127 63.6658 0 0 255
-0.325 0.275 40.6431 64.4775 0 0 255
-0.3 0.275 40.8397 65.1904 0 0 255
-0.275 0.275 41.121 65.761 0 0 255
-0.25 0.275 41.4943 66.1435 0 0 255
-0.225 0.275 41.9474 66.2937 0 0 255
-0.2 0.275 42.4424 66.1706 0 0 255
-0.175 0.275 42.9177 65.7363 0 0 255
-0.15 0.275 43.2971 64.9566 0 0 255
-0.125 0.275 43.4969 63.8306 0 0 255
-0.1 0.275 43.4129 62.4942 0 0 255
-0.075 0.275 42.8952 61.3753 0 0 255
-0.05 0.275 41.8252 61.0739 0 0 255
-0.025 0.275 40.3693 61.6417 0 0 255
0 0.275 39.0531 62.0943 0 0 255
0.025 0.275 50.7757 52.2191 0 0 255
0.05 0.275 44.7636 46.1447 0 0 255
0.075 0.275 38.6449 40.1284 0 0 255
0.1 0.275 32.5096 34.1438 0 0 255
0.125 0.275 26.3673 28.1829 0 0 255
0.15 0.275 20.3919 22.2241 0 0 255
0.175 0.275 18.4085 20.8709 0 0 255
0.2 0.275 16.2943 19.4285 0 0 255
0.225 0.275 14.3582 18.1075 0 0 255
0.25 0.275 12.6779 16.9611 0 0 255
0.275 0.275 11.2516 15.988 0 0 255
0.3 0.275 10.0514 15.1691 0 0 255
0.325 0.275 9.0434 14.4814 0 0 255
0.35 0.275 8.1956 13.903 0 0 255
0.375 0.275 7.48007 13.4148 0 0 255
0.4 0.275 6.87346 13.0009 0 0 255
0.425 0.275 6.35663 12.6483 0 0 255
0.45 0.275 5.91399 12.3463 0 0 255
0.475 0.275 5.53292 12.0863 0 0 255
0.5 0.275 5.20315 11.8613 0 0 255
-0.5 0.25 40.197 59.4553 0 0 255
-0.475 0.25 40.2678 60.2714 0 0 255
-0.45 0.25 40.3323 61.1057 0 0 255
-0.425 0.25 40.3969 61.9471 0 0 255
-0.4 0.25 40.4709 62.7801 0 0 255
-0.375 0.25 40.5666 63.5842 0 0 255
-0.35 0.25 40.699 64.3335 0 0 255
-0.325 0.25 40.8841 64.9967 0 0 255
-0.3 0.25 41.1353 65.538 0 0 255
-0.275 0.25 41.459 65.9187 0 0 255
-0.25 0.25 41.8488 66.1007 0 0 255
-0.225 0.25 42.2803 66.0484 0 0 255
-0.2 0.25 42.7095 65.7323 0 0 255
-0.175 0.25 43.0751 65.1322 0 0 255
-0.15 0.25 43.3044 64.2523 0 0 255
-0.125 0.25 43.3156 63.163 0 0 255
-0.1 0.25 43.0194 62.0719 0 0 255
-0.075 0.25 42.3391 61.3418 0 0 255
-0.05 0.25 41.2894 61.2787 0 0 255
-0.025 0.25 40.073 61.7436 0 0 255
0 0.25 39.0531 62.0943 0 0 255
0.025 0.25 50.7757 52.2191 0 0 255
0.05 0.25 44.7636 46.1447 0 0 255
0.075 0.25 38.6449 40.1284 0 0 255
0.1 0.25 32.5096 34.1438 0 0 255
0.125 0.25 26.3673 28.1829 0 0 255
0.15 0.25 20.3919 22.2241 0 0 255
0.175 0.25 18.855 21.1756 0 0 255
0.2 0.25 17.0955 19.9751 0 0 255
0.225 0.25 15.3867 18.8093 0 0 255
0.25 0.25 13.8293 17.7467 0 0 255
0.275 0.25 12.4518 16.8069 0 0 255
0.3 0.25 11.2516 15.988 0 0 255
0.325 0.25 10.2132 15.2795 0 0 255
0.35 0.25 9.31706 14.6681 0 0 255
0.375 0.25 8.54378 14.1405 0 0 255
0.4 0.25 7.87539 13.6845 0 0 255
0.425 0.25 7.29618 13.2893 0 0 255
0.45 0.25 6.79265 12.9458 0 0 255
0.475 0.25 6.35338 12.6461 0 0 255
0.5 0.25 5.96876 12.3837 0 0 255
-0.5 0.225 40.2845 60.4304 0 0 255
-0.475 0.225 40.3544 61.2109 0 0 255
-0.45 0.225 40.4267 61.9945 0 0 255
-0.425 0.225 40.5089 62.7676 0 0 255
-0.4 0.225 40.6106 63.5128 0 0 255
-0.375 0.225 40.7431 64.2082 0 0 255
-0.35 0.225 40.9184 64.8276 0 0 255
-0.325 0.225 41.1465 65.3413 0 0 255
-0.3 0.225 41.4327 65.717 0 0 255
-0.275 0.225 41.7732 65.922 0 0 255
-0.25 0.225 42.1518 65.926 0 0 255
-0.225 0.225 42.537 65.7039 0 0 255
-0.2 0.225 42.8822 65.2406 0 0 255
-0.175 0.225 43.1283 64.5397 0 0 255
-0.15 0.225 43.2087 63.6436 0 0 255
-0.125 0.225 43.0552 62.6677 0 0 255
-0.1 0.225 42.6118 61.8244 0 0 255
-0.075 0.225 41.8648 61.3706 0 0 255
-0.05 0.225 40.8881 61.4298 0 0 255
-0.025 0.225 39.8652 61.815 0 0 255
0 0.225 39.0531 62.0943 0 0 255
0.025 0.225 50.7757 52.2191 0 0 255
0.05 0.225 44.7636 46.1447 0 0 255
0.075 0.225 38.6449 40.1284 0 0 255
0.1 0.225 32.5096 34.1438 0 0 255
0.125 0.225 26.3673 28.1829 0 0 255
0.15 0.225 20.3919 22.2241 0 0 255
0.175 0.225 19.1681 21.3892 0 0 255
0.2 0.225 17.6903 20.3809 0 0 255
0.225 0.225 16.1877 19.3558 0 0 255
0.25 0.225 14.7633 18.3839 0 0 255
0.275 0.225 13.4598 17.4946 0 0 255
0.3 0.225 12.29 16.6965 0 0 255
0.325 0.225 11.2516 15.988 0 0 255
0.35 0.225 10.3351 15.3627 0 0 255
0.375 0.225 9.5284 14.8123 0 0 255
0.4 0.225 8.81884 14.3282 0 0 255
0.425 0.225 8.19435 13.9021 0 0 255
0.45 0.225 7.64392 13.5266 0 0 255
0.475 0.225 7.15778 13.1949 0 0 255
0.5 0.225 6.7274 12.9012 0 0 255
-0.5 0.2 40.3769 61.3024 0 0 255
-0.475 0.2 40.4545 62.0351 0 0 255
-0.45 0.2 40.5421 62.7559 0 0 255
-0.425 0.2 40.6472 63.4498 0 0 255
-0.4 0.2 40.7786 64.0982 0 0 255
-0.375 0.2 40.9454 64.679 0 0 255
-0.35 0.2 41.1551 65.1673 0 0 255
-0.325 0.2 41.4118 65.5358 0 0 255
-0.3 0.2 41.7135 65.757 0 0 255
-0.275 0.2 42.0487 65.8047 0 0 255
-0.25 0.2 42.3948 65.6574 0 0 255
-0.225 0.2 42.7164 65.3018 0 0 255
-0.2 0.2 42.9674 64.7394 0 0 255
-0.175 0.2 43.0937 63.9973 0 0 255
-0.15 0.2 43.0394 63.146 0 0 255
-0.125 0.2 42.7571 62.3162 0 0 255
-0.1 0.2 42.2249 61.6888 0 0 255
-0.075 0.2 41.4691 61.424 0 0 255
-0.05 0.2 40.5816 61.5439 0 0 255
-0.025 0.2 39.7142 61.867 0 0 255
0 0.2 39.0531 62.0943 0 0 255
0.025 0.2 50.7757 52.2191 0 0 255
0.05 0.2 44.7636 46.1447 0 0 255
0.075 0.2 38.6449 40.1284 0 0 255
0.1 0.2 32.5096 34.1438 0 0 255
0.125 0.2 26.3673 28.1829 0 0 255
0.15 0.2 20.3919 22.2241 0 0 255
0.175 0.2 19.3957 21.5445 0 0 255
0.2 0.2 18.1422 20.6893 0 0 255
0.225 0.2 16.8204 19.7874 0 0 255
0.25 0.2 15.5261 18.9044 0 0 255
0.275 0.2 14.3076 18.073 0 0 255
0.3 0.2 13.1861 17.3079 0 0 255
0.325 0.2 12.1681 16.6133 0 0 255
0.35 0.2 11.2516 15.988 0 0 255
0.375 0.2 10.4305 15.4278 0 0 255
0.4 0.2 9.69681 14.9272 0 0 255
0.425 0.2 9.04187 14.4803 0 0 255
0.45 0.2 8.45721 14.0815 0 0 255
0.475 0.2 7.93491 13.7251 0 0 255
0.5 0.2 7.4677 13.4063 0 0 255
-0.5 0.175 40.4804 62.0701 0 0 255
-0.475 0.175 40.5713 62.7449 0 0 255
-0.45 0.175 40.6781 63.3938 0 0 255
-0.425 0.175 40.8076 64.0009 0 0 255
-0.4 0.175 40.9667 64.5475 0 0 255
-0.375 0.175 41.1612 65.0124 0 0 255
-0.35 0.175 41.3945 65.3726 0 0 255
-0.325 0.175 41.6651 65.6047 0 0 255
-0.3 0.175 41.9648 65.6863 0 0 255
-0.275 0.175 42.2769 65.5984 0 0 255
-0.25 0.175 42.5748 65.3291 0 0 255
-0.225 0.175 42.8226 64.8773 0 0 255
-0.2 0.175 42.9768 64.2607 0 0 255
-0.175 0.175 42.9913 63.525 0 0 255
-0.15 0.175 42.8243 62.7551 0 0 255
-0.125 0.175 42.4502 62.0753 0 0 255
-0.1 0.175 41.8736 61.6226 0 0 255
-0.075 0.175 41.1412 61.4846 0 0 255
-0.05 0.175 40.3432 61.632 0 0 255
-0.025 0.175 39.6011 61.9059 0 0 255
0 0.175 39.0531 62.0943 0 0 255
0.025 0.175 50.7757 52.2191 0 0 255
0.05 0.175 44.7636 46.1447 0 0 255
0.075 0.175 38.6449 40.1284 0 0 255
0.1 0.175 32.5096 34.1438 0 0 255
0.125 0.175 26.3673 28.1829 0 0 255
0.15 0.175 20.3919 22.2241 0 0 255
0.175 0.175 19.5661 21.6607 0 0 255
0.2 0.175 18.4927 20.9284 0 0 255
0.225 0.175 17.3267 20.1329 0 0 255
0.25 0.175 16.1541 19.3328 0 0 255
0.275 0.175 15.0231 18.5612 0 0 255
0.3 0.175 13.9594 17.8354 0 0 255
0.325 0.175 12.9748 17.1637 0 0 255
0.35 0.175 12.0727 16.5482 0 0 255
0.375 0.175 11.2516 15.988 0 0 255
0.4 0.175 10.5073 15.4802 0 0 255
0.425 0.175 9.83434 15.021 0 0 255
0.45 0.175 9.22649 14.6063 0 0 255
0.475 0.175 8.67767 14.2319 0 0 255
0.5 0.175 8.18197 13.8937 0 0 255
-0.5 0.15 40.5973 62.7344 0 0 255
-0.475 0.15 40.7046 63.3436 0 0 255
-0.45 0.15 40.8315 63.9143 0 0 255
-0.425 0.15 40.9837 64.4304 0 0 255
-0.4 0.15 41.1655 64.8738 0 0 255
-0.375 0.15 41.3795 65.2251 0 0 255
-0.35 0.15 41.6248 65.4642 0 0 255
-0.325 0.15 41.8953 65.5718 0 0 255
-0.3 0.15 42.1784 65.5314 0 0 255
-0.275 0.15 42.4538 65.3316 0 0 255
-0.25 0.15 42.6936 64.9699 0 0 255
-0.225 0.15 42.8632 64.4573 0 0 255
-0.2 0.15 42.9244 63.8245 0 0 255
-0.175 0.15 42.8409 63.1289 0 0 255
-0.15 0.15 42.5859 62.4571 0 0 255
-0.125 0.15 42.1524 61.9153 0 0 255
-0.1 0.15 41.5622 61.5983 0 0 255
-0.075 0.15 40.8694 61.5442 0 0 255
-0.05 0.15 40.1547 61.701 0 0 255
-0.025 0.15 39.5144 61.9357 0 0 255
0 0.15 39.0531 62.0943 0 0 255
0.025 0.15 50.7757 52.2191 0 0 255
0.05 0.15 44.7636 46.1447 0 0 255
0.075 0.15 38.6449 40.1284 0 0 255
0.1 0.15 32.5096 34.1438 0 0 255
0.125 0.15 26.3673 28.1829 0 0 255
0.15 0.15 20.3919 22.2241 0 0 255
0.175 0.15 19.6968 21.7499 0 0 255
0.2 0.15 18.7694 21.1172 0 0 255
0.225 0.15 17.7371 20.4128 0 0 255
0.25 0.15 16.6752 19.6884 0 0 255
0.275 0.15 15.6297 18.9751 0 0 255
0.3 0.15 14.6278 18.2915 0 0 255
0.325 0.15 13.6843 17.6478 0 0 255
0.35 0.15 12.8064 17.0488 0 0 255
0.375 0.15 11.9958 16.4958 0 0 255
0.4 0.15 11.2516 15.988 0 0 255
0.425 0.15 10.5706 15.5234 0 0 255
0.45 0.15 9.94888 15.0992 0 0 255
0.475 0.15 9.38196 14.7124 0 0 255
0.5 0.15 8.86528 14.3599 0 0 255
-0.5 0.125 40.7274 63.2984 0 0 255
-0.475 0.125 40.8516 63.8367 0 0 255
-0.45 0.125 40.9973 64.3255 0 0 255
-0.425 0.125 41.1682 64.7493 0 0 255
-0.4 0.125 41.3662 65.0914 0 0 255
-0.375 0.125 41.5906 65.3345 0 0 255
-0.35 0.125 41.8368 65.4621 0 0 255
-0.325 0.125 42.0951 65.4595 0 0 255
-0.3 0.125 42.35 65.3163 0 0 255
-0.275 0.125 42.5795 65.0287 0 0 255
-0.25 0.125 42.756 64.6031 0 0 255
-0.225 0.125 42.8482 64.0605 0 0 255
-0.2 0.125 42.8248 63.4408 0 0 255
-0.175 0.125 42.66 62.8058 0 0 255
-0.15 0.125 42.3405 62.2353 0 0 255
-0.125 0.125 41.8734 61.8129 0 0 255
-0.1 0.125 41.2896 61.5987 0 0 255
-0.075 0.125 40.6432 61.5996 0 0 255
-0.05 0.125 40.0034 61.7561 0 0 255
-0.025 0.125 39.4464 61.9591 0 0 255
0 0.125 39.0531 62.0943 0 0 255
0.025 0.125 50.7757 52.2191 0 0 255
0.05 0.125 44.7636 46.1447 0 0 255
0.075 0.125 38.6449 40.1284 0 0 255
0.1 0.125 32.5096 34.1438 0 0 255
0.125 0.125 26.3673 28.1829 0 0 255
0.15 0.125 20.3919 22.2241 0 0 255
0.175 0.125 19.7992 21.8198 0 0 255
0.2 0.125 18.9913 21.2685 0 0 255
0.225 0.125 18.0734 20.6423 0 0 255
0.25 0.125 17.111 19.9857 0 0 255
0.275 0.125 16.1466 19.3277 0 0 255
0.3 0.125 15.207 18.6866 0 0 255
0.325 0.125 14.3088 18.0739 0 0 255
0.35 0.125 13.4613 17.4956 0 0 255
0.375 0.125 12.6688 16.9549 0 0 255
0.4 0.125 11.9326 16.4526 0 0 255
0.425 0.125 11.2516 15.988 0 0 255
0.45 0.125 10.6237 15.5596 0 0 255
0.475 0.125 10.0458 15.1653 0 0 255
0.5 0.125 9.51474 14.803 0 0 255
-0.5 0.1 40.8685 63.7668 0 0 255
-0.475 0.1 41.0084 64.231 0 0 255
-0.45 0.1 41.1698 64.6367 0 0 255
-0.425 0.1 41.3542 64.9696 0 0 255
-0.4 0.1 41.561 65.2146 0 0 255
-0.375 0.1 41.7868 65.3575 0 0 255
-0.35 0.1 42.024 65.3852 0 0 255
-0.325 0.1 42.2603 65.2882 0 0 255
-0.3 0.1 42.4786 65.0619 0 0 255
-0.275 0.1 42.6566 64.7097 0 0 255
-0.25 0.1 42.7688 64.2458 0 0 255
-0.225 0.1 42.7884 63.6985 0 0 255
-0.2 0.1 42.6916 63.1125 0 0 255
-0.175 0.1 42.4625 62.5479 0 0 255
-0.15 0.1 42.0991 62.0735 0 0 255
-0.125 0.1 41.6175 61.7506 0 0 255
-0.1 0.1 41.0524 61.6131 0 0 255
-0.075 0.1 40.454 61.6495 0 0 255
-0.05 0.1 39.8805 61.8007 0 0 255
-0.025 0.1 39.3923 61.9777 0 0 255
0 0.1 39.0531 62.0943 0 0 255
0.025 0.1 50.7757 52.2191 0 0 255
0.05 0.1 44.7636 46.1447 0 0 255
0.075 0.1 38.6449 40.1284 0 0 255
0.1 0.1 32.5096 34.1438 0 0 255
0.125 0.1 26.3673 28.1829 0 0 255
0.15 0.1 20.3919 22.2241 0 0 255
0.175 0.1 19.8808 21.8755 0 0 255
0.2 0.1 19.1716 21.3916 0 0 255
0.225 0.1 18.3519 20.8323 0 0 255
0.25 0.1 17.4783 20.2363 0 0 255
0.275 0.1 16.5892 19.6297 0 0 255
0.3 0.1 15.7105 19.0302 0 0 255
0.325 0.1 14.8593 18.4494 0 0 255
0.35 0.1 14.046 17.8945 0 0 255
0.375 0.1 13.2767 17.3696 0 0 255
0.4 0.1 12.5543 16.8768 0 0 255
0.425 0.1 11.8795 16.4164 0 0 255
0.45 0.1 11.2516 15.988 0 0 255
0.475 0.1 10.6688 15.5904 0 0 255
0.5 0.1 10.129 15.2221 0 0 255
-0.5 0.075 41.0174 64.1455 0 0 255
-0.475 0.075 41.1704 64.5346 0 0 255
-0.45 0.075 41.3431 64.8583 0 0 255
-0.425 0.075 41.5352 65.1036 0 0 255
-0.4 0.075 41.7436 65.2581 0 0 255
-0.375 0.075 41.9626 65.3102 0 0 255
-0.35 0.075 42.1824 65.2511 0 0 255
-0.325 0.075 42.3893 65.0758 0 0 255
-0.3 0.075 42.5655 64.7857 0 0 255
-0.275 0.075 42.6899 64.3903 0 0 255
-0.25 0.075 42.74 63.9097 0 0 255
-0.225 0.075 42.6943 63.3769 0 0 255
-0.2 0.075 42.5363 62.8373 0 0 255
-0.175 0.075 42.259 62.3458 0 0 255
-0.15 0.075 41.8684 61.9578 0 0 255
-0.125 0.075 41.3858 61.7159 0 0 255
-0.1 0.075 40.8464 61.635 0 0 255
-0.075 0.075 40.2948 61.6938 0 0 255
-0.05 0.075 39.7793 61.8372 0 0 255
-0.025 0.075 39.3484 61.9928 0 0 255
0 0.075 39.0531 62.0943 0 0 255
0.025 0.075 50.7757 52.2191 0 0 255
0.05 0.075 44.7636 46.1447 0 0 255
0.075 0.075 38.6449 40.1284 0 0 255
0.1 0.075 32.5096 34.1438 0 0 255
0.125 0.075 26.3673 28.1829 0 0 255
0.15 0.075 20.3919 22.2241 0 0 255
0.175 0.075 19.9469 21.9205 0 0 255
0.2 0.075 19.3201 21.4929 0 0 255
0.225 0.075 18.5848 20.9912 0 0 255
0.25 0.075 17.79 20.449 0 0 255
0.275 0.075 16.9703 19.8897 0 0 255
0.3 0.075 16.1498 19.3299 0 0 255
0.325 0.075 15.3454 18.7811 0 0 255
0.35 0.075 14.5683 18.2509 0 0 255
0.375 0.075 13.8255 17.7441 0 0 255
0.4 0.075 13.1212 17.2636 0 0 255
0.425 0.075 12.4574 16.8106 0 0 255
0.45 0.075 11.8343 16.3856 0 0 255
0.475 0.075 11.2516 15.988 0 0 255
0.5 0.075 10.7078 15.617 0 0 255
-0.5 0.05 41.1703 64.4415 0 0 255
-0.475 0.05 41.3329 64.7562 0 0 255
-0.45 0.05 41.5122 65.0007 0 0 255
-0.425 0.05 41.7058 65.1639 0 0 255
-0.4 0.05 41.9091 65.2356 0 0 255
-0.375 0.05 42.1142 65.2077 0 0 255
-0.35 0.05 42.3101 65.0751 0 0 255
-0.325 0.05 42.4824 64.8378 0 0 255
-0.3 0.05 42.6137 64.5018 0 0 255
-0.275 0.05 42.6851 64.0817 0 0 255
-0.25 0.05 42.6776 63.6019 0 0 255
-0.225 0.05 42.5753 63.097 0 0 255
-0.2 0.05 42.3684 62.6105 0 0 255
-0.175 0.05 42.0567 62.1896 0 0 255
-0.15 0.05 41.652 61.877 0 0 255
-0.125 0.05 41.1778 61.6999 0 0 255
-0.1 0.05 40.6674 61.6605 0 0 255
-0.075 0.05 40.1598 61.7329 0 0 255
-0.05 0.05 39.6951 61.8675 0 0 255
-0.025 0.05 39.3124 62.0051 0 0 255
0 0.05 39.0531 62.0943 0 0 255
0.025 0.05 50.7757 52.2191 0 0 255
0.05 0.05 44.7636 46.1447 0 0 255
0.075 0.05 38.6449 40.1284 0 0 255
0.1 0.05 32.5096 34.1438 0 0 255
0.125 0.05 26.3673 28.1829 0 0 255
0.15 0.05 20.3919 22.2241 0 0 255
0.175 0.05 20.0011 21.9575 0 0 255
0.2 0.05 19.4435 21.5771 0 0 255
0.225 0.05 18.7812 21.1252 0 0 255
0.25 0.05 18.0564 20.6307 0 0 255
0.275 0.05 17.3 20.1147 0 0 255
0.3 0.05 16.5344 19.5923 0 0 255
0.325 0.05 15.7758 19.0747 0 0 255
0.35 0.05 15.0355 18.5696 0 0 255
0.375 0.05 14.3212 18.0823 0 0 255
0.4 0.05 13.6379 17.6161 0 0 255
0.425 0.05 12.9884 17.173 0 0 255
0.45 0.05 12.3742 16.7539 0 0 255
0.475 0.05 11.7954 16.359 0 0 255
0.5 0.05 11.2516 15.988 0 0 255
-0.5 0.025 41.3234 64.6623 0 0 255
-0.475 0.025 41.4916 64.9051 0 0 255
-0.45 0.025 41.6724 65.0747 0 0 255
-0.425 0.025 41.862 65.1622 0 0 255
-0.4 0.025 42.054 65.1601 0 0 255
-0.375 0.025 42.2396 65.0634 0 0 255
-0.35 0.025 42.4068 64.871 0 0 255
-0.325 0.025 42.5414 64.5867 0 0 255
-0.3 0.025 42.6274 64.221 0 0 255
-0.275 0.025 42.6484 63.7919 0 0 255
-0.25 0.025 42.5894 63.326 0 0 255
-0.225 0.025 42.4396 62.8576 0 0 255
-0.2 0.025 42.1951 62.4262 0 0 255
-0.175 0.025 41.8607 62.0706 0 0 255
-0.15 0.025 41.4516 61.8222 0 0 255
-0.125 0.025 40.9917 61.6963 0 0 255
-0.1 0.025 40.5116 61.6873 0 0 255
-0.075 0.025 40.0447 61.7673 0 0 255
-0.05 0.025 39.6244 61.8928 0 0 255
-0.025 0.025 39.2826 62.0154 0 0 255
0 0.025 39.0531 62.0943 0 0 255
0.025 0.025 50.7757 52.2191 0 0 255
0.05 0.025 44.7636 46.1447 0 0 255
0.075 0.025 38.6449 40.1284 0 0 255
0.1 0.025 32.5096 34.1438 0 0 255
0.125 0.025 26.3673 28.1829 0 0 255
0.15 0.025 20.3919 22.2241 0 0 255
0.175 0.025 20.0461 21.9882 0 0 255
0.2 0.025 19.5473 21.6479 0 0 255
0.225 0.025 18.9482 21.2392 0 0 255
0.25 0.025 18.2856 20.7871 0 0 255
0.275 0.025 17.5868 20.3103 0 0 255
0.3 0.025 16.8724 19.8229 0 0 255
0.325 0.025 16.1578 19.3353 0 0 255
0.35 0.025 15.4541 18.8552 0 0 255
0.375 0.025 14.7693 18.388 0 0 255
0.4 0.025 14.1088 17.9374 0 0 255
0.425 0.025 13.4763 17.5058 0 0 255
0.45 0.025 12.8737 17.0947 0 0 255
0.475 0.025 12.302 16.7047 0 0 255
0.5 0.025 11.7615 16.3358 0 0 255
-0.5 0 41.473 64.816 0 0 255
-0.475 0 41.6426 64.9903 0 0 255
-0.45 0 41.8202 65.0905 0 0 255
-0.425 0 42.0006 65.1098 0 0 255
-0.4 0 42.1765 65.0434 0 0 255
-0.375 0 42.338 64.8894 0 0 255
-0.35 0 42.4735 64.6501 0 0 255
-0.325 0 42.5693 64.3327 0 0 255
-0.3 0 42.6113 63.951 0 0 255
-0.275 0 42.5859 63.5253 0 0 255
-0.25 0 42.4821 63.0827 0 0 255
-0.225 0 42.2939 62.6555 0 0 255
-0.2 0 42.0216 62.278 0 0 255
-0.175 0 41.674 61.9812 0 0 255
-0.15 0 41.2675 61.7866 0 0 255
-0.125 0 40.8256 61.701 0 0 255
-0.1 0 40.3756 61.7138 0 0 255
-0.075 0 39.946 61.7975 0 0 255
-0.05 0 39.5646 61.9142 0 0 255
-0.025 0 39.2575 62.024 0 0 255
0 0 39.0531 62.0943 0 0 255
0.025 0 50.7757 52.2191 0 0 255
0.05 0 44.7636 46.1447 0 0 255
0.075 0 38.6449 40.1284 0 0 255
0.1 0 32.5096 34.1438 0 0 255
0.125 0 26.3673 28.1829 0 0 255
0.15 0 20.3919 22.2241 0 0 255
0.175 0 20.0838 22.014 0 0 255
0.2 0 19.6352 21.7079 0 0 255
0.225 0 19.0913 21.3368 0 0 255
0.25 0 18.4839 20.9224 0 0 255
0.275 0 17.8374 20.4813 0 0 255
0.3 0 17.1706 20.0264 0 0 255
0.325 0 16.4978 19.5673 0 0 255
0.35 0 15.8298 19.1116 0 0 255
0.375 0 15.1747 18.6646 0 0 255
0.4 0 14.5382 18.2303 0 0 255
0.425 0 13.9243 17.8115 0 0 255
0.45 0 13.3355 17.4098 0 0 255
0.475 0 12.7734 17.0263 0 0 255
0.5 0 12.2388 16.6615 0 0 255
