-0.5 1 -1.77849 1.61429 0 0 255
-0.475 1 -1.74376 1.64922 0 0 255
-0.45 1 -1.70704 1.68594 0 0 255
-0.425 1 -1.66851 1.72421 0 0 255
-0.4 1 -1.62846 1.76369 0 0 255
-0.375 1 -1.58729 1.80395 0 0 255
-0.35 1 -1.54554 1.84441 0 0 255
-0.325 1 -1.50387 1.8844 0 0 255
-0.3 1 -1.46304 1.92316 0 0 255
-0.275 1 -1.42388 1.95988 0 0 255
-0.25 1 -1.38725 1.99375 0 0 255
-0.225 1 -1.35399 2.02405 0 0 255
-0.2 1 -1.32481 2.05018 0 0 255
-0.175 1 -1.30027 2.07175 0 0 255
-0.15 1 -1.28074 2.08857 0 0 255
-0.125 1 -1.26648 2.10061 0 0 255
-0.1 1 -1.25777 2.10783 0 0 255
-0.075 1 -1.04965 2.11686 0 0 255
-0.05 1 -0.74134 2.13228 0 0 255
-0.025 1 -0.43282 2.14917 0 0 255
0 1 -0.124382 2.16672 0 0 255
0.025 1 0.184031 2.18482 0 0 255
0.05 1 0.492502 2.20358 0 0 255
0.075 1 0.800779 2.22389 0 0 255
0.1 1 1.01129 2.25545 0 0 255
0.125 1 1.02071 2.24887 0 0 255
0.15 1 1.03617 2.23793 0 0 255
0.175 1 1.05738 2.22268 0 0 255
0.2 1 1.08411 2.20315 0 0 255
0.225 1 1.11597 2.17953 0 0 255
0.25 1 1.15235 2.15216 0 0 255
0.275 1 1.19247 2.12158 0 0 255
0.3 1 1.23543 2.08844 0 0 255
0.325 1 1.28028 2.05348 0 0 255
0.35 1 1.32611 2.01741 0 0 255
0.375 1 1.37206 1.98093 0 0 255
0.4 1 1.41741 1.94463 0 0 255
0.425 1 1.46156 1.90902 0 0 255
0.45 1 1.50407 1.87452 0 0 255
0.475 1 1.5446 1.84141 0 0 255
0.5 1 1.58295 1.80991 0 0 255
-0.5 0.975 -1.81321 1.57936 0 0 255
-0.475 0.975 -1.77868 1.61431 0 0 255
-0.45 0.975 -1.74179 1.65143 0 0 255
-0.425 0.975 -1.70265 1.69056 0 0 255
-0.4 0.975 -1.66149 1.73139 0 0 255
-0.375 0.975 -1.61868 1.77352 0 0 255
-0.35 0.975 -1.57474 1.81639 0 0 255
-0.325 0.975 -1.53035 1.85927 0 0 255
-0.3 0.975 -1.48633 1.90132 0 0 255
-0.275 0.975 -1.44363 1.94161 0 0 255
-0.25 0.975 -1.40329 1.97915 0 0 255
-0.225 0.975 -1.36631 2.01302 0 0 255
-0.2 0.975 -1.33362 2.04243 0 0 255
-0.175 0.975 -1.30597 2.06683 0 0 255
-0.15 0.975 -1.28388 2.08592 0 0 255
-0.125 0.975 -1.26769 2.09961 0 0 255
-0.1 0.975 -1.25777 2.10783 0 0 255
-0.075 0.975 -1.04965 2.11686 0 0 255
-0.05 0.975 -0.74134 2.13228 0 0 255
-0.025 0.975 -0.43282 2.14917 0 0 255
0 0.975 -0.124382 2.16672 0 0 255
0.025 0.975 0.184031 2.18482 0 0 255
0.05 0.975 0.492502 2.20358 0 0 255
0.075 0.975 0.800779 2.22389 0 0 255
0.1 0.975 1.01129 2.25545 0 0 255
0.125 0.975 1.02201 2.24796 0 0 255
0.15 0.975 1.03957 2.23552 0 0 255
0.175 0.975 1.06358 2.21822 0 0 255
0.2 0.975 1.09371 2.19614 0 0 255
0.225 0.975 1.12942 2.16955 0 0 255
0.25 0.975 1.16988 2.13896 0 0 255
0.275 0.975 1.21411 2.10508 0 0 255
0.3 0.975 1.26098 2.06874 0 0 255
0.325 0.975 1.30937 2.03081 0 0 255
0.35 0.975 1.35821 1.99214 0 0 255
0.375 0.975 1.40661 1.95349 0 0 255
0.4 0.975 1.45379 1.9155 0 0 255
0.425 0.975 1.49919 1.87868 0 0 255
0.45 0.975 1.5424 1.8434 0 0 255
0.475 0.975 1.58315 1.80993 0 0 255
0.5 0.975 1.6213 1.7784 0 0 255
-0.5 0.95 -1.84951 1.5426 0 0 255
-0.475 0.95 -1.81558 1.57719 0 0 255
-0.45 0.95 -1.77891 1.61433 0 0 255
-0.425 0.95 -1.73954 1.65395 0 0 255
-0.4 0.95 -1.69763 1.69582 0 0 255
-0.375 0.95 -1.65347 1.73959 0 0 255
-0.35 0.95 -1.60752 1.78473 0 0 255
-0.325 0.95 -1.56045 1.83051 0 0 255
-0.3 0.95 -1.51314 1.87603 0 0 255
-0.275 0.95 -1.46664 1.9202 0 0 255
-0.25 0.95 -1.42217 1.96186 0 0 255
-0.225 0.95 -1.38095 1.99985 0 0 255
-0.2 0.95 -1.34418 2.03312 0 0 255
-0.175 0.95 -1.31285 2.06089 0 0 255
-0.15 0.95 -1.28768 2.0827 0 0 255
-0.125 0.95 -1.26916 2.09839 0 0 255
-0.1 0.95 -1.25777 2.10783 0 0 255
-0.075 0.95 -1.04965 2.11686 0 0 255
-0.05 0.95 -0.74134 2.13228 0 0 255
-0.025 0.95 -0.43282 2.14917 0 0 255
0 0.95 -0.124382 2.16672 0 0 255
0.025 0.95 0.184031 2.18482 0 0 255
0.05 0.95 0.492502 2.20358 0 0 255
0.075 0.95 0.800779 2.22389 0 0 255
0.1 0.95 1.01129 2.25545 0 0 255
0.125 0.95 1.02361 2.24684 0 0 255
0.15 0.95 1.04369 2.2326 0 0 255
0.175 0.95 1.07106 2.21283 0 0 255
0.2 0.95 1.10522 2.18771 0 0 255
0.225 0.95 1.14541 2.15764 0 0 255
0.25 0.95 1.19054 2.12335 0 0 255
0.275 0.95 1.23933 2.08576 0 0 255
0.3 0.95 1.29041 2.04592 0 0 255
0.325 0.95 1.34245 2.00487 0 0 255
0.35 0.95 1.39428 1.96359 0 0 255
0.375 0.95 1.44492 1.92289 0 0 255
0.4 0.95 1.49364 1.88343 0 0 255
0.425 0.95 1.5399 1.84567 0 0 255
0.45 0.95 1.58338 1.80995 0 0 255
0.475 0.95 1.6239 1.77645 0 0 255
0.5 0.95 1.66142 1.74525 0 0 255
-0.5 0.925 -1.88715 1.50424 0 0 255
-0.475 0.925 -1.85424 1.53802 0 0 255
-0.45 0.925 -1.81828 1.57472 0 0 255
-0.425 0.925 -1.77917 1.61436 0 0 255
-0.4 0.925 -1.73697 1.65683 0 0 255
-0.375 0.925 -1.69186 1.70187 0 0 255
-0.35 0.925 -1.64421 1.74903 0 0 255
-0.325 0.925 -1.59465 1.79761 0 0 255
-0.3 0.925 -1.54404 1.84667 0 0 255
-0.275 0.925 -1.49354 1.89501 0 0 255
-0.25 0.925 -1.44451 1.94126 0 0 255
-0.225 0.925 -1.39848 1.98398 0 0 255
-0.2 0.925 -1.35695 2.0218 0 0 255
-0.175 0.925 -1.32123 2.05363 0 0 255
-0.15 0.925 -1.29235 2.07875 0 0 255
-0.125 0.925 -1.27098 2.09688 0 0 255
-0.1 0.925 -1.25777 2.10783 0 0 255
-0.075 0.925 -1.04965 2.11686 0 0 255
-0.05 0.925 -0.74134 2.13228 0 0 255
-0.025 0.925 -0.43282 2.14917 0 0 255
0 0.925 -0.124382 2.16672 0 0 255
0.025 0.925 0.184031 2.18482 0 0 255
0.05 0.925 0.492502 2.20358 0 0 255
0.075 0.925 0.800779 2.22389 0 0 255
0.1 0.925 1.01129 2.25545 0 0 255
0.125 0.925 1.02557 2.24547 0 0 255
0.15 0.925 1.04875 2.22901 0 0 255
0.175 0.925 1.08017 2.20625 0 0 255
0.2 0.925 1.11914 2.17747 0 0 255
0.225 0.925 1.16457 2.14331 0 0 255
0.25 0.925 1.21502 2.10475 0 0 255
0.275 0.925 1.26884 2.06303 0 0 255
0.3 0.925 1.32436 2.01943 0 0 255
0.325 0.925 1.38007 1.9752 0 0 255
0.35 0.925 1.43469 1.9314 0 0 255
0.375 0.925 1.48723 1.88889 0 0 255
0.4 0.925 1.53703 1.84827 0 0 255
0.425 0.925 1.58364 1.80998 0 0 255
0.45 0.925 1.62685 1.77423 0 0 255
0.475 0.925 1.66663 1.74112 0 0 255
0.5 0.925 1.70302 1.71066 0 0 255
-0.5 0.9 -1.92575 1.46462 0 0 255
-0.475 0.9 -1.89437 1.49708 0 0 255
-0.45 0.9 -1.85964 1.53279 0 0 255
-0.425 0.9 -1.82137 1.57188 0 0 255
-0.4 0.9 -1.77948 1.61439 0 0 255
-0.375 0.9 -1.73399 1.66018 0 0 255
-0.35 0.9 -1.68514 1.70892 0 0 255
-0.325 0.9 -1.63343 1.76002 0 0 255
-0.3 0.9 -1.57967 1.81256 0 0 255
-0.275 0.9 -1.52506 1.86527 0 0 255
-0.25 0.9 -1.47111 1.91658 0 0 255
-0.225 0.9 -1.41964 1.96472 0 0 255
-0.2 0.9 -1.37253 2.00792 0 0 255
-0.175 0.9 -1.33156 2.04464 0 0 255
-0.15 0.9 -1.29815 2.07383 0 0 255
-0.125 0.9 -1.27327 2.09499 0 0 255
-0.1 0.9 -1.25777 2.10783 0 0 255
-0.075 0.9 -1.04965 2.11686 0 0 255
-0.05 0.9 -0.74134 2.13228 0 0 255
-0.025 0.9 -0.43282 2.14917 0 0 255
0 0.9 -0.124382 2.16672 0 0 255
0.025 0.9 0.184031 2.18482 0 0 255
0.05 0.9 0.492502 2.20358 0 0 255
0.075 0.9 0.800779 2.22389 0 0 255
0.1 0.9 1.01129 2.25545 0 0 255
0.125 0.9 1.02804 2.24375 0 0 255
0.15 0.9 1.05504 2.22454 0 0 255
0.175 0.9 1.09141 2.19811 0 0 255
0.2 0.9 1.13614 2.16491 0 0 255
0.225 0.9 1.1877 2.12591 0 0 255
0.25 0.9 1.24417 2.08248 0 0 255
0.275 0.9 1.30344 2.0362 0 0 255
0.3 0.9 1.36354 1.98868 0 0 255
0.325 0.9 1.42276 1.94131 0 0 255
0.35 0.9 1.47978 1.89524 0 0 255
0.375 0.9 1.5337 1.85129 0 0 255
0.4 0.9 1.58394 1.81001 0 0 255
0.425 0.9 1.63025 1.77168 0 0 255
0.45 0.9 1.67256 1.73642 0 0 255
0.475 0.9 1.71099 1.7042 0 0 255
0.5 0.9 1.74573 1.67491 0 0 255
-0.5 0.875 -1.96486 1.42416 0 0 255
-0.475 0.875 -1.9355 1.45479 0 0 255
-0.45 0.875 -1.90259 1.4889 0 0 255
-0.425 0.875 -1.86584 1.52678 0 0 255
-0.4 0.875 -1.82497 1.5686 0 0 255
-0.375 0.875 -1.77984 1.61442 0 0 255
-0.35 0.875 -1.73049 1.66411 0 0 255
-0.325 0.875 -1.67721 1.71723 0 0 255
-0.3 0.875 -1.62069 1.77297 0 0 255
-0.275 0.875 -1.56205 1.83009 0 0 255
-0.25 0.875 -1.50291 1.88684 0 0 255
-0.225 0.875 -1.44536 1.94113 0 0 255
-0.2 0.875 -1.39176 1.99068 0 0 255
-0.175 0.875 -1.34447 2.03336 0 0 255
-0.15 0.875 -1.30548 2.0676 0 0 255
-0.125 0.875 -1.27618 2.09257 0 0 255
-0.1 0.875 -1.25777 2.10783 0 0 255
-0.075 0.875 -1.04965 2.11686 0 0 255
-0.05 0.875 -0.74134 2.13228 0 0 255
-0.025 0.875 -0.43282 2.14917 0 0 255
0 0.875 -0.124382 2.16672 0 0 255
0.025 0.875 0.184031 2.18482 0 0 255
0.05 0.875 0.492502 2.20358 0 0 255
0.075 0.875 0.800779 2.22389 0 0 255
0.1 0.875 1.01129 2.25545 0 0 255
0.125 0.875 1.0312 2.24155 0 0 255
0.15 0.875 1.06299 2.21889 0 0 255
0.175 0.875 1.10547 2.18789 0 0 255
0.2 0.875 1.15714 2.14933 0 0 255
0.225 0.875 1.21586 2.10461 0 0 255
0.25 0.875 1.27904 2.05565 0 0 255
0.275 0.875 1.34408 2.00447 0 0 255
0.3 0.875 1.40867 1.95298 0 0 255
0.325 0.875 1.47099 1.90273 0 0 255
0.35 0.875 1.52979 1.85484 0 0 255
0.375 0.875 1.5843 1.81004 0 0 255
0.4 0.875 1.63419 1.76872 0 0 255
0.425 0.875 1.67939 1.731 0 0 255
0.45 0.875 1.72007 1.69683 0 0 255
0.475 0.875 1.7565 1.66604 0 0 255
0.5 0.875 1.78902 1.6384 0 0 255
-0.5 0.85 -2.00392 1.38344 0 0 255
-0.475 0.85 -1.97706 1.41169 0 0 255
-0.45 0.85 -1.94659 1.44357 0 0 255
-0.425 0.85 -1.91206 1.47948 0 0 255
-0.4 0.85 -1.87304 1.51978 0 0 255
-0.375 0.85 -1.82919 1.56474 0 0 255
-0.35 0.85 -1.78027 1.61446 0 0 255
-0.325 0.85 -1.72632 1.6688 0 0 255
-0.3 0.85 -1.66773 1.72716 0 0 255
-0.275 0.85 -1.60544 1.78844 0 0 255
-0.25 0.85 -1.54105 1.85086 0 0 255
-0.225 0.85 -1.47686 1.91201 0 0 255
-0.2 0.85 -1.41576 1.96902 0 0 255
-0.175 0.85 -1.36084 2.01899 0 0 255
-0.15 0.85 -1.31489 2.05958 0 0 255
-0.125 0.85 -1.27998 2.08942 0 0 255
-0.1 0.85 -1.25777 2.10783 0 0 255
-0.075 0.85 -1.04965 2.11686 0 0 255
-0.05 0.85 -0.74134 2.13228 0 0 255
-0.025 0.85 -0.43282 2.14917 0 0 255
0 0.85 -0.124382 2.16672 0 0 255
0.025 0.85 0.184031 2.18482 0 0 255
0.05 0.85 0.492502 2.20358 0 0 255
0.075 0.85 0.800779 2.22389 0 0 255
0.1 0.85 1.01129 2.25545 0 0 255
0.125 0.85 1.0353 2.23868 0 0 255
0.15 0.85 1.0732 2.21161 0 0 255
0.175 0.85 1.12329 2.17489 0 0 255
0.2 0.85 1.18336 2.12976 0 0 255
0.225 0.85 1.25037 2.07833 0 0 255
0.25 0.85 1.32092 2.02319 0 0 255
0.275 0.85 1.3918 1.96692 0 0 255
0.3 0.85 1.46047 1.91169 0 0 255
0.325 0.85 1.52514 1.85907 0 0 255
0.35 0.85 1.58474 1.81009 0 0 255
0.375 0.85 1.63882 1.76524 0 0 255
0.4 0.85 1.68733 1.72469 0 0 255
0.425 0.85 1.73051 1.68834 0 0 255
0.45 0.85 1.76876 1.65593 0 0 255
0.475 0.85 1.80252 1.62716 0 0 255
0.5 0.85 1.83228 1.60165 0 0 255
-0.5 0.825 -2.04224 1.34312 0 0 255
-0.475 0.825 -2.01834 1.3685 0 0 255
-0.45 0.825 -1.99088 1.39752 0 0 255
-0.425 0.825 -1.95931 1.43068 0 0 255
-0.4 0.825 -1.92305 1.46851 0 0 255
-0.375 0.825 -1.88153 1.51153 0 0 255
-0.35 0.825 -1.83423 1.56013 0 0 255
-0.325 0.825 -1.78081 1.61452 0 0 255
-0.3 0.825 -1.72127 1.67449 0 0 255
-0.275 0.825 -1.65617 1.73926 0 0 255
-0.25 0.825 -1.58686 1.80722 0 0 255
-0.225 0.825 -1.5157 1.87578 0 0 255
-0.2 0.825 -1.44605 1.94146 0 0 255
-0.175 0.825 -1.38191 2.00038 0 0 255
-0.15 0.825 -1.32722 2.04904 0 0 255
-0.125 0.825 -1.28506 2.08521 0 0 255
-0.1 0.825 -1.25777 2.10783 0 0 255
-0.075 0.825 -1.04965 2.11686 0 0 255
-0.05 0.825 -0.74134 2.13228 0 0 255
-0.025 0.825 -0.43282 2.14917 0 0 255
0 0.825 -0.124382 2.16672 0 0 255
0.025 0.825 0.184031 2.18482 0 0 255
0.05 0.825 0.492502 2.20358 0 0 255
0.075 0.825 0.800779 2.22389 0 0 255
0.1 0.825 1.01129 2.25545 0 0 255
0.125 0.825 1.04079 2.23485 0 0 255
0.15 0.825 1.08659 2.20204 0 0 255
0.175 0.825 1.14626 2.15805 0 0 255
0.2 0.825 1.21649 2.10487 0 0 255
0.225 0.825 1.29297 2.04564 0 0 255
0.25 0.825 1.37126 1.98384 0 0 255
0.275 0.825 1.44765 1.92259 0 0 255
0.3 0.825 1.5195 1.86421 0 0 255
0.325 0.825 1.58528 1.81014 0 0 255
0.35 0.825 1.64434 1.7611 0 0 255
0.375 0.825 1.69668 1.71726 0 0 255
0.4 0.825 1.74265 1.67845 0 0 255
0.425 0.825 1.78282 1.64431 0 0 255
0.45 0.825 1.8178 1.61437 0 0 255
0.475 0.825 1.84825 1.58817 0 0 255
0.5 0.825 1.87475 1.56524 0 0 255
-0.5 0.8 -2.07911 1.30397 0 0 255
-0.475 0.8 -2.05851 1.32607 0 0 255
-0.45 0.8 -2.03455 1.35165 0 0 255
-0.425 0.8 -2.00662 1.3813 0 0 255
-0.4 0.8 -1.97402 1.4157 0 0 255
-0.375 0.8 -1.93598 1.45558 0 0 255
-0.35 0.8 -1.89167 1.50165 0 0 255
-0.325 0.8 -1.84035 1.55454 0 0 255
-0.3 0.8 -1.78149 1.61458 0 0 255
-0.275 0.8 -1.71503 1.68155 0 0 255
-0.25 0.8 -1.64177 1.75432 0 0 255
-0.225 0.8 -1.56379 1.83043 0 0 255
-0.2 0.8 -1.4847 1.90595 0 0 255
-0.175 0.8 -1.40953 1.9758 0 0 255
-0.15 0.8 -1.34377 2.03484 0 0 255
-0.125 0.8 -1.29204 2.07943 0 0 255
-0.1 0.8 -1.25777 2.10783 0 0 255
-0.075 0.8 -1.04965 2.11686 0 0 255
-0.05 0.8 -0.74134 2.13228 0 0 255
-0.025 0.8 -0.43282 2.14917 0 0 255
0 0.8 -0.124382 2.16672 0 0 255
0.025 0.8 0.184031 2.18482 0 0 255
0.05 0.8 0.492502 2.20358 0 0 255
0.075 0.8 0.800779 2.22389 0 0 255
0.1 0.8 1.01129 2.25545 0 0 255
0.125 0.8 1.04834 2.22958 0 0 255
0.15 0.8 1.10456 2.18917 0 0 255
0.175 0.8 1.17639 2.13583 0 0 255
0.2 0.8 1.25881 2.07282 0 0 255
0.225 0.8 1.34577 2.00474 0 0 255
0.25 0.8 1.43169 1.93615 0 0 255
0.275 0.8 1.51252 1.87058 0 0 255
0.3 0.8 1.58595 1.81021 0 0 255
0.325 0.8 1.65105 1.75607 0 0 255
0.35 0.8 1.70785 1.70837 0 0 255
0.375 0.8 1.75693 1.6668 0 0 255
0.4 0.8 1.79909 1.63081 0 0 255
0.425 0.8 1.83523 1.59975 0 0 255
0.45 0.8 1.8662 1.57297 0 0 255
0.475 0.8 1.89278 1.54986 0 0 255
0.5 0.8 1.91563 1.52988 0 0 255
-0.5 0.775 -2.11374 1.26681 0 0 255
-0.475 0.775 -2.09666 1.28534 0 0 255
-0.45 0.775 -2.07656 1.30704 0 0 255
-0.425 0.775 -2.05283 1.33254 0 0 255
-0.4 0.775 -2.02469 1.36261 0 0 255
-0.375 0.775 -1.99122 1.39813 0 0 255
-0.35 0.775 -1.95137 1.44012 0 0 255
-0.325 0.775 -1.90399 1.48963 0 0 255
-0.3 0.775 -1.84795 1.54761 0 0 255
-0.275 0.775 -1.78237 1.61467 0 0 255
-0.25 0.775 -1.7071 1.69056 0 0 255
-0.225 0.775 -1.62336 1.77353 0 0 255
-0.2 0.775 -1.53451 1.85967 0 0 255
-0.175 0.775 -1.44639 1.94271 0 0 255
-0.15 0.775 -1.36655 2.01521 0 0 255
-0.125 0.775 -1.302 2.07117 0 0 255
-0.1 0.775 -1.25777 2.10783 0 0 255
-0.075 0.775 -1.04965 2.11686 0 0 255
-0.05 0.775 -0.74134 2.13228 0 0 255
-0.025 0.775 -0.43282 2.14917 0 0 255
0 0.775 -0.124382 2.16672 0 0 255
0.025 0.775 0.184031 2.18482 0 0 255
0.05 0.775 0.492502 2.20358 0 0 255
0.075 0.775 0.800779 2.22389 0 0 255
0.1 0.775 1.01129 2.25545 0 0 255
0.125 0.775 1.0591 2.22206 0 0 255
0.15 0.775 1.12933 2.17138 0 0 255
0.175 0.775 1.21666 2.10593 0 0 255
0.2 0.775 1.31343 2.03107 0 0 255
0.225 0.775 1.41127 1.95346 0 0 255
0.25 0.775 1.50366 1.87869 0 0 255
0.275 0.775 1.58683 1.8103 0 0 255
0.3 0.775 1.65938 1.74984 0 0 255
0.325 0.775 1.72144 1.69754 0 0 255
0.35 0.775 1.77393 1.65287 0 0 255
0.375 0.775 1.81811 1.61497 0 0 255
0.4 0.775 1.85523 1.58289 0 0 255
0.425 0.775 1.88645 1.55572 0 0 255
0.45 0.775 1.91279 1.53267 0 0 255
0.475 0.775 1.9351 1.51306 0 0 255
0.5 0.775 1.95407 1.49629 0 0 255
-0.5 0.75 -2.14541 1.23246 0 0 255
-0.475 0.75 -2.13188 1.2473 0 0 255
-0.45 0.75 -2.11581 1.26487 0 0 255
-0.425 0.75 -2.0966 1.28577 0 0 255
-0.4 0.75 -2.0735 1.3108 0 0 255
-0.375 0.75 -2.04553 1.34091 0 0 255
-0.35 0.75 -2.01151 1.37729 0 0 255
-0.325 0.75 -1.96999 1.42135 0 0 255
-0.3 0.75 -1.91929 1.47466 0 0 255
-0.275 0.75 -1.85763 1.53878 0 0 255
-0.25 0.75 -1.78356 1.61479 0 0 255
-0.225 0.75 -1.69671 1.70243 0 0 255
-0.2 0.75 -1.59908 1.79882 0 0 255
-0.175 0.75 -1.49655 1.89717 0 0 255
-0.15 0.75 -1.39891 1.98714 0 0 255
-0.125 0.75 -1.31687 2.05885 0 0 255
-0.1 0.75 -1.25777 2.10783 0 0 255
-0.075 0.75 -1.04965 2.11686 0 0 255
-0.05 0.75 -0.74134 2.13228 0 0 255
-0.025 0.75 -0.43282 2.14917 0 0 255
0 0.75 -0.124382 2.16672 0 0 255
0.025 0.75 0.184031 2.18482 0 0 255
0.05 0.75 0.492502 2.20358 0 0 255
0.075 0.75 0.800779 2.22389 0 0 255
0.1 0.75 1.01129 2.25545 0 0 255
0.125 0.75 1.07518 2.21083 0 0 255
0.15 0.75 1.16454 2.14597 0 0 255
0.175 0.75 1.27152 2.06482 0 0 255
0.2 0.75 1.38433 1.97622 0 0 255
0.225 0.75 1.49203 1.88939 0 0 255
0.25 0.75 1.58803 1.81042 0 0 255
0.275 0.75 1.67001 1.7419 0 0 255
0.3 0.75 1.7383 1.68407 0 0 255
0.325 0.75 1.79451 1.63596 0 0 255
0.35 0.75 1.84057 1.59618 0 0 255
0.375 0.75 1.87832 1.56331 0 0 255
0.4 0.75 1.90936 1.5361 0 0 255
0.425 0.75 1.93502 1.51347 0 0 255
0.45 0.75 1.95635 1.49456 0 0 255
0.475 0.75 1.9742 1.47866 0 0 255
0.5 0.75 1.98923 1.46522 0 0 255
-0.5 0.725 -2.17348 1.20165 0 0 255
-0.475 0.725 -2.16336 1.2129 0 0 255
-0.45 0.725 -2.15124 1.22632 0 0 255
-0.425 0.725 -2.1366 1.24247 0 0 255
-0.4 0.725 -2.11877 1.26205 0 0 255
-0.375 0.725 -2.09686 1.28601 0 0 255
-0.35 0.725 -2.06968 1.31555 0 0 255
-0.325 0.725 -2.03569 1.35226 0 0 255
-0.3 0.725 -1.99288 1.39812 0 0 255
-0.275 0.725 -1.93874 1.45555 0 0 255
-0.25 0.725 -1.87042 1.52714 0 0 255
-0.225 0.725 -1.7853 1.61495 0 0 255
-0.2 0.725 -1.68253 1.71879 0 0 255
-0.175 0.725 -1.56589 1.83326 0 0 255
-0.15 0.725 -1.44655 1.94551 0 0 255
-0.125 0.725 -1.34048 2.03928 0 0 255
-0.1 0.725 -1.25777 2.10783 0 0 255
-0.075 0.725 -1.04965 2.11686 0 0 255
-0.05 0.725 -0.74134 2.13228 0 0 255
-0.025 0.725 -0.43282 2.14917 0 0 255
0 0.725 -0.124382 2.16672 0 0 255
0.025 0.725 0.184031 2.18482 0 0 255
0.05 0.725 0.492502 2.20358 0 0 255
0.075 0.725 0.800779 2.22389 0 0 255
0.1 0.725 1.01129 2.25545 0 0 255
0.125 0.725 1.1007 2.19302 0 0 255
0.15 0.725 1.21642 2.1083 0 0 255
0.175 0.725 1.3475 2.00719 0 0 255
0.2 0.725 1.47614 1.90412 0 0 255
0.225 0.725 1.58977 1.81059 0 0 255
0.25 0.725 1.68403 1.73144 0 0 255
0.275 0.725 1.75977 1.66687 0 0 255
0.3 0.725 1.81983 1.61504 0 0 255
0.325 0.725 1.86735 1.57361 0 0 255
0.35 0.725 1.90509 1.54044 0 0 255
0.375 0.725 1.93528 1.51372 0 0 255
0.4 0.725 1.95962 1.49204 0 0 255
0.425 0.725 1.97943 1.47431 0 0 255
0.45 0.725 1.99569 1.45968 0 0 255
0.475 0.725 2.00917 1.44752 0 0 255
0.5 0.725 2.02042 1.43733 0 0 255
-0.5 0.7 -2.19747 1.17502 0 0 255
-0.475 0.7 -2.19042 1.18294 0 0 255
-0.45 0.7 -2.18194 1.19245 0 0 255
-0.425 0.7 -2.17161 1.20401 0 0 255
-0.4 0.7 -2.1589 1.21817 0 0 255
-0.375 0.7 -2.14309 1.23575 0 0 255
-0.35 0.7 -2.12316 1.2578 0 0 255
-0.325 0.7 -2.0977 1.28583 0 0 255
-0.3 0.7 -2.06474 1.32189 0 0 255
-0.275 0.7 -2.02151 1.36882 0 0 255
-0.25 0.7 -1.96423 1.43038 0 0 255
-0.225 0.7 -1.88807 1.51112 0 0 255
-0.2 0.7 -1.78805 1.61522 0 0 255
-0.175 0.7 -1.66232 1.74255 0 0 255
-0.15 0.7 -1.51938 1.88113 0 0 255
-0.125 0.7 -1.38126 2.00549 0 0 255
-0.1 0.7 -1.25777 2.10783 0 0 255
-0.075 0.7 -1.04965 2.11686 0 0 255
-0.05 0.7 -0.74134 2.13228 0 0 255
-0.025 0.7 -0.43282 2.14917 0 0 255
0 0.7 -0.124382 2.16672 0 0 255
0.025 0.7 0.184031 2.18482 0 0 255
0.05 0.7 0.492502 2.20358 0 0 255
0.075 0.7 0.800779 2.22389 0 0 255
0.1 0.7 1.01129 2.25545 0 0 255
0.125 0.7 1.14479 2.16223 0 0 255
0.15 0.7 1.29588 2.05014 0 0 255
0.175 0.7 1.45343 1.92548 0 0 255
0.2 0.7 1.59252 1.81087 0 0 255
0.225 0.7 1.7034 1.71706 0 0 255
0.25 0.7 1.78791 1.64423 0 0 255
0.275 0.7 1.85152 1.58865 0 0 255
0.3 0.7 1.89955 1.54623 0 0 255
0.325 0.7 1.93618 1.51361 0 0 255
0.35 0.7 1.96448 1.48824 0 0 255
0.375 0.7 1.98663 1.46826 0 0 255
0.4 0.7 2.00421 1.45234 0 0 255
0.425 0.7 2.01833 1.43949 0 0 255
0.45 0.7 2.02981 1.42901 0 0 255
0.475 0.7 2.03924 1.42037 0 0 255
0.5 0.7 2.04707 1.41318 0 0 255
-0.5 0.675 -2.21709 1.15297 0 0 255
-0.475 0.675 -2.21265 1.15801 0 0 255
-0.45 0.675 -2.20729 1.1641 0 0 255
-0.425 0.675 -2.20072 1.17154 0 0 255
-0.4 0.675 -2.19259 1.18074 0 0 255
-0.375 0.675 -2.18237 1.19228 0 0 255
-0.35 0.675 -2.16933 1.20698 0 0 255
-0.325 0.675 -2.15239 1.22599 0 0 255
-0.3 0.675 -2.12998 1.25107 0 0 255
-0.275 0.675 -2.09969 1.28481 0 0 255
-0.25 0.675 -2.0578 1.33116 0 0 255
-0.225 0.675 -1.99863 1.39606 0 0 255
-0.2 0.675 -1.91378 1.48789 0 0 255
-0.175 0.675 -1.79315 1.61572 0 0 255
-0.15 0.675 -1.63396 1.77795 0 0 255
-0.125 0.675 -1.4616 1.9389 0 0 255
-0.1 0.675 -1.25777 2.10783 255 0 0
-0.075 0.675 -1.04965 2.11686 255 0 0
-0.05 0.675 -0.74134 2.13228 255 0 0
-0.025 0.675 -0.43282 2.14917 255 0 0
0 0.675 -0.124382 2.16672 255 0 0
0.025 0.675 0.184031 2.18482 255 0 0
0.05 0.675 0.492502 2.20358 255 0 0
0.075 0.675 0.800779 2.22389 255 0 0
0.1 0.675 1.01129 2.25545 255 0 0
0.125 0.675 1.23164 2.10159 0 0 255
0.15 0.675 1.42122 1.95714 0 0 255
0.175 0.675 1.59763 1.81138 0 0 255
0.2 0.675 1.73162 1.69625 0 0 255
0.225 0.675 1.82595 1.61338 0 0 255
0.25 0.675 1.89176 1.55473 0 0 255
0.275 0.675 1.93834 1.51279 0 0 255
0.3 0.675 1.97203 1.48223 0 0 255
0.325 0.675 1.99696 1.45949 0 0 255
0.35 0.675 2.01578 1.44223 0 0 255
0.375 0.675 2.03028 1.4289 0 0 255
0.4 0.675 2.04165 1.41841 0 0 255
0.425 0.675 2.05069 1.41005 0 0 255
0.45 0.675 2.05799 1.40328 0 0 255
0.475 0.675 2.06395 1.39775 0 0 255
0.5 0.675 2.06887 1.39316 0 0 255
-0.5 0.65 -2.23226 1.13573 0 0 255
-0.475 0.65 -2.22988 1.13845 0 0 255
-0.45 0.65 -2.227 1.14175 0 0 255
-0.425 0.65 -2.22346 1.14581 0 0 255
-0.4 0.65 -2.21904 1.15087 0 0 255
-0.375 0.65 -2.21345 1.15727 0 0 255
-0.35 0.65 -2.20625 1.16551 0 0 255
-0.325 0.65 -2.19678 1.17633 0 0 255
-0.3 0.65 -2.18402 1.19089 0 0 255
-0.275 0.65 -2.16637 1.21103 0 0 255
-0.25 0.65 -2.14112 1.23979 0 0 255
-0.225 0.65 -2.10363 1.28241 0 0 255
-0.2 0.65 -2.04557 1.34823 0 0 255
-0.175 0.65 -1.95234 1.45349 0 0 255
-0.15 0.65 -1.80632 1.617 0 0 255
-0.125 0.65 -1.66544 1.76997 255 0 0
-0.1 0.65 -1.3409 1.79024 255 0 0
-0.075 0.65 -1.03199 1.80622 255 0 0
-0.05 0.65 -0.723453 1.82279 255 0 0
-0.025 0.65 -0.415015 1.83985 255 0 0
0 0.65 -0.10663 1.85742 255 0 0
0.025 0.65 0.201745 1.87549 255 0 0
0.05 0.65 0.510163 1.89405 255 0 0
0.075 0.65 0.818683 1.9131 255 0 0
0.1 0.65 1.12759 1.93269 255 0 0
0.125 0.65 1.45199 1.94773 255 0 0
0.15 0.65 1.61081 1.8127 0 0 255
0.175 0.65 1.77404 1.66561 0 0 255
0.2 0.65 1.87801 1.57047 0 0 255
0.225 0.65 1.94268 1.51083 0 0 255
0.25 0.65 1.98441 1.47215 0 0 255
0.275 0.65 2.0125 1.44602 0 0 255
0.3 0.65 2.03213 1.42771 0 0 255
0.325 0.65 2.04631 1.41446 0 0 255
0.35 0.65 2.05684 1.40461 0 0 255
0.375 0.65 2.06484 1.39711 0 0 255
0.4 0.65 2.07105 1.39128 0 0 255
0.425 0.65 2.07596 1.38667 0 0 255
0.45 0.65 2.0799 1.38297 0 0 255
0.475 0.65 2.0831 1.37996 0 0 255
0.5 0.65 2.08574 1.37748 0 0 255
-0.5 0.625 -2.24306 1.12335 0 0 255
-0.475 0.625 -2.24216 1.12438 0 0 255
-0.45 0.625 -2.24107 1.12564 0 0 255
-0.425 0.625 -2.23972 1.12719 0 0 255
-0.4 0.625 -2.23803 1.12914 0 0 255
-0.375 0.625 -2.23587 1.13163 0 0 255
-0.35 0.625 -2.23305 1.13488 0 0 255
-0.325 0.625 -2.22928 1.13921 0 0 255
-0.3 0.625 -2.22411 1.14517 0 0 255
-0.275 0.625 -2.21672 1.15368 0 0 255
-0.25 0.625 -2.20569 1.16638 0 0 255
-0.225 0.625 -2.18819 1.18654 0 0 255
-0.2 0.625 -2.15794 1.22136 0 0 255
-0.175 0.625 -2.09836 1.28997 0 0 255
-0.15 0.625 -1.94721 1.46404 255 0 0
-0.125 0.625 -1.63201 1.46526 255 0 0
-0.1 0.625 -1.3229 1.48125 255 0 0
-0.075 0.625 -1.01409 1.49743 255 0 0
-0.05 0.625 -0.705581 1.51398 255 0 0
-0.025 0.625 -0.397195 1.53103 255 0 0
0 0.625 -0.0888662 1.54859 255 0 0
0.025 0.625 0.219457 1.56665 255 0 0
0.05 0.625 0.527829 1.58521 255 0 0
0.075 0.625 0.836323 1.60425 255 0 0
0.1 0.625 1.14511 1.62364 255 0 0
0.125 0.625 1.4542 1.64321 255 0 0
0.15 0.625 1.76963 1.67766 255 0 0
0.175 0.625 1.93726 1.51852 0 0 255
0.2 0.625 2.00334 1.4558 0 0 255
0.225 0.625 2.03687 1.42396 0 0 255
0.25 0.625 2.05629 1.40553 0 0 255
0.275 0.625 2.06852 1.39392 0 0 255
0.3 0.625 2.07671 1.38614 0 0 255
0.325 0.625 2.08245 1.38069 0 0 255
0.35 0.625 2.08663 1.37673 0 0 255
0.375 0.625 2.08975 1.37376 0 0 255
0.4 0.625 2.09215 1.37149 0 0 255
0.425 0.625 2.09403 1.3697 0 0 255
0.45 0.625 2.09552 1.36828 0 0 255
0.475 0.625 2.09674 1.36713 0 0 255
0.5 0.625 2.09773 1.36619 0 0 255
-0.5 0.6 -2.24952 1.11591 0 0 255
-0.475 0.6 -2.24952 1.11591 0 0 255
-0.45 0.6 -2.24952 1.11591 0 0 255
-0.425 0.6 -2.24952 1.11591 0 0 255
-0.4 0.6 -2.24952 1.11591 0 0 255
-0.375 0.6 -2.24952 1.11591 0 0 255
-0.35 0.6 -2.24952 1.11591 0 0 255
-0.325 0.6 -2.24952 1.11591 0 0 255
-0.3 0.6 -2.24952 1.11591 0 0 255
-0.275 0.6 -2.24952 1.11591 0 0 255
-0.25 0.6 -2.24952 1.11591 0 0 255
-0.225 0.6 -2.24952 1.11591 0 0 255
-0.2 0.6 -2.24952 1.11591 0 0 255
-0.175 0.6 -2.24952 1.11591 255 0 0
-0.15 0.6 -1.92199 1.14246 255 0 0
-0.125 0.6 -1.61311 1.1572 255 0 0
-0.1 0.6 -1.30448 1.17281 255 0 0
-0.075 0.6 -0.995972 1.18893 255 0 0
-0.05 0.6 -0.687631 1.20551 255 0 0
-0.025 0.6 -0.379355 1.22259 255 0 0
0 0.6 -0.0710972 1.24016 255 0 0
0.025 0.6 0.237157 1.2582 255 0 0
0.05 0.6 0.545423 1.27671 255 0 0
0.075 0.6 0.85375 1.29571 255 0 0
0.1 0.6 1.16224 1.31516 255 0 0
0.125 0.6 1.47085 1.33511 255 0 0
0.15 0.6 1.77971 1.3559 255 0 0
0.175 0.6 2.1049 1.35938 255 0 0
0.2 0.6 2.1049 1.35938 0 0 255
0.225 0.6 2.1049 1.35938 0 0 255
0.25 0.6 2.1049 1.35938 0 0 255
0.275 0.6 2.1049 1.35938 0 0 255
0.3 0.6 2.1049 1.35938 0 0 255
0.325 0.6 2.1049 1.35938 0 0 255
0.35 0.6 2.1049 1.35938 0 0 255
0.375 0.6 2.1049 1.35938 0 0 255
0.4 0.6 2.1049 1.35938 0 0 255
0.425 0.6 2.1049 1.35938 0 0 255
0.45 0.6 2.1049 1.35938 0 0 255
0.475 0.6 2.1049 1.35938 0 0 255
0.5 0.6 2.1049 1.35938 0 0 255
-0.5 0.575 -2.21258 0.818656 0 0 255
-0.475 0.575 -2.21258 0.818656 0 0 255
-0.45 0.575 -2.21258 0.818656 0 0 255
-0.425 0.575 -2.21258 0.818656 0 0 255
-0.4 0.575 -2.21258 0.818656 0 0 255
-0.375 0.575 -2.21258 0.818656 0 0 255
-0.35 0.575 -2.21258 0.818656 0 0 255
-0.325 0.575 -2.21258 0.818656 0 0 255
-0.3 0.575 -2.21258 0.818656 0 0 255
-0.275 0.575 -2.21258 0.818656 0 0 255
-0.25 0.575 -2.21258 0.818656 0 0 255
-0.225 0.575 -2.21258 0.818656 0 0 255
-0.2 0.575 -2.21258 0.818656 0 0 255
-0.175 0.575 -2.21258 0.818656 255 0 0
-0.15 0.575 -1.90287 0.833168 255 0 0
-0.125 0.575 -1.59438 0.848675 255 0 0
-0.1 0.575 -1.28602 0.864424 255 0 0
-0.075 0.575 -0.977806 0.880618 255 0 0
-0.05 0.575 -0.669654 0.897275 255 0 0
-0.025 0.575 -0.361499 0.914395 255 0 0
0 0.575 -0.0533232 0.931968 255 0 0
0.025 0.575 0.254849 0.949986 255 0 0
0.05 0.575 0.562997 0.968452 255 0 0
0.075 0.575 0.871137 0.987372 255 0 0
0.1 0.575 1.17934 1.00675 255 0 0
0.125 0.575 1.48768 1.02655 255 0 0
0.15 0.575 1.79614 1.04659 255 0 0
0.175 0.575 2.10583 1.06748 255 0 0
0.2 0.575 2.10583 1.06748 0 0 255
0.225 0.575 2.10583 1.06748 0 0 255
0.25 0.575 2.10583 1.06748 0 0 255
0.275 0.575 2.10583 1.06748 0 0 255
0.3 0.575 2.10583 1.06748 0 0 255
0.325 0.575 2.10583 1.06748 0 0 255
0.35 0.575 2.10583 1.06748 0 0 255
0.375 0.575 2.10583 1.06748 0 0 255
0.4 0.575 2.10583 1.06748 0 0 255
0.425 0.575 2.10583 1.06748 0 0 255
0.45 0.575 2.10583 1.06748 0 0 255
0.475 0.575 2.10583 1.06748 0 0 255
0.5 0.575 2.10583 1.06748 0 0 255
-0.5 0.55 -2.19299 0.508855 0 0 255
-0.475 0.55 -2.19299 0.508855 0 0 255
-0.45 0.55 -2.19299 0.508855 0 0 255
-0.425 0.55 -2.19299 0.508855 0 0 255
-0.4 0.55 -2.19299 0.508855 0 0 255
-0.375 0.55 -2.19299 0.508855 0 0 255
-0.35 0.55 -2.19299 0.508855 0 0 255
-0.325 0.55 -2.19299 0.508855 0 0 255
-0.3 0.55 -2.19299 0.508855 0 0 255
-0.275 0.55 -2.19299 0.508855 0 0 255
-0.25 0.55 -2.19299 0.508855 0 0 255
-0.225 0.55 -2.19299 0.508855 0 0 255
-0.2 0.55 -2.19299 0.508855 0 0 255
-0.175 0.55 -2.19299 0.508855 255 0 0
-0.15 0.55 -1.88415 0.524421 255 0 0
-0.125 0.55 -1.57579 0.540168 255 0 0
-0.1 0.55 -1.26766 0.55611 255 0 0
-0.075 0.55 -0.959664 0.572419 255 0 0
-0.05 0.55 -0.651675 0.589141 255 0 0
-0.025 0.55 -0.343633 0.60629 255 0 0
0 0.55 -0.0355449 0.623867 255 0 0
0.025 0.55 0.272541 0.641872 255 0 0
0.05 0.55 0.580576 0.660303 255 0 0
0.075 0.55 0.888554 0.679155 255 0 0
0.1 0.55 1.19654 0.698414 255 0 0
0.125 0.55 1.50465 0.718031 255 0 0
0.15 0.55 1.81299 0.737838 255 0 0
0.175 0.55 2.12181 0.757839 255 0 0
0.2 0.55 2.12181 0.757839 0 0 255
0.225 0.55 2.12181 0.757839 0 0 255
0.25 0.55 2.12181 0.757839 0 0 255
0.275 0.55 2.12181 0.757839 0 0 255
0.3 0.55 2.12181 0.757839 0 0 255
0.325 0.55 2.12181 0.757839 0 0 255
0.35 0.55 2.12181 0.757839 0 0 255
0.375 0.55 2.12181 0.757839 0 0 255
0.4 0.55 2.12181 0.757839 0 0 255
0.425 0.55 2.12181 0.757839 0 0 255
0.45 0.55 2.12181 0.757839 0 0 255
0.475 0.55 2.12181 0.757839 0 0 255
0.5 0.55 2.12181 0.757839 0 0 255
-0.5 0.525 -2.17431 0.200145 0 0 255
-0.475 0.525 -2.17431 0.200145 0 0 255
-0.45 0.525 -2.17431 0.200145 0 0 255
-0.425 0.525 -2.17431 0.200145 0 0 255
-0.4 0.525 -2.17431 0.200145 0 0 255
-0.375 0.525 -2.17431 0.200145 0 0 255
-0.35 0.525 -2.17431 0.200145 0 0 255
-0.325 0.525 -2.17431 0.200145 0 0 255
-0.3 0.525 -2.17431 0.200145 0 0 255
-0.275 0.525 -2.17431 0.200145 0 0 255
-0.25 0.525 -2.17431 0.200145 0 0 255
-0.225 0.525 -2.17431 0.200145 0 0 255
-0.2 0.525 -2.17431 0.200145 0 0 255
-0.175 0.525 -2.17431 0.200145 255 0 0
-0.15 0.525 -1.86564 0.215971 255 0 0
-0.125 0.525 -1.55736 0.23186 255 0 0
-0.1 0.525 -1.24939 0.247935 255 0 0
-0.075 0.525 -0.941547 0.264319 255 0 0
-0.05 0.525 -0.633692 0.281075 255 0 0
-0.025 0.525 -0.325758 0.298235 255 0 0
0 0.525 -0.0177627 0.315813 255 0 0
0.025 0.525 0.290231 0.333813 255 0 0
0.05 0.525 0.598159 0.352229 255 0 0
0.075 0.525 0.906005 0.371046 255 0 0
0.1 0.525 1.21383 0.390231 255 0 0
0.125 0.525 1.52179 0.409719 255 0 0
0.15 0.525 1.83004 0.429391 255 0 0
0.175 0.525 2.13869 0.44914 255 0 0
0.2 0.525 2.13869 0.44914 0 0 255
0.225 0.525 2.13869 0.44914 0 0 255
0.25 0.525 2.13869 0.44914 0 0 255
0.275 0.525 2.13869 0.44914 0 0 255
0.3 0.525 2.13869 0.44914 0 0 255
0.325 0.525 2.13869 0.44914 0 0 255
0.35 0.525 2.13869 0.44914 0 0 255
0.375 0.525 2.13869 0.44914 0 0 255
0.4 0.525 2.13869 0.44914 0 0 255
0.425 0.525 2.13869 0.44914 0 0 255
0.45 0.525 2.13869 0.44914 0 0 255
0.475 0.525 2.13869 0.44914 0 0 255
0.5 0.525 2.13869 0.44914 0 0 255
-0.5 0.5 -2.15591 -0.108113 0 0 255
-0.475 0.5 -2.15591 -0.108113 0 0 255
-0.45 0.5 -2.15591 -0.108113 0 0 255
-0.425 0.5 -2.15591 -0.108113 0 0 255
-0.4 0.5 -2.15591 -0.108113 0 0 255
-0.375 0.5 -2.15591 -0.108113 0 0 255
-0.35 0.5 -2.15591 -0.108113 0 0 255
-0.325 0.5 -2.15591 -0.108113 0 0 255
-0.3 0.5 -2.15591 -0.108113 0 0 255
-0.275 0.5 -2.15591 -0.108113 0 0 255
-0.25 0.5 -2.15591 -0.108113 0 0 255
-0.225 0.5 -2.15591 -0.108113 0 0 255
-0.2 0.5 -2.15591 -0.108113 0 0 255
-0.175 0.5 -2.15591 -0.108113 255 0 0
-0.15 0.5 -1.84726 -0.0921844 255 0 0
-0.125 0.5 -1.53905 -0.0762009 255 0 0
-0.1 0.5 -1.23116 -0.060061 255 0 0
-0.075 0.5 -0.923439 -0.043649 255 0 0
-0.05 0.5 -0.615697 -0.0268887 255 0 0
-0.025 0.5 -0.30787 -0.00973453 255 0 0
0 0.5 2.31256e-05 0.00783922 255 0 0
0.025 0.5 0.307915 0.0258407 255 0 0
0.05 0.5 0.615738 0.044261 255 0 0
0.075 0.5 0.923473 0.0630737 255 0 0
0.1 0.5 1.23119 0.0822322 255 0 0
0.125 0.5 1.53905 0.10166 255 0 0
0.15 0.5 1.84725 0.121239 255 0 0
0.175 0.5 2.15587 0.140867 255 0 0
0.2 0.5 2.15587 0.140867 0 0 255
0.225 0.5 2.15587 0.140867 0 0 255
0.25 0.5 2.15587 0.140867 0 0 255
0.275 0.5 2.15587 0.140867 0 0 255
0.3 0.5 2.15587 0.140867 0 0 255
0.325 0.5 2.15587 0.140867 0 0 255
0.35 0.5 2.15587 0.140867 0 0 255
0.375 0.5 2.15587 0.140867 0 0 255
0.4 0.5 2.15587 0.140867 0 0 255
0.425 0.5 2.15587 0.140867 0 0 255
0.45 0.5 2.15587 0.140867 0 0 255
0.475 0.5 2.15587 0.140867 0 0 255
0.5 0.5 2.15587 0.140867 0 0 255
-0.5 0.475 -2.13765 -0.416039 0 0 255
-0.475 0.475 -2.13765 -0.416039 0 0 255
-0.45 0.475 -2.13765 -0.416039 0 0 255
-0.425 0.475 -2.13765 -0.416039 0 0 255
-0.4 0.475 -2.13765 -0.416039 0 0 255
-0.375 0.475 -2.13765 -0.416039 0 0 255
-0.35 0.475 -2.13765 -0.416039 0 0 255
-0.325 0.475 -2.13765 -0.416039 0 0 255
-0.3 0.475 -2.13765 -0.416039 0 0 255
-0.275 0.475 -2.13765 -0.416039 0 0 255
-0.25 0.475 -2.13765 -0.416039 0 0 255
-0.225 0.475 -2.13765 -0.416039 0 0 255
-0.2 0.475 -2.13765 -0.416039 0 0 255
-0.175 0.475 -2.13765 -0.416039 255 0 0
-0.15 0.475 -1.829 -0.400062 255 0 0
-0.125 0.475 -1.52081 -0.384027 255 0 0
-0.1 0.475 -1.21298 -0.367859 255 0 0
-0.075 0.475 -0.905336 -0.351441 255 0 0
-0.05 0.475 -0.597692 -0.334689 255 0 0
-0.025 0.475 -0.289971 -0.317547 255 0 0
0 0.475 0.0178122 -0.299979 255 0 0
0.025 0.475 0.325594 -0.281973 255 0 0
0.05 0.475 0.633312 -0.263542 255 0 0
0.075 0.475 0.940953 -0.24472 255 0 0
0.1 0.475 1.24859 -0.225564 255 0 0
0.125 0.475 1.55641 -0.20616 255 0 0
0.15 0.475 1.86459 -0.186627 255 0 0
0.175 0.475 2.17322 -0.167059 255 0 0
0.2 0.475 2.17322 -0.167059 0 0 255
0.225 0.475 2.17322 -0.167059 0 0 255
0.25 0.475 2.17322 -0.167059 0 0 255
0.275 0.475 2.17322 -0.167059 0 0 255
0.3 0.475 2.17322 -0.167059 0 0 255
0.325 0.475 2.17322 -0.167059 0 0 255
0.35 0.475 2.17322 -0.167059 0 0 255
0.375 0.475 2.17322 -0.167059 0 0 255
0.4 0.475 2.17322 -0.167059 0 0 255
0.425 0.475 2.17322 -0.167059 0 0 255
0.45 0.475 2.17322 -0.167059 0 0 255
0.475 0.475 2.17322 -0.167059 0 0 255
0.5 0.475 2.17322 -0.167059 0 0 255
-0.5 0.45 -2.11969 -0.72374 0 0 255
-0.475 0.45 -2.11969 -0.72374 0 0 255
-0.45 0.45 -2.11969 -0.72374 0 0 255
-0.425 0.45 -2.11969 -0.72374 0 0 255
-0.4 0.45 -2.11969 -0.72374 0 0 255
-0.375 0.45 -2.11969 -0.72374 0 0 255
-0.35 0.45 -2.11969 -0.72374 0 0 255
-0.325 0.45 -2.11969 -0.72374 0 0 255
-0.3 0.45 -2.11969 -0.72374 0 0 255
-0.275 0.45 -2.11969 -0.72374 0 0 255
-0.25 0.45 -2.11969 -0.72374 0 0 255
-0.225 0.45 -2.11969 -0.72374 0 0 255
-0.2 0.45 -2.11969 -0.72374 0 0 255
-0.175 0.45 -2.11969 -0.72374 255 0 0
-0.15 0.45 -1.81087 -0.707747 255 0 0
-0.125 0.45 -1.50268 -0.691678 255 0 0
-0.1 0.45 -1.19486 -0.67548 255 0 0
-0.075 0.45 -0.887259 -0.659043 255 0 0
-0.05 0.45 -0.579691 -0.642286 255 0 0
-0.025 0.45 -0.272069 -0.625147 255 0 0
0 0.45 0.035604 -0.607582 255 0 0
0.025 0.45 0.343277 -0.589575 255 0 0
0.05 0.45 0.650898 -0.571141 255 0 0
0.075 0.45 0.958464 -0.552324 255 0 0
0.1 0.45 1.26606 -0.533184 255 0 0
0.125 0.45 1.57388 -0.513804 255 0 0
0.15 0.45 1.88207 -0.494294 255 0 0
0.175 0.45 2.1909 -0.474721 255 0 0
0.2 0.45 2.1909 -0.474721 0 0 255
0.225 0.45 2.1909 -0.474721 0 0 255
0.25 0.45 2.1909 -0.474721 0 0 255
0.275 0.45 2.1909 -0.474721 0 0 255
0.3 0.45 2.1909 -0.474721 0 0 255
0.325 0.45 2.1909 -0.474721 0 0 255
0.35 0.45 2.1909 -0.474721 0 0 255
0.375 0.45 2.1909 -0.474721 0 0 255
0.4 0.45 2.1909 -0.474721 0 0 255
0.425 0.45 2.1909 -0.474721 0 0 255
0.45 0.45 2.1909 -0.474721 0 0 255
0.475 0.45 2.1909 -0.474721 0 0 255
0.5 0.45 2.1909 -0.474721 0 0 255
-0.5 0.425 -2.10327 -1.03103 0 0 255
-0.475 0.425 -2.10327 -1.03103 0 0 255
-0.45 0.425 -2.10327 -1.03103 0 0 255
-0.425 0.425 -2.10327 -1.03103 0 0 255
-0.4 0.425 -2.10327 -1.03103 0 0 255
-0.375 0.425 -2.10327 -1.03103 0 0 255
-0.35 0.425 -2.10327 -1.03103 0 0 255
-0.325 0.425 -2.10327 -1.03103 0 0 255
-0.3 0.425 -2.10327 -1.03103 0 0 255
-0.275 0.425 -2.10327 -1.03103 0 0 255
-0.25 0.425 -2.10327 -1.03103 0 0 255
-0.225 0.425 -2.10327 -1.03103 0 0 255
-0.2 0.425 -2.10327 -1.03103 0 0 255
-0.175 0.425 -2.10327 -1.03103 255 0 0
-0.15 0.425 -1.79293 -1.01535 255 0 0
-0.125 0.425 -1.4847 -0.9993 255 0 0
-0.1 0.425 -1.17684 -0.983035 255 0 0
-0.075 0.425 -0.869252 -0.966512 255 0 0
-0.05 0.425 -0.561729 -0.949702 255 0 0
-0.025 0.425 -0.254182 -0.932538 255 0 0
0 0.425 0.0533983 -0.914968 255 0 0
0.025 0.425 0.360979 -0.896969 255 0 0
0.05 0.425 0.668525 -0.878562 255 0 0
0.075 0.425 0.976049 -0.859797 255 0 0
0.1 0.425 1.28364 -0.84074 255 0 0
0.125 0.425 1.5915 -0.821423 255 0 0
0.15 0.425 1.89973 -0.801887 255 0 0
0.175 0.425 2.21012 -0.781845 255 0 0
0.2 0.425 2.21012 -0.781845 0 0 255
0.225 0.425 2.21012 -0.781845 0 0 255
0.25 0.425 2.21012 -0.781845 0 0 255
0.275 0.425 2.21012 -0.781845 0 0 255
0.3 0.425 2.21012 -0.781845 0 0 255
0.325 0.425 2.21012 -0.781845 0 0 255
0.35 0.425 2.21012 -0.781845 0 0 255
0.375 0.425 2.21012 -0.781845 0 0 255
0.4 0.425 2.21012 -0.781845 0 0 255
0.425 0.425 2.21012 -0.781845 0 0 255
0.45 0.425 2.21012 -0.781845 0 0 255
0.475 0.425 2.21012 -0.781845 0 0 255
0.5 0.425 2.21012 -0.781845 0 0 255
-0.5 0.4 -2.13292 -1.31372 0 0 255
-0.475 0.4 -2.13292 -1.31372 0 0 255
-0.45 0.4 -2.13292 -1.31372 0 0 255
-0.425 0.4 -2.13292 -1.31372 0 0 255
-0.4 0.4 -2.13292 -1.31372 0 0 255
-0.375 0.4 -2.13292 -1.31372 0 0 255
-0.35 0.4 -2.13292 -1.31372 0 0 255
-0.325 0.4 -2.13292 -1.31372 0 0 255
-0.3 0.4 -2.13292 -1.31372 0 0 255
-0.275 0.4 -2.13292 -1.31372 0 0 255
-0.25 0.4 -2.13292 -1.31372 0 0 255
-0.225 0.4 -2.13292 -1.31372 0 0 255
-0.2 0.4 -2.13292 -1.31372 0 0 255
-0.175 0.4 -2.13292 -1.31372 255 0 0
-0.15 0.4 -1.77526 -1.32299 255 0 0
-0.125 0.4 -1.46683 -1.30719 255 0 0
-0.1 0.4 -1.159 -1.29075 255 0 0
-0.075 0.4 -0.851384 -1.274 255 0 0
-0.05 0.4 -0.543853 -1.25705 255 0 0
-0.025 0.4 -0.236335 -1.23982 255 0 0
0 0.4 0.0711945 -1.22223 255 0 0
0.025 0.4 0.378723 -1.20425 255 0 0
0.05 0.4 0.686241 -1.18592 255 0 0
0.075 0.4 0.993774 -1.16729 255 0 0
0.1 0.4 1.30139 -1.14846 255 0 0
0.125 0.4 1.60923 -1.12932 255 0 0
0.15 0.4 1.91767 -1.10952 255 0 0
0.175 0.4 2.27561 -1.06102 255 0 0
0.2 0.4 2.27561 -1.06102 0 0 255
0.225 0.4 2.27561 -1.06102 0 0 255
0.25 0.4 2.27561 -1.06102 0 0 255
0.275 0.4 2.27561 -1.06102 0 0 255
0.3 0.4 2.27561 -1.06102 0 0 255
0.325 0.4 2.27561 -1.06102 0 0 255
0.35 0.4 2.27561 -1.06102 0 0 255
0.375 0.4 2.27561 -1.06102 0 0 255
0.4 0.4 2.27561 -1.06102 0 0 255
0.425 0.4 2.27561 -1.06102 0 0 255
0.45 0.4 2.27561 -1.06102 0 0 255
0.475 0.4 2.27561 -1.06102 0 0 255
0.5 0.4 2.27561 -1.06102 0 0 255
-0.5 0.375 -2.12495 -1.32055 0 0 255
-0.475 0.375 -2.12385 -1.3215 0 0 255
-0.45 0.375 -2.1225 -1.32266 0 0 255
-0.425 0.375 -2.12084 -1.32408 0 0 255
-0.4 0.375 -2.11875 -1.32588 0 0 255
-0.375 0.375 -2.11609 -1.32816 0 0 255
-0.35 0.375 -2.11261 -1.33115 0 0 255
-0.325 0.375 -2.10798 -1.33513 0 0 255
-0.3 0.375 -2.10159 -1.3406 0 0 255
-0.275 0.375 -2.09249 -1.34842 0 0 255
-0.25 0.375 -2.0789 -1.36009 0 0 255
-0.225 0.375 -2.05732 -1.37861 0 0 255
-0.2 0.375 -2.02005 -1.4106 0 0 255
-0.175 0.375 -1.94661 -1.47363 0 0 255
-0.15 0.375 -1.76031 -1.63355 255 0 0
-0.125 0.375 -1.44901 -1.61586 255 0 0
-0.1 0.375 -1.14137 -1.59875 255 0 0
-0.075 0.375 -0.833741 -1.58168 255 0 0
-0.05 0.375 -0.526119 -1.56452 255 0 0
-0.025 0.375 -0.218553 -1.54718 255 0 0
0 0.375 0.0889922 -1.52956 255 0 0
0.025 0.375 0.396537 -1.51162 255 0 0
0.05 0.375 0.704101 -1.4934 255 0 0
0.075 0.375 1.01172 -1.475 255 0 0
0.1 0.375 1.31936 -1.45649 255 0 0
0.125 0.375 1.627 -1.43801 255 0 0
0.15 0.375 1.93841 -1.42019 255 0 0
0.175 0.375 2.10701 -1.2406 0 0 255
0.2 0.375 2.17346 -1.16982 0 0 255
0.225 0.375 2.20719 -1.13389 0 0 255
0.25 0.375 2.22672 -1.1131 0 0 255
0.275 0.375 2.23902 -1.09999 0 0 255
0.3 0.375 2.24726 -1.09122 0 0 255
0.325 0.375 2.25303 -1.08507 0 0 255
0.35 0.375 2.25723 -1.0806 0 0 255
0.375 0.375 2.26038 -1.07725 0 0 255
0.4 0.375 2.26279 -1.07468 0 0 255
0.425 0.375 2.26468 -1.07267 0 0 255
0.45 0.375 2.26618 -1.07106 0 0 255
0.475 0.375 2.2674 -1.06976 0 0 255
0.5 0.375 2.2684 -1.0687 0 0 255
-0.5 0.35 -2.1117 -1.332 0 0 255
-0.475 0.35 -2.10879 -1.33452 0 0 255
-0.45 0.35 -2.10525 -1.33757 0 0 255
-0.425 0.35 -2.1009 -1.34133 0 0 255
-0.4 0.35 -2.09549 -1.34601 0 0 255
-0.375 0.35 -2.08864 -1.35194 0 0 255
-0.35 0.35 -2.07982 -1.35958 0 0 255
-0.325 0.35 -2.06823 -1.36963 0 0 255
-0.3 0.35 -2.05264 -1.38316 0 0 255
-0.275 0.35 -2.03108 -1.4019 0 0 255
-0.25 0.35 -2.00029 -1.42872 0 0 255
-0.225 0.35 -1.95465 -1.46857 0 0 255
-0.2 0.35 -1.88416 -1.53034 0 0 255
-0.175 0.35 -1.77142 -1.62968 0 0 255
-0.15 0.35 -1.59623 -1.78573 0 0 255
-0.125 0.35 -1.43216 -1.93792 255 0 0
-0.1 0.35 -1.12434 -1.90704 255 0 0
-0.075 0.35 -0.816329 -1.88958 255 0 0
-0.05 0.35 -0.508523 -1.87224 255 0 0
-0.025 0.35 -0.200839 -1.8548 255 0 0
0 0.35 0.106791 -1.83717 255 0 0
0.025 0.35 0.414419 -1.81926 255 0 0
0.05 0.35 0.722098 -1.80114 255 0 0
0.075 0.35 1.0299 -1.78291 255 0 0
0.1 0.35 1.33792 -1.76481 255 0 0
0.125 0.35 1.64569 -1.75999 255 0 0
0.15 0.35 1.79205 -1.59009 0 0 255
0.175 0.35 1.94953 -1.41535 0 0 255
0.2 0.35 2.05107 -1.30401 0 0 255
0.225 0.35 2.11463 -1.23476 0 0 255
0.25 0.35 2.1558 -1.19007 0 0 255
0.275 0.35 2.18359 -1.15999 0 0 255
0.3 0.35 2.20306 -1.13896 0 0 255
0.325 0.35 2.21714 -1.12377 0 0 255
0.35 0.35 2.22761 -1.1125 0 0 255
0.375 0.35 2.23558 -1.10393 0 0 255
0.4 0.35 2.24177 -1.09727 0 0 255
0.425 0.35 2.24666 -1.09202 0 0 255
0.45 0.35 2.25059 -1.0878 0 0 255
0.475 0.35 2.25378 -1.08437 0 0 255
0.5 0.35 2.25642 -1.08155 0 0 255
-0.5 0.325 -2.0933 -1.34804 0 0 255
-0.475 0.325 -2.08792 -1.35273 0 0 255
-0.45 0.325 -2.08143 -1.3584 0 0 255
-0.425 0.325 -2.07349 -1.36533 0 0 255
-0.4 0.325 -2.06369 -1.37392 0 0 255
-0.375 0.325 -2.0514 -1.3847 0 0 255
-0.35 0.325 -2.03577 -1.39845 0 0 255
-0.325 0.325 -2.01557 -1.41627 0 0 255
-0.3 0.325 -1.98898 -1.43983 0 0 255
-0.275 0.325 -1.95329 -1.4716 0 0 255
-0.25 0.325 -1.90442 -1.51538 0 0 255
-0.225 0.325 -1.83634 -1.57693 0 0 255
-0.2 0.325 -1.74073 -1.66449 0 0 255
-0.175 0.325 -1.60945 -1.78726 0 0 255
-0.15 0.325 -1.44748 -1.94484 0 0 255
-0.125 0.325 -1.29873 -2.10395 0 0 255
-0.1 0.325 -1.1653 -2.26999 255 0 0
-0.075 0.325 -0.79966 -2.19892 255 0 0
-0.05 0.325 -0.491038 -2.1804 255 0 0
-0.025 0.325 -0.183157 -2.1628 255 0 0
0 0.325 0.124594 -2.14515 255 0 0
0.025 0.325 0.432336 -2.12727 255 0 0
0.05 0.325 0.740197 -2.10932 255 0 0
0.075 0.325 1.0488 -2.09234 255 0 0
0.1 0.325 1.415 -2.13019 255 0 0
0.125 0.325 1.53035 -1.94509 0 0 255
0.15 0.325 1.6612 -1.76759 0 0 255
0.175 0.325 1.80536 -1.59147 0 0 255
0.2 0.325 1.92278 -1.4541 0 0 255
0.225 0.325 2.00852 -1.35607 0 0 255
0.25 0.325 2.06969 -1.28713 0 0 255
0.275 0.325 2.11363 -1.23808 0 0 255
0.3 0.325 2.14576 -1.20247 0 0 255
0.325 0.325 2.16971 -1.17607 0 0 255
0.35 0.325 2.18791 -1.15608 0 0 255
0.375 0.325 2.202 -1.14067 0 0 255
0.4 0.325 2.21308 -1.12857 0 0 255
0.425 0.325 2.22193 -1.11894 0 0 255
0.45 0.325 2.22909 -1.11116 0 0 255
0.475 0.325 2.23495 -1.1048 0 0 255
0.5 0.325 2.23981 -1.09954 0 0 255
-0.5 0.3 -2.06989 -1.36867 0 0 255
-0.475 0.3 -2.06149 -1.37608 0 0 255
-0.45 0.3 -2.05139 -1.38499 0 0 255
-0.425 0.3 -2.03916 -1.39583 0 0 255
-0.4 0.3 -2.02418 -1.40914 0 0 255
-0.375 0.3 -2.00563 -1.42568 0 0 255
-0.35 0.3 -1.9824 -1.44647 0 0 255
-0.325 0.3 -1.95297 -1.47295 0 0 255
-0.3 0.3 -1.91524 -1.50711 0 0 255
-0.275 0.3 -1.86638 -1.55169 0 0 255
-0.25 0.3 -1.8027 -1.61037 0 0 255
-0.225 0.3 -1.71991 -1.68767 0 0 255
-0.2 0.3 -1.61458 -1.78786 0 0 255
-0.175 0.3 -1.48842 -1.91123 0 0 255
-0.15 0.3 -1.35618 -2.04667 0 0 255
-0.125 0.3 -1.24614 -2.1694 0 0 255
-0.1 0.3 -1.1653 -2.26999 0 0 255
-0.075 0.3 -0.79966 -2.19892 0 0 255
-0.05 0.3 -0.491038 -2.1804 0 0 255
-0.025 0.3 -0.183157 -2.1628 0 0 255
0 0.3 0.124594 -2.14515 0 0 255
0.025 0.3 0.432336 -2.12727 0 0 255
0.05 0.3 0.740197 -2.10932 0 0 255
0.075 0.3 1.0488 -2.09234 0 0 255
0.1 0.3 1.415 -2.13019 0 0 255
0.125 0.3 1.48488 -2.01805 0 0 255
0.15 0.3 1.58125 -1.88116 0 0 255
0.175 0.3 1.69826 -1.7299 0 0 255
0.2 0.3 1.81052 -1.592 0 0 255
0.225 0.3 1.90457 -1.47994 0 0 255
0.25 0.3 1.97865 -1.39343 0 0 255
0.275 0.3 2.03573 -1.32774 0 0 255
0.3 0.3 2.07958 -1.27781 0 0 255
0.325 0.3 2.11348 -1.23955 0 0 255
0.35 0.3 2.13993 -1.20988 0 0 255
0.375 0.3 2.16083 -1.18658 0 0 255
0.4 0.3 2.17752 -1.16805 0 0 255
0.425 0.3 2.19101 -1.15313 0 0 255
0.45 0.3 2.20204 -1.14098 0 0 255
0.475 0.3 2.21113 -1.13098 0 0 255
0.5 0.3 2.21871 -1.12268 0 0 255
-0.5 0.275 -2.0418 -1.39372 0 0 255
-0.475 0.275 -2.02994 -1.4043 0 0 255
-0.45 0.275 -2.01581 -1.41694 0 0 255
-0.425 0.275 -1.99885 -1.43217 0 0 255
-0.4 0.275 -1.97832 -1.45067 0 0 255
-0.375 0.275 -1.95328 -1.47335 0 0 255
-0.35 0.275 -1.92251 -1.50137 0 0 255
-0.325 0.275 -1.88443 -1.53627 0 0 255
-0.3 0.275 -1.83711 -1.57999 0 0 255
-0.275 0.275 -1.77826 -1.6349 0 0 255
-0.25 0.275 -1.70552 -1.70358 0 0 255
-0.225 0.275 -1.61734 -1.78818 0 0 255
-0.2 0.275 -1.51477 -1.88868 0 0 255
-0.175 0.275 -1.40444 -2.00013 0 0 255
-0.15 0.275 -1.30052 -2.11015 0 0 255
-0.125 0.275 -1.21944 -2.20262 0 0 255
-0.1 0.275 -1.1653 -2.26999 0 0 255
-0.075 0.275 -0.79966 -2.19892 0 0 255
-0.05 0.275 -0.491038 -2.1804 0 0 255
-0.025 0.275 -0.183157 -2.1628 0 0 255
0 0.275 0.124594 -2.14515 0 0 255
0.025 0.275 0.432336 -2.12727 0 0 255
0.05 0.275 0.740197 -2.10932 0 0 255
0.075 0.275 1.0488 -2.09234 0 0 255
0.1 0.275 1.415 -2.13019 0 0 255
0.125 0.275 1.46181 -2.05508 0 0 255
0.15 0.275 1.53263 -1.95196 0 0 255
0.175 0.275 1.62423 -1.82915 0 0 255
0.2 0.275 1.72204 -1.70464 0 0 255
0.225 0.275 1.8133 -1.59229 0 0 255
0.25 0.275 1.89197 -1.49768 0 0 255
0.275 0.275 1.95698 -1.42084 0 0 255
0.3 0.275 2.00966 -1.35938 0 0 255
0.325 0.275 2.05206 -1.31044 0 0 255
0.35 0.275 2.08621 -1.27136 0 0 255
0.375 0.275 2.11383 -1.23998 0 0 255
0.4 0.275 2.13633 -1.21457 0 0 255
0.425 0.275 2.15478 -1.19384 0 0 255
0.45 0.275 2.17004 -1.17677 0 0 255
0.475 0.275 2.18275 -1.16261 0 0 255
0.5 0.275 2.19342 -1.15076 0 0 255
-0.5 0.25 -2.00955 -1.42282 0 0 255
-0.475 0.25 -1.994 -1.43685 0 0 255
-0.45 0.25 -1.97565 -1.45347 0 0 255
-0.425 0.25 -1.95387 -1.47328 0 0 255
-0.4 0.25 -1.92788 -1.49704 0 0 255
-0.375 0.25 -1.89672 -1.52568 0 0 255
-0.35 0.25 -1.85925 -1.56035 0 0 255
-0.325 0.25 -1.81409 -1.60245 0 0 255
-0.3 0.25 -1.75981 -1.65352 0 0 255
-0.275 0.25 -1.69506 -1.71512 0 0 255
-0.25 0.25 -1.61908 -1.78838 0 0 255
-0.225 0.25 -1.53263 -1.87317 0 0 255
-0.2 0.25 -1.4393 -1.96683 0 0 255
-0.175 0.25 -1.34656 -2.06286 0 0 255
-0.15 0.25 -1.26506 -2.15118 0 0 255
-0.125 0.25 -1.20399 -2.22184 0 0 255
-0.1 0.25 -1.1653 -2.26999 0 0 255
-0.075 0.25 -0.79966 -2.19892 0 0 255
-0.05 0.25 -0.491038 -2.1804 0 0 255
-0.025 0.25 -0.183157 -2.1628 0 0 255
0 0.25 0.124594 -2.14515 0 0 255
0.025 0.25 0.432336 -2.12727 0 0 255
0.05 0.25 0.740197 -2.10932 0 0 255
0.075 0.25 1.0488 -2.09234 0 0 255
0.1 0.25 1.415 -2.13019 0 0 255
0.125 0.25 1.44845 -2.07652 0 0 255
0.15 0.25 1.5017 -1.99772 0 0 255
0.175 0.25 1.57335 -1.89915 0 0 255
0.2 0.25 1.65533 -1.79191 0 0 255
0.225 0.25 1.73815 -1.68726 0 0 255
0.25 0.25 1.81506 -1.59247 0 0 255
0.275 0.25 1.8828 -1.51055 0 0 255
0.3 0.25 1.94063 -1.44164 0 0 255
0.325 0.25 1.98916 -1.38449 0 0 255
0.35 0.25 2.02958 -1.33738 0 0 255
0.375 0.25 2.06316 -1.29856 0 0 255
0.4 0.25 2.0911 -1.26649 0 0 255
0.425 0.25 2.11442 -1.23988 0 0 255
0.45 0.25 2.13397 -1.2177 0 0 255
0.475 0.25 2.15046 -1.19908 0 0 255
0.5 0.25 2.16443 -1.18336 0 0 255
-0.5 0.225 -1.97383 -1.45541 0 0 255
-0.475 0.225 -1.95457 -1.47299 0 0 255
-0.45 0.225 -1.93208 -1.49359 0 0 255
-0.425 0.225 -1.90573 -1.51786 0 0 255
-0.4 0.225 -1.87479 -1.54651 0 0 255
-0.375 0.225 -1.83839 -1.58044 0 0 255
-0.35 0.225 -1.79558 -1.62062 0 0 255
-0.325 0.225 -1.74543 -1.6681 0 0 255
-0.3 0.225 -1.68711 -1.72386 0 0 255
-0.275 0.225 -1.62028 -1.78852 0 0 255
-0.25 0.225 -1.5455 -1.86191 0 0 255
-0.225 0.225 -1.46494 -1.94244 0 0 255
-0.2 0.225 -1.38293 -2.02636 0 0 255
-0.175 0.225 -1.30599 -2.1076 0 0 255
-0.15 0.225 -1.24142 -2.17882 0 0 255
-0.125 0.225 -1.19426 -2.23396 0 0 255
-0.1 0.225 -1.1653 -2.26999 0 0 255
-0.075 0.225 -0.79966 -2.19892 0 0 255
-0.05 0.225 -0.491038 -2.1804 0 0 255
-0.025 0.225 -0.183157 -2.1628 0 0 255
0 0.225 0.124594 -2.14515 0 0 255
0.025 0.225 0.432336 -2.12727 0 0 255
0.05 0.225 0.740197 -2.10932 0 0 255
0.075 0.225 1.0488 -2.09234 0 0 255
0.1 0.225 1.415 -2.13019 0 0 255
0.125 0.225 1.44003 -2.09003 0 0 255
0.15 0.225 1.48111 -2.02854 0 0 255
0.175 0.225 1.53776 -1.94907 0 0 255
0.2 0.225 1.60561 -1.85837 0 0 255
0.225 0.225 1.67822 -1.76463 0 0 255
0.25 0.225 1.74974 -1.67465 0 0 255
0.275 0.225 1.81627 -1.5926 0 0 255
0.3 0.225 1.87583 -1.52029 0 0 255
0.325 0.225 1.92788 -1.45793 0 0 255
0.35 0.225 1.97269 -1.40481 0 0 255
0.375 0.225 2.01098 -1.35984 0 0 255
0.4 0.225 2.04357 -1.32187 0 0 255
0.425 0.225 2.07129 -1.28979 0 0 255
0.45 0.225 2.09491 -1.26262 0 0 255
0.475 0.225 2.11509 -1.23954 0 0 255
0.5 0.225 2.13238 -1.21985 0 0 255
-0.5 0.2 -1.93548 -1.49077 0 0 255
-0.475 0.2 -1.91268 -1.5118 0 0 255
-0.45 0.2 -1.88637 -1.53618 0 0 255
-0.425 0.2 -1.85599 -1.56449 0 0 255
-0.4 0.2 -1.82089 -1.59739 0 0 255
-0.375 0.2 -1.7804 -1.63559 0 0 255
-0.35 0.2 -1.7339 -1.67982 0 0 255
-0.325 0.2 -1.68087 -1.73071 0 0 255
-0.3 0.2 -1.62116 -1.78862 0 0 255
-0.275 0.2 -1.55522 -1.85338 0 0 255
-0.25 0.2 -1.48444 -1.92394 0 0 255
-0.225 0.2 -1.41154 -1.99798 0 0 255
-0.2 0.2 -1.34067 -2.0717 0 0 255
-0.175 0.2 -1.2769 -2.14013 0 0 255
-0.15 0.2 -1.225 -2.19816 0 0 255
-0.125 0.2 -1.18774 -2.24207 0 0 255
-0.1 0.2 -1.1653 -2.26999 0 0 255
-0.075 0.2 -0.79966 -2.19892 0 0 255
-0.05 0.2 -0.491038 -2.1804 0 0 255
-0.025 0.2 -0.183157 -2.1628 0 0 255
0 0.2 0.124594 -2.14515 0 0 255
0.025 0.2 0.432336 -2.12727 0 0 255
0.05 0.2 0.740197 -2.10932 0 0 255
0.075 0.2 1.0488 -2.09234 0 0 255
0.1 0.2 1.415 -2.13019 0 0 255
0.125 0.2 1.4344 -2.09907 0 0 255
0.15 0.2 1.46682 -2.05011 0 0 255
0.175 0.2 1.51228 -1.98537 0 0 255
0.2 0.2 1.56841 -1.90898 0 0 255
0.225 0.2 1.63104 -1.82666 0 0 255
0.25 0.2 1.69563 -1.74394 0 0 255
0.275 0.2 1.75849 -1.66509 0 0 255
0.3 0.2 1.81716 -1.59269 0 0 255
0.325 0.2 1.87036 -1.52794 0 0 255
0.35 0.2 1.91766 -1.47102 0 0 255
0.375 0.2 1.9592 -1.42154 0 0 255
0.4 0.2 1.99538 -1.37879 0 0 255
0.425 0.2 2.02679 -1.34197 0 0 255
0.45 0.2 2.05399 -1.31029 0 0 255
0.475 0.2 2.07756 -1.283 0 0 255
0.5 0.2 2.098 -1.25945 0 0 255
-0.5 0.175 -1.89537 -1.52814 0 0 255
-0.475 0.175 -1.86936 -1.55236 0 0 255
-0.45 0.175 -1.83974 -1.58009 0 0 255
-0.425 0.175 -1.80602 -1.61184 0 0 255
-0.4 0.175 -1.76774 -1.64812 0 0 255
-0.375 0.175 -1.72445 -1.68945 0 0 255
-0.35 0.175 -1.67584 -1.73623 0 0 255
-0.325 0.175 -1.62184 -1.7887 0 0 255
-0.3 0.175 -1.56281 -1.84668 0 0 255
-0.275 0.175 -1.49973 -1.90946 0 0 255
-0.25 0.175 -1.43438 -1.9755 0 0 255
-0.225 0.175 -1.36952 -2.04231 0 0 255
-0.2 0.175 -1.30865 -2.10652 0 0 255
-0.175 0.175 -1.25553 -2.16429 0 0 255
-0.15 0.175 -1.21321 -2.21214 0 0 255
-0.125 0.175 -1.18317 -2.24776 0 0 255
-0.1 0.175 -1.1653 -2.26999 0 0 255
-0.075 0.175 -0.79966 -2.19892 0 0 255
-0.05 0.175 -0.491038 -2.1804 0 0 255
-0.025 0.175 -0.183157 -2.1628 0 0 255
0 0.175 0.124594 -2.14515 0 0 255
0.025 0.175 0.432336 -2.12727 0 0 255
0.05 0.175 0.740197 -2.10932 0 0 255
0.075 0.175 1.0488 -2.09234 0 0 255
0.1 0.175 1.415 -2.13019 0 0 255
0.125 0.175 1.43045 -2.10541 0 0 255
0.15 0.175 1.45657 -2.06569 0 0 255
0.175 0.175 1.49359 -2.01232 0 0 255
0.2 0.175 1.54028 -1.94784 0 0 255
0.225 0.175 1.59397 -1.87615 0 0 255
0.25 0.175 1.65135 -1.80153 0 0 255
0.275 0.175 1.70929 -1.72774 0 0 255
0.3 0.175 1.76533 -1.65758 0 0 255
0.325 0.175 1.81784 -1.59276 0 0 255
0.35 0.175 1.86594 -1.5341 0 0 255
0.375 0.175 1.9093 -1.48177 0 0 255
0.4 0.175 1.94794 -1.43554 0 0 255
0.425 0.175 1.98215 -1.39495 0 0 255
0.45 0.175 2.01229 -1.35943 0 0 255
0.475 0.175 2.0388 -1.32839 0 0 255
0.5 0.175 2.06208 -1.30127 0 0 255
-0.5 0.15 -1.85433 -1.56671 0 0 255
-0.475 0.15 -1.82558 -1.59374 0 0 255
-0.45 0.15 -1.79326 -1.62429 0 0 255
-0.425 0.15 -1.75702 -1.65875 0 0 255
-0.4 0.15 -1.71657 -1.69749 0 0 255
-0.375 0.15 -1.67169 -1.74078 0 0 255
-0.35 0.15 -1.62238 -1.78876 0 0 255
-0.325 0.15 -1.56892 -1.84128 0 0 255
-0.3 0.15 -1.51202 -1.89783 0 0 255
-0.275 0.15 -1.45293 -1.95733 0 0 255
-0.25 0.15 -1.39354 -2.01809 0 0 255
-0.225 0.15 -1.33631 -2.07777 0 0 255
-0.2 0.15 -1.28407 -2.13356 0 0 255
-0.175 0.15 -1.23949 -2.1826 0 0 255
-0.15 0.15 -1.2045 -2.22252 0 0 255
-0.125 0.15 -1.17985 -2.25189 0 0 255
-0.1 0.15 -1.1653 -2.26999 0 0 255
-0.075 0.15 -0.79966 -2.19892 0 0 255
-0.05 0.15 -0.491038 -2.1804 0 0 255
-0.025 0.15 -0.183157 -2.1628 0 0 255
0 0.15 0.124594 -2.14515 0 0 255
0.025 0.15 0.432336 -2.12727 0 0 255
0.05 0.15 0.740197 -2.10932 0 0 255
0.075 0.15 1.0488 -2.09234 0 0 255
0.1 0.15 1.415 -2.13019 0 0 255
0.125 0.15 1.42757 -2.11002 0 0 255
0.15 0.15 1.449 -2.07727 0 0 255
0.175 0.15 1.47957 -2.03274 0 0 255
0.2 0.15 1.5187 -1.97802 0 0 255
0.225 0.15 1.56472 -1.91574 0 0 255
0.25 0.15 1.61527 -1.84909 0 0 255
0.275 0.15 1.66786 -1.78122 0 0 255
0.3 0.15 1.72027 -1.71473 0 0 255
0.325 0.15 1.77083 -1.65154 0 0 255
0.35 0.15 1.81838 -1.59282 0 0 255
0.375 0.15 1.8623 -1.53917 0 0 255
0.4 0.15 1.90232 -1.49075 0 0 255
0.425 0.15 1.93842 -1.44742 0 0 255
0.45 0.15 1.97078 -1.40887 0 0 255
0.475 0.15 1.99967 -1.37469 0 0 255
0.5 0.15 2.02538 -1.34444 0 0 255
-0.5 0.125 -1.81315 -1.60576 0 0 255
-0.475 0.125 -1.78219 -1.63512 0 0 255
-0.45 0.125 -1.74784 -1.66789 0 0 255
-0.425 0.125 -1.70989 -1.70431 0 0 255
-0.4 0.125 -1.66821 -1.74459 0 0 255
-0.375 0.125 -1.62282 -1.78881 0 0 255
-0.35 0.125 -1.57395 -1.83684 0 0 255
-0.325 0.125 -1.52212 -1.88828 0 0 255
-0.3 0.125 -1.46826 -1.94238 0 0 255
-0.275 0.125 -1.41369 -1.99792 0 0 255
-0.25 0.125 -1.3602 -2.05325 0 0 255
-0.225 0.125 -1.30988 -2.1063 0 0 255
-0.2 0.125 -1.26492 -2.15483 0 0 255
-0.175 0.125 -1.2272 -2.19673 0 0 255
-0.15 0.125 -1.1979 -2.23041 0 0 255
-0.125 0.125 -1.17736 -2.25499 0 0 255
-0.1 0.125 -1.1653 -2.26999 0 0 255
-0.075 0.125 -0.79966 -2.19892 0 0 255
-0.05 0.125 -0.491038 -2.1804 0 0 255
-0.025 0.125 -0.183157 -2.1628 0 0 255
0 0.125 0.124594 -2.14515 0 0 255
0.025 0.125 0.432336 -2.12727 0 0 255
0.05 0.125 0.740197 -2.10932 0 0 255
0.075 0.125 1.0488 -2.09234 0 0 255
0.1 0.125 1.415 -2.13019 0 0 255
0.125 0.125 1.42542 -2.11347 0 0 255
0.15 0.125 1.44327 -2.08607 0 0 255
0.175 0.125 1.46884 -2.0485 0 0 255
0.2 0.125 1.50191 -2.00175 0 0 255
0.225 0.125 1.54147 -1.94758 0 0 255
0.25 0.125 1.58585 -1.88835 0 0 255
0.275 0.125 1.63315 -1.82656 0 0 255
0.3 0.125 1.6815 -1.7645 0 0 255
0.325 0.125 1.7293 -1.70405 0 0 255
0.35 0.125 1.77535 -1.64655 0 0 255
0.375 0.125 1.81883 -1.59286 0 0 255
0.4 0.125 1.85925 -1.54342 0 0 255
0.425 0.125 1.8964 -1.49837 0 0 255
0.45 0.125 1.93026 -1.45763 0 0 255
0.475 0.125 1.96093 -1.42098 0 0 255
0.5 0.125 1.98859 -1.38813 0 0 255
-0.5 0.1 -1.7725 -1.64463 0 0 255
-0.475 0.1 -1.73988 -1.67582 0 0 255
-0.45 0.1 -1.70415 -1.71017 0 0 255
-0.425 0.1 -1.66525 -1.74784 0 0 255
-0.4 0.1 -1.62318 -1.78885 0 0 255
-0.375 0.1 -1.57815 -1.83311 0 0 255
-0.35 0.1 -1.53057 -1.88031 0 0 255
-0.325 0.1 -1.48111 -1.92987 0 0 255
-0.3 0.1 -1.43075 -1.98093 0 0 255
-0.275 0.1 -1.38082 -2.03226 0 0 255
-0.25 0.1 -1.33288 -2.08233 0 0 255
-0.225 0.1 -1.28867 -2.12942 0 0 255
-0.2 0.1 -1.24981 -2.17176 0 0 255
-0.175 0.1 -1.21761 -2.20783 0 0 255
-0.15 0.1 -1.19279 -2.23654 0 0 255
-0.125 0.1 -1.17545 -2.25736 0 0 255
-0.1 0.1 -1.1653 -2.26999 0 0 255
-0.075 0.1 -0.79966 -2.19892 0 0 255
-0.05 0.1 -0.491038 -2.1804 0 0 255
-0.025 0.1 -0.183157 -2.1628 0 0 255
0 0.1 0.124594 -2.14515 0 0 255
0.025 0.1 0.432336 -2.12727 0 0 255
0.05 0.1 0.740197 -2.10932 0 0 255
0.075 0.1 1.0488 -2.09234 0 0 255
0.1 0.1 1.415 -2.13019 0 0 255
0.125 0.1 1.42377 -2.11612 0 0 255
0.15 0.1 1.43883 -2.0929 0 0 255
0.175 0.1 1.46048 -2.06088 0 0 255
0.2 0.1 1.48868 -2.02064 0 0 255
0.225 0.1 1.52282 -1.97338 0 0 255
0.25 0.1 1.56179 -1.92082 0 0 255
0.275 0.1 1.60412 -1.8649 0 0 255
0.3 0.1 1.64831 -1.80756 0 0 255
0.325 0.1 1.69294 -1.75052 0 0 255
0.35 0.1 1.73685 -1.69513 0 0 255
0.375 0.1 1.77913 -1.64238 0 0 255
0.4 0.1 1.81919 -1.5929 0 0 255
0.425 0.1 1.85665 -1.54704 0 0 255
0.45 0.1 1.89133 -1.50492 0 0 255
0.475 0.1 1.92319 -1.46649 0 0 255
0.5 0.1 1.95231 -1.43161 0 0 255
-0.5 0.075 -1.73292 -1.68276 0 0 255
-0.475 0.075 -1.69918 -1.71527 0 0 255
-0.45 0.075 -1.66269 -1.75063 0 0 255
-0.425 0.075 -1.62349 -1.78889 0 0 255
-0.4 0.075 -1.58173 -1.82994 0 0 255
-0.375 0.075 -1.53774 -1.87354 0 0 255
-0.35 0.075 -1.49203 -1.91926 0 0 255
-0.325 0.075 -1.44536 -1.96645 0 0 255
-0.3 0.075 -1.3987 -2.01418 0 0 255
-0.275 0.075 -1.35326 -2.06131 0 0 255
-0.25 0.075 -1.3104 -2.10649 0 0 255
-0.225 0.075 -1.27147 -2.14831 0 0 255
-0.2 0.075 -1.23772 -2.1854 0 0 255
-0.175 0.075 -1.21001 -2.21667 0 0 255
-0.15 0.075 -1.18877 -2.24139 0 0 255
-0.125 0.075 -1.17395 -2.25922 0 0 255
-0.1 0.075 -1.1653 -2.26999 0 0 255
-0.075 0.075 -0.79966 -2.19892 0 0 255
-0.05 0.075 -0.491038 -2.1804 0 0 255
-0.025 0.075 -0.183157 -2.1628 0 0 255
0 0.075 0.124594 -2.14515 0 0 255
0.025 0.075 0.432336 -2.12727 0 0 255
0.05 0.075 0.740197 -2.10932 0 0 255
0.075 0.075 1.0488 -2.09234 0 0 255
0.1 0.075 1.415 -2.13019 0 0 255
0.125 0.075 1.42248 -2.11819 0 0 255
0.15 0.075 1.43534 -2.0983 0 0 255
0.175 0.075 1.45385 -2.07074 0 0 255
0.2 0.075 1.4781 -2.03586 0 0 255
0.225 0.075 1.50773 -1.99446 0 0 255
0.25 0.075 1.54199 -1.94779 0 0 255
0.275 0.075 1.57981 -1.89733 0 0 255
0.3 0.075 1.61997 -1.8447 0 0 255
0.325 0.075 1.66129 -1.79138 0 0 255
0.35 0.075 1.70267 -1.73866 0 0 255
0.375 0.075 1.74325 -1.68756 0 0 255
0.4 0.075 1.78235 -1.63882 0 0 255
0.425 0.075 1.8195 -1.59293 0 0 255
0.45 0.075 1.85441 -1.55016 0 0 255
0.475 0.075 1.88692 -1.51061 0 0 255
0.5 0.075 1.91701 -1.47426 0 0 255
-0.5 0.05 -1.69482 -1.71973 0 0 255
-0.475 0.05 -1.66047 -1.75307 0 0 255
-0.45 0.05 -1.62375 -1.78892 0 0 255
-0.425 0.05 -1.58481 -1.8272 0 0 255
-0.4 0.05 -1.5439 -1.86773 0 0 255
-0.375 0.05 -1.50143 -1.91015 0 0 255
-0.35 0.05 -1.45797 -1.95398 0 0 255
-0.325 0.05 -1.41428 -1.9985 0 0 255
-0.3 0.05 -1.3713 -2.04283 0 0 255
-0.275 0.05 -1.33009 -2.08594 0 0 255
-0.25 0.05 -1.29177 -2.12667 0 0 255
-0.225 0.05 -1.25742 -2.16387 0 0 255
-0.2 0.05 -1.22793 -2.19652 0 0 255
-0.175 0.05 -1.2039 -2.22382 0 0 255
-0.15 0.05 -1.18555 -2.24527 0 0 255
-0.125 0.05 -1.17276 -2.26071 0 0 255
-0.1 0.05 -1.1653 -2.26999 0 0 255
-0.075 0.05 -0.79966 -2.19892 0 0 255
-0.05 0.05 -0.491038 -2.1804 0 0 255
-0.025 0.05 -0.183157 -2.1628 0 0 255
0 0.05 0.124594 -2.14515 0 0 255
0.025 0.05 0.432336 -2.12727 0 0 255
0.05 0.05 0.740197 -2.10932 0 0 255
0.075 0.05 1.0488 -2.09234 0 0 255
0.1 0.05 1.415 -2.13019 0 0 255
0.125 0.05 1.42145 -2.11984 0 0 255
0.15 0.05 1.43255 -2.10264 0 0 255
0.175 0.05 1.44853 -2.07871 0 0 255
0.2 0.05 1.46954 -2.04826 0 0 255
0.225 0.05 1.4954 -2.01183 0 0 255
0.25 0.05 1.52561 -1.9703 0 0 255
0.275 0.05 1.55939 -1.92483 0 0 255
0.3 0.05 1.59578 -1.8767 0 0 255
0.325 0.05 1.6338 -1.82718 0 0 255
0.35 0.05 1.6725 -1.77744 0 0 255
0.375 0.05 1.71105 -1.72847 0 0 255
0.4 0.05 1.74876 -1.68106 0 0 255
0.425 0.05 1.78512 -1.63576 0 0 255
0.45 0.05 1.81976 -1.59296 0 0 255
0.475 0.05 1.85245 -1.55288 0 0 255
0.5 0.05 1.88306 -1.5156 0 0 255
-0.5 0.025 -1.65851 -1.75521 0 0 255
-0.475 0.025 -1.62398 -1.78894 0 0 255
-0.45 0.025 -1.58749 -1.82482 0 0 255
-0.425 0.025 -1.54925 -1.86268 0 0 255
-0.4 0.025 -1.5096 -1.90225 0 0 255
-0.375 0.025 -1.46897 -1.94313 0 0 255
-0.35 0.025 -1.42796 -1.98479 0 0 255
-0.325 0.025 -1.38731 -2.02654 0 0 255
-0.3 0.025 -1.34786 -2.06754 0 0 255
-0.275 0.025 -1.31053 -2.10689 0 0 255
-0.25 0.025 -1.27624 -2.14361 0 0 255
-0.225 0.025 -1.24581 -2.17681 0 0 255
-0.2 0.025 -1.21991 -2.20568 0 0 255
-0.175 0.025 -1.19892 -2.22966 0 0 255
-0.15 0.025 -1.18293 -2.24844 0 0 255
-0.125 0.025 -1.1718 -2.26191 0 0 255
-0.1 0.025 -1.1653 -2.26999 0 0 255
-0.075 0.025 -0.79966 -2.19892 0 0 255
-0.05 0.025 -0.491038 -2.1804 0 0 255
-0.025 0.025 -0.183157 -2.1628 0 0 255
0 0.025 0.124594 -2.14515 0 0 255
0.025 0.025 0.432336 -2.12727 0 0 255
0.05 0.025 0.740197 -2.10932 0 0 255
0.075 0.025 1.0488 -2.09234 0 0 255
0.1 0.025 1.415 -2.13019 0 0 255
0.125 0.025 1.42062 -2.12118 0 0 255
0.15 0.025 1.43028 -2.10617 0 0 255
0.175 0.025 1.4442 -2.08523 0 0 255
0.2 0.025 1.46254 -2.05848 0 0 255
0.225 0.025 1.48523 -2.02626 0 0 255
0.25 0.025 1.51196 -1.98922 0 0 255
0.275 0.025 1.54216 -1.94822 0 0 255
0.3 0.025 1.5751 -1.90428 0 0 255
0.325 0.025 1.60996 -1.85849 0 0 255
0.35 0.025 1.64594 -1.81186 0 0 255
0.375 0.025 1.68228 -1.76532 0 0 255
0.4 0.025 1.71832 -1.71963 0 0 255
0.425 0.025 1.75355 -1.67541 0 0 255
0.45 0.025 1.78753 -1.63309 0 0 255
0.475 0.025 1.81999 -1.59298 0 0 255
0.5 0.025 1.85073 -1.55526 0 0 255
-0.5 0 -1.62418 -1.78897 0 0 255
-0.475 0 -1.58984 -1.82273 0 0 255
-0.45 0 -1.55395 -1.85825 0 0 255
-0.425 0 -1.51676 -1.89532 0 0 255
-0.4 0 -1.47863 -1.93363 0 0 255
-0.375 0 -1.44004 -1.97273 0 0 255
-0.35 0 -1.40156 -2.01209 0 0 255
-0.325 0 -1.36388 -2.05106 0 0 255
-0.3 0 -1.32775 -2.08888 0 0 255
-0.275 0 -1.29395 -2.12477 0 0 255
-0.25 0 -1.2632 -2.15793 0 0 255
-0.225 0 -1.23616 -2.18764 0 0 255
-0.2 0 -1.21328 -2.21329 0 0 255
-0.175 0 -1.19482 -2.2345 0 0 255
-0.15 0 -1.18078 -2.25104 0 0 255
-0.125 0 -1.17101 -2.26289 0 0 255
-0.1 0 -1.1653 -2.26999 0 0 255
-0.075 0 -0.79966 -2.19892 0 0 255
-0.05 0 -0.491038 -2.1804 0 0 255
-0.025 0 -0.183157 -2.1628 0 0 255
0 0 0.124594 -2.14515 0 0 255
0.025 0 0.432336 -2.12727 0 0 255
0.05 0 0.740197 -2.10932 0 0 255
0.075 0 1.0488 -2.09234 0 0 255
0.1 0 1.415 -2.13019 0 0 255
0.125 0 1.41993 -2.12228 0 0 255
0.15 0 1.42841 -2.10907 0 0 255
0.175 0 1.44063 -2.09062 0 0 255
0.2 0 1.45675 -2.06697 0 0 255
0.225 0 1.47678 -2.03834 0 0 255
0.25 0 1.50052 -2.0052 0 0 255
0.275 0 1.52757 -1.96818 0 0 255
0.3 0 1.55737 -1.92811 0 0 255
0.325 0 1.58928 -1.88588 0 0 255
0.35 0 1.6226 -1.84235 0 0 255
0.375 0 1.65666 -1.79838 0 0 255
0.4 0 1.69087 -1.75469 0 0 255
0.425 0 1.72471 -1.71189 0 0 255
0.45 0 1.75774 -1.67045 0 0 255
0.475 0 1.78965 -1.63074 0 0 255
0.5 0 1.82019 -1.593 0 0 255
