-0.5 1 -1.42817 1.23547 0 0 255
-0.475 1 -1.4005 1.26565 0 0 255
-0.45 1 -1.37141 1.29748 0 0 255
-0.425 1 -1.34107 1.33077 0 0 255
-0.4 1 -1.30974 1.36527 0 0 255
-0.375 1 -1.27776 1.40059 0 0 255
-0.35 1 -1.24558 1.43626 0 0 255
-0.325 1 -1.21372 1.47172 0 0 255
-0.3 1 -1.18276 1.50629 0 0 255
-0.275 1 -1.15336 1.53927 0 0 255
-0.25 1 -1.12614 1.56993 0 0 255
-0.225 1 -1.10169 1.59759 0 0 255
-0.2 1 -1.08048 1.62168 0 0 255
-0.175 1 -1.06285 1.64178 0 0 255
-0.15 1 -1.04898 1.65763 0 0 255
-0.125 1 -1.03894 1.66912 0 0 255
-0.1 1 -1.03286 1.67609 0 0 255
-0.075 1 -0.84642 1.62466 0 0 255
-0.05 1 -0.606877 1.64083 0 0 255
-0.025 1 -0.367471 1.65879 0 0 255
0 1 -0.128161 1.67704 0 0 255
0.025 1 0.111149 1.6954 0 0 255
0.05 1 0.350556 1.71406 0 0 255
0.075 1 0.590095 1.73449 0 0 255
0.1 1 0.776881 1.82198 0 0 255
0.125 1 0.78374 1.81581 0 0 255
0.15 1 0.795075 1.80565 0 0 255
0.175 1 0.810778 1.79166 0 0 255
0.2 1 0.830777 1.77397 0 0 255
0.225 1 0.854869 1.75281 0 0 255
0.25 1 0.882675 1.72855 0 0 255
0.275 1 0.913653 1.7017 0 0 255
0.3 1 0.947138 1.67285 0 0 255
0.325 1 0.982405 1.64264 0 0 255
0.35 1 1.01873 1.61168 0 0 255
0.375 1 1.05542 1.58055 0 0 255
0.4 1 1.09189 1.54976 0 0 255
0.425 1 1.12763 1.5197 0 0 255
0.45 1 1.16224 1.4907 0 0 255
0.475 1 1.19543 1.46298 0 0 255
0.5 1 1.227 1.43671 0 0 255
-0.5 0.975 -1.45584 1.20528 0 0 255
-0.475 0.975 -1.42817 1.23538 0 0 255
-0.45 0.975 -1.39877 1.26745 0 0 255
-0.425 0.975 -1.36777 1.30138 0 0 255
-0.4 0.975 -1.3354 1.33692 0 0 255
-0.375 0.975 -1.30196 1.37376 0 0 255
-0.35 0.975 -1.26791 1.41142 0 0 255
-0.325 0.975 -1.23378 1.4493 0 0 255
-0.3 0.975 -1.20025 1.48668 0 0 255
-0.275 0.975 -1.16804 1.52273 0 0 255
-0.25 0.975 -1.13793 1.5566 0 0 255
-0.225 0.975 -1.11064 1.58742 0 0 255
-0.2 0.975 -1.08681 1.61446 0 0 255
-0.175 0.975 -1.0669 1.63714 0 0 255
-0.15 0.975 -1.05118 1.65511 0 0 255
-0.125 0.975 -1.03979 1.66816 0 0 255
-0.1 0.975 -1.03286 1.67609 0 0 255
-0.075 0.975 -0.84642 1.62466 0 0 255
-0.05 0.975 -0.606877 1.64083 0 0 255
-0.025 0.975 -0.367471 1.65879 0 0 255
0 0.975 -0.128161 1.67704 0 0 255
0.025 0.975 0.111149 1.6954 0 0 255
0.05 0.975 0.350556 1.71406 0 0 255
0.075 0.975 0.590095 1.73449 0 0 255
0.1 0.975 0.776881 1.82198 0 0 255
0.125 0.975 0.784691 1.81495 0 0 255
0.15 0.975 0.797568 1.80341 0 0 255
0.175 0.975 0.815366 1.78757 0 0 255
0.2 0.975 0.837959 1.76762 0 0 255
0.225 0.975 0.865039 1.74387 0 0 255
0.25 0.975 0.896079 1.71686 0 0 255
0.275 0.975 0.930363 1.68722 0 0 255
0.3 0.975 0.967052 1.6557 0 0 255
0.325 0.975 1.00527 1.62305 0 0 255
0.35 0.975 1.04418 1.58999 0 0 255
0.375 0.975 1.08302 1.55715 0 0 255
0.4 0.975 1.12115 1.52504 0 0 255
0.425 0.975 1.15809 1.49408 0 0 255
0.45 0.975 1.19345 1.46454 0 0 255
0.475 0.975 1.227 1.43663 0 0 255
0.5 0.975 1.25857 1.41045 0 0 255
-0.5 0.95 -1.48494 1.17363 0 0 255
-0.475 0.95 -1.45757 1.20331 0 0 255
-0.45 0.95 -1.42817 1.23528 0 0 255
-0.425 0.95 -1.3968 1.26951 0 0 255
-0.4 0.95 -1.36363 1.30582 0 0 255
-0.375 0.95 -1.32892 1.34395 0 0 255
-0.35 0.95 -1.2931 1.38346 0 0 255
-0.325 0.95 -1.25671 1.42374 0 0 255
-0.3 0.95 -1.22048 1.46404 0 0 255
-0.275 0.95 -1.18522 1.50342 0 0 255
-0.25 0.95 -1.15186 1.54086 0 0 255
-0.225 0.95 -1.12132 1.57531 0 0 255
-0.2 0.95 -1.09441 1.6058 0 0 255
-0.175 0.95 -1.07179 1.63155 0 0 255
-0.15 0.95 -1.05386 1.65204 0 0 255
-0.125 0.95 -1.04082 1.66698 0 0 255
-0.1 0.95 -1.03286 1.67609 0 0 255
-0.075 0.95 -0.84642 1.62466 0 0 255
-0.05 0.95 -0.606877 1.64083 0 0 255
-0.025 0.95 -0.367471 1.65879 0 0 255
0 0.95 -0.128161 1.67704 0 0 255
0.025 0.95 0.111149 1.6954 0 0 255
0.05 0.95 0.350556 1.71406 0 0 255
0.075 0.95 0.590095 1.73449 0 0 255
0.1 0.95 0.776881 1.82198 0 0 255
0.125 0.95 0.785851 1.8139 0 0 255
0.15 0.95 0.800592 1.8007 0 0 255
0.175 0.95 0.820907 1.78264 0 0 255
0.2 0.95 0.846585 1.76 0 0 255
0.225 0.95 0.877168 1.73324 0 0 255
0.25 0.95 0.911926 1.70306 0 0 255
0.275 0.95 0.949917 1.67031 0 0 255
0.3 0.95 0.990092 1.6359 0 0 255
0.325 0.95 1.03141 1.60072 0 0 255
0.35 0.95 1.0729 1.56558 0 0 255
0.375 0.95 1.11376 1.53115 0 0 255
0.4 0.95 1.15335 1.49793 0 0 255
0.425 0.95 1.1912 1.46632 0 0 255
0.45 0.95 1.22699 1.43653 0 0 255
0.475 0.95 1.26054 1.40872 0 0 255
0.5 0.95 1.29177 1.38291 0 0 255
-0.5 0.925 -1.5153 1.14073 0 0 255
-0.475 0.925 -1.48857 1.16959 0 0 255
-0.45 0.925 -1.45953 1.20106 0 0 255
-0.425 0.925 -1.42816 1.23517 0 0 255
-0.4 0.925 -1.39454 1.27186 0 0 255
-0.375 0.925 -1.35886 1.31094 0 0 255
-0.35 0.925 -1.32147 1.35204 0 0 255
-0.325 0.925 -1.28291 1.39461 0 0 255
-0.3 0.925 -1.24391 1.43786 0 0 255
-0.275 0.925 -1.20539 1.48078 0 0 255
-0.25 0.925 -1.16843 1.52218 0 0 255
-0.225 0.925 -1.13415 1.56077 0 0 255
-0.2 0.925 -1.10363 1.5953 0 0 255
-0.175 0.925 -1.07776 1.62473 0 0 255
-0.15 0.925 -1.05714 1.64828 0 0 255
-0.125 0.925 -1.04209 1.66552 0 0 255
-0.1 0.925 -1.03286 1.67609 0 0 255
-0.075 0.925 -0.84642 1.62466 0 0 255
-0.05 0.925 -0.606877 1.64083 0 0 255
-0.025 0.925 -0.367471 1.65879 0 0 255
0 0.925 -0.128161 1.67704 0 0 255
0.025 0.925 0.111149 1.6954 0 0 255
0.05 0.925 0.350556 1.71406 0 0 255
0.075 0.925 0.590095 1.73449 0 0 255
0.1 0.925 0.776881 1.82198 0 0 255
0.125 0.925 0.787284 1.81261 0 0 255
0.15 0.925 0.804306 1.79738 0 0 255
0.175 0.925 0.827673 1.77663 0 0 255
0.2 0.925 0.857045 1.75077 0 0 255
0.225 0.925 0.891749 1.72048 0 0 255
0.25 0.925 0.930774 1.6867 0 0 255
0.275 0.925 0.972889 1.65051 0 0 255
0.3 0.925 1.0168 1.61303 0 0 255
0.325 0.925 1.06127 1.5753 0 0 255
0.35 0.925 1.10525 1.53818 0 0 255
0.375 0.925 1.14791 1.50238 0 0 255
0.4 0.925 1.18862 1.46835 0 0 255
0.425 0.925 1.22699 1.43642 0 0 255
0.45 0.925 1.26278 1.40675 0 0 255
0.475 0.925 1.29592 1.37939 0 0 255
0.5 0.925 1.3264 1.35429 0 0 255
-0.5 0.9 -1.54665 1.10686 0 0 255
-0.475 0.9 -1.52097 1.13449 0 0 255
-0.45 0.9 -1.49272 1.16499 0 0 255
-0.425 0.9 -1.46179 1.19848 0 0 255
-0.4 0.9 -1.42816 1.23504 0 0 255
-0.375 0.9 -1.39191 1.27459 0 0 255
-0.35 0.9 -1.35331 1.31689 0 0 255
-0.325 0.9 -1.31279 1.36147 0 0 255
-0.3 0.9 -1.27108 1.40758 0 0 255
-0.275 0.9 -1.22916 1.45417 0 0 255
-0.25 0.9 -1.18823 1.49988 0 0 255
-0.225 0.9 -1.14969 1.54318 0 0 255
-0.2 0.9 -1.11492 1.58247 0 0 255
-0.175 0.9 -1.08514 1.6163 0 0 255
-0.15 0.9 -1.06123 1.6436 0 0 255
-0.125 0.9 -1.04368 1.6637 0 0 255
-0.1 0.9 -1.03286 1.67609 0 0 255
-0.075 0.9 -0.84642 1.62466 0 0 255
-0.05 0.9 -0.606877 1.64083 0 0 255
-0.025 0.9 -0.367471 1.65879 0 0 255
0 0.9 -0.128161 1.67704 0 0 255
0.025 0.9 0.111149 1.6954 0 0 255
0.05 0.9 0.350556 1.71406 0 0 255
0.075 0.9 0.590095 1.73449 0 0 255
0.1 0.9 0.776881 1.82198 0 0 255
0.125 0.9 0.789081 1.811 0 0 255
0.15 0.9 0.808928 1.79324 0 0 255
0.175 0.9 0.836034 1.7692 0 0 255
0.2 0.9 0.869862 1.73949 0 0 255
0.225 0.9 0.909422 1.70506 0 0 255
0.25 0.9 0.953322 1.66718 0 0 255
0.275 0.9 0.999967 1.62724 0 0 255
0.3 0.9 1.04777 1.58659 0 0 255
0.325 0.9 1.09535 1.54638 0 0 255
0.35 0.9 1.14157 1.50754 0 0 255
0.375 0.9 1.18562 1.47071 0 0 255
0.4 0.9 1.22698 1.43629 0 0 255
0.425 0.9 1.26535 1.4045 0 0 255
0.45 0.9 1.30064 1.37537 0 0 255
0.475 0.9 1.33287 1.34886 0 0 255
0.5 0.9 1.36217 1.32485 0 0 255
-0.5 0.875 -1.57865 1.07242 0 0 255
-0.475 0.875 -1.55443 1.09837 0 0 255
-0.45 0.875 -1.52744 1.12738 0 0 255
-0.425 0.875 -1.49748 1.15969 0 0 255
-0.4 0.875 -1.4644 1.19549 0 0 255
-0.375 0.875 -1.42815 1.23489 0 0 255
-0.35 0.875 -1.38883 1.2778 0 0 255
-0.325 0.875 -1.34677 1.32391 0 0 255
-0.3 0.875 -1.30257 1.3726 0 0 255
-0.275 0.875 -1.25722 1.42282 0 0 255
-0.25 0.875 -1.21204 1.47314 0 0 255
-0.225 0.875 -1.16867 1.52173 0 0 255
-0.2 0.875 -1.12889 1.56658 0 0 255
-0.175 0.875 -1.09438 1.60575 0 0 255
-0.15 0.875 -1.0664 1.63768 0 0 255
-0.125 0.875 -1.04572 1.66137 0 0 255
-0.1 0.875 -1.03286 1.67609 0 0 255
-0.075 0.875 -0.84642 1.62466 0 0 255
-0.05 0.875 -0.606877 1.64083 0 0 255
-0.025 0.875 -0.367471 1.65879 0 0 255
0 0.875 -0.128161 1.67704 0 0 255
0.025 0.875 0.111149 1.6954 0 0 255
0.05 0.875 0.350556 1.71406 0 0 255
0.075 0.875 0.590095 1.73449 0 0 255
0.1 0.875 0.776881 1.82198 0 0 255
0.125 0.875 0.791376 1.80893 0 0 255
0.15 0.875 0.814771 1.78801 0 0 255
0.175 0.875 0.846507 1.75991 0 0 255
0.2 0.875 0.885743 1.72554 0 0 255
0.225 0.875 0.931022 1.68626 0 0 255
0.25 0.875 0.980438 1.64378 0 0 255
0.275 0.875 1.03195 1.59985 0 0 255
0.3 0.875 1.08368 1.55605 0 0 255
0.325 0.875 1.1341 1.51363 0 0 255
0.35 0.875 1.1821 1.47348 0 0 255
0.375 0.875 1.22697 1.43614 0 0 255
0.4 0.875 1.26834 1.40188 0 0 255
0.425 0.875 1.30608 1.37075 0 0 255
0.45 0.875 1.34026 1.34267 0 0 255
0.475 0.875 1.37105 1.31747 0 0 255
0.5 0.875 1.39869 1.29492 0 0 255
-0.5 0.85 -1.61088 1.0379 0 0 255
-0.475 0.85 -1.58852 1.06173 0 0 255
-0.45 0.85 -1.56329 1.08871 0 0 255
-0.425 0.85 -1.53489 1.11919 0 0 255
-0.4 0.85 -1.50302 1.15352 0 0 255
-0.375 0.85 -1.46747 1.19197 0 0 255
-0.35 0.85 -1.42815 1.2347 0 0 255
-0.325 0.85 -1.38516 1.28162 0 0 255
-0.3 0.85 -1.33895 1.33231 0 0 255
-0.275 0.85 -1.29037 1.38591 0 0 255
-0.25 0.85 -1.24078 1.44094 0 0 255
-0.225 0.85 -1.19205 1.49537 0 0 255
-0.2 0.85 -1.14641 1.54671 0 0 255
-0.175 0.85 -1.10612 1.59236 0 0 255
-0.15 0.85 -1.07305 1.63007 0 0 255
-0.125 0.85 -1.04837 1.65833 0 0 255
-0.1 0.85 -1.03286 1.67609 0 0 255
-0.075 0.85 -0.84642 1.62466 0 0 255
-0.05 0.85 -0.606877 1.64083 0 0 255
-0.025 0.85 -0.367471 1.65879 0 0 255
0 0.85 -0.128161 1.67704 0 0 255
0.025 0.85 0.111149 1.6954 0 0 255
0.05 0.85 0.350556 1.71406 0 0 255
0.075 0.85 0.590095 1.73449 0 0 255
0.1 0.85 0.776881 1.82198 0 0 255
0.125 0.85 0.794367 1.80624 0 0 255
0.15 0.85 0.822287 1.78129 0 0 255
0.175 0.85 0.859824 1.74812 0 0 255
0.2 0.85 0.905654 1.70809 0 0 255
0.225 0.85 0.957639 1.66317 0 0 255
0.25 0.85 1.01319 1.61563 0 0 255
0.275 0.85 1.06974 1.56762 0 0 255
0.3 0.85 1.12517 1.52092 0 0 255
0.325 0.85 1.1779 1.47678 0 0 255
0.35 0.85 1.22696 1.43596 0 0 255
0.375 0.85 1.27184 1.3988 0 0 255
0.4 0.85 1.31241 1.36537 0 0 255
0.425 0.85 1.34876 1.33554 0 0 255
0.45 0.85 1.38117 1.30906 0 0 255
0.475 0.85 1.40994 1.28563 0 0 255
0.5 0.85 1.43545 1.26494 0 0 255
-0.5 0.825 -1.64279 1.00388 0 0 255
-0.475 0.825 -1.62268 1.02519 0 0 255
-0.45 0.825 -1.59972 1.04962 0 0 255
-0.425 0.825 -1.57348 1.07762 0 0 255
-0.4 0.825 -1.54356 1.10967 0 0 255
-0.375 0.825 -1.50955 1.14626 0 0 255
-0.35 0.825 -1.47113 1.18778 0 0 255
-0.325 0.825 -1.42814 1.23447 0 0 255
-0.3 0.825 -1.38071 1.28625 0 0 255
-0.275 0.825 -1.32944 1.34255 0 0 255
-0.25 0.825 -1.27556 1.40209 0 0 255
-0.225 0.825 -1.22106 1.46273 0 0 255
-0.2 0.825 -1.16863 1.52153 0 0 255
-0.175 0.825 -1.12128 1.57506 0 0 255
-0.15 0.825 -1.08176 1.62008 0 0 255
-0.125 0.825 -1.05192 1.65427 0 0 255
-0.1 0.825 -1.03286 1.67609 0 0 255
-0.075 0.825 -0.84642 1.62466 0 0 255
-0.05 0.825 -0.606877 1.64083 0 0 255
-0.025 0.825 -0.367471 1.65879 0 0 255
0 0.825 -0.128161 1.67704 0 0 255
0.025 0.825 0.111149 1.6954 0 0 255
0.05 0.825 0.350556 1.71406 0 0 255
0.075 0.825 0.590095 1.73449 0 0 255
0.1 0.825 0.776881 1.82198 0 0 255
0.125 0.825 0.798362 1.80264 0 0 255
0.15 0.825 0.832153 1.77248 0 0 255
0.175 0.825 0.877038 1.73291 0 0 255
0.2 0.825 0.930927 1.68602 0 0 255
0.225 0.825 0.990682 1.63462 0 0 255
0.25 0.825 1.05283 1.5817 0 0 255
0.275 0.825 1.1143 1.5298 0 0 255
0.3 0.825 1.17281 1.48078 0 0 255
0.325 0.825 1.22695 1.43573 0 0 255
0.35 0.825 1.27602 1.39513 0 0 255
0.375 0.825 1.31986 1.35904 0 0 255
0.4 0.825 1.35867 1.32726 0 0 255
0.425 0.825 1.3928 1.29941 0 0 255
0.45 0.825 1.42273 1.2751 0 0 255
0.475 0.825 1.44892 1.2539 0 0 255
0.5 0.825 1.47184 1.2354 0 0 255
-0.5 0.8 -1.6738 0.971014 0 0 255
-0.475 0.8 -1.65627 0.989471 0 0 255
-0.45 0.8 -1.63601 1.01088 0 0 255
-0.425 0.8 -1.61253 1.03578 0 0 255
-0.4 0.8 -1.58531 1.06476 0 0 255
-0.375 0.8 -1.55378 1.09847 0 0 255
-0.35 0.8 -1.51736 1.13758 0 0 255
-0.325 0.8 -1.47557 1.18269 0 0 255
-0.3 0.8 -1.42813 1.23418 0 0 255
-0.275 0.8 -1.37519 1.29199 0 0 255
-0.25 0.8 -1.31761 1.35529 0 0 255
-0.225 0.8 -1.25727 1.42214 0 0 255
-0.2 0.8 -1.19717 1.48927 0 0 255
-0.175 0.8 -1.14124 1.55233 0 0 255
-0.15 0.8 -1.09347 1.60667 0 0 255
-0.125 0.8 -1.05679 1.64869 0 0 255
-0.1 0.8 -1.03286 1.67609 0 0 255
-0.075 0.8 -0.84642 1.62466 0 0 255
-0.05 0.8 -0.606877 1.64083 0 0 255
-0.025 0.8 -0.367471 1.65879 0 0 255
0 0.8 -0.128161 1.67704 0 0 255
0.025 0.8 0.111149 1.6954 0 0 255
0.05 0.8 0.350556 1.71406 0 0 255
0.075 0.8 0.590095 1.73449 0 0 255
0.1 0.8 0.776881 1.82198 0 0 255
0.125 0.8 0.803857 1.79769 0 0 255
0.15 0.8 0.84541 1.76064 0 0 255
0.175 0.8 0.899703 1.71294 0 0 255
0.2 0.8 0.963406 1.65776 0 0 255
0.225 0.8 1.03194 1.59913 0 0 255
0.25 0.8 1.10079 1.54085 0 0 255
0.275 0.8 1.16651 1.48574 0 0 255
0.3 0.8 1.22693 1.43544 0 0 255
0.325 0.8 1.28108 1.39067 0 0 255
0.35 0.8 1.32878 1.35148 0 0 255
0.375 0.8 1.37033 1.3175 0 0 255
0.4 0.8 1.4063 1.28823 0 0 255
0.425 0.8 1.43735 1.26308 0 0 255
0.45 0.8 1.46412 1.24147 0 0 255
0.475 0.8 1.48723 1.22289 0 0 255
0.5 0.8 1.5072 1.20687 0 0 255
-0.5 0.775 -1.70327 0.939982 0 0 255
-0.475 0.775 -1.68855 0.955371 0 0 255
-0.45 0.775 -1.67133 0.973429 0 0 255
-0.425 0.775 -1.65111 0.994709 0 0 255
-0.4 0.775 -1.6273 1.01987 0 0 255
-0.375 0.775 -1.59918 1.04971 0 0 255
-0.35 0.775 -1.56598 1.0851 0 0 255
-0.325 0.775 -1.52686 1.12702 0 0 255
-0.3 0.775 -1.48107 1.17637 0 0 255
-0.275 0.775 -1.42812 1.2338 0 0 255
-0.25 0.775 -1.36817 1.29929 0 0 255
-0.225 0.775 -1.30254 1.37156 0 0 255
-0.2 0.775 -1.23423 1.44749 0 0 255
-0.175 0.775 -1.16802 1.52186 0 0 255
-0.15 0.775 -1.10963 1.58816 0 0 255
-0.125 0.775 -1.06375 1.64073 0 0 255
-0.1 0.775 -1.03286 1.67609 0 0 255
-0.075 0.775 -0.84642 1.62466 0 0 255
-0.05 0.775 -0.606877 1.64083 0 0 255
-0.025 0.775 -0.367471 1.65879 0 0 255
0 0.775 -0.128161 1.67704 0 0 255
0.025 0.775 0.111149 1.6954 0 0 255
0.05 0.775 0.350556 1.71406 0 0 255
0.075 0.775 0.590095 1.73449 0 0 255
0.1 0.775 0.776881 1.82198 0 0 255
0.125 0.775 0.811695 1.79064 0 0 255
0.15 0.775 0.863713 1.74433 0 0 255
0.175 0.775 0.930142 1.68619 0 0 255
0.2 0.775 1.00562 1.62119 0 0 255
0.225 0.775 1.08356 1.55497 0 0 255
0.25 0.775 1.15848 1.49203 0 0 255
0.275 0.775 1.22691 1.43507 0 0 255
0.3 0.775 1.28736 1.38515 0 0 255
0.325 0.775 1.33963 1.34227 0 0 255
0.35 0.775 1.38426 1.30587 0 0 255
0.375 0.775 1.42214 1.27515 0 0 255
0.4 0.775 1.4542 1.24926 0 0 255
0.425 0.775 1.48135 1.22742 0 0 255
0.45 0.775 1.5044 1.20896 0 0 255
0.475 0.775 1.52402 1.19329 0 0 255
0.5 0.775 1.54079 1.17994 0 0 255
-0.5 0.75 -1.73056 0.911453 0 0 255
-0.475 0.75 -1.71874 0.92371 0 0 255
-0.45 0.75 -1.70476 0.938238 0 0 255
-0.425 0.75 -1.68815 0.955568 0 0 255
-0.4 0.75 -1.6683 0.976366 0 0 255
-0.375 0.75 -1.64443 1.00146 0 0 255
-0.35 0.75 -1.61563 1.0319 0 0 255
-0.325 0.75 -1.58079 1.0689 0 0 255
-0.3 0.75 -1.53867 1.11389 0 0 255
-0.275 0.75 -1.48806 1.16831 0 0 255
-0.25 0.75 -1.4281 1.23328 0 0 255
-0.225 0.75 -1.35893 1.30888 0 0 255
-0.2 0.75 -1.28274 1.393 0 0 255
-0.175 0.75 -1.20469 1.48021 0 0 255
-0.15 0.75 -1.13264 1.5618 0 0 255
-0.125 0.75 -1.07413 1.62883 0 0 255
-0.1 0.75 -1.03286 1.67609 0 0 255
-0.075 0.75 -0.84642 1.62466 0 0 255
-0.05 0.75 -0.606877 1.64083 0 0 255
-0.025 0.75 -0.367471 1.65879 0 0 255
0 0.75 -0.128161 1.67704 0 0 255
0.025 0.75 0.111149 1.6954 0 0 255
0.05 0.75 0.350556 1.71406 0 0 255
0.075 0.75 0.590095 1.73449 0 0 255
0.1 0.75 0.776881 1.82198 0 0 255
0.125 0.75 0.823403 1.7801 0 0 255
0.15 0.75 0.889794 1.7211 0 0 255
0.175 0.75 0.971869 1.64967 0 0 255
0.2 0.75 1.06092 1.57357 0 0 255
0.225 0.75 1.14791 1.50031 0 0 255
0.25 0.75 1.22689 1.43456 0 0 255
0.275 0.75 1.29535 1.3781 0 0 255
0.3 0.75 1.35312 1.33084 0 0 255
0.325 0.75 1.40117 1.29179 0 0 255
0.35 0.75 1.44092 1.25967 0 0 255
0.375 0.75 1.47376 1.23327 0 0 255
0.4 0.75 1.50096 1.2115 0 0 255
0.425 0.75 1.52359 1.19346 0 0 255
0.45 0.75 1.54251 1.17843 0 0 255
0.475 0.75 1.55842 1.16583 0 0 255
0.5 0.75 1.57188 1.15519 0 0 255
-0.5 0.725 -1.75509 0.886025 0 0 255
-0.475 0.725 -1.7461 0.895251 0 0 255
-0.45 0.725 -1.73539 0.90628 0 0 255
-0.425 0.725 -1.72252 0.919573 0 0 255
-0.4 0.725 -1.70693 0.935731 0 0 255
-0.375 0.725 -1.68789 0.955545 0 0 255
-0.35 0.725 -1.66445 0.98005 0 0 255
-0.325 0.725 -1.63536 1.0106 0 0 255
-0.3 0.725 -1.59909 1.04893 0 0 255
-0.275 0.725 -1.55373 1.09717 0 0 255
-0.25 0.725 -1.49727 1.15769 0 0 255
-0.225 0.725 -1.42807 1.23254 0 0 255
-0.2 0.725 -1.34626 1.32203 0 0 255
-0.175 0.725 -1.25587 1.42227 0 0 255
-0.15 0.725 -1.16661 1.52288 0 0 255
-0.125 0.725 -1.09062 1.60996 0 0 255
-0.1 0.725 -1.03286 1.67609 0 0 255
-0.075 0.725 -0.84642 1.62466 0 0 255
-0.05 0.725 -0.606877 1.64083 0 0 255
-0.025 0.725 -0.367471 1.65879 0 0 255
0 0.725 -0.128161 1.67704 0 0 255
0.025 0.725 0.111149 1.6954 0 0 255
0.05 0.725 0.350556 1.71406 0 0 255
0.075 0.725 0.590095 1.73449 0 0 255
0.1 0.725 0.776881 1.82198 0 0 255
0.125 0.725 0.841983 1.76337 0 0 255
0.15 0.725 0.928343 1.68685 0 0 255
0.175 0.725 1.03016 1.59894 0 0 255
0.2 0.725 1.13339 1.51164 0 0 255
0.225 0.725 1.22685 1.43382 0 0 255
0.25 0.725 1.30586 1.36881 0 0 255
0.275 0.725 1.37032 1.31628 0 0 255
0.3 0.725 1.42207 1.27443 0 0 255
0.325 0.725 1.46345 1.24118 0 0 255
0.35 0.725 1.4966 1.21468 0 0 255
0.375 0.725 1.52332 1.19343 0 0 255
0.4 0.725 1.545 1.17625 0 0 255
0.425 0.725 1.56275 1.16224 0 0 255
0.45 0.725 1.5774 1.15071 0 0 255
0.475 0.725 1.58959 1.14114 0 0 255
0.5 0.725 1.59981 1.13314 0 0 255
-0.5 0.7 -1.77638 0.86417 0 0 255
-0.475 0.7 -1.77002 0.870628 0 0 255
-0.45 0.7 -1.76239 0.878399 0 0 255
-0.425 0.7 -1.75314 0.887844 0 0 255
-0.4 0.7 -1.74181 0.899444 0 0 255
-0.375 0.7 -1.72778 0.913857 0 0 255
-0.35 0.7 -1.7102 0.931986 0 0 255
-0.325 0.7 -1.68791 0.955084 0 0 255
-0.3 0.7 -1.65929 0.984897 0 0 255
-0.275 0.7 -1.62213 1.02385 0 0 255
-0.25 0.7 -1.57351 1.07521 0 0 255
-0.225 0.7 -1.50989 1.14304 0 0 255
-0.2 0.7 -1.42803 1.23136 0 0 255
-0.175 0.7 -1.328 1.34095 0 0 255
-0.15 0.7 -1.21878 1.4631 0 0 255
-0.125 0.7 -1.1191 1.57735 0 0 255
-0.1 0.7 -1.03286 1.67609 0 0 255
-0.075 0.7 -0.84642 1.62466 0 0 255
-0.05 0.7 -0.606877 1.64083 0 0 255
-0.025 0.7 -0.367471 1.65879 0 0 255
0 0.7 -0.128161 1.67704 0 0 255
0.025 0.7 0.111149 1.6954 0 0 255
0.05 0.7 0.350556 1.71406 0 0 255
0.075 0.7 0.590095 1.73449 0 0 255
0.1 0.7 0.776881 1.82198 0 0 255
0.125 0.7 0.874082 1.73447 0 0 255
0.15 0.7 0.987635 1.63431 0 0 255
0.175 0.7 1.11244 1.52789 0 0 255
0.2 0.7 1.22678 1.43266 0 0 255
0.225 0.7 1.3203 1.35601 0 0 255
0.25 0.7 1.39294 1.29717 0 0 255
0.275 0.7 1.44841 1.25264 0 0 255
0.3 0.7 1.49077 1.21887 0 0 255
0.325 0.7 1.52338 1.19302 0 0 255
0.35 0.7 1.54876 1.173 0 0 255
0.375 0.7 1.56876 1.15728 0 0 255
0.4 0.7 1.58472 1.14478 0 0 255
0.425 0.7 1.5976 1.13472 0 0 255
0.45 0.7 1.60812 1.12653 0 0 255
0.475 0.7 1.61679 1.11979 0 0 255
0.5 0.7 1.62402 1.11418 0 0 255
-0.5 0.675 -1.79408 0.846186 0 0 255
-0.475 0.675 -1.79001 0.850274 0 0 255
-0.45 0.675 -1.7851 0.855216 0 0 255
-0.425 0.675 -1.7791 0.86126 0 0 255
-0.4 0.675 -1.77169 0.868742 0 0 255
-0.375 0.675 -1.76241 0.878133 0 0 255
-0.35 0.675 -1.75062 0.890102 0 0 255
-0.325 0.675 -1.7354 0.905617 0 0 255
-0.3 0.675 -1.71536 0.926115 0 0 255
-0.275 0.675 -1.68849 0.953757 0 0 255
-0.25 0.675 -1.65169 0.991849 0 0 255
-0.225 0.675 -1.60037 1.04543 0 0 255
-0.2 0.675 -1.52807 1.12176 0 0 255
-0.175 0.675 -1.42796 1.22916 0 0 255
-0.15 0.675 -1.30148 1.36831 0 0 255
-0.125 0.675 -1.1752 1.51312 0 0 255
-0.1 0.675 -1.03286 1.67609 255 0 0
-0.075 0.675 -0.84642 1.62466 255 0 0
-0.05 0.675 -0.606877 1.64083 255 0 0
-0.025 0.675 -0.367471 1.65879 255 0 0
0 0.675 -0.128161 1.67704 255 0 0
0.025 0.675 0.111149 1.6954 255 0 0
0.05 0.675 0.350556 1.71406 255 0 0
0.075 0.675 0.590095 1.73449 255 0 0
0.1 0.675 0.776881 1.82198 255 0 0
0.125 0.675 0.937319 1.67754 0 0 255
0.15 0.675 1.08184 1.55122 0 0 255
0.175 0.675 1.22667 1.43049 0 0 255
0.2 0.675 1.34113 1.33742 0 0 255
0.225 0.675 1.42367 1.27129 0 0 255
0.25 0.675 1.48219 1.22487 0 0 255
0.275 0.675 1.52411 1.19186 0 0 255
0.3 0.675 1.5547 1.16791 0 0 255
0.325 0.675 1.57748 1.15014 0 0 255
0.35 0.675 1.59479 1.13668 0 0 255
0.375 0.675 1.60818 1.1263 0 0 255
0.4 0.675 1.61872 1.11816 0 0 255
0.425 0.675 1.62713 1.11166 0 0 255
0.45 0.675 1.63393 1.10642 0 0 255
0.475 0.675 1.63951 1.10213 0 0 255
0.5 0.675 1.64413 1.09858 0 0 255
-0.5 0.65 -1.80802 0.832198 0 0 255
-0.475 0.65 -1.8058 0.834398 0 0 255
-0.45 0.65 -1.80311 0.837068 0 0 255
-0.425 0.65 -1.79981 0.840349 0 0 255
-0.4 0.65 -1.7957 0.844437 0 0 255
-0.375 0.65 -1.79051 0.849609 0 0 255
-0.35 0.65 -1.78383 0.856269 0 0 255
-0.325 0.65 -1.77507 0.865025 0 0 255
-0.3 0.65 -1.7633 0.87681 0 0 255
-0.275 0.65 -1.74707 0.893114 0 0 255
-0.25 0.65 -1.72396 0.916411 0 0 255
-0.225 0.65 -1.68984 0.950972 0 0 255
-0.2 0.65 -1.63745 1.00441 0 0 255
-0.175 0.65 -1.55443 1.09002 0 0 255
-0.15 0.65 -1.42776 1.2235 0 0 255
-0.125 0.65 -1.31755 1.35014 255 0 0
-0.1 0.65 -1.06762 1.36478 255 0 0
-0.075 0.65 -0.827906 1.38246 255 0 0
-0.05 0.65 -0.588467 1.40049 255 0 0
-0.025 0.65 -0.349137 1.41867 255 0 0
0 0.65 -0.109853 1.43695 255 0 0
0.025 0.65 0.129432 1.45529 255 0 0
0.05 0.65 0.368762 1.47372 255 0 0
0.075 0.65 0.608201 1.49231 255 0 0
0.1 0.65 0.847918 1.51124 255 0 0
0.125 0.65 1.09776 1.5331 255 0 0
0.15 0.65 1.22637 1.4249 0 0 255
0.175 0.65 1.37149 1.30976 0 0 255
0.2 0.65 1.46619 1.23573 0 0 255
0.225 0.65 1.52581 1.18946 0 0 255
0.25 0.65 1.56459 1.15951 0 0 255
0.275 0.65 1.59084 1.13931 0 0 255
0.3 0.65 1.60926 1.12517 0 0 255
0.325 0.65 1.6226 1.11495 0 0 255
0.35 0.65 1.63253 1.10735 0 0 255
0.375 0.65 1.6401 1.10156 0 0 255
0.4 0.65 1.64598 1.09707 0 0 255
0.425 0.65 1.65063 1.09352 0 0 255
0.45 0.65 1.65437 1.09067 0 0 255
0.475 0.65 1.65742 1.08835 0 0 255
0.5 0.65 1.65993 1.08644 0 0 255
-0.5 0.625 -1.8181 0.822197 0 0 255
-0.475 0.625 -1.81725 0.823029 0 0 255
-0.45 0.625 -1.81622 0.824044 0 0 255
-0.425 0.625 -1.81494 0.825297 0 0 255
-0.4 0.625 -1.81334 0.826869 0 0 255
-0.375 0.625 -1.81129 0.828876 0 0 255
-0.35 0.625 -1.80862 0.831492 0 0 255
-0.325 0.625 -1.80506 0.834987 0 0 255
-0.3 0.625 -1.80016 0.839793 0 0 255
-0.275 0.625 -1.79316 0.846649 0 0 255
-0.25 0.625 -1.78272 0.856889 0 0 255
-0.225 0.625 -1.76615 0.873141 0 0 255
-0.2 0.625 -1.73751 0.901218 0 0 255
-0.175 0.625 -1.6811 0.956531 0 0 255
-0.15 0.625 -1.53798 1.09686 255 0 0
-0.125 0.625 -1.28919 1.10665 255 0 0
-0.1 0.625 -1.04921 1.12466 255 0 0
-0.075 0.625 -0.809568 1.14269 255 0 0
-0.05 0.625 -0.570146 1.1608 255 0 0
-0.025 0.625 -0.330826 1.17902 255 0 0
0 0.625 -0.0915436 1.19731 255 0 0
0.025 0.625 0.147739 1.21564 255 0 0
0.05 0.625 0.387059 1.23404 255 0 0
0.075 0.625 0.626481 1.25255 255 0 0
0.1 0.625 0.866125 1.27113 255 0 0
0.125 0.625 1.10611 1.28974 255 0 0
0.15 0.625 1.35498 1.3167 255 0 0
0.175 0.625 1.51661 1.19462 0 0 255
0.2 0.625 1.58032 1.1465 0 0 255
0.225 0.625 1.61266 1.12207 0 0 255
0.25 0.625 1.63138 1.10793 0 0 255
0.275 0.625 1.64318 1.09903 0 0 255
0.3 0.625 1.65108 1.09306 0 0 255
0.325 0.625 1.65661 1.08888 0 0 255
0.35 0.625 1.66064 1.08584 0 0 255
0.375 0.625 1.66365 1.08357 0 0 255
0.4 0.625 1.66596 1.08182 0 0 255
0.425 0.625 1.66777 1.08045 0 0 255
0.45 0.625 1.66922 1.07936 0 0 255
0.475 0.625 1.67038 1.07848 0 0 255
0.5 0.625 1.67134 1.07775 0 0 255
-0.5 0.6 -1.82422 0.816198 0 0 255
-0.475 0.6 -1.82422 0.816198 0 0 255
-0.45 0.6 -1.82422 0.816198 0 0 255
-0.425 0.6 -1.82422 0.816198 0 0 255
-0.4 0.6 -1.82422 0.816198 0 0 255
-0.375 0.6 -1.82422 0.816198 0 0 255
-0.35 0.6 -1.82422 0.816198 0 0 255
-0.325 0.6 -1.82422 0.816198 0 0 255
-0.3 0.6 -1.82422 0.816198 0 0 255
-0.275 0.6 -1.82422 0.816198 0 0 255
-0.25 0.6 -1.82422 0.816198 0 0 255
-0.225 0.6 -1.82422 0.816198 0 0 255
-0.2 0.6 -1.82422 0.816198 0 0 255
-0.175 0.6 -1.82422 0.816198 255 0 0
-0.15 0.6 -1.51068 0.849476 255 0 0
-0.125 0.6 -1.27048 0.867148 255 0 0
-0.1 0.6 -1.03074 0.885112 255 0 0
-0.075 0.6 -0.791219 0.903204 255 0 0
-0.05 0.6 -0.551858 0.921407 255 0 0
-0.025 0.6 -0.312546 0.939688 255 0 0
0 0.6 -0.0732344 0.957995 255 0 0
0.025 0.6 0.166077 0.976306 255 0 0
0.05 0.6 0.405389 0.994642 255 0 0
0.075 0.6 0.644751 1.01306 255 0 0
0.1 0.6 0.884273 1.03158 255 0 0
0.125 0.6 1.12401 1.05024 255 0 0
0.15 0.6 1.36422 1.06919 255 0 0
0.175 0.6 1.67825 1.07254 255 0 0
0.2 0.6 1.67825 1.07254 0 0 255
0.225 0.6 1.67825 1.07254 0 0 255
0.25 0.6 1.67825 1.07254 0 0 255
0.275 0.6 1.67825 1.07254 0 0 255
0.3 0.6 1.67825 1.07254 0 0 255
0.325 0.6 1.67825 1.07254 0 0 255
0.35 0.6 1.67825 1.07254 0 0 255
0.375 0.6 1.67825 1.07254 0 0 255
0.4 0.6 1.67825 1.07254 0 0 255
0.425 0.6 1.67825 1.07254 0 0 255
0.45 0.6 1.67825 1.07254 0 0 255
0.475 0.6 1.67825 1.07254 0 0 255
0.5 0.6 1.67825 1.07254 0 0 255
-0.5 0.575 -1.73391 0.592131 0 0 255
-0.475 0.575 -1.73391 0.592131 0 0 255
-0.45 0.575 -1.73391 0.592131 0 0 255
-0.425 0.575 -1.73391 0.592131 0 0 255
-0.4 0.575 -1.73391 0.592131 0 0 255
-0.375 0.575 -1.73391 0.592131 0 0 255
-0.35 0.575 -1.73391 0.592131 0 0 255
-0.325 0.575 -1.73391 0.592131 0 0 255
-0.3 0.575 -1.73391 0.592131 0 0 255
-0.275 0.575 -1.73391 0.592131 0 0 255
-0.25 0.575 -1.73391 0.592131 0 0 255
-0.225 0.575 -1.73391 0.592131 0 0 255
-0.2 0.575 -1.73391 0.592131 0 0 255
-0.175 0.575 -1.73391 0.592131 255 0 0
-0.15 0.575 -1.49175 0.609725 255 0 0
-0.125 0.575 -1.2519 0.627692 255 0 0
-0.1 0.575 -1.0123 0.645737 255 0 0
-0.075 0.575 -0.772918 0.663914 255 0 0
-0.05 0.575 -0.533612 0.682185 255 0 0
-0.025 0.575 -0.294286 0.7005 255 0 0
0 0.575 -0.0549253 0.718816 255 0 0
0.025 0.575 0.184436 0.737117 255 0 0
0.05 0.575 0.423762 0.755421 255 0 0
0.075 0.575 0.663068 0.773768 255 0 0
0.1 0.575 0.902453 0.79221 255 0 0
0.125 0.575 1.14205 0.810785 255 0 0
0.15 0.575 1.3819 0.829437 255 0 0
0.175 0.575 1.62407 0.848456 255 0 0
0.2 0.575 1.62407 0.848456 0 0 255
0.225 0.575 1.62407 0.848456 0 0 255
0.25 0.575 1.62407 0.848456 0 0 255
0.275 0.575 1.62407 0.848456 0 0 255
0.3 0.575 1.62407 0.848456 0 0 255
0.325 0.575 1.62407 0.848456 0 0 255
0.35 0.575 1.62407 0.848456 0 0 255
0.375 0.575 1.62407 0.848456 0 0 255
0.4 0.575 1.62407 0.848456 0 0 255
0.425 0.575 1.62407 0.848456 0 0 255
0.45 0.575 1.62407 0.848456 0 0 255
0.475 0.575 1.62407 0.848456 0 0 255
0.5 0.575 1.62407 0.848456 0 0 255
-0.5 0.55 -1.71355 0.352346 0 0 255
-0.475 0.55 -1.71355 0.352346 0 0 255
-0.45 0.55 -1.71355 0.352346 0 0 255
-0.425 0.55 -1.71355 0.352346 0 0 255
-0.4 0.55 -1.71355 0.352346 0 0 255
-0.375 0.55 -1.71355 0.352346 0 0 255
-0.35 0.55 -1.71355 0.352346 0 0 255
-0.325 0.55 -1.71355 0.352346 0 0 255
-0.3 0.55 -1.71355 0.352346 0 0 255
-0.275 0.55 -1.71355 0.352346 0 0 255
-0.25 0.55 -1.71355 0.352346 0 0 255
-0.225 0.55 -1.71355 0.352346 0 0 255
-0.2 0.55 -1.71355 0.352346 0 0 255
-0.175 0.55 -1.71355 0.352346 255 0 0
-0.15 0.55 -1.47316 0.370294 255 0 0
-0.125 0.55 -1.23341 0.388339 255 0 0
-0.1 0.55 -0.993942 0.406457 255 0 0
-0.075 0.55 -0.754656 0.424674 255 0 0
-0.05 0.55 -0.51538 0.442958 255 0 0
-0.025 0.55 -0.27603 0.461271 255 0 0
0 0.55 -0.0366163 0.479585 255 0 0
0.025 0.55 0.202798 0.497889 255 0 0
0.05 0.55 0.442147 0.516194 255 0 0
0.075 0.55 0.681424 0.534528 255 0 0
0.1 0.55 0.920711 0.55293 255 0 0
0.125 0.55 1.16018 0.571432 255 0 0
0.15 0.55 1.39993 0.590005 255 0 0
0.175 0.55 1.64032 0.608673 255 0 0
0.2 0.55 1.64032 0.608673 0 0 255
0.225 0.55 1.64032 0.608673 0 0 255
0.25 0.55 1.64032 0.608673 0 0 255
0.275 0.55 1.64032 0.608673 0 0 255
0.3 0.55 1.64032 0.608673 0 0 255
0.325 0.55 1.64032 0.608673 0 0 255
0.35 0.55 1.64032 0.608673 0 0 255
0.375 0.55 1.64032 0.608673 0 0 255
0.4 0.55 1.64032 0.608673 0 0 255
0.425 0.55 1.64032 0.608673 0 0 255
0.45 0.55 1.64032 0.608673 0 0 255
0.475 0.55 1.64032 0.608673 0 0 255
0.5 0.55 1.64032 0.608673 0 0 255
-0.5 0.525 -1.69487 0.112929 0 0 255
-0.475 0.525 -1.69487 0.112929 0 0 255
-0.45 0.525 -1.69487 0.112929 0 0 255
-0.425 0.525 -1.69487 0.112929 0 0 255
-0.4 0.525 -1.69487 0.112929 0 0 255
-0.375 0.525 -1.69487 0.112929 0 0 255
-0.35 0.525 -1.69487 0.112929 0 0 255
-0.325 0.525 -1.69487 0.112929 0 0 255
-0.3 0.525 -1.69487 0.112929 0 0 255
-0.275 0.525 -1.69487 0.112929 0 0 255
-0.25 0.525 -1.69487 0.112929 0 0 255
-0.225 0.525 -1.69487 0.112929 0 0 255
-0.2 0.525 -1.69487 0.112929 0 0 255
-0.175 0.525 -1.69487 0.112929 255 0 0
-0.15 0.525 -1.4547 0.130982 255 0 0
-0.125 0.525 -1.215 0.149063 255 0 0
-0.1 0.525 -0.975619 0.167199 255 0 0
-0.075 0.525 -0.736386 0.185398 255 0 0
-0.05 0.525 -0.497125 0.203646 255 0 0
-0.025 0.525 -0.257757 0.221928 255 0 0
0 0.525 -0.0183075 0.240229 255 0 0
0.025 0.525 0.221143 0.258545 255 0 0
0.05 0.525 0.46051 0.276882 255 0 0
0.075 0.525 0.699772 0.295252 255 0 0
0.1 0.525 0.939005 0.313672 255 0 0
0.125 0.525 1.17839 0.332155 255 0 0
0.15 0.525 1.41809 0.350693 255 0 0
0.175 0.525 1.65826 0.369258 255 0 0
0.2 0.525 1.65826 0.369258 0 0 255
0.225 0.525 1.65826 0.369258 0 0 255
0.25 0.525 1.65826 0.369258 0 0 255
0.275 0.525 1.65826 0.369258 0 0 255
0.3 0.525 1.65826 0.369258 0 0 255
0.325 0.525 1.65826 0.369258 0 0 255
0.35 0.525 1.65826 0.369258 0 0 255
0.375 0.525 1.65826 0.369258 0 0 255
0.4 0.525 1.65826 0.369258 0 0 255
0.425 0.525 1.65826 0.369258 0 0 255
0.45 0.525 1.65826 0.369258 0 0 255
0.475 0.525 1.65826 0.369258 0 0 255
0.5 0.525 1.65826 0.369258 0 0 255
-0.5 0.5 -1.67646 -0.12636 0 0 255
-0.475 0.5 -1.67646 -0.12636 0 0 255
-0.45 0.5 -1.67646 -0.12636 0 0 255
-0.425 0.5 -1.67646 -0.12636 0 0 255
-0.4 0.5 -1.67646 -0.12636 0 0 255
-0.375 0.5 -1.67646 -0.12636 0 0 255
-0.35 0.5 -1.67646 -0.12636 0 0 255
-0.325 0.5 -1.67646 -0.12636 0 0 255
-0.3 0.5 -1.67646 -0.12636 0 0 255
-0.275 0.5 -1.67646 -0.12636 0 0 255
-0.25 0.5 -1.67646 -0.12636 0 0 255
-0.225 0.5 -1.67646 -0.12636 0 0 255
-0.2 0.5 -1.67646 -0.12636 0 0 255
-0.175 0.5 -1.67646 -0.12636 255 0 0
-0.15 0.5 -1.43631 -0.108271 255 0 0
-0.125 0.5 -1.19663 -0.0901764 255 0 0
-0.1 0.5 -0.957276 -0.0720651 255 0 0
-0.075 0.5 -0.718067 -0.0539218 255 0 0
-0.05 0.5 -0.478818 -0.035737 255 0 0
-0.025 0.5 -0.239453 -0.0175049 255 0 0
0 0.5 1.24568e-06 0.00077792 255 0 0
0.025 0.5 0.239455 0.0191127 255 0 0
0.05 0.5 0.478821 0.0374984 255 0 0
0.075 0.5 0.71807 0.0559319 255 0 0
0.1 0.5 0.957279 0.0744076 255 0 0
0.125 0.5 1.19664 0.0929154 255 0 0
0.15 0.5 1.43632 0.11144 255 0 0
0.175 0.5 1.67646 0.129969 255 0 0
0.2 0.5 1.67646 0.129969 0 0 255
0.225 0.5 1.67646 0.129969 0 0 255
0.25 0.5 1.67646 0.129969 0 0 255
0.275 0.5 1.67646 0.129969 0 0 255
0.3 0.5 1.67646 0.129969 0 0 255
0.325 0.5 1.67646 0.129969 0 0 255
0.35 0.5 1.67646 0.129969 0 0 255
0.375 0.5 1.67646 0.129969 0 0 255
0.4 0.5 1.67646 0.129969 0 0 255
0.425 0.5 1.67646 0.129969 0 0 255
0.45 0.5 1.67646 0.129969 0 0 255
0.475 0.5 1.67646 0.129969 0 0 255
0.5 0.5 1.67646 0.129969 0 0 255
-0.5 0.475 -1.65811 -0.365629 0 0 255
-0.475 0.475 -1.65811 -0.365629 0 0 255
-0.45 0.475 -1.65811 -0.365629 0 0 255
-0.425 0.475 -1.65811 -0.365629 0 0 255
-0.4 0.475 -1.65811 -0.365629 0 0 255
-0.375 0.475 -1.65811 -0.365629 0 0 255
-0.35 0.475 -1.65811 -0.365629 0 0 255
-0.325 0.475 -1.65811 -0.365629 0 0 255
-0.3 0.475 -1.65811 -0.365629 0 0 255
-0.275 0.475 -1.65811 -0.365629 0 0 255
-0.25 0.475 -1.65811 -0.365629 0 0 255
-0.225 0.475 -1.65811 -0.365629 0 0 255
-0.2 0.475 -1.65811 -0.365629 0 0 255
-0.175 0.475 -1.65811 -0.365629 255 0 0
-0.15 0.475 -1.41795 -0.34751 255 0 0
-0.125 0.475 -1.17826 -0.32941 255 0 0
-0.1 0.475 -0.938889 -0.31133 255 0 0
-0.075 0.475 -0.699681 -0.293245 255 0 0
-0.05 0.475 -0.460449 -0.275125 255 0 0
-0.025 0.475 -0.221111 -0.256943 255 0 0
0 0.475 0.01831 -0.238679 255 0 0
0.025 0.475 0.257731 -0.220325 255 0 0
0.05 0.475 0.497069 -0.20189 255 0 0
0.075 0.475 0.736302 -0.183391 255 0 0
0.1 0.475 0.97551 -0.164857 255 0 0
0.125 0.475 1.21488 -0.146318 255 0 0
0.15 0.475 1.45457 -0.127799 255 0 0
0.175 0.475 1.69473 -0.1093 255 0 0
0.2 0.475 1.69473 -0.1093 0 0 255
0.225 0.475 1.69473 -0.1093 0 0 255
0.25 0.475 1.69473 -0.1093 0 0 255
0.275 0.475 1.69473 -0.1093 0 0 255
0.3 0.475 1.69473 -0.1093 0 0 255
0.325 0.475 1.69473 -0.1093 0 0 255
0.35 0.475 1.69473 -0.1093 0 0 255
0.375 0.475 1.69473 -0.1093 0 0 255
0.4 0.475 1.69473 -0.1093 0 0 255
0.425 0.475 1.69473 -0.1093 0 0 255
0.45 0.475 1.69473 -0.1093 0 0 255
0.475 0.475 1.69473 -0.1093 0 0 255
0.5 0.475 1.69473 -0.1093 0 0 255
-0.5 0.45 -1.64004 -0.604984 0 0 255
-0.475 0.45 -1.64004 -0.604984 0 0 255
-0.45 0.45 -1.64004 -0.604984 0 0 255
-0.425 0.45 -1.64004 -0.604984 0 0 255
-0.4 0.45 -1.64004 -0.604984 0 0 255
-0.375 0.45 -1.64004 -0.604984 0 0 255
-0.35 0.45 -1.64004 -0.604984 0 0 255
-0.325 0.45 -1.64004 -0.604984 0 0 255
-0.3 0.45 -1.64004 -0.604984 0 0 255
-0.275 0.45 -1.64004 -0.604984 0 0 255
-0.25 0.45 -1.64004 -0.604984 0 0 255
-0.225 0.45 -1.64004 -0.604984 0 0 255
-0.2 0.45 -1.64004 -0.604984 0 0 255
-0.175 0.45 -1.64004 -0.604984 255 0 0
-0.15 0.45 -1.39965 -0.58679 255 0 0
-0.125 0.45 -1.15991 -0.568675 255 0 0
-0.1 0.45 -0.920481 -0.550597 255 0 0
-0.075 0.45 -0.681249 -0.532538 255 0 0
-0.05 0.45 -0.442031 -0.514455 255 0 0
-0.025 0.45 -0.202738 -0.496305 255 0 0
0 0.45 0.0366191 -0.478053 255 0 0
0.025 0.45 0.275977 -0.459687 255 0 0
0.05 0.45 0.515269 -0.441219 255 0 0
0.075 0.45 0.754488 -0.422684 255 0 0
0.1 0.45 0.99372 -0.404124 255 0 0
0.125 0.45 1.23315 -0.385583 255 0 0
0.15 0.45 1.47289 -0.367079 255 0 0
0.175 0.45 1.71328 -0.348654 255 0 0
0.2 0.45 1.71328 -0.348654 0 0 255
0.225 0.45 1.71328 -0.348654 0 0 255
0.25 0.45 1.71328 -0.348654 0 0 255
0.275 0.45 1.71328 -0.348654 0 0 255
0.3 0.45 1.71328 -0.348654 0 0 255
0.325 0.45 1.71328 -0.348654 0 0 255
0.35 0.45 1.71328 -0.348654 0 0 255
0.375 0.45 1.71328 -0.348654 0 0 255
0.4 0.45 1.71328 -0.348654 0 0 255
0.425 0.45 1.71328 -0.348654 0 0 255
0.45 0.45 1.71328 -0.348654 0 0 255
0.475 0.45 1.71328 -0.348654 0 0 255
0.5 0.45 1.71328 -0.348654 0 0 255
-0.5 0.425 -1.62393 -0.844616 0 0 255
-0.475 0.425 -1.62393 -0.844616 0 0 255
-0.45 0.425 -1.62393 -0.844616 0 0 255
-0.425 0.425 -1.62393 -0.844616 0 0 255
-0.4 0.425 -1.62393 -0.844616 0 0 255
-0.375 0.425 -1.62393 -0.844616 0 0 255
-0.35 0.425 -1.62393 -0.844616 0 0 255
-0.325 0.425 -1.62393 -0.844616 0 0 255
-0.3 0.425 -1.62393 -0.844616 0 0 255
-0.275 0.425 -1.62393 -0.844616 0 0 255
-0.25 0.425 -1.62393 -0.844616 0 0 255
-0.225 0.425 -1.62393 -0.844616 0 0 255
-0.2 0.425 -1.62393 -0.844616 0 0 255
-0.175 0.425 -1.62393 -0.844616 255 0 0
-0.15 0.425 -1.3815 -0.826186 255 0 0
-0.125 0.425 -1.14166 -0.808058 255 0 0
-0.1 0.425 -0.902115 -0.78993 255 0 0
-0.075 0.425 -0.662817 -0.771825 255 0 0
-0.05 0.425 -0.423597 -0.753723 255 0 0
-0.025 0.425 -0.184353 -0.735571 255 0 0
0 0.425 0.0549285 -0.71732 255 0 0
0.025 0.425 0.29421 -0.698953 255 0 0
0.05 0.425 0.533454 -0.680487 255 0 0
0.075 0.425 0.772674 -0.661971 255 0 0
0.1 0.425 1.01197 -0.643458 255 0 0
0.125 0.425 1.25151 -0.624966 255 0 0
0.15 0.425 1.49135 -0.606475 255 0 0
0.175 0.425 1.73378 -0.588276 255 0 0
0.2 0.425 1.73378 -0.588276 0 0 255
0.225 0.425 1.73378 -0.588276 0 0 255
0.25 0.425 1.73378 -0.588276 0 0 255
0.275 0.425 1.73378 -0.588276 0 0 255
0.3 0.425 1.73378 -0.588276 0 0 255
0.325 0.425 1.73378 -0.588276 0 0 255
0.35 0.425 1.73378 -0.588276 0 0 255
0.375 0.425 1.73378 -0.588276 0 0 255
0.4 0.425 1.73378 -0.588276 0 0 255
0.425 0.425 1.73378 -0.588276 0 0 255
0.45 0.425 1.73378 -0.588276 0 0 255
0.475 0.425 1.73378 -0.588276 0 0 255
0.5 0.425 1.73378 -0.588276 0 0 255
-0.5 0.4 -1.69605 -1.07404 0 0 255
-0.475 0.4 -1.69605 -1.07404 0 0 255
-0.45 0.4 -1.69605 -1.07404 0 0 255
-0.425 0.4 -1.69605 -1.07404 0 0 255
-0.4 0.4 -1.69605 -1.07404 0 0 255
-0.375 0.4 -1.69605 -1.07404 0 0 255
-0.35 0.4 -1.69605 -1.07404 0 0 255
-0.325 0.4 -1.69605 -1.07404 0 0 255
-0.3 0.4 -1.69605 -1.07404 0 0 255
-0.275 0.4 -1.69605 -1.07404 0 0 255
-0.25 0.4 -1.69605 -1.07404 0 0 255
-0.225 0.4 -1.69605 -1.07404 0 0 255
-0.2 0.4 -1.69605 -1.07404 0 0 255
-0.175 0.4 -1.69605 -1.07404 255 0 0
-0.15 0.4 -1.36369 -1.0658 255 0 0
-0.125 0.4 -1.12347 -1.0477 255 0 0
-0.1 0.4 -0.883835 -1.02947 255 0 0
-0.075 0.4 -0.644444 -1.01122 255 0 0
-0.05 0.4 -0.405192 -0.99302 255 0 0
-0.025 0.4 -0.165979 -0.974823 255 0 0
0 0.4 0.0732383 -0.95656 255 0 0
0.025 0.4 0.312456 -0.938205 255 0 0
0.05 0.4 0.55167 -0.919785 255 0 0
0.075 0.4 0.790922 -0.901364 255 0 0
0.1 0.4 1.03031 -0.882996 255 0 0
0.125 0.4 1.26995 -0.86461 255 0 0
0.15 0.4 1.51016 -0.846095 255 0 0
0.175 0.4 1.84194 -0.817345 255 0 0
0.2 0.4 1.84194 -0.817345 0 0 255
0.225 0.4 1.84194 -0.817345 0 0 255
0.25 0.4 1.84194 -0.817345 0 0 255
0.275 0.4 1.84194 -0.817345 0 0 255
0.3 0.4 1.84194 -0.817345 0 0 255
0.325 0.4 1.84194 -0.817345 0 0 255
0.35 0.4 1.84194 -0.817345 0 0 255
0.375 0.4 1.84194 -0.817345 0 0 255
0.4 0.4 1.84194 -0.817345 0 0 255
0.425 0.4 1.84194 -0.817345 0 0 255
0.45 0.4 1.84194 -0.817345 0 0 255
0.475 0.4 1.84194 -0.817345 0 0 255
0.5 0.4 1.84194 -0.817345 0 0 255
-0.5 0.375 -1.68876 -1.07912 0 0 255
-0.475 0.375 -1.68775 -1.07982 0 0 255
-0.45 0.375 -1.68651 -1.08068 0 0 255
-0.425 0.375 -1.68499 -1.08174 0 0 255
-0.4 0.375 -1.68308 -1.08307 0 0 255
-0.375 0.375 -1.68064 -1.08477 0 0 255
-0.35 0.375 -1.67746 -1.08699 0 0 255
-0.325 0.375 -1.67322 -1.08994 0 0 255
-0.3 0.375 -1.66737 -1.09401 0 0 255
-0.275 0.375 -1.65904 -1.09982 0 0 255
-0.25 0.375 -1.6466 -1.10848 0 0 255
-0.225 0.375 -1.62685 -1.12224 0 0 255
-0.2 0.375 -1.59272 -1.14601 0 0 255
-0.175 0.375 -1.5255 -1.19283 0 0 255
-0.15 0.375 -1.35496 -1.31163 255 0 0
-0.125 0.375 -1.10535 -1.2879 255 0 0
-0.1 0.375 -0.865634 -1.26929 255 0 0
-0.075 0.375 -0.626177 -1.25087 255 0 0
-0.05 0.375 -0.386864 -1.23252 255 0 0
-0.025 0.375 -0.147642 -1.21424 255 0 0
0 0.375 0.0915482 -1.19596 255 0 0
0.025 0.375 0.330739 -1.17762 255 0 0
0.05 0.375 0.569961 -1.15929 255 0 0
0.075 0.375 0.809274 -1.14101 255 0 0
0.1 0.375 1.04873 -1.12282 255 0 0
0.125 0.375 1.28844 -1.10481 255 0 0
0.15 0.375 1.53807 -1.092 255 0 0
0.175 0.375 1.69 -0.954672 0 0 255
0.2 0.375 1.74989 -0.900545 0 0 255
0.225 0.375 1.78028 -0.873069 0 0 255
0.25 0.375 1.79788 -0.857166 0 0 255
0.275 0.375 1.80897 -0.847145 0 0 255
0.3 0.375 1.81639 -0.840435 0 0 255
0.325 0.375 1.82159 -0.835732 0 0 255
0.35 0.375 1.82538 -0.832313 0 0 255
0.375 0.375 1.82821 -0.829753 0 0 255
0.4 0.375 1.83038 -0.827788 0 0 255
0.425 0.375 1.83208 -0.82625 0 0 255
0.45 0.375 1.83344 -0.825024 0 0 255
0.475 0.375 1.83454 -0.824031 0 0 255
0.5 0.375 1.83544 -0.823216 0 0 255
-0.5 0.35 -1.67674 -1.08763 0 0 255
-0.475 0.35 -1.67409 -1.08951 0 0 255
-0.45 0.35 -1.67089 -1.09178 0 0 255
-0.425 0.35 -1.66695 -1.09458 0 0 255
-0.4 0.35 -1.66205 -1.09807 0 0 255
-0.375 0.35 -1.65586 -1.10248 0 0 255
-0.35 0.35 -1.6479 -1.10817 0 0 255
-0.325 0.35 -1.63746 -1.11566 0 0 255
-0.3 0.35 -1.62343 -1.12575 0 0 255
-0.275 0.35 -1.60407 -1.13973 0 0 255
-0.25 0.35 -1.57651 -1.15974 0 0 255
-0.225 0.35 -1.53582 -1.1895 0 0 255
-0.2 0.35 -1.47332 -1.23567 0 0 255
-0.175 0.35 -1.37427 -1.31006 0 0 255
-0.15 0.35 -1.22303 -1.42729 0 0 255
-0.125 0.35 -1.09111 -1.54295 255 0 0
-0.1 0.35 -0.847653 -1.5096 255 0 0
-0.075 0.35 -0.607999 -1.49078 255 0 0
-0.05 0.35 -0.368611 -1.47233 255 0 0
-0.025 0.35 -0.129349 -1.45399 255 0 0
0 0.35 0.109858 -1.43568 255 0 0
0.025 0.35 0.349066 -1.41737 255 0 0
0.05 0.35 0.588328 -1.39909 255 0 0
0.075 0.35 0.827717 -1.38093 255 0 0
0.1 0.35 1.06737 -1.36312 255 0 0
0.125 0.35 1.31078 -1.35979 255 0 0
0.15 0.35 1.42442 -1.22589 0 0 255
0.175 0.35 1.55721 -1.09028 0 0 255
0.2 0.35 1.64458 -1.00425 0 0 255
0.225 0.35 1.69982 -0.950848 0 0 255
0.25 0.35 1.73584 -0.916435 0 0 255
0.275 0.35 1.76026 -0.893295 0 0 255
0.3 0.35 1.77742 -0.877132 0 0 255
0.325 0.35 1.78987 -0.865467 0 0 255
0.35 0.35 1.79914 -0.85681 0 0 255
0.375 0.35 1.80621 -0.85023 0 0 255
0.4 0.35 1.81171 -0.845126 0 0 255
0.425 0.35 1.81606 -0.841095 0 0 255
0.45 0.35 1.81956 -0.837861 0 0 255
0.475 0.35 1.82241 -0.835231 0 0 255
0.5 0.35 1.82476 -0.833065 0 0 255
-0.5 0.325 -1.66019 -1.09963 0 0 255
-0.475 0.325 -1.65536 -1.10313 0 0 255
-0.45 0.325 -1.64952 -1.10737 0 0 255
-0.425 0.325 -1.64241 -1.11256 0 0 255
-0.4 0.325 -1.63362 -1.119 0 0 255
-0.375 0.325 -1.62264 -1.12708 0 0 255
-0.35 0.325 -1.6087 -1.13741 0 0 255
-0.325 0.325 -1.59072 -1.15082 0 0 255
-0.3 0.325 -1.56712 -1.16857 0 0 255
-0.275 0.325 -1.53554 -1.19257 0 0 255
-0.25 0.325 -1.4925 -1.22577 0 0 255
-0.225 0.325 -1.43283 -1.27266 0 0 255
-0.2 0.325 -1.3496 -1.33987 0 0 255
-0.175 0.325 -1.23636 -1.43524 0 0 255
-0.15 0.325 -1.09845 -1.56042 0 0 255
-0.125 0.325 -0.973876 -1.69356 0 0 255
-0.1 0.325 -0.856646 -1.84417 255 0 0
-0.075 0.325 -0.590311 -1.73319 255 0 0
-0.05 0.325 -0.350444 -1.71276 255 0 0
-0.025 0.325 -0.111081 -1.6942 255 0 0
0 0.325 0.128168 -1.67587 255 0 0
0.025 0.325 0.367416 -1.65758 255 0 0
0.05 0.325 0.606779 -1.63953 255 0 0
0.075 0.325 0.846652 -1.62335 255 0 0
0.1 0.325 1.1137 -1.69821 255 0 0
0.125 0.325 1.21224 -1.529 0 0 255
0.15 0.325 1.31833 -1.37745 0 0 255
0.175 0.325 1.43777 -1.23387 0 0 255
0.2 0.325 1.5366 -1.12414 0 0 255
0.225 0.325 1.60955 -1.04669 0 0 255
0.25 0.325 1.662 -0.992596 0 0 255
0.275 0.325 1.69991 -0.954285 0 0 255
0.3 0.325 1.72775 -0.926569 0 0 255
0.325 0.325 1.7486 -0.906067 0 0 255
0.35 0.325 1.76449 -0.89058 0 0 255
0.375 0.325 1.77682 -0.878654 0 0 255
0.4 0.325 1.78654 -0.86931 0 0 255
0.425 0.325 1.79432 -0.861875 0 0 255
0.45 0.325 1.80063 -0.855875 0 0 255
0.475 0.325 1.8058 -0.850974 0 0 255
0.5 0.325 1.81008 -0.846924 0 0 255
-0.5 0.3 -1.6393 -1.11514 0 0 255
-0.475 0.3 -1.6318 -1.12071 0 0 255
-0.45 0.3 -1.6228 -1.12743 0 0 255
-0.425 0.3 -1.61192 -1.1356 0 0 255
-0.4 0.3 -1.59861 -1.14565 0 0 255
-0.375 0.3 -1.58218 -1.15816 0 0 255
-0.35 0.3 -1.56165 -1.17393 0 0 255
-0.325 0.3 -1.5357 -1.19407 0 0 255
-0.3 0.3 -1.50254 -1.22015 0 0 255
-0.275 0.3 -1.45976 -1.25433 0 0 255
-0.25 0.3 -1.40423 -1.29957 0 0 255
-0.225 0.3 -1.33239 -1.35964 0 0 255
-0.2 0.3 -1.24153 -1.43832 0 0 255
-0.175 0.3 -1.13345 -1.53678 0 0 255
-0.15 0.3 -1.02101 -1.64771 0 0 255
-0.125 0.3 -0.92767 -1.75292 0 0 255
-0.1 0.3 -0.856646 -1.84417 0 0 255
-0.075 0.3 -0.590311 -1.73319 0 0 255
-0.05 0.3 -0.350444 -1.71276 0 0 255
-0.025 0.3 -0.111081 -1.6942 0 0 255
0 0.3 0.128168 -1.67587 0 0 255
0.025 0.3 0.367416 -1.65758 0 0 255
0.05 0.3 0.606779 -1.63953 0 0 255
0.075 0.3 0.846652 -1.62335 0 0 255
0.1 0.3 1.1137 -1.69821 0 0 255
0.125 0.3 1.1734 -1.59569 0 0 255
0.15 0.3 1.25261 -1.47641 0 0 255
0.175 0.3 1.34929 -1.34977 0 0 255
0.2 0.3 1.44294 -1.23695 0 0 255
0.225 0.3 1.52208 -1.14658 0 0 255
0.25 0.3 1.58486 -1.07749 0 0 255
0.275 0.3 1.63351 -1.02539 0 0 255
0.3 0.3 1.67107 -0.986006 0 0 255
0.325 0.3 1.70022 -0.955945 0 0 255
0.35 0.3 1.72307 -0.932711 0 0 255
0.375 0.3 1.74116 -0.914514 0 0 255
0.4 0.3 1.75566 -0.900072 0 0 255
0.425 0.3 1.7674 -0.888468 0 0 255
0.45 0.3 1.77702 -0.879034 0 0 255
0.475 0.3 1.78497 -0.87128 0 0 255
0.5 0.3 1.79161 -0.864845 0 0 255
-0.5 0.275 -1.61439 -1.13411 0 0 255
-0.475 0.275 -1.60387 -1.14212 0 0 255
-0.45 0.275 -1.59136 -1.1517 0 0 255
-0.425 0.275 -1.57637 -1.16327 0 0 255
-0.4 0.275 -1.55826 -1.17737 0 0 255
-0.375 0.275 -1.53623 -1.19469 0 0 255
-0.35 0.275 -1.50922 -1.21616 0 0 255
-0.325 0.275 -1.47589 -1.243 0 0 255
-0.3 0.275 -1.4346 -1.27678 0 0 255
-0.275 0.275 -1.38341 -1.31944 0 0 255
-0.25 0.275 -1.32039 -1.37318 0 0 255
-0.225 0.275 -1.24431 -1.43999 0 0 255
-0.2 0.275 -1.15623 -1.52033 0 0 255
-0.175 0.275 -1.06195 -1.61098 0 0 255
-0.15 0.275 -0.973467 -1.70281 0 0 255
-0.125 0.275 -0.904215 -1.78306 0 0 255
-0.1 0.275 -0.856646 -1.84417 0 0 255
-0.075 0.275 -0.590311 -1.73319 0 0 255
-0.05 0.275 -0.350444 -1.71276 0 0 255
-0.025 0.275 -0.111081 -1.6942 0 0 255
0 0.275 0.128168 -1.67587 0 0 255
0.025 0.275 0.367416 -1.65758 0 0 255
0.05 0.275 0.606779 -1.63953 0 0 255
0.075 0.275 0.846652 -1.62335 0 0 255
0.1 0.275 1.1137 -1.69821 0 0 255
0.125 0.275 1.15368 -1.62955 0 0 255
0.15 0.275 1.21234 -1.53875 0 0 255
0.175 0.275 1.28808 -1.43423 0 0 255
0.2 0.275 1.36939 -1.33066 0 0 255
0.225 0.275 1.44573 -1.23862 0 0 255
0.25 0.275 1.51192 -1.16196 0 0 255
0.275 0.275 1.5669 -1.10021 0 0 255
0.3 0.275 1.61166 -1.05114 0 0 255
0.325 0.275 1.64783 -1.01226 0 0 255
0.35 0.275 1.67707 -0.981346 0 0 255
0.375 0.275 1.7008 -0.956604 0 0 255
0.4 0.275 1.72017 -0.936638 0 0 255
0.425 0.275 1.73611 -0.920384 0 0 255
0.45 0.275 1.74932 -0.907034 0 0 255
0.475 0.275 1.76035 -0.895974 0 0 255
0.5 0.275 1.76963 -0.886734 0 0 255
-0.5 0.25 -1.58593 -1.15629 0 0 255
-0.475 0.25 -1.57222 -1.16698 0 0 255
-0.45 0.25 -1.55606 -1.17968 0 0 255
-0.425 0.25 -1.53691 -1.19485 0 0 255
-0.4 0.25 -1.51412 -1.21309 0 0 255
-0.375 0.25 -1.48685 -1.23516 0 0 255
-0.35 0.25 -1.45413 -1.26198 0 0 255
-0.325 0.25 -1.41481 -1.29469 0 0 255
-0.3 0.25 -1.36768 -1.33457 0 0 255
-0.275 0.25 -1.31162 -1.38299 0 0 255
-0.25 0.25 -1.24607 -1.44103 0 0 255
-0.225 0.25 -1.17174 -1.50888 0 0 255
-0.2 0.25 -1.09177 -1.5848 0 0 255
-0.175 0.25 -1.01257 -1.66402 0 0 255
-0.15 0.25 -0.943041 -1.73869 0 0 255
-0.125 0.25 -0.890639 -1.8005 0 0 255
-0.1 0.25 -0.856646 -1.84417 0 0 255
-0.075 0.25 -0.590311 -1.73319 0 0 255
-0.05 0.25 -0.350444 -1.71276 0 0 255
-0.025 0.25 -0.111081 -1.6942 0 0 255
0 0.25 0.128168 -1.67587 0 0 255
0.025 0.25 0.367416 -1.65758 0 0 255
0.05 0.25 0.606779 -1.63953 0 0 255
0.075 0.25 0.846652 -1.62335 0 0 255
0.1 0.25 1.1137 -1.69821 0 0 255
0.125 0.25 1.14227 -1.64914 0 0 255
0.15 0.25 1.1866 -1.5793 0 0 255
0.175 0.25 1.24594 -1.49448 0 0 255
0.2 0.25 1.314 -1.40416 0 0 255
0.225 0.25 1.38306 -1.31737 0 0 255
0.25 0.25 1.44749 -1.23967 0 0 255
0.275 0.25 1.50449 -1.1731 0 0 255
0.3 0.25 1.55334 -1.1175 0 0 255
0.325 0.25 1.5945 -1.07166 0 0 255
0.35 0.25 1.62889 -1.03405 0 0 255
0.375 0.25 1.65755 -1.00318 0 0 255
0.4 0.25 1.68146 -0.977773 0 0 255
0.425 0.25 1.70147 -0.956757 0 0 255
0.45 0.25 1.7183 -0.939275 0 0 255
0.475 0.25 1.73251 -0.92464 0 0 255
0.5 0.25 1.74458 -0.912311 0 0 255
-0.5 0.225 -1.55457 -1.18129 0 0 255
-0.475 0.225 -1.53765 -1.19478 0 0 255
-0.45 0.225 -1.51793 -1.21063 0 0 255
-0.425 0.225 -1.49488 -1.22935 0 0 255
-0.4 0.225 -1.46785 -1.25153 0 0 255
-0.375 0.225 -1.43613 -1.27788 0 0 255
-0.35 0.225 -1.39891 -1.30923 0 0 255
-0.325 0.225 -1.3554 -1.34646 0 0 255
-0.3 0.225 -1.30495 -1.39042 0 0 255
-0.275 0.225 -1.24728 -1.44176 0 0 255
-0.25 0.225 -1.18293 -1.50052 0 0 255
-0.225 0.225 -1.1138 -1.56566 0 0 255
-0.2 0.225 -1.04361 -1.63445 0 0 255
-0.175 0.225 -0.97789 -1.70221 0 0 255
-0.15 0.225 -0.922684 -1.763 0 0 255
-0.125 0.225 -0.882084 -1.81149 0 0 255
-0.1 0.225 -0.856646 -1.84417 0 0 255
-0.075 0.225 -0.590311 -1.73319 0 0 255
-0.05 0.225 -0.350444 -1.71276 0 0 255
-0.025 0.225 -0.111081 -1.6942 0 0 255
0 0.225 0.128168 -1.67587 0 0 255
0.025 0.225 0.367416 -1.65758 0 0 255
0.05 0.225 0.606779 -1.63953 0 0 255
0.075 0.225 0.846652 -1.62335 0 0 255
0.1 0.225 1.1137 -1.69821 0 0 255
0.125 0.225 1.13508 -1.66149 0 0 255
0.15 0.225 1.1694 -1.60675 0 0 255
0.175 0.225 1.21641 -1.53779 0 0 255
0.2 0.225 1.27273 -1.46067 0 0 255
0.225 0.225 1.33317 -1.38217 0 0 255
0.25 0.225 1.39292 -1.30769 0 0 255
0.275 0.225 1.44871 -1.24039 0 0 255
0.3 0.225 1.49882 -1.18153 0 0 255
0.325 0.225 1.54276 -1.13108 0 0 255
0.35 0.225 1.58071 -1.08832 0 0 255
0.375 0.225 1.61323 -1.05229 0 0 255
0.4 0.225 1.64098 -1.02198 0 0 255
0.425 0.225 1.66465 -0.996455 0 0 255
0.45 0.225 1.68487 -0.974908 0 0 255
0.475 0.225 1.70217 -0.95665 0 0 255
0.5 0.225 1.71703 -0.941114 0 0 255
-0.5 0.2 -1.52101 -1.2086 0 0 255
-0.475 0.2 -1.50105 -1.22484 0 0 255
-0.45 0.2 -1.47807 -1.24371 0 0 255
-0.425 0.2 -1.45158 -1.2657 0 0 255
-0.4 0.2 -1.42103 -1.29134 0 0 255
-0.375 0.2 -1.38587 -1.32124 0 0 255
-0.35 0.2 -1.34555 -1.35602 0 0 255
-0.325 0.2 -1.29969 -1.39624 0 0 255
-0.3 0.2 -1.24817 -1.44229 0 0 255
-0.275 0.2 -1.19139 -1.49416 0 0 255
-0.25 0.2 -1.1306 -1.55116 0 0 255
-0.225 0.2 -1.06812 -1.61161 0 0 255
-0.2 0.2 -1.00749 -1.6726 0 0 255
-0.175 0.2 -0.952969 -1.73018 0 0 255
-0.15 0.2 -0.908518 -1.78008 0 0 255
-0.125 0.2 -0.876357 -1.81885 0 0 255
-0.1 0.2 -0.856646 -1.84417 0 0 255
-0.075 0.2 -0.590311 -1.73319 0 0 255
-0.05 0.2 -0.350444 -1.71276 0 0 255
-0.025 0.2 -0.111081 -1.6942 0 0 255
0 0.2 0.128168 -1.67587 0 0 255
0.025 0.2 0.367416 -1.65758 0 0 255
0.05 0.2 0.606779 -1.63953 0 0 255
0.075 0.2 0.846652 -1.62335 0 0 255
0.1 0.2 1.1137 -1.69821 0 0 255
0.125 0.2 1.13027 -1.66976 0 0 255
0.15 0.2 1.15743 -1.62601 0 0 255
0.175 0.2 1.19522 -1.56948 0 0 255
0.2 0.2 1.24184 -1.50404 0 0 255
0.225 0.2 1.29393 -1.43453 0 0 255
0.25 0.2 1.3478 -1.36551 0 0 255
0.275 0.2 1.40037 -1.30032 0 0 255
0.3 0.2 1.4496 -1.24093 0 0 255
0.325 0.2 1.49436 -1.18814 0 0 255
0.35 0.2 1.53428 -1.142 0 0 255
0.375 0.2 1.56942 -1.10207 0 0 255
0.4 0.2 1.60011 -1.06772 0 0 255
0.425 0.2 1.62681 -1.03824 0 0 255
0.45 0.2 1.64999 -1.01295 0 0 255
0.475 0.2 1.67012 -0.991234 0 0 255
0.5 0.2 1.68762 -0.972542 0 0 255
-0.5 0.175 -1.48601 -1.23762 0 0 255
-0.475 0.175 -1.46332 -1.25643 0 0 255
-0.45 0.175 -1.43753 -1.27804 0 0 255
-0.425 0.175 -1.40822 -1.30285 0 0 255
-0.4 0.175 -1.37499 -1.33132 0 0 255
-0.375 0.175 -1.33748 -1.36389 0 0 255
-0.35 0.175 -1.29545 -1.40093 0 0 255
-0.325 0.175 -1.24885 -1.4427 0 0 255
-0.3 0.175 -1.19801 -1.48915 0 0 255
-0.275 0.175 -1.14379 -1.53982 0 0 255
-0.25 0.175 -1.08773 -1.59359 0 0 255
-0.225 0.175 -1.03217 -1.64857 0 0 255
-0.2 0.175 -0.980091 -1.70211 0 0 255
-0.175 0.175 -0.934635 -1.75108 0 0 255
-0.15 0.175 -0.898325 -1.79246 0 0 255
-0.125 0.175 -0.872342 -1.82401 0 0 255
-0.1 0.175 -0.856646 -1.84417 0 0 255
-0.075 0.175 -0.590311 -1.73319 0 0 255
-0.05 0.175 -0.350444 -1.71276 0 0 255
-0.025 0.175 -0.111081 -1.6942 0 0 255
0 0.175 0.128168 -1.67587 0 0 255
0.025 0.175 0.367416 -1.65758 0 0 255
0.05 0.175 0.606779 -1.63953 0 0 255
0.075 0.175 0.846652 -1.62335 0 0 255
0.1 0.175 1.1137 -1.69821 0 0 255
0.125 0.175 1.12689 -1.67555 0 0 255
0.15 0.175 1.14883 -1.63997 0 0 255
0.175 0.175 1.17966 -1.59314 0 0 255
0.2 0.175 1.21846 -1.53754 0 0 255
0.225 0.175 1.2631 -1.4766 0 0 255
0.25 0.175 1.31091 -1.4139 0 0 255
0.275 0.175 1.35929 -1.35248 0 0 255
0.3 0.175 1.40621 -1.29453 0 0 255
0.325 0.175 1.45028 -1.24134 0 0 255
0.35 0.175 1.49076 -1.19347 0 0 255
0.375 0.175 1.52733 -1.15098 0 0 255
0.4 0.175 1.56 -1.1136 0 0 255
0.425 0.175 1.58899 -1.08091 0 0 255
0.45 0.175 1.61458 -1.0524 0 0 255
0.475 0.175 1.63714 -1.02756 0 0 255
0.5 0.175 1.65699 -1.00592 0 0 255
-0.5 0.15 -1.45031 -1.26774 0 0 255
-0.475 0.15 -1.42529 -1.28885 0 0 255
-0.45 0.15 -1.39721 -1.31279 0 0 255
-0.425 0.15 -1.36578 -1.33989 0 0 255
-0.4 0.15 -1.33075 -1.37046 0 0 255
-0.375 0.15 -1.29195 -1.40479 0 0 255
-0.35 0.15 -1.2494 -1.44302 0 0 255
-0.325 0.15 -1.20334 -1.48511 0 0 255
-0.3 0.15 -1.1544 -1.53072 0 0 255
-0.275 0.15 -1.10367 -1.57907 0 0 255
-0.25 0.15 -1.05275 -1.62889 0 0 255
-0.225 0.15 -1.00375 -1.67834 0 0 255
-0.2 0.15 -0.959033 -1.72517 0 0 255
-0.175 0.15 -0.920846 -1.76699 0 0 255
-0.15 0.15 -0.890778 -1.80167 0 0 255
-0.125 0.15 -0.869423 -1.82776 0 0 255
-0.1 0.15 -0.856646 -1.84417 0 0 255
-0.075 0.15 -0.590311 -1.73319 0 0 255
-0.05 0.15 -0.350444 -1.71276 0 0 255
-0.025 0.15 -0.111081 -1.6942 0 0 255
0 0.15 0.128168 -1.67587 0 0 255
0.025 0.15 0.367416 -1.65758 0 0 255
0.05 0.15 0.606779 -1.63953 0 0 255
0.075 0.15 0.846652 -1.62335 0 0 255
0.1 0.15 1.1137 -1.69821 0 0 255
0.125 0.15 1.12444 -1.67977 0 0 255
0.15 0.15 1.14246 -1.65036 0 0 255
0.175 0.15 1.16796 -1.61113 0 0 255
0.2 0.15 1.20051 -1.5637 0 0 255
0.225 0.15 1.23878 -1.51045 0 0 255
0.25 0.15 1.28087 -1.45411 0 0 255
0.275 0.15 1.32473 -1.39726 0 0 255
0.3 0.15 1.36854 -1.34202 0 0 255
0.325 0.15 1.4109 -1.28985 0 0 255
0.35 0.15 1.45083 -1.24166 0 0 255
0.375 0.15 1.48778 -1.19785 0 0 255
0.4 0.15 1.52152 -1.15849 0 0 255
0.425 0.15 1.55203 -1.1234 0 0 255
0.45 0.15 1.57944 -1.09229 0 0 255
0.475 0.15 1.60394 -1.0648 0 0 255
0.5 0.15 1.6258 -1.04054 0 0 255
-0.5 0.125 -1.41456 -1.2984 0 0 255
-0.475 0.125 -1.38767 -1.32145 0 0 255
-0.45 0.125 -1.35789 -1.34725 0 0 255
-0.425 0.125 -1.32504 -1.37605 0 0 255
-0.4 0.125 -1.28901 -1.40803 0 0 255
-0.375 0.125 -1.24984 -1.44328 0 0 255
-0.35 0.125 -1.20772 -1.48178 0 0 255
-0.325 0.125 -1.16313 -1.52325 0 0 255
-0.3 0.125 -1.11685 -1.56714 0 0 255
-0.275 0.125 -1.07004 -1.61256 0 0 255
-0.25 0.125 -1.0242 -1.6582 0 0 255
-0.225 0.125 -0.981116 -1.70243 0 0 255
-0.2 0.125 -0.942616 -1.7434 0 0 255
-0.175 0.125 -0.910267 -1.77931 0 0 255
-0.15 0.125 -0.885054 -1.8087 0 0 255
-0.125 0.125 -0.867237 -1.83056 0 0 255
-0.1 0.125 -0.856646 -1.84417 0 0 255
-0.075 0.125 -0.590311 -1.73319 0 0 255
-0.05 0.125 -0.350444 -1.71276 0 0 255
-0.025 0.125 -0.111081 -1.6942 0 0 255
0 0.125 0.128168 -1.67587 0 0 255
0.025 0.125 0.367416 -1.65758 0 0 255
0.05 0.125 0.606779 -1.63953 0 0 255
0.075 0.125 0.846652 -1.62335 0 0 255
0.1 0.125 1.1137 -1.69821 0 0 255
0.125 0.125 1.1226 -1.68292 0 0 255
0.15 0.125 1.13763 -1.65828 0 0 255
0.175 0.125 1.159 -1.62507 0 0 255
0.2 0.125 1.18653 -1.58436 0 0 255
0.225 0.125 1.21944 -1.53781 0 0 255
0.25 0.125 1.25638 -1.48747 0 0 255
0.275 0.125 1.29581 -1.43544 0 0 255
0.3 0.125 1.33617 -1.3836 0 0 255
0.325 0.125 1.37616 -1.33343 0 0 255
0.35 0.125 1.41475 -1.28599 0 0 255
0.375 0.125 1.45127 -1.24192 0 0 255
0.4 0.125 1.48528 -1.20153 0 0 255
0.425 0.125 1.51661 -1.16487 0 0 255
0.45 0.125 1.54521 -1.13183 0 0 255
0.475 0.125 1.57116 -1.10221 0 0 255
0.5 0.125 1.59461 -1.07574 0 0 255
-0.5 0.1 -1.37933 -1.32906 0 0 255
-0.475 0.1 -1.35106 -1.35366 0 0 255
-0.45 0.1 -1.32014 -1.38085 0 0 255
-0.425 0.1 -1.28651 -1.41078 0 0 255
-0.4 0.1 -1.2502 -1.4435 0 0 255
-0.375 0.1 -1.21139 -1.47898 0 0 255
-0.35 0.1 -1.17044 -1.51701 0 0 255
-0.325 0.1 -1.12792 -1.55718 0 0 255
-0.3 0.1 -1.0847 -1.59884 0 0 255
-0.275 0.1 -1.04188 -1.64104 0 0 255
-0.25 0.1 -1.00081 -1.68258 0 0 255
-0.225 0.1 -0.962937 -1.72204 0 0 255
-0.2 0.1 -0.929642 -1.75797 0 0 255
-0.175 0.1 -0.902004 -1.78903 0 0 255
-0.15 0.1 -0.88062 -1.81416 0 0 255
-0.125 0.1 -0.865561 -1.83272 0 0 255
-0.1 0.1 -0.856646 -1.84417 0 0 255
-0.075 0.1 -0.590311 -1.73319 0 0 255
-0.05 0.1 -0.350444 -1.71276 0 0 255
-0.025 0.1 -0.111081 -1.6942 0 0 255
0 0.1 0.128168 -1.67587 0 0 255
0.025 0.1 0.367416 -1.65758 0 0 255
0.05 0.1 0.606779 -1.63953 0 0 255
0.075 0.1 0.846652 -1.62335 0 0 255
0.1 0.1 1.1137 -1.69821 0 0 255
0.125 0.1 1.12119 -1.68534 0 0 255
0.15 0.1 1.13389 -1.66443 0 0 255
0.175 0.1 1.152 -1.63604 0 0 255
0.2 0.1 1.1755 -1.60087 0 0 255
0.225 0.1 1.20392 -1.56008 0 0 255
0.25 0.1 1.23635 -1.5152 0 0 255
0.275 0.1 1.27162 -1.46788 0 0 255
0.3 0.1 1.30848 -1.41975 0 0 255
0.325 0.1 1.34578 -1.37218 0 0 255
0.35 0.1 1.38253 -1.32626 0 0 255
0.375 0.1 1.41799 -1.28276 0 0 255
0.4 0.1 1.45164 -1.24214 0 0 255
0.425 0.1 1.48316 -1.20465 0 0 255
0.45 0.1 1.51239 -1.17035 0 0 255
0.475 0.1 1.53929 -1.13916 0 0 255
0.5 0.1 1.56392 -1.11093 0 0 255
-0.5 0.075 -1.34507 -1.35927 0 0 255
-0.475 0.075 -1.31588 -1.38503 0 0 255
-0.45 0.075 -1.28435 -1.41315 0 0 255
-0.425 0.075 -1.25051 -1.44369 0 0 255
-0.4 0.075 -1.21452 -1.47659 0 0 255
-0.375 0.075 -1.17664 -1.51172 0 0 255
-0.35 0.075 -1.13734 -1.54874 0 0 255
-0.325 0.075 -1.09725 -1.58717 0 0 255
-0.3 0.075 -1.05722 -1.62631 0 0 255
-0.275 0.075 -1.01827 -1.66526 0 0 255
-0.25 0.075 -0.981541 -1.70293 0 0 255
-0.225 0.075 -0.948197 -1.73815 0 0 255
-0.2 0.075 -0.919254 -1.76977 0 0 255
-0.175 0.075 -0.895448 -1.79679 0 0 255
-0.15 0.075 -0.877124 -1.81848 0 0 255
-0.125 0.075 -0.864247 -1.83441 0 0 255
-0.1 0.075 -0.856646 -1.84417 0 0 255
-0.075 0.075 -0.590311 -1.73319 0 0 255
-0.05 0.075 -0.350444 -1.71276 0 0 255
-0.025 0.075 -0.111081 -1.6942 0 0 255
0 0.075 0.128168 -1.67587 0 0 255
0.025 0.075 0.367416 -1.65758 0 0 255
0.05 0.075 0.606779 -1.63953 0 0 255
0.075 0.075 0.846652 -1.62335 0 0 255
0.1 0.075 1.1137 -1.69821 0 0 255
0.125 0.075 1.12009 -1.68724 0 0 255
0.15 0.075 1.13094 -1.6693 0 0 255
0.175 0.075 1.14645 -1.6448 0 0 255
0.2 0.075 1.16668 -1.61422 0 0 255
0.225 0.075 1.19135 -1.57835 0 0 255
0.25 0.075 1.21987 -1.53832 0 0 255
0.275 0.075 1.25137 -1.49545 0 0 255
0.3 0.075 1.28486 -1.45106 0 0 255
0.325 0.075 1.31935 -1.4064 0 0 255
0.35 0.075 1.35395 -1.36251 0 0 255
0.375 0.075 1.38794 -1.32018 0 0 255
0.4 0.075 1.42073 -1.28 0 0 255
0.425 0.075 1.45194 -1.24233 0 0 255
0.45 0.075 1.48132 -1.20735 0 0 255
0.475 0.075 1.50873 -1.17511 0 0 255
0.5 0.075 1.53412 -1.14558 0 0 255
-0.5 0.05 -1.31215 -1.38869 0 0 255
-0.475 0.05 -1.28247 -1.41522 0 0 255
-0.45 0.05 -1.25078 -1.44384 0 0 255
-0.425 0.05 -1.2172 -1.47454 0 0 255
-0.4 0.05 -1.18198 -1.50717 0 0 255
-0.375 0.05 -1.14544 -1.5415 0 0 255
-0.35 0.05 -1.1081 -1.57714 0 0 255
-0.325 0.05 -1.0706 -1.61357 0 0 255
-0.3 0.05 -1.03374 -1.6501 0 0 255
-0.275 0.05 -0.998411 -1.68588 0 0 255
-0.25 0.05 -0.965576 -1.71999 0 0 255
-0.225 0.05 -0.936135 -1.75147 0 0 255
-0.2 0.05 -0.910835 -1.77941 0 0 255
-0.175 0.05 -0.89017 -1.80308 0 0 255
-0.15 0.05 -0.874322 -1.82196 0 0 255
-0.125 0.05 -0.8632 -1.83575 0 0 255
-0.1 0.05 -0.856646 -1.84417 0 0 255
-0.075 0.05 -0.590311 -1.73319 0 0 255
-0.05 0.05 -0.350444 -1.71276 0 0 255
-0.025 0.05 -0.111081 -1.6942 0 0 255
0 0.05 0.128168 -1.67587 0 0 255
0.025 0.05 0.367416 -1.65758 0 0 255
0.05 0.05 0.606779 -1.63953 0 0 255
0.075 0.05 0.846652 -1.62335 0 0 255
0.1 0.05 1.1137 -1.69821 0 0 255
0.125 0.05 1.11921 -1.68875 0 0 255
0.15 0.05 1.12858 -1.67322 0 0 255
0.175 0.05 1.14199 -1.6519 0 0 255
0.2 0.05 1.15953 -1.62512 0 0 255
0.225 0.05 1.18108 -1.59345 0 0 255
0.25 0.05 1.20623 -1.5577 0 0 255
0.275 0.05 1.23436 -1.51891 0 0 255
0.3 0.05 1.2647 -1.47815 0 0 255
0.325 0.05 1.29642 -1.43651 0 0 255
0.35 0.05 1.32875 -1.39493 0 0 255
0.375 0.05 1.36099 -1.35421 0 0 255
0.4 0.05 1.39259 -1.31496 0 0 255
0.425 0.05 1.4231 -1.27763 0 0 255
0.45 0.05 1.45221 -1.24249 0 0 255
0.475 0.05 1.47972 -1.20969 0 0 255
0.5 0.05 1.50552 -1.17929 0 0 255
-0.5 0.025 -1.28081 -1.41703 0 0 255
-0.475 0.025 -1.25101 -1.44398 0 0 255
-0.45 0.025 -1.21954 -1.47275 0 0 255
-0.425 0.025 -1.18661 -1.50322 0 0 255
-0.4 0.025 -1.15249 -1.53522 0 0 255
-0.375 0.025 -1.11756 -1.56844 0 0 255
-0.35 0.025 -1.08235 -1.60247 0 0 255
-0.325 0.025 -1.04747 -1.63677 0 0 255
-0.3 0.025 -1.01364 -1.6707 0 0 255
-0.275 0.025 -0.981648 -1.7035 0 0 255
-0.25 0.025 -0.952259 -1.73439 0 0 255
-0.225 0.025 -0.926174 -1.76258 0 0 255
-0.2 0.025 -0.903936 -1.78737 0 0 255
-0.175 0.025 -0.885867 -1.80823 0 0 255
-0.15 0.025 -0.872045 -1.82479 0 0 255
-0.125 0.025 -0.862353 -1.83684 0 0 255
-0.1 0.025 -0.856646 -1.84417 0 0 255
-0.075 0.025 -0.590311 -1.73319 0 0 255
-0.05 0.025 -0.350444 -1.71276 0 0 255
-0.025 0.025 -0.111081 -1.6942 0 0 255
0 0.025 0.128168 -1.67587 0 0 255
0.025 0.025 0.367416 -1.65758 0 0 255
0.05 0.025 0.606779 -1.63953 0 0 255
0.075 0.025 0.846652 -1.62335 0 0 255
0.1 0.025 1.1137 -1.69821 0 0 255
0.125 0.025 1.1185 -1.68997 0 0 255
0.15 0.025 1.12666 -1.6764 0 0 255
0.175 0.025 1.13835 -1.65772 0 0 255
0.2 0.025 1.15368 -1.63413 0 0 255
0.225 0.025 1.1726 -1.60603 0 0 255
0.25 0.025 1.19487 -1.57404 0 0 255
0.275 0.025 1.22002 -1.53893 0 0 255
0.3 0.025 1.24746 -1.5016 0 0 255
0.325 0.025 1.27654 -1.46294 0 0 255
0.35 0.025 1.30657 -1.42381 0 0 255
0.375 0.025 1.33695 -1.38496 0 0 255
0.4 0.025 1.36712 -1.34701 0 0 255
0.425 0.025 1.39664 -1.31042 0 0 255
0.45 0.025 1.42516 -1.27555 0 0 255
0.475 0.025 1.45244 -1.24262 0 0 255
0.5 0.025 1.47831 -1.21175 0 0 255
-0.5 0 -1.25121 -1.4441 0 0 255
-0.475 0 -1.2216 -1.47117 0 0 255
-0.45 0 -1.19068 -1.49976 0 0 255
-0.425 0 -1.15867 -1.52972 0 0 255
-0.4 0 -1.12588 -1.56081 0 0 255
-0.375 0 -1.09273 -1.59271 0 0 255
-0.35 0 -1.0597 -1.62499 0 0 255
-0.325 0 -1.02739 -1.65714 0 0 255
-0.3 0 -0.996409 -1.68856 0 0 255
-0.275 0 -0.967432 -1.7186 0 0 255
-0.25 0 -0.941076 -1.74659 0 0 255
-0.225 0 -0.917878 -1.77191 0 0 255
-0.2 0 -0.898224 -1.79401 0 0 255
-0.175 0 -0.882318 -1.8125 0 0 255
-0.15 0 -0.870173 -1.82712 0 0 255
-0.125 0 -0.861658 -1.83773 0 0 255
-0.1 0 -0.856646 -1.84417 0 0 255
-0.075 0 -0.590311 -1.73319 0 0 255
-0.05 0 -0.350444 -1.71276 0 0 255
-0.025 0 -0.111081 -1.6942 0 0 255
0 0 0.128168 -1.67587 0 0 255
0.025 0 0.367416 -1.65758 0 0 255
0.05 0 0.606779 -1.63953 0 0 255
0.075 0 0.846652 -1.62335 0 0 255
0.1 0 1.1137 -1.69821 0 0 255
0.125 0 1.11791 -1.69097 0 0 255
0.15 0 1.12509 -1.67903 0 0 255
0.175 0 1.13535 -1.66254 0 0 255
0.2 0 1.14883 -1.64164 0 0 255
0.225 0 1.16555 -1.6166 0 0 255
0.25 0 1.18533 -1.58788 0 0 255
0.275 0 1.20786 -1.55608 0 0 255
0.3 0 1.23269 -1.52192 0 0 255
0.325 0 1.25929 -1.48614 0 0 255
0.35 0 1.28709 -1.44949 0 0 255
0.375 0 1.31555 -1.41266 0 0 255
0.4 0 1.34416 -1.37623 0 0 255
0.425 0 1.37249 -1.3407 0 0 255
0.45 0 1.40019 -1.30645 0 0 255
0.475 0 1.42697 -1.27373 0 0 255
0.5 0 1.45264 -1.24274 0 0 255
