-0.5 1 -1.09113 0.889839 0 0 255
-0.475 1 -1.0685 0.915869 0 0 255
-0.45 1 -1.04489 0.943476 0 0 255
-0.425 1 -1.02048 0.972535 0 0 255
-0.4 1 -0.995491 1.00284 0 0 255
-0.375 1 -0.970231 1.03411 0 0 255
-0.35 1 -0.945065 1.06595 0 0 255
-0.325 1 -0.92042 1.09788 0 0 255
-0.3 1 -0.896761 1.12932 0 0 255
-0.275 1 -0.874569 1.15965 0 0 255
-0.25 1 -0.854299 1.1882 0 0 255
-0.225 1 -0.836342 1.21432 0 0 255
-0.2 1 -0.820988 1.23742 0 0 255
-0.175 1 -0.808399 1.25702 0 0 255
-0.15 1 -0.798616 1.27275 0 0 255
-0.125 1 -0.7916 1.28437 0 0 255
-0.1 1 -0.787356 1.29152 0 0 255
-0.075 1 -0.649185 1.159 0 0 255
-0.05 1 -0.476194 1.17473 0 0 255
-0.025 1 -0.303417 1.1931 0 0 255
0 1 -0.130759 1.21176 0 0 255
0.025 1 0.0418986 1.23046 0 0 255
0.05 1 0.214677 1.24945 0 0 255
0.075 1 0.387668 1.27107 0 0 255
0.1 1 0.525871 1.44059 0 0 255
0.125 1 0.530913 1.43423 0 0 255
0.15 1 0.539272 1.42398 0 0 255
0.175 1 0.550941 1.41014 0 0 255
0.2 1 0.565961 1.39299 0 0 255
0.225 1 0.584273 1.37287 0 0 255
0.25 1 0.605669 1.35021 0 0 255
0.275 1 0.629792 1.32553 0 0 255
0.3 1 0.656166 1.2994 0 0 255
0.325 1 0.684243 1.27239 0 0 255
0.35 1 0.713449 1.24504 0 0 255
0.375 1 0.743231 1.21783 0 0 255
0.4 1 0.773085 1.19117 0 0 255
0.425 1 0.802578 1.16537 0 0 255
0.45 1 0.831357 1.14068 0 0 255
0.475 1 0.859149 1.11727 0 0 255
0.5 1 0.885758 1.09522 0 0 255
-0.5 0.975 -1.11375 0.863809 0 0 255
-0.475 0.975 -1.09095 0.889616 0 0 255
-0.45 0.975 -1.06691 0.917273 0 0 255
-0.425 0.975 -1.04178 0.946704 0 0 255
-0.4 0.975 -1.01576 0.977754 0 0 255
-0.375 0.975 -0.989154 1.01017 0 0 255
-0.35 0.975 -0.962333 1.04358 0 0 255
-0.325 0.975 -0.935759 1.07749 0 0 255
-0.3 0.975 -0.90996 1.11128 0 0 255
-0.275 0.975 -0.885504 1.14425 0 0 255
-0.25 0.975 -0.862955 1.17561 0 0 255
-0.225 0.975 -0.842824 1.20457 0 0 255
-0.2 0.975 -0.825509 1.23038 0 0 255
-0.175 0.975 -0.811258 1.25242 0 0 255
-0.15 0.975 -0.80016 1.2702 0 0 255
-0.125 0.975 -0.792188 1.28337 0 0 255
-0.1 0.975 -0.787356 1.29152 0 0 255
-0.075 0.975 -0.649185 1.159 0 0 255
-0.05 0.975 -0.476194 1.17473 0 0 255
-0.025 0.975 -0.303417 1.1931 0 0 255
0 0.975 -0.130759 1.21176 0 0 255
0.025 0.975 0.0418986 1.23046 0 0 255
0.05 0.975 0.214677 1.24945 0 0 255
0.075 0.975 0.387668 1.27107 0 0 255
0.1 0.975 0.525871 1.44059 0 0 255
0.125 0.975 0.531613 1.43335 0 0 255
0.15 0.975 0.54111 1.42172 0 0 255
0.175 0.975 0.554351 1.4061 0 0 255
0.2 0.975 0.571355 1.38683 0 0 255
0.225 0.975 0.592003 1.36438 0 0 255
0.25 0.975 0.615982 1.33929 0 0 255
0.275 0.975 0.642804 1.31222 0 0 255
0.3 0.975 0.671852 1.28386 0 0 255
0.325 0.975 0.702447 1.25488 0 0 255
0.35 0.975 0.733914 1.22587 0 0 255
0.375 0.975 0.765625 1.19737 0 0 255
0.4 0.975 0.79704 1.16977 0 0 255
0.425 0.975 0.827714 1.14339 0 0 255
0.45 0.975 0.857308 1.11842 0 0 255
0.475 0.975 0.885579 1.095 0 0 255
0.5 0.975 0.912368 1.07318 0 0 255
-0.5 0.95 -1.13774 0.83667 0 0 255
-0.475 0.95 -1.11499 0.86196 0 0 255
-0.45 0.95 -1.09074 0.889361 0 0 255
-0.425 0.95 -1.0651 0.918867 0 0 255
-0.4 0.95 -1.03823 0.950385 0 0 255
-0.375 0.95 -1.01039 0.98372 0 0 255
-0.35 0.95 -0.981951 1.01854 0 0 255
-0.325 0.95 -0.9534 1.05438 0 0 255
-0.3 0.95 -0.925318 1.09058 0 0 255
-0.275 0.95 -0.898364 1.12637 0 0 255
-0.25 0.95 -0.873233 1.16083 0 0 255
-0.225 0.95 -0.850579 1.19301 0 0 255
-0.2 0.95 -0.83095 1.22197 0 0 255
-0.175 0.95 -0.814713 1.24688 0 0 255
-0.15 0.95 -0.802032 1.26711 0 0 255
-0.125 0.95 -0.792906 1.28216 0 0 255
-0.1 0.95 -0.787356 1.29152 0 0 255
-0.075 0.95 -0.649185 1.159 0 0 255
-0.05 0.95 -0.476194 1.17473 0 0 255
-0.025 0.95 -0.303417 1.1931 0 0 255
0 0.95 -0.130759 1.21176 0 0 255
0.025 0.95 0.0418986 1.23046 0 0 255
0.05 0.95 0.214677 1.24945 0 0 255
0.075 0.95 0.387668 1.27107 0 0 255
0.1 0.95 0.525871 1.44059 0 0 255
0.125 0.95 0.532465 1.43228 0 0 255
0.15 0.95 0.54334 1.41899 0 0 255
0.175 0.95 0.558473 1.40123 0 0 255
0.2 0.95 0.577848 1.37948 0 0 255
0.225 0.95 0.601251 1.35432 0 0 255
0.25 0.95 0.628225 1.32648 0 0 255
0.275 0.95 0.658102 1.29678 0 0 255
0.3 0.95 0.690092 1.26605 0 0 255
0.325 0.95 0.723368 1.23506 0 0 255
0.35 0.95 0.757144 1.20446 0 0 255
0.375 0.95 0.790731 1.1748 0 0 255
0.4 0.95 0.823564 1.14647 0 0 255
0.425 0.95 0.855214 1.11973 0 0 255
0.45 0.95 0.885374 1.09475 0 0 255
0.475 0.95 0.91385 1.07158 0 0 255
0.5 0.95 0.940537 1.05023 0 0 255
-0.5 0.925 -1.16296 0.808626 0 0 255
-0.475 0.925 -1.14055 0.833066 0 0 255
-0.45 0.925 -1.11639 0.859856 0 0 255
-0.425 0.925 -1.09051 0.889067 0 0 255
-0.4 0.925 -1.06302 0.920694 0 0 255
-0.375 0.925 -1.03415 0.954624 0 0 255
-0.35 0.925 -1.00421 0.990604 0 0 255
-0.325 0.925 -0.973701 1.0282 0 0 255
-0.3 0.925 -0.943234 1.06679 0 0 255
-0.275 0.925 -0.913561 1.10553 0 0 255
-0.25 0.925 -0.885517 1.14338 0 0 255
-0.225 0.925 -0.859938 1.1792 0 0 255
-0.2 0.925 -0.837565 1.21182 0 0 255
-0.175 0.925 -0.818937 1.24015 0 0 255
-0.15 0.925 -0.804331 1.26332 0 0 255
-0.125 0.925 -0.793793 1.28067 0 0 255
-0.1 0.925 -0.787356 1.29152 0 0 255
-0.075 0.925 -0.649185 1.159 0 0 255
-0.05 0.925 -0.476194 1.17473 0 0 255
-0.025 0.925 -0.303417 1.1931 0 0 255
0 0.925 -0.130759 1.21176 0 0 255
0.025 0.925 0.0418986 1.23046 0 0 255
0.05 0.925 0.214677 1.24945 0 0 255
0.075 0.925 0.387668 1.27107 0 0 255
0.1 0.925 0.525871 1.44059 0 0 255
0.125 0.925 0.533518 1.43095 0 0 255
0.15 0.925 0.54608 1.41564 0 0 255
0.175 0.925 0.563512 1.39532 0 0 255
0.2 0.925 0.585741 1.37061 0 0 255
0.225 0.925 0.612409 1.34232 0 0 255
0.25 0.925 0.642851 1.31139 0 0 255
0.275 0.925 0.676169 1.27883 0 0 255
0.3 0.925 0.711357 1.24563 0 0 255
0.325 0.925 0.747423 1.21265 0 0 255
0.35 0.925 0.783479 1.18061 0 0 255
0.375 0.925 0.818793 1.15002 0 0 255
0.4 0.925 0.852809 1.12123 0 0 255
0.425 0.925 0.885137 1.09445 0 0 255
0.45 0.925 0.915534 1.06976 0 0 255
0.475 0.925 0.943877 1.04715 0 0 255
0.5 0.925 0.970132 1.02655 0 0 255
-0.5 0.9 -1.18926 0.77995 0 0 255
-0.475 0.9 -1.1675 0.803183 0 0 255
-0.45 0.9 -1.14376 0.82896 0 0 255
-0.425 0.9 -1.11799 0.857441 0 0 255
-0.4 0.9 -1.09023 0.888723 0 0 255
-0.375 0.9 -1.06061 0.92281 0 0 255
-0.35 0.9 -1.0294 0.959559 0 0 255
-0.325 0.9 -0.997046 0.998636 0 0 255
-0.3 0.9 -0.964168 1.03946 0 0 255
-0.275 0.9 -0.931592 1.08119 0 0 255
-0.25 0.9 -0.900296 1.12269 0 0 255
-0.225 0.9 -0.871332 1.16259 0 0 255
-0.2 0.9 -0.845693 1.19945 0 0 255
-0.175 0.9 -0.824163 1.23185 0 0 255
-0.15 0.9 -0.807192 1.2586 0 0 255
-0.125 0.9 -0.794905 1.27879 0 0 255
-0.1 0.9 -0.787356 1.29152 0 0 255
-0.075 0.9 -0.649185 1.159 0 0 255
-0.05 0.9 -0.476194 1.17473 0 0 255
-0.025 0.9 -0.303417 1.1931 0 0 255
0 0.9 -0.130759 1.21176 0 0 255
0.025 0.9 0.0418986 1.23046 0 0 255
0.05 0.9 0.214677 1.24945 0 0 255
0.075 0.9 0.387668 1.27107 0 0 255
0.1 0.9 0.525871 1.44059 0 0 255
0.125 0.9 0.53484 1.42928 0 0 255
0.15 0.9 0.549491 1.41148 0 0 255
0.175 0.9 0.56975 1.38805 0 0 255
0.2 0.9 0.595441 1.35983 0 0 255
0.225 0.9 0.62599 1.32791 0 0 255
0.25 0.9 0.66044 1.29351 0 0 255
0.275 0.9 0.697589 1.25789 0 0 255
0.3 0.9 0.736182 1.2222 0 0 255
0.325 0.9 0.775058 1.18738 0 0 255
0.35 0.9 0.813249 1.15415 0 0 255
0.375 0.9 0.850019 1.12297 0 0 255
0.4 0.9 0.88486 1.09411 0 0 255
0.425 0.9 0.917465 1.06767 0 0 255
0.45 0.9 0.947685 1.04364 0 0 255
0.475 0.9 0.975491 1.02193 0 0 255
0.5 0.9 1.00094 1.00239 0 0 255
-0.5 0.875 -1.21638 0.750995 0 0 255
-0.475 0.875 -1.19562 0.772655 0 0 255
-0.45 0.875 -1.17269 0.796985 0 0 255
-0.425 0.875 -1.14746 0.82424 0 0 255
-0.4 0.875 -1.11985 0.854637 0 0 255
-0.375 0.875 -1.08991 0.888316 0 0 255
-0.35 0.875 -1.05778 0.92529 0 0 255
-0.325 0.875 -1.02383 0.965378 0 0 255
-0.3 0.875 -0.988634 1.00813 0 0 255
-0.275 0.875 -0.953051 1.05274 0 0 255
-0.25 0.875 -0.918186 1.09803 0 0 255
-0.225 0.875 -0.885331 1.14247 0 0 255
-0.2 0.875 -0.855801 1.18424 0 0 255
-0.175 0.875 -0.83072 1.22152 0 0 255
-0.15 0.875 -0.81081 1.25266 0 0 255
-0.125 0.875 -0.796325 1.27639 0 0 255
-0.1 0.875 -0.787356 1.29152 0 0 255
-0.075 0.875 -0.649185 1.159 0 0 255
-0.05 0.875 -0.476194 1.17473 0 0 255
-0.025 0.875 -0.303417 1.1931 0 0 255
0 0.875 -0.130759 1.21176 0 0 255
0.025 0.875 0.0418986 1.23046 0 0 255
0.05 0.875 0.214677 1.24945 0 0 255
0.075 0.875 0.387668 1.27107 0 0 255
0.1 0.875 0.525871 1.44059 0 0 255
0.125 0.875 0.536527 1.42716 0 0 255
0.15 0.875 0.553804 1.40624 0 0 255
0.175 0.875 0.577578 1.37899 0 0 255
0.2 0.875 0.607501 1.34659 0 0 255
0.225 0.875 0.642671 1.31048 0 0 255
0.25 0.875 0.681719 1.27227 0 0 255
0.275 0.875 0.723062 1.23347 0 0 255
0.3 0.875 0.765167 1.1954 0 0 255
0.325 0.875 0.806726 1.15902 0 0 255
0.35 0.875 0.84674 1.12501 0 0 255
0.375 0.875 0.884533 1.0937 0 0 255
0.4 0.875 0.919702 1.06525 0 0 255
0.425 0.875 0.952068 1.03962 0 0 255
0.45 0.875 0.981613 1.01667 0 0 255
0.475 0.875 1.00842 0.996214 0 0 255
0.5 0.875 1.03265 0.978029 0 0 255
-0.5 0.85 -1.24397 0.722191 0 0 255
-0.475 0.85 -1.22459 0.741921 0 0 255
-0.45 0.85 -1.20289 0.764365 0 0 255
-0.425 0.85 -1.17868 0.789863 0 0 255
-0.4 0.85 -1.15176 0.818756 0 0 255
-0.375 0.85 -1.12203 0.851341 0 0 255
-0.35 0.85 -1.08951 0.887825 0 0 255
-0.325 0.85 -1.0544 0.92824 0 0 255
-0.3 0.85 -1.01717 0.972345 0 0 255
-0.275 0.85 -0.978631 1.01951 0 0 255
-0.25 0.85 -0.93996 1.06859 0 0 255
-0.225 0.85 -0.90269 1.11791 0 0 255
-0.2 0.85 -0.868528 1.16533 0 0 255
-0.175 0.85 -0.839074 1.20845 0 0 255
-0.15 0.85 -0.815464 1.24504 0 0 255
-0.125 0.85 -0.798175 1.27327 0 0 255
-0.1 0.85 -0.787356 1.29152 0 0 255
-0.075 0.85 -0.649185 1.159 0 0 255
-0.05 0.85 -0.476194 1.17473 0 0 255
-0.025 0.85 -0.303417 1.1931 0 0 255
0 0.85 -0.130759 1.21176 0 0 255
0.025 0.85 0.0418986 1.23046 0 0 255
0.05 0.85 0.214677 1.24945 0 0 255
0.075 0.85 0.387668 1.27107 0 0 255
0.1 0.85 0.525871 1.44059 0 0 255
0.125 0.85 0.538725 1.42439 0 0 255
0.15 0.85 0.559355 1.39952 0 0 255
0.175 0.85 0.587553 1.36756 0 0 255
0.2 0.85 0.622686 1.33015 0 0 255
0.225 0.85 0.663345 1.28926 0 0 255
0.25 0.85 0.707596 1.24694 0 0 255
0.275 0.85 0.753396 1.20501 0 0 255
0.3 0.85 0.798938 1.16486 0 0 255
0.325 0.85 0.84283 1.12742 0 0 255
0.35 0.85 0.884137 1.09321 0 0 255
0.375 0.85 0.922325 1.0624 0 0 255
0.4 0.85 0.957171 1.03493 0 0 255
0.425 0.85 0.988673 1.01062 0 0 255
0.45 0.85 1.01697 0.989204 0 0 255
0.475 0.85 1.04229 0.970376 0 0 255
0.5 0.85 1.06488 0.953846 0 0 255
-0.5 0.825 -1.27164 0.694032 0 0 255
-0.475 0.825 -1.25398 0.711521 0 0 255
-0.45 0.825 -1.23395 0.731661 0 0 255
-0.425 0.825 -1.21128 0.75487 0 0 255
-0.4 0.825 -1.18565 0.781598 0 0 255
-0.375 0.825 -1.15683 0.812304 0 0 255
-0.35 0.825 -1.12462 0.84741 0 0 255
-0.325 0.825 -1.08903 0.887221 0 0 255
-0.3 0.825 -1.05031 0.931807 0 0 255
-0.275 0.825 -1.0091 0.980836 0 0 255
-0.25 0.825 -0.966561 1.03338 0 0 255
-0.225 0.825 -0.924403 1.08777 0 0 255
-0.2 0.825 -0.884771 1.14155 0 0 255
-0.175 0.825 -0.849902 1.19167 0 0 255
-0.15 0.825 -0.821573 1.23506 0 0 255
-0.125 0.825 -0.800647 1.2691 0 0 255
-0.1 0.825 -0.787356 1.29152 0 0 255
-0.075 0.825 -0.649185 1.159 0 0 255
-0.05 0.825 -0.476194 1.17473 0 0 255
-0.025 0.825 -0.303417 1.1931 0 0 255
0 0.825 -0.130759 1.21176 0 0 255
0.025 0.825 0.0418986 1.23046 0 0 255
0.05 0.825 0.214677 1.24945 0 0 255
0.075 0.825 0.387668 1.27107 0 0 255
0.1 0.825 0.525871 1.44059 0 0 255
0.125 0.825 0.541661 1.42069 0 0 255
0.15 0.825 0.566645 1.39074 0 0 255
0.175 0.825 0.600485 1.3529 0 0 255
0.2 0.825 0.642061 1.30951 0 0 255
0.225 0.825 0.689189 1.26327 0 0 255
0.25 0.825 0.739179 1.21673 0 0 255
0.275 0.825 0.78948 1.17197 0 0 255
0.3 0.825 0.838084 1.13035 0 0 255
0.325 0.825 0.883652 1.09261 0 0 255
0.35 0.825 0.925444 1.059 0 0 255
0.375 0.825 0.963185 1.02943 0 0 255
0.4 0.825 0.996906 1.00361 0 0 255
0.425 0.825 1.02683 0.981182 0 0 255
0.45 0.825 1.05327 0.961731 0 0 255
0.475 0.825 1.07658 0.944874 0 0 255
0.5 0.825 1.09712 0.930253 0 0 255
-0.5 0.8 -1.29889 0.667058 0 0 255
-0.475 0.8 -1.28326 0.682066 0 0 255
-0.45 0.8 -1.26532 0.699555 0 0 255
-0.425 0.8 -1.24472 0.719989 0 0 255
-0.4 0.8 -1.22104 0.743902 0 0 255
-0.375 0.8 -1.1939 0.771895 0 0 255
-0.35 0.8 -1.16289 0.804603 0 0 255
-0.325 0.8 -1.12775 0.842636 0 0 255
-0.3 0.8 -1.08842 0.88646 0 0 255
-0.275 0.8 -1.04522 0.936211 0 0 255
-0.25 0.8 -0.999094 0.991411 0 0 255
-0.225 0.8 -0.951766 1.05065 0 0 255
-0.2 0.8 -0.905787 1.11134 0 0 255
-0.175 0.8 -0.864207 1.16976 0 0 255
-0.15 0.8 -0.829782 1.22171 0 0 255
-0.125 0.8 -0.804047 1.26337 0 0 255
-0.1 0.8 -0.787356 1.29152 0 0 255
-0.075 0.8 -0.649185 1.159 0 0 255
-0.05 0.8 -0.476194 1.17473 0 0 255
-0.025 0.8 -0.303417 1.1931 0 0 255
0 0.8 -0.130759 1.21176 0 0 255
0.025 0.8 0.0418986 1.23046 0 0 255
0.05 0.8 0.214677 1.24945 0 0 255
0.075 0.8 0.387668 1.27107 0 0 255
0.1 0.8 0.525871 1.44059 0 0 255
0.125 0.8 0.545701 1.4156 0 0 255
0.15 0.8 0.576447 1.37899 0 0 255
0.175 0.8 0.617572 1.33379 0 0 255
0.2 0.8 0.667118 1.28337 0 0 255
0.225 0.8 0.721727 1.23134 0 0 255
0.25 0.8 0.777756 1.18082 0 0 255
0.275 0.8 0.832196 1.13395 0 0 255
0.3 0.8 0.883039 1.09185 0 0 255
0.325 0.8 0.929219 1.05488 0 0 255
0.35 0.8 0.970382 1.02286 0 0 255
0.375 0.8 1.00663 0.995392 0 0 255
0.4 0.8 1.0383 0.971923 0 0 255
0.425 0.8 1.06588 0.951905 0 0 255
0.45 0.8 1.08984 0.934823 0 0 255
0.475 0.8 1.11067 0.920221 0 0 255
0.5 0.8 1.12879 0.907703 0 0 255
-0.5 0.775 -1.32516 0.641824 0 0 255
-0.475 0.775 -1.31182 0.654216 0 0 255
-0.45 0.775 -1.29632 0.668815 0 0 255
-0.425 0.775 -1.27827 0.686094 0 0 255
-0.4 0.775 -1.25719 0.70663 0 0 255
-0.375 0.775 -1.23255 0.731115 0 0 255
-0.35 0.775 -1.20377 0.760357 0 0 255
-0.325 0.775 -1.17028 0.795253 0 0 255
-0.3 0.775 -1.13162 0.83671 0 0 255
-0.275 0.775 -1.08762 0.885468 0 0 255
-0.25 0.775 -1.03874 0.941785 0 0 255
-0.225 0.775 -0.986403 1.00493 0 0 255
-0.2 0.775 -0.933339 1.07262 0 0 255
-0.175 0.775 -0.883506 1.14064 0 0 255
-0.15 0.775 -0.841118 1.20336 0 0 255
-0.125 0.775 -0.808897 1.25518 0 0 255
-0.1 0.775 -0.787356 1.29152 0 0 255
-0.075 0.775 -0.649185 1.159 0 0 255
-0.05 0.775 -0.476194 1.17473 0 0 255
-0.025 0.775 -0.303417 1.1931 0 0 255
0 0.775 -0.130759 1.21176 0 0 255
0.025 0.775 0.0418986 1.23046 0 0 255
0.05 0.775 0.214677 1.24945 0 0 255
0.075 0.775 0.387668 1.27107 0 0 255
0.1 0.775 0.525871 1.44059 0 0 255
0.125 0.775 0.551462 1.40834 0 0 255
0.15 0.775 0.589989 1.36286 0 0 255
0.175 0.775 0.640628 1.30845 0 0 255
0.2 0.775 0.699949 1.24996 0 0 255
0.225 0.775 0.762866 1.19215 0 0 255
0.25 0.775 0.824693 1.1385 0 0 255
0.275 0.775 0.88224 1.09086 0 0 255
0.3 0.775 0.933881 1.04975 0 0 255
0.325 0.775 0.979148 1.0149 0 0 255
0.35 0.775 1.01827 0.985624 0 0 255
0.375 0.775 1.05182 0.96114 0 0 255
0.4 0.775 1.08048 0.940673 0 0 255
0.425 0.775 1.10496 0.923531 0 0 255
0.45 0.775 1.12589 0.909126 0 0 255
0.475 0.775 1.14384 0.896967 0 0 255
0.5 0.775 1.15927 0.886656 0 0 255
-0.5 0.75 -1.34991 0.61885 0 0 255
-0.475 0.75 -1.33899 0.62862 0 0 255
-0.45 0.75 -1.32618 0.64024 0 0 255
-0.425 0.75 -1.31106 0.654152 0 0 255
-0.4 0.75 -1.29313 0.670921 0 0 255
-0.375 0.75 -1.27178 0.69126 0 0 255
-0.35 0.75 -1.24628 0.716065 0 0 255
-0.325 0.75 -1.21581 0.746437 0 0 255
-0.3 0.75 -1.17947 0.783667 0 0 255
-0.275 0.75 -1.1365 0.829152 0 0 255
-0.25 0.75 -1.08654 0.884118 0 0 255
-0.225 0.75 -1.03021 0.949061 0 0 255
-0.2 0.75 -0.969853 1.02278 0 0 255
-0.175 0.75 -0.910132 1.10125 0 0 255
-0.15 0.75 -0.857273 1.17737 0 0 255
-0.125 0.75 -0.816141 1.24296 0 0 255
-0.1 0.75 -0.787356 1.29152 0 0 255
-0.075 0.75 -0.649185 1.159 0 0 255
-0.05 0.75 -0.476194 1.17473 0 0 255
-0.025 0.75 -0.303417 1.1931 0 0 255
0 0.75 -0.130759 1.21176 0 0 255
0.025 0.75 0.0418986 1.23046 0 0 255
0.05 0.75 0.214677 1.24945 0 0 255
0.075 0.75 0.387668 1.27107 0 0 255
0.1 0.75 0.525871 1.44059 0 0 255
0.125 0.75 0.560068 1.39749 0 0 255
0.15 0.75 0.609306 1.34006 0 0 255
0.175 0.75 0.672437 1.27427 0 0 255
0.2 0.75 0.743415 1.20709 0 0 255
0.225 0.75 0.8148 1.14443 0 0 255
0.25 0.75 0.881154 1.08952 0 0 255
0.275 0.75 0.939788 1.04322 0 0 255
0.3 0.75 0.990059 1.00503 0 0 255
0.325 0.75 1.03245 0.973852 0 0 255
0.35 0.75 1.06792 0.948468 0 0 255
0.375 0.75 1.09754 0.927771 0 0 255
0.4 0.75 1.12229 0.910824 0 0 255
0.425 0.75 1.14304 0.896869 0 0 255
0.45 0.75 1.16051 0.885302 0 0 255
0.475 0.75 1.1753 0.87565 0 0 255
0.5 0.75 1.18788 0.86754 0 0 255
-0.5 0.725 -1.37255 0.598581 0 0 255
-0.475 0.725 -1.36409 0.60586 0 0 255
-0.45 0.725 -1.35406 0.614584 0 0 255
-0.425 0.725 -1.34208 0.62513 0 0 255
-0.4 0.725 -1.32769 0.637993 0 0 255
-0.375 0.725 -1.31025 0.65383 0 0 255
-0.35 0.725 -1.28898 0.673511 0 0 255
-0.325 0.725 -1.26289 0.698191 0 0 255
-0.3 0.725 -1.23077 0.729373 0 0 255
-0.275 0.725 -1.19121 0.76896 0 0 255
-0.25 0.725 -1.14288 0.819174 0 0 255
-0.225 0.725 -1.08497 0.882164 0 0 255
-0.2 0.725 -1.01845 0.958919 0 0 255
-0.175 0.725 -0.947674 1.04718 0 0 255
-0.15 0.725 -0.881156 1.13928 0 0 255
-0.125 0.725 -0.827637 1.22357 0 0 255
-0.1 0.725 -0.787356 1.29152 0 0 255
-0.075 0.725 -0.649185 1.159 0 0 255
-0.05 0.725 -0.476194 1.17473 0 0 255
-0.025 0.725 -0.303417 1.1931 0 0 255
0 0.725 -0.130759 1.21176 0 0 255
0.025 0.725 0.0418986 1.23046 0 0 255
0.05 0.725 0.214677 1.24945 0 0 255
0.075 0.725 0.387668 1.27107 0 0 255
0.1 0.725 0.525871 1.44059 0 0 255
0.125 0.725 0.573726 1.38028 0 0 255
0.15 0.725 0.637895 1.30672 0 0 255
0.175 0.725 0.717273 1.22754 0 0 255
0.2 0.725 0.801178 1.15243 0 0 255
0.225 0.725 0.879581 1.08757 0 0 255
0.25 0.725 0.947507 1.0346 0 0 255
0.275 0.725 1.00399 0.992526 0 0 255
0.3 0.725 1.05007 0.959447 0 0 255
0.325 0.725 1.08739 0.933446 0 0 255
0.35 0.725 1.11762 0.912902 0 0 255
0.375 0.725 1.14222 0.89654 0 0 255
0.4 0.725 1.16235 0.883388 0 0 255
0.425 0.725 1.17895 0.872716 0 0 255
0.45 0.725 1.19273 0.863972 0 0 255
0.475 0.725 1.20426 0.856744 0 0 255
0.5 0.725 1.21398 0.850715 0 0 255
-0.5 0.7 -1.3926 0.581338 0 0 255
-0.475 0.7 -1.38648 0.586384 0 0 255
-0.45 0.7 -1.37917 0.592466 0 0 255
-0.425 0.7 -1.37036 0.599871 0 0 255
-0.4 0.7 -1.35962 0.608988 0 0 255
-0.375 0.7 -1.34643 0.620348 0 0 255
-0.35 0.7 -1.33003 0.634684 0 0 255
-0.325 0.7 -1.30943 0.653026 0 0 255
-0.3 0.7 -1.28327 0.676825 0 0 255
-0.275 0.7 -1.24977 0.708128 0 0 255
-0.25 0.7 -1.20668 0.749763 0 0 255
-0.225 0.7 -1.15149 0.80541 0 0 255
-0.2 0.7 -1.08249 0.879065 0 0 255
-0.175 0.7 -1.00143 0.97276 0 0 255
-0.15 0.7 -0.917899 1.08141 0 0 255
-0.125 0.7 -0.847499 1.19006 0 0 255
-0.1 0.7 -0.787356 1.29152 0 0 255
-0.075 0.7 -0.649185 1.159 0 0 255
-0.05 0.7 -0.476194 1.17473 0 0 255
-0.025 0.7 -0.303417 1.1931 0 0 255
0 0.7 -0.130759 1.21176 0 0 255
0.025 0.7 0.0418986 1.23046 0 0 255
0.05 0.7 0.214677 1.24945 0 0 255
0.075 0.7 0.387668 1.27107 0 0 255
0.1 0.7 0.525871 1.44059 0 0 255
0.125 0.7 0.597322 1.35055 0 0 255
0.15 0.7 0.681951 1.25622 0 0 255
0.175 0.7 0.78142 1.16355 0 0 255
0.2 0.7 0.877087 1.08448 0 0 255
0.225 0.7 0.957985 1.02271 0 0 255
0.25 0.7 1.02236 0.97623 0 0 255
0.275 0.7 1.07243 0.941556 0 0 255
0.3 0.7 1.11123 0.915538 0 0 255
0.325 0.7 1.14144 0.895787 0 0 255
0.35 0.7 1.1652 0.880581 0 0 255
0.375 0.7 1.18407 0.868705 0 0 255
0.4 0.7 1.19923 0.859302 0 0 255
0.425 0.7 1.21154 0.851758 0 0 255
0.45 0.7 1.22164 0.845633 0 0 255
0.475 0.7 1.23001 0.840605 0 0 255
0.5 0.7 1.23701 0.836434 0 0 255
-0.5 0.675 -1.40964 0.567288 0 0 255
-0.475 0.675 -1.40563 0.570455 0 0 255
-0.45 0.675 -1.40081 0.574287 0 0 255
-0.425 0.675 -1.39495 0.578978 0 0 255
-0.4 0.675 -1.38773 0.584791 0 0 255
-0.375 0.675 -1.37875 0.592097 0 0 255
-0.35 0.675 -1.36739 0.601423 0 0 255
-0.325 0.675 -1.35282 0.613538 0 0 255
-0.3 0.675 -1.33382 0.629585 0 0 255
-0.275 0.675 -1.30859 0.651305 0 0 255
-0.25 0.675 -1.27449 0.681385 0 0 255
-0.225 0.675 -1.22777 0.723996 0 0 255
-0.2 0.675 -1.16355 0.78537 0 0 255
-0.175 0.675 -1.07788 0.873317 0 0 255
-0.15 0.675 -0.976306 0.991269 0 0 255
-0.125 0.675 -0.886627 1.12406 0 0 255
-0.1 0.675 -0.787356 1.29152 255 0 0
-0.075 0.675 -0.649185 1.159 255 0 0
-0.05 0.675 -0.476194 1.17473 255 0 0
-0.025 0.675 -0.303417 1.1931 255 0 0
0 0.675 -0.130759 1.21176 255 0 0
0.025 0.675 0.0418986 1.23046 255 0 0
0.05 0.675 0.214677 1.24945 255 0 0
0.075 0.675 0.387668 1.27107 255 0 0
0.1 0.675 0.525871 1.44059 255 0 0
0.125 0.675 0.643806 1.29197 0 0 255
0.15 0.675 0.752163 1.17796 0 0 255
0.175 0.675 0.87246 1.07874 0 0 255
0.2 0.675 0.972753 1.0054 0 0 255
0.225 0.675 1.0474 0.954429 0 0 255
0.25 0.675 1.10146 0.919122 0 0 255
0.275 0.675 1.14076 0.894232 0 0 255
0.3 0.675 1.16978 0.876275 0 0 255
0.325 0.675 1.19158 0.863014 0 0 255
0.35 0.675 1.20827 0.853007 0 0 255
0.375 0.675 1.22125 0.845304 0 0 255
0.4 0.675 1.23152 0.839271 0 0 255
0.425 0.675 1.23975 0.834471 0 0 255
0.45 0.675 1.24644 0.830598 0 0 255
0.475 0.675 1.25193 0.827434 0 0 255
0.5 0.675 1.25649 0.824819 0 0 255
-0.5 0.65 -1.42335 0.556449 0 0 255
-0.475 0.65 -1.42112 0.558144 0 0 255
-0.45 0.65 -1.41842 0.560202 0 0 255
-0.425 0.65 -1.4151 0.562732 0 0 255
-0.4 0.65 -1.41099 0.565883 0 0 255
-0.375 0.65 -1.40581 0.56987 0 0 255
-0.35 0.65 -1.39916 0.575006 0 0 255
-0.325 0.65 -1.39046 0.581757 0 0 255
-0.3 0.65 -1.37883 0.590844 0 0 255
-0.275 0.65 -1.36286 0.603418 0 0 255
-0.25 0.65 -1.34028 0.621388 0 0 255
-0.225 0.65 -1.30723 0.648049 0 0 255
-0.2 0.65 -1.25715 0.689281 0 0 255
-0.175 0.65 -1.17945 0.755364 0 0 255
-0.15 0.65 -1.06598 0.858482 0 0 255
-0.125 0.65 -0.985898 0.956587 255 0 0
-0.1 0.65 -0.803567 0.963887 255 0 0
-0.075 0.65 -0.630385 0.982066 255 0 0
-0.05 0.65 -0.457497 1.00062 255 0 0
-0.025 0.65 -0.284756 1.01928 255 0 0
0 0.65 -0.11208 1.03796 255 0 0
0.025 0.65 0.0605968 1.05664 255 0 0
0.05 0.65 0.233339 1.07534 255 0 0
0.075 0.65 0.406227 1.09414 255 0 0
0.1 0.65 0.579411 1.11332 255 0 0
0.125 0.65 0.76174 1.14335 255 0 0
0.15 0.65 0.86052 1.06394 0 0 255
0.175 0.65 0.992757 0.979527 0 0 255
0.2 0.65 1.08233 0.925265 0 0 255
0.225 0.65 1.13978 0.891357 0 0 255
0.25 0.65 1.17757 0.86941 0 0 255
0.275 0.65 1.20334 0.854608 0 0 255
0.3 0.65 1.22153 0.844245 0 0 255
0.325 0.65 1.23476 0.836753 0 0 255
0.35 0.65 1.24465 0.831184 0 0 255
0.375 0.65 1.2522 0.826948 0 0 255
0.4 0.65 1.25809 0.823657 0 0 255
0.425 0.65 1.26276 0.821057 0 0 255
0.45 0.65 1.26651 0.818969 0 0 255
0.475 0.65 1.26958 0.817269 0 0 255
0.5 0.65 1.27211 0.81587 0 0 255
-0.5 0.625 -1.43349 0.548739 0 0 255
-0.475 0.625 -1.43262 0.54938 0 0 255
-0.45 0.625 -1.43156 0.550162 0 0 255
-0.425 0.625 -1.43025 0.551128 0 0 255
-0.4 0.625 -1.4286 0.552339 0 0 255
-0.375 0.625 -1.4265 0.553886 0 0 255
-0.35 0.625 -1.42377 0.555901 0 0 255
-0.325 0.625 -1.42011 0.558594 0 0 255
-0.3 0.625 -1.41508 0.562297 0 0 255
-0.275 0.625 -1.40791 0.56758 0 0 255
-0.25 0.625 -1.39719 0.57547 0 0 255
-0.225 0.625 -1.38018 0.587993 0 0 255
-0.2 0.625 -1.3508 0.609627 0 0 255
-0.175 0.625 -1.29292 0.652247 0 0 255
-0.15 0.625 -1.14607 0.760377 255 0 0
-0.125 0.625 -0.958415 0.771444 255 0 0
-0.1 0.625 -0.784881 0.790003 255 0 0
-0.075 0.625 -0.611759 0.808617 255 0 0
-0.05 0.625 -0.438871 0.827272 255 0 0
-0.025 0.625 -0.266111 0.84598 255 0 0
0 0.625 -0.0933999 0.86468 255 0 0
0.025 0.625 0.0793112 0.883338 255 0 0
0.05 0.625 0.252072 0.901989 255 0 0
0.075 0.625 0.42496 0.920694 255 0 0
0.1 0.625 0.598084 0.939439 255 0 0
0.125 0.625 0.771619 0.95824 255 0 0
0.15 0.625 0.959301 0.984538 255 0 0
0.175 0.625 1.12499 0.89511 0 0 255
0.2 0.625 1.1903 0.859861 0 0 255
0.225 0.625 1.22345 0.841969 0 0 255
0.25 0.625 1.24264 0.831612 0 0 255
0.275 0.625 1.25473 0.825086 0 0 255
0.3 0.625 1.26283 0.820717 0 0 255
0.325 0.625 1.2685 0.817654 0 0 255
0.35 0.625 1.27263 0.815428 0 0 255
0.375 0.625 1.27572 0.81376 0 0 255
0.4 0.625 1.27809 0.812481 0 0 255
0.425 0.625 1.27994 0.811479 0 0 255
0.45 0.625 1.28142 0.810681 0 0 255
0.475 0.625 1.28262 0.810034 0 0 255
0.5 0.625 1.2836 0.809504 0 0 255
-0.5 0.6 -1.43977 0.544116 0 0 255
-0.475 0.6 -1.43977 0.544116 0 0 255
-0.45 0.6 -1.43977 0.544116 0 0 255
-0.425 0.6 -1.43977 0.544116 0 0 255
-0.4 0.6 -1.43977 0.544116 0 0 255
-0.375 0.6 -1.43977 0.544116 0 0 255
-0.35 0.6 -1.43977 0.544116 0 0 255
-0.325 0.6 -1.43977 0.544116 0 0 255
-0.3 0.6 -1.43977 0.544116 0 0 255
-0.275 0.6 -1.43977 0.544116 0 0 255
-0.25 0.6 -1.43977 0.544116 0 0 255
-0.225 0.6 -1.43977 0.544116 0 0 255
-0.2 0.6 -1.43977 0.544116 0 0 255
-0.175 0.6 -1.43977 0.544116 255 0 0
-0.15 0.6 -1.11344 0.579574 255 0 0
-0.125 0.6 -0.939524 0.598105 255 0 0
-0.1 0.6 -0.766206 0.616764 255 0 0
-0.075 0.6 -0.593156 0.635471 255 0 0
-0.05 0.6 -0.420294 0.654236 255 0 0
-0.025 0.6 -0.247503 0.673013 255 0 0
0 0.6 -0.07472 0.691735 255 0 0
0.025 0.6 0.0980628 0.710373 255 0 0
0.05 0.6 0.270855 0.728955 255 0 0
0.075 0.6 0.443717 0.747549 255 0 0
0.1 0.6 0.616768 0.766202 255 0 0
0.125 0.6 0.790088 0.784903 255 0 0
0.15 0.6 0.96401 0.803732 255 0 0
0.175 0.6 1.29069 0.805681 255 0 0
0.2 0.6 1.29069 0.805681 0 0 255
0.225 0.6 1.29069 0.805681 0 0 255
0.25 0.6 1.29069 0.805681 0 0 255
0.275 0.6 1.29069 0.805681 0 0 255
0.3 0.6 1.29069 0.805681 0 0 255
0.325 0.6 1.29069 0.805681 0 0 255
0.35 0.6 1.29069 0.805681 0 0 255
0.375 0.6 1.29069 0.805681 0 0 255
0.4 0.6 1.29069 0.805681 0 0 255
0.425 0.6 1.29069 0.805681 0 0 255
0.45 0.6 1.29069 0.805681 0 0 255
0.475 0.6 1.29069 0.805681 0 0 255
0.5 0.6 1.29069 0.805681 0 0 255
-0.5 0.575 -1.27118 0.38798 0 0 255
-0.475 0.575 -1.27118 0.38798 0 0 255
-0.45 0.575 -1.27118 0.38798 0 0 255
-0.425 0.575 -1.27118 0.38798 0 0 255
-0.4 0.575 -1.27118 0.38798 0 0 255
-0.375 0.575 -1.27118 0.38798 0 0 255
-0.35 0.575 -1.27118 0.38798 0 0 255
-0.325 0.575 -1.27118 0.38798 0 0 255
-0.3 0.575 -1.27118 0.38798 0 0 255
-0.275 0.575 -1.27118 0.38798 0 0 255
-0.25 0.575 -1.27118 0.38798 0 0 255
-0.225 0.575 -1.27118 0.38798 0 0 255
-0.2 0.575 -1.27118 0.38798 0 0 255
-0.175 0.575 -1.27118 0.38798 255 0 0
-0.15 0.575 -1.09425 0.406398 255 0 0
-0.125 0.575 -0.920756 0.425064 255 0 0
-0.1 0.575 -0.747555 0.44378 255 0 0
-0.075 0.575 -0.574609 0.462574 255 0 0
-0.05 0.575 -0.40177 0.481409 255 0 0
-0.025 0.575 -0.228922 0.500218 255 0 0
0 0.575 -0.0560401 0.518949 255 0 0
0.025 0.575 0.116842 0.537578 255 0 0
0.05 0.575 0.28969 0.556128 255 0 0
0.075 0.575 0.46253 0.574653 255 0 0
0.1 0.575 0.635477 0.593219 255 0 0
0.125 0.575 0.808679 0.611863 255 0 0
0.15 0.575 0.982173 0.630556 255 0 0
0.175 0.575 1.15912 0.649497 255 0 0
0.2 0.575 1.15912 0.649497 0 0 255
0.225 0.575 1.15912 0.649497 0 0 255
0.25 0.575 1.15912 0.649497 0 0 255
0.275 0.575 1.15912 0.649497 0 0 255
0.3 0.575 1.15912 0.649497 0 0 255
0.325 0.575 1.15912 0.649497 0 0 255
0.35 0.575 1.15912 0.649497 0 0 255
0.375 0.575 1.15912 0.649497 0 0 255
0.4 0.575 1.15912 0.649497 0 0 255
0.425 0.575 1.15912 0.649497 0 0 255
0.45 0.575 1.15912 0.649497 0 0 255
0.475 0.575 1.15912 0.649497 0 0 255
0.5 0.575 1.15912 0.649497 0 0 255
-0.5 0.55 -1.24959 0.214917 0 0 255
-0.475 0.55 -1.24959 0.214917 0 0 255
-0.45 0.55 -1.24959 0.214917 0 0 255
-0.425 0.55 -1.24959 0.214917 0 0 255
-0.4 0.55 -1.24959 0.214917 0 0 255
-0.375 0.55 -1.24959 0.214917 0 0 255
-0.35 0.55 -1.24959 0.214917 0 0 255
-0.325 0.55 -1.24959 0.214917 0 0 255
-0.3 0.55 -1.24959 0.214917 0 0 255
-0.275 0.55 -1.24959 0.214917 0 0 255
-0.25 0.55 -1.24959 0.214917 0 0 255
-0.225 0.55 -1.24959 0.214917 0 0 255
-0.2 0.55 -1.24959 0.214917 0 0 255
-0.175 0.55 -1.24959 0.214917 255 0 0
-0.15 0.55 -1.07543 0.233529 255 0 0
-0.125 0.55 -0.902042 0.252214 255 0 0
-0.1 0.55 -0.728961 0.27096 255 0 0
-0.075 0.55 -0.556094 0.28977 255 0 0
-0.05 0.55 -0.383253 0.308599 255 0 0
-0.025 0.55 -0.210341 0.327395 255 0 0
0 0.55 -0.0373601 0.346119 255 0 0
0.025 0.55 0.135621 0.364755 255 0 0
0.05 0.55 0.308534 0.383319 255 0 0
0.075 0.55 0.481374 0.40185 255 0 0
0.1 0.55 0.654243 0.420399 255 0 0
0.125 0.55 0.827324 0.439014 255 0 0
0.15 0.55 1.00072 0.457688 255 0 0
0.175 0.55 1.17487 0.476435 255 0 0
0.2 0.55 1.17487 0.476435 0 0 255
0.225 0.55 1.17487 0.476435 0 0 255
0.25 0.55 1.17487 0.476435 0 0 255
0.275 0.55 1.17487 0.476435 0 0 255
0.3 0.55 1.17487 0.476435 0 0 255
0.325 0.55 1.17487 0.476435 0 0 255
0.35 0.55 1.17487 0.476435 0 0 255
0.375 0.55 1.17487 0.476435 0 0 255
0.4 0.55 1.17487 0.476435 0 0 255
0.425 0.55 1.17487 0.476435 0 0 255
0.45 0.55 1.17487 0.476435 0 0 255
0.475 0.55 1.17487 0.476435 0 0 255
0.5 0.55 1.17487 0.476435 0 0 255
-0.5 0.525 -1.23059 0.0421428 0 0 255
-0.475 0.525 -1.23059 0.0421428 0 0 255
-0.45 0.525 -1.23059 0.0421428 0 0 255
-0.425 0.525 -1.23059 0.0421428 0 0 255
-0.4 0.525 -1.23059 0.0421428 0 0 255
-0.375 0.525 -1.23059 0.0421428 0 0 255
-0.35 0.525 -1.23059 0.0421428 0 0 255
-0.325 0.525 -1.23059 0.0421428 0 0 255
-0.3 0.525 -1.23059 0.0421428 0 0 255
-0.275 0.525 -1.23059 0.0421428 0 0 255
-0.25 0.525 -1.23059 0.0421428 0 0 255
-0.225 0.525 -1.23059 0.0421428 0 0 255
-0.2 0.525 -1.23059 0.0421428 0 0 255
-0.175 0.525 -1.23059 0.0421428 255 0 0
-0.15 0.525 -1.05672 0.0608004 255 0 0
-0.125 0.525 -0.883384 0.0794751 255 0 0
-0.1 0.525 -0.710376 0.0981921 255 0 0
-0.075 0.525 -0.537546 0.116945 255 0 0
-0.05 0.525 -0.364696 0.135707 255 0 0
-0.025 0.525 -0.191734 0.15445 255 0 0
0 0.525 -0.01868 0.173154 255 0 0
0.025 0.525 0.154374 0.19181 255 0 0
0.05 0.525 0.327336 0.210427 255 0 0
0.075 0.525 0.500187 0.229025 255 0 0
0.1 0.525 0.673017 0.247632 255 0 0
0.125 0.525 0.846025 0.266275 255 0 0
0.15 0.525 1.01936 0.284959 255 0 0
0.175 0.525 1.19323 0.303661 255 0 0
0.2 0.525 1.19323 0.303661 0 0 255
0.225 0.525 1.19323 0.303661 0 0 255
0.25 0.525 1.19323 0.303661 0 0 255
0.275 0.525 1.19323 0.303661 0 0 255
0.3 0.525 1.19323 0.303661 0 0 255
0.325 0.525 1.19323 0.303661 0 0 255
0.35 0.525 1.19323 0.303661 0 0 255
0.375 0.525 1.19323 0.303661 0 0 255
0.4 0.525 1.19323 0.303661 0 0 255
0.425 0.525 1.19323 0.303661 0 0 255
0.45 0.525 1.19323 0.303661 0 0 255
0.475 0.525 1.19323 0.303661 0 0 255
0.5 0.525 1.19323 0.303661 0 0 255
-0.5 0.5 -1.21188 -0.130512 0 0 255
-0.475 0.5 -1.21188 -0.130512 0 0 255
-0.45 0.5 -1.21188 -0.130512 0 0 255
-0.425 0.5 -1.21188 -0.130512 0 0 255
-0.4 0.5 -1.21188 -0.130512 0 0 255
-0.375 0.5 -1.21188 -0.130512 0 0 255
-0.35 0.5 -1.21188 -0.130512 0 0 255
-0.325 0.5 -1.21188 -0.130512 0 0 255
-0.3 0.5 -1.21188 -0.130512 0 0 255
-0.275 0.5 -1.21188 -0.130512 0 0 255
-0.25 0.5 -1.21188 -0.130512 0 0 255
-0.225 0.5 -1.21188 -0.130512 0 0 255
-0.2 0.5 -1.21188 -0.130512 0 0 255
-0.175 0.5 -1.21188 -0.130512 255 0 0
-0.15 0.5 -1.03804 -0.111869 255 0 0
-0.125 0.5 -0.864717 -0.0932254 255 0 0
-0.1 0.5 -0.691732 -0.0745782 255 0 0
-0.075 0.5 -0.518913 -0.0559249 255 0 0
-0.05 0.5 -0.346059 -0.0372643 255 0 0
-0.025 0.5 -0.173079 -0.018596 255 0 0
0 0.5 5.88438e-09 8.01268e-05 255 0 0
0.025 0.5 0.173079 0.0187641 255 0 0
0.05 0.5 0.346059 0.0374559 255 0 0
0.075 0.5 0.518913 0.0561552 255 0 0
0.1 0.5 0.691732 0.0748617 255 0 0
0.125 0.5 0.864717 0.0935742 255 0 0
0.15 0.5 1.03804 0.11229 255 0 0
0.175 0.5 1.21188 0.131006 255 0 0
0.2 0.5 1.21188 0.131006 0 0 255
0.225 0.5 1.21188 0.131006 0 0 255
0.25 0.5 1.21188 0.131006 0 0 255
0.275 0.5 1.21188 0.131006 0 0 255
0.3 0.5 1.21188 0.131006 0 0 255
0.325 0.5 1.21188 0.131006 0 0 255
0.35 0.5 1.21188 0.131006 0 0 255
0.375 0.5 1.21188 0.131006 0 0 255
0.4 0.5 1.21188 0.131006 0 0 255
0.425 0.5 1.21188 0.131006 0 0 255
0.45 0.5 1.21188 0.131006 0 0 255
0.475 0.5 1.21188 0.131006 0 0 255
0.5 0.5 1.21188 0.131006 0 0 255
-0.5 0.475 -1.19321 -0.303171 0 0 255
-0.475 0.475 -1.19321 -0.303171 0 0 255
-0.45 0.475 -1.19321 -0.303171 0 0 255
-0.425 0.475 -1.19321 -0.303171 0 0 255
-0.4 0.475 -1.19321 -0.303171 0 0 255
-0.375 0.475 -1.19321 -0.303171 0 0 255
-0.35 0.475 -1.19321 -0.303171 0 0 255
-0.325 0.475 -1.19321 -0.303171 0 0 255
-0.3 0.475 -1.19321 -0.303171 0 0 255
-0.275 0.475 -1.19321 -0.303171 0 0 255
-0.25 0.475 -1.19321 -0.303171 0 0 255
-0.225 0.475 -1.19321 -0.303171 0 0 255
-0.2 0.475 -1.19321 -0.303171 0 0 255
-0.175 0.475 -1.19321 -0.303171 255 0 0
-0.15 0.475 -1.01935 -0.284546 255 0 0
-0.125 0.475 -0.846006 -0.265935 255 0 0
-0.1 0.475 -0.672999 -0.247359 255 0 0
-0.075 0.475 -0.500172 -0.228805 255 0 0
-0.05 0.475 -0.327326 -0.210245 255 0 0
-0.025 0.475 -0.154369 -0.191652 255 0 0
0 0.475 0.01868 -0.173004 255 0 0
0.025 0.475 0.191729 -0.154292 255 0 0
0.05 0.475 0.364686 -0.135525 255 0 0
0.075 0.475 0.537532 -0.116725 255 0 0
0.1 0.475 0.710359 -0.097919 255 0 0
0.125 0.475 0.883365 -0.0791354 255 0 0
0.15 0.475 1.05671 -0.0603871 255 0 0
0.175 0.475 1.23057 -0.0416537 255 0 0
0.2 0.475 1.23057 -0.0416537 0 0 255
0.225 0.475 1.23057 -0.0416537 0 0 255
0.25 0.475 1.23057 -0.0416537 0 0 255
0.275 0.475 1.23057 -0.0416537 0 0 255
0.3 0.475 1.23057 -0.0416537 0 0 255
0.325 0.475 1.23057 -0.0416537 0 0 255
0.35 0.475 1.23057 -0.0416537 0 0 255
0.375 0.475 1.23057 -0.0416537 0 0 255
0.4 0.475 1.23057 -0.0416537 0 0 255
0.425 0.475 1.23057 -0.0416537 0 0 255
0.45 0.475 1.23057 -0.0416537 0 0 255
0.475 0.475 1.23057 -0.0416537 0 0 255
0.5 0.475 1.23057 -0.0416537 0 0 255
-0.5 0.45 -1.17484 -0.475957 0 0 255
-0.475 0.45 -1.17484 -0.475957 0 0 255
-0.45 0.45 -1.17484 -0.475957 0 0 255
-0.425 0.45 -1.17484 -0.475957 0 0 255
-0.4 0.45 -1.17484 -0.475957 0 0 255
-0.375 0.45 -1.17484 -0.475957 0 0 255
-0.35 0.45 -1.17484 -0.475957 0 0 255
-0.325 0.45 -1.17484 -0.475957 0 0 255
-0.3 0.45 -1.17484 -0.475957 0 0 255
-0.275 0.45 -1.17484 -0.475957 0 0 255
-0.25 0.45 -1.17484 -0.475957 0 0 255
-0.225 0.45 -1.17484 -0.475957 0 0 255
-0.2 0.45 -1.17484 -0.475957 0 0 255
-0.175 0.45 -1.17484 -0.475957 255 0 0
-0.15 0.45 -1.00068 -0.457297 255 0 0
-0.125 0.45 -0.827287 -0.438703 255 0 0
-0.1 0.45 -0.654207 -0.420159 255 0 0
-0.075 0.45 -0.481346 -0.401663 255 0 0
-0.05 0.45 -0.308514 -0.383168 255 0 0
-0.025 0.45 -0.135611 -0.364627 255 0 0
0 0.45 0.0373601 -0.345998 255 0 0
0.025 0.45 0.210331 -0.327267 255 0 0
0.05 0.45 0.383234 -0.308449 255 0 0
0.075 0.45 0.556065 -0.289583 255 0 0
0.1 0.45 0.728926 -0.27072 255 0 0
0.125 0.45 0.902005 -0.251904 255 0 0
0.15 0.45 1.0754 -0.233139 255 0 0
0.175 0.45 1.24956 -0.21444 255 0 0
0.2 0.45 1.24956 -0.21444 0 0 255
0.225 0.45 1.24956 -0.21444 0 0 255
0.25 0.45 1.24956 -0.21444 0 0 255
0.275 0.45 1.24956 -0.21444 0 0 255
0.3 0.45 1.24956 -0.21444 0 0 255
0.325 0.45 1.24956 -0.21444 0 0 255
0.35 0.45 1.24956 -0.21444 0 0 255
0.375 0.45 1.24956 -0.21444 0 0 255
0.4 0.45 1.24956 -0.21444 0 0 255
0.425 0.45 1.24956 -0.21444 0 0 255
0.45 0.45 1.24956 -0.21444 0 0 255
0.475 0.45 1.24956 -0.21444 0 0 255
0.5 0.45 1.24956 -0.21444 0 0 255
-0.5 0.425 -1.15918 -0.649008 0 0 255
-0.475 0.425 -1.15918 -0.649008 0 0 255
-0.45 0.425 -1.15918 -0.649008 0 0 255
-0.425 0.425 -1.15918 -0.649008 0 0 255
-0.4 0.425 -1.15918 -0.649008 0 0 255
-0.375 0.425 -1.15918 -0.649008 0 0 255
-0.35 0.425 -1.15918 -0.649008 0 0 255
-0.325 0.425 -1.15918 -0.649008 0 0 255
-0.3 0.425 -1.15918 -0.649008 0 0 255
-0.275 0.425 -1.15918 -0.649008 0 0 255
-0.25 0.425 -1.15918 -0.649008 0 0 255
-0.225 0.425 -1.15918 -0.649008 0 0 255
-0.2 0.425 -1.15918 -0.649008 0 0 255
-0.175 0.425 -1.15918 -0.649008 255 0 0
-0.15 0.425 -0.982129 -0.630207 255 0 0
-0.125 0.425 -0.808624 -0.611614 255 0 0
-0.1 0.425 -0.635424 -0.593045 255 0 0
-0.075 0.425 -0.46249 -0.574525 255 0 0
-0.05 0.425 -0.289663 -0.556031 255 0 0
-0.025 0.425 -0.116828 -0.537499 255 0 0
0 0.425 0.05604 -0.518876 255 0 0
0.025 0.425 0.228908 -0.50014 255 0 0
0.05 0.425 0.401743 -0.481311 255 0 0
0.075 0.425 0.574569 -0.462446 255 0 0
0.1 0.425 0.747502 -0.443606 255 0 0
0.125 0.425 0.920701 -0.424816 255 0 0
0.15 0.425 1.0942 -0.40605 255 0 0
0.175 0.425 1.27125 -0.387492 255 0 0
0.2 0.425 1.27125 -0.387492 0 0 255
0.225 0.425 1.27125 -0.387492 0 0 255
0.25 0.425 1.27125 -0.387492 0 0 255
0.275 0.425 1.27125 -0.387492 0 0 255
0.3 0.425 1.27125 -0.387492 0 0 255
0.325 0.425 1.27125 -0.387492 0 0 255
0.35 0.425 1.27125 -0.387492 0 0 255
0.375 0.425 1.27125 -0.387492 0 0 255
0.4 0.425 1.27125 -0.387492 0 0 255
0.425 0.425 1.27125 -0.387492 0 0 255
0.45 0.425 1.27125 -0.387492 0 0 255
0.475 0.425 1.27125 -0.387492 0 0 255
0.5 0.425 1.27125 -0.387492 0 0 255
-0.5 0.4 -1.29907 -0.805684 0 0 255
-0.475 0.4 -1.29907 -0.805684 0 0 255
-0.45 0.4 -1.29907 -0.805684 0 0 255
-0.425 0.4 -1.29907 -0.805684 0 0 255
-0.4 0.4 -1.29907 -0.805684 0 0 255
-0.375 0.4 -1.29907 -0.805684 0 0 255
-0.35 0.4 -1.29907 -0.805684 0 0 255
-0.325 0.4 -1.29907 -0.805684 0 0 255
-0.3 0.4 -1.29907 -0.805684 0 0 255
-0.275 0.4 -1.29907 -0.805684 0 0 255
-0.25 0.4 -1.29907 -0.805684 0 0 255
-0.225 0.4 -1.29907 -0.805684 0 0 255
-0.2 0.4 -1.29907 -0.805684 0 0 255
-0.175 0.4 -1.29907 -0.805684 255 0 0
-0.15 0.4 -0.963971 -0.803405 255 0 0
-0.125 0.4 -0.790012 -0.784784 255 0 0
-0.1 0.4 -0.6167 -0.766142 255 0 0
-0.075 0.4 -0.44367 -0.747508 255 0 0
-0.05 0.4 -0.270825 -0.728932 255 0 0
-0.025 0.4 -0.0980484 -0.710362 255 0 0
0 0.4 0.0747199 -0.691729 255 0 0
0.025 0.4 0.247488 -0.673003 255 0 0
0.05 0.4 0.420264 -0.654213 255 0 0
0.075 0.4 0.593109 -0.63543 255 0 0
0.1 0.4 0.766138 -0.616704 255 0 0
0.125 0.4 0.939449 -0.597987 255 0 0
0.15 0.4 1.11341 -0.57925 255 0 0
0.175 0.4 1.44819 -0.544162 255 0 0
0.2 0.4 1.44819 -0.544162 0 0 255
0.225 0.4 1.44819 -0.544162 0 0 255
0.25 0.4 1.44819 -0.544162 0 0 255
0.275 0.4 1.44819 -0.544162 0 0 255
0.3 0.4 1.44819 -0.544162 0 0 255
0.325 0.4 1.44819 -0.544162 0 0 255
0.35 0.4 1.44819 -0.544162 0 0 255
0.375 0.4 1.44819 -0.544162 0 0 255
0.4 0.4 1.44819 -0.544162 0 0 255
0.425 0.4 1.44819 -0.544162 0 0 255
0.45 0.4 1.44819 -0.544162 0 0 255
0.475 0.4 1.44819 -0.544162 0 0 255
0.5 0.4 1.44819 -0.544162 0 0 255
-0.5 0.375 -1.29183 -0.809508 0 0 255
-0.475 0.375 -1.29083 -0.810038 0 0 255
-0.45 0.375 -1.2896 -0.810685 0 0 255
-0.425 0.375 -1.28809 -0.811483 0 0 255
-0.4 0.375 -1.28619 -0.812485 0 0 255
-0.375 0.375 -1.28377 -0.813765 0 0 255
-0.35 0.375 -1.28061 -0.815432 0 0 255
-0.325 0.375 -1.2764 -0.817659 0 0 255
-0.3 0.375 -1.2706 -0.820723 0 0 255
-0.275 0.375 -1.26233 -0.825093 0 0 255
-0.25 0.375 -1.24997 -0.831619 0 0 255
-0.225 0.375 -1.23037 -0.841978 0 0 255
-0.2 0.375 -1.19649 -0.859873 0 0 255
-0.175 0.375 -1.12976 -0.895127 0 0 255
-0.15 0.375 -0.960452 -0.984571 255 0 0
-0.125 0.375 -0.771486 -0.958456 255 0 0
-0.1 0.375 -0.598009 -0.939534 255 0 0
-0.075 0.375 -0.42492 -0.920763 255 0 0
-0.05 0.375 -0.252047 -0.902057 255 0 0
-0.025 0.375 -0.0792994 -0.88341 255 0 0
0 0.375 0.0933997 -0.864754 255 0 0
0.025 0.375 0.266099 -0.846051 255 0 0
0.05 0.375 0.438846 -0.827338 255 0 0
0.075 0.375 0.611718 -0.808685 255 0 0
0.1 0.375 0.784806 -0.790097 255 0 0
0.125 0.375 0.958281 -0.77166 255 0 0
0.15 0.375 1.14724 -0.760441 255 0 0
0.175 0.375 1.29771 -0.652302 0 0 255
0.2 0.375 1.35702 -0.609678 0 0 255
0.225 0.375 1.38713 -0.588043 0 0 255
0.25 0.375 1.40456 -0.575519 0 0 255
0.275 0.375 1.41554 -0.567628 0 0 255
0.3 0.375 1.42289 -0.562345 0 0 255
0.325 0.375 1.42804 -0.558641 0 0 255
0.35 0.375 1.43179 -0.555948 0 0 255
0.375 0.375 1.43459 -0.553932 0 0 255
0.4 0.375 1.43675 -0.552386 0 0 255
0.425 0.375 1.43843 -0.551174 0 0 255
0.45 0.375 1.43978 -0.550208 0 0 255
0.475 0.375 1.44086 -0.549427 0 0 255
0.5 0.375 1.44176 -0.548785 0 0 255
-0.5 0.35 -1.28008 -0.815894 0 0 255
-0.475 0.35 -1.2775 -0.817299 0 0 255
-0.45 0.35 -1.27437 -0.819004 0 0 255
-0.425 0.35 -1.27053 -0.8211 0 0 255
-0.4 0.35 -1.26576 -0.823712 0 0 255
-0.375 0.35 -1.25975 -0.827016 0 0 255
-0.35 0.35 -1.25203 -0.831274 0 0 255
-0.325 0.35 -1.24193 -0.836872 0 0 255
-0.3 0.35 -1.22841 -0.84441 0 0 255
-0.275 0.35 -1.20983 -0.854843 0 0 255
-0.25 0.35 -1.1835 -0.86976 0 0 255
-0.225 0.35 -1.14491 -0.891905 0 0 255
-0.2 0.35 -1.08624 -0.926183 0 0 255
-0.175 0.35 -0.994763 -0.981196 0 0 255
-0.15 0.35 -0.859766 -1.06727 0 0 255
-0.125 0.35 -0.759079 -1.14996 255 0 0
-0.1 0.35 -0.579414 -1.11353 255 0 0
-0.075 0.35 -0.406221 -1.09431 255 0 0
-0.05 0.35 -0.23333 -1.0755 255 0 0
-0.025 0.35 -0.0605908 -1.05679 255 0 0
0 0.35 0.112079 -1.03812 255 0 0
0.025 0.35 0.28475 -1.01943 255 0 0
0.05 0.35 0.457488 -1.00078 255 0 0
0.075 0.35 0.630378 -0.982235 255 0 0
0.1 0.35 0.80357 -0.964094 255 0 0
0.125 0.35 0.983211 -0.963166 255 0 0
0.15 0.35 1.06523 -0.861803 0 0 255
0.175 0.35 1.18147 -0.757053 0 0 255
0.2 0.35 1.26107 -0.690227 0 0 255
0.225 0.35 1.31239 -0.64863 0 0 255
0.25 0.35 1.34625 -0.621773 0 0 255
0.275 0.35 1.36939 -0.603691 0 0 255
0.3 0.35 1.38574 -0.591048 0 0 255
0.325 0.35 1.39766 -0.581917 0 0 255
0.35 0.35 1.40657 -0.575136 0 0 255
0.375 0.35 1.41339 -0.56998 0 0 255
0.4 0.35 1.4187 -0.565979 0 0 255
0.425 0.35 1.42291 -0.562817 0 0 255
0.45 0.35 1.42631 -0.56028 0 0 255
0.475 0.35 1.42908 -0.558216 0 0 255
0.5 0.35 1.43136 -0.556516 0 0 255
-0.5 0.325 -1.26416 -0.824898 0 0 255
-0.475 0.325 -1.25951 -0.827528 0 0 255
-0.45 0.325 -1.25391 -0.830713 0 0 255
-0.425 0.325 -1.24709 -0.834612 0 0 255
-0.4 0.325 -1.23871 -0.839447 0 0 255
-0.375 0.325 -1.22825 -0.845527 0 0 255
-0.35 0.325 -1.21504 -0.853294 0 0 255
-0.325 0.325 -1.19807 -0.863392 0 0 255
-0.3 0.325 -1.17592 -0.876784 0 0 255
-0.275 0.325 -1.1465 -0.894934 0 0 255
-0.25 0.325 -1.10672 -0.920116 0 0 255
-0.225 0.325 -1.05219 -0.955881 0 0 255
-0.2 0.325 -0.977254 -1.00758 0 0 255
-0.175 0.325 -0.877508 -1.08208 0 0 255
-0.15 0.325 -0.760254 -1.18297 0 0 255
-0.125 0.325 -0.660743 -1.29867 0 0 255
-0.1 0.325 -0.562407 -1.44737 255 0 0
-0.075 0.325 -0.387804 -1.27136 255 0 0
-0.05 0.325 -0.214681 -1.24969 255 0 0
-0.025 0.325 -0.041898 -1.2307 255 0 0
0 0.325 0.130759 -1.21201 255 0 0
0.025 0.325 0.303416 -1.19335 255 0 0
0.05 0.325 0.476198 -1.17498 255 0 0
0.075 0.325 0.64932 -1.15929 255 0 0
0.1 0.325 0.824009 -1.29823 255 0 0
0.125 0.325 0.90361 -1.1307 0 0 255
0.15 0.325 0.984418 -0.996251 0 0 255
0.175 0.325 1.08294 -0.876652 0 0 255
0.2 0.325 1.16807 -0.787563 0 0 255
0.225 0.325 1.23257 -0.725469 0 0 255
0.25 0.325 1.27978 -0.682406 0 0 255
0.275 0.325 1.31435 -0.652037 0 0 255
0.3 0.325 1.34 -0.630128 0 0 255
0.325 0.325 1.35935 -0.613952 0 0 255
0.35 0.325 1.37419 -0.601748 0 0 255
0.375 0.325 1.38578 -0.592358 0 0 255
0.4 0.325 1.39495 -0.585006 0 0 255
0.425 0.325 1.40232 -0.579159 0 0 255
0.45 0.325 1.40831 -0.574442 0 0 255
0.475 0.325 1.41324 -0.57059 0 0 255
0.5 0.325 1.41734 -0.567407 0 0 255
-0.5 0.3 -1.24435 -0.836607 0 0 255
-0.475 0.3 -1.23724 -0.840812 0 0 255
-0.45 0.3 -1.22873 -0.845883 0 0 255
-0.425 0.3 -1.21848 -0.852064 0 0 255
-0.4 0.3 -1.20599 -0.859679 0 0 255
-0.375 0.3 -1.19064 -0.869177 0 0 255
-0.35 0.3 -1.17155 -0.881178 0 0 255
-0.325 0.3 -1.14756 -0.896555 0 0 255
-0.3 0.3 -1.11712 -0.916542 0 0 255
-0.275 0.3 -1.07816 -0.942888 0 0 255
-0.25 0.3 -1.02808 -0.978026 0 0 255
-0.225 0.3 -0.964087 -1.02515 0 0 255
-0.2 0.3 -0.884384 -1.08782 0 0 255
-0.175 0.3 -0.791514 -1.16806 0 0 255
-0.15 0.3 -0.697556 -1.26201 0 0 255
-0.125 0.3 -0.621984 -1.35728 0 0 255
-0.1 0.3 -0.562407 -1.44737 0 0 255
-0.075 0.3 -0.387804 -1.27136 0 0 255
-0.05 0.3 -0.214681 -1.24969 0 0 255
-0.025 0.3 -0.041898 -1.2307 0 0 255
0 0.3 0.130759 -1.21201 0 0 255
0.025 0.3 0.303416 -1.19335 0 0 255
0.05 0.3 0.476198 -1.17498 0 0 255
0.075 0.3 0.64932 -1.15929 0 0 255
0.1 0.3 0.824009 -1.29823 0 0 255
0.125 0.3 0.872235 -1.19673 0 0 255
0.15 0.3 0.933549 -1.08716 0 0 255
0.175 0.3 1.01155 -0.977247 0 0 255
0.2 0.3 1.08981 -0.882405 0 0 255
0.225 0.3 1.15762 -0.807863 0 0 255
0.25 0.3 1.21243 -0.751574 0 0 255
0.275 0.3 1.25553 -0.709482 0 0 255
0.3 0.3 1.28919 -0.677856 0 0 255
0.325 0.3 1.31557 -0.653825 0 0 255
0.35 0.3 1.33641 -0.635314 0 0 255
0.375 0.3 1.35303 -0.620854 0 0 255
0.4 0.3 1.36642 -0.609402 0 0 255
0.425 0.3 1.37733 -0.600214 0 0 255
0.45 0.3 1.3863 -0.592754 0 0 255
0.475 0.3 1.39374 -0.58663 0 0 255
0.5 0.3 1.39998 -0.581551 0 0 255
-0.5 0.275 -1.22104 -0.851027 0 0 255
-0.475 0.275 -1.2112 -0.857114 0 0 255
-0.45 0.275 -1.19953 -0.864416 0 0 255
-0.425 0.275 -1.18561 -0.873252 0 0 255
-0.4 0.275 -1.16887 -0.884042 0 0 255
-0.375 0.275 -1.1486 -0.897344 0 0 255
-0.35 0.275 -1.12388 -0.913902 0 0 255
-0.325 0.275 -1.09359 -0.934701 0 0 255
-0.3 0.275 -1.05632 -0.961038 0 0 255
-0.275 0.275 -1.01052 -0.994558 0 0 255
-0.25 0.275 -0.954692 -1.03721 0 0 255
-0.225 0.275 -0.888091 -1.09092 0 0 255
-0.2 0.275 -0.812095 -1.15668 0 0 255
-0.175 0.275 -0.732191 -1.2328 0 0 255
-0.15 0.275 -0.658783 -1.3129 0 0 255
-0.125 0.275 -0.602309 -1.38703 0 0 255
-0.1 0.275 -0.562407 -1.44737 0 0 255
-0.075 0.275 -0.387804 -1.27136 0 0 255
-0.05 0.275 -0.214681 -1.24969 0 0 255
-0.025 0.275 -0.041898 -1.2307 0 0 255
0 0.275 0.130759 -1.21201 0 0 255
0.025 0.275 0.303416 -1.19335 0 0 255
0.05 0.275 0.476198 -1.17498 0 0 255
0.075 0.275 0.64932 -1.15929 0 0 255
0.1 0.275 0.824009 -1.29823 0 0 255
0.125 0.275 0.856309 -1.23025 0 0 255
0.15 0.275 0.902107 -1.14541 0 0 255
0.175 0.275 0.962636 -1.0524 0 0 255
0.2 0.275 1.0294 -0.963152 0 0 255
0.225 0.275 1.09351 -0.885507 0 0 255
0.25 0.275 1.15009 -0.821789 0 0 255
0.275 0.275 1.19777 -0.771005 0 0 255
0.3 0.275 1.23705 -0.730983 0 0 255
0.325 0.275 1.26912 -0.699469 0 0 255
0.35 0.275 1.29527 -0.674538 0 0 255
0.375 0.275 1.31665 -0.654663 0 0 255
0.4 0.275 1.33423 -0.638678 0 0 255
0.425 0.275 1.34877 -0.625699 0 0 255
0.45 0.275 1.36089 -0.615063 0 0 255
0.475 0.275 1.37105 -0.606267 0 0 255
0.5 0.275 1.37964 -0.598931 0 0 255
-0.5 0.25 -1.19472 -0.868034 0 0 255
-0.475 0.25 -1.18204 -0.876232 0 0 255
-0.45 0.25 -1.16715 -0.885993 0 0 255
-0.425 0.25 -1.14959 -0.897693 0 0 255
-0.4 0.25 -1.12878 -0.911815 0 0 255
-0.375 0.25 -1.10402 -0.928971 0 0 255
-0.35 0.25 -1.07447 -0.94993 0 0 255
-0.325 0.25 -1.03921 -0.975644 0 0 255
-0.3 0.25 -0.997244 -1.00724 0 0 255
-0.275 0.25 -0.94775 -1.04594 0 0 255
-0.25 0.25 -0.890427 -1.09287 0 0 255
-0.225 0.25 -0.826163 -1.14853 0 0 255
-0.2 0.25 -0.757922 -1.21201 0 0 255
-0.175 0.25 -0.691354 -1.28 0 0 255
-0.15 0.25 -0.633855 -1.34646 0 0 255
-0.125 0.25 -0.590921 -1.40425 0 0 255
-0.1 0.25 -0.562407 -1.44737 0 0 255
-0.075 0.25 -0.387804 -1.27136 0 0 255
-0.05 0.25 -0.214681 -1.24969 0 0 255
-0.025 0.25 -0.041898 -1.2307 0 0 255
0 0.25 0.130759 -1.21201 0 0 255
0.025 0.25 0.303416 -1.19335 0 0 255
0.05 0.25 0.476198 -1.17498 0 0 255
0.075 0.25 0.64932 -1.15929 0 0 255
0.1 0.25 0.824009 -1.29823 0 0 255
0.125 0.25 0.847091 -1.24965 0 0 255
0.15 0.25 0.881897 -1.1837 0 0 255
0.175 0.25 0.929107 -1.10693 0 0 255
0.2 0.25 0.984403 -1.02766 0 0 255
0.225 0.25 1.0416 -0.953137 0 0 255
0.25 0.25 1.09584 -0.887463 0 0 255
0.275 0.25 1.14449 -0.831876 0 0 255
0.3 0.25 1.18668 -0.785883 0 0 255
0.325 0.25 1.22259 -0.748244 0 0 255
0.35 0.25 1.25286 -0.717547 0 0 255
0.375 0.25 1.27829 -0.692483 0 0 255
0.4 0.25 1.29965 -0.671939 0 0 255
0.425 0.25 1.31764 -0.655006 0 0 255
0.45 0.25 1.33284 -0.640962 0 0 255
0.475 0.25 1.34576 -0.629236 0 0 255
0.5 0.25 1.35678 -0.619379 0 0 255
-0.5 0.225 -1.16601 -0.887372 0 0 255
-0.475 0.225 -1.15052 -0.897804 0 0 255
-0.45 0.225 -1.13255 -0.910108 0 0 255
-0.425 0.225 -1.11162 -0.924689 0 0 255
-0.4 0.225 -1.08721 -0.942046 0 0 255
-0.375 0.225 -1.05871 -0.962775 0 0 255
-0.35 0.225 -1.02548 -0.987577 0 0 255
-0.325 0.225 -0.986874 -1.01724 0 0 255
-0.3 0.225 -0.94243 -1.05256 0 0 255
-0.275 0.225 -0.892042 -1.09422 0 0 255
-0.25 0.225 -0.836334 -1.14249 0 0 255
-0.225 0.225 -0.7771 -1.19683 0 0 255
-0.2 0.225 -0.717661 -1.25534 0 0 255
-0.175 0.225 -0.662715 -1.31448 0 0 255
-0.15 0.225 -0.617121 -1.36938 0 0 255
-0.125 0.225 -0.583745 -1.4151 0 0 255
-0.1 0.225 -0.562407 -1.44737 0 0 255
-0.075 0.225 -0.387804 -1.27136 0 0 255
-0.05 0.225 -0.214681 -1.24969 0 0 255
-0.025 0.225 -0.041898 -1.2307 0 0 255
0 0.225 0.130759 -1.21201 0 0 255
0.025 0.225 0.303416 -1.19335 0 0 255
0.05 0.225 0.476198 -1.17498 0 0 255
0.075 0.225 0.64932 -1.15929 0 0 255
0.1 0.225 0.824009 -1.29823 0 0 255
0.125 0.225 0.841282 -1.26188 0 0 255
0.15 0.225 0.868333 -1.20981 0 0 255
0.175 0.225 0.90566 -1.14662 0 0 255
0.2 0.225 0.951105 -1.07797 0 0 255
0.225 0.225 1.00068 -1.00958 0 0 255
0.25 0.225 1.05042 -0.945752 0 0 255
0.275 0.225 1.09746 -0.888814 0 0 255
0.3 0.225 1.14019 -0.839514 0 0 255
0.325 0.225 1.17803 -0.7976 0 0 255
0.35 0.225 1.21101 -0.762323 0 0 255
0.375 0.225 1.23948 -0.732767 0 0 255
0.4 0.225 1.26395 -0.708024 0 0 255
0.425 0.225 1.28496 -0.687277 0 0 255
0.45 0.225 1.303 -0.669824 0 0 255
0.475 0.225 1.31853 -0.655082 0 0 255
0.5 0.225 1.33193 -0.642572 0 0 255
-0.5 0.2 -1.13557 -0.908676 0 0 255
-0.475 0.2 -1.11746 -0.921346 0 0 255
-0.45 0.2 -1.0967 -0.93613 0 0 255
-0.425 0.2 -1.07287 -0.953427 0 0 255
-0.4 0.2 -1.04554 -0.973702 0 0 255
-0.375 0.2 -1.01423 -0.997476 0 0 255
-0.35 0.2 -0.978556 -1.02531 0 0 255
-0.325 0.2 -0.938225 -1.05774 0 0 255
-0.3 0.2 -0.893229 -1.09521 0 0 255
-0.275 0.2 -0.844028 -1.13786 0 0 255
-0.25 0.2 -0.791795 -1.18533 0 0 255
-0.225 0.2 -0.738629 -1.23647 0 0 255
-0.2 0.2 -0.687563 -1.28909 0 0 255
-0.175 0.2 -0.642142 -1.34003 0 0 255
-0.15 0.2 -0.605446 -1.38559 0 0 255
-0.125 0.2 -0.578941 -1.42237 0 0 255
-0.1 0.2 -0.562407 -1.44737 0 0 255
-0.075 0.2 -0.387804 -1.27136 0 0 255
-0.05 0.2 -0.214681 -1.24969 0 0 255
-0.025 0.2 -0.041898 -1.2307 0 0 255
0 0.2 0.130759 -1.21201 0 0 255
0.025 0.2 0.303416 -1.19335 0 0 255
0.05 0.2 0.476198 -1.17498 0 0 255
0.075 0.2 0.64932 -1.15929 0 0 255
0.1 0.2 0.824009 -1.29823 0 0 255
0.125 0.2 0.837393 -1.27006 0 0 255
0.15 0.2 0.858873 -1.22823 0 0 255
0.175 0.2 0.888852 -1.17594 0 0 255
0.2 0.2 0.926295 -1.11701 0 0 255
0.225 0.2 0.96872 -1.05574 0 0 255
0.25 0.2 1.01318 -0.995891 0 0 255
0.275 0.2 1.05709 -0.9401 0 0 255
0.3 0.2 1.09864 -0.889807 0 0 255
0.325 0.2 1.13679 -0.845502 0 0 255
0.35 0.2 1.1711 -0.807053 0 0 255
0.375 0.2 1.20153 -0.77399 0 0 255
0.4 0.2 1.2283 -0.745697 0 0 255
0.425 0.2 1.25174 -0.72153 0 0 255
0.45 0.2 1.27221 -0.700884 0 0 255
0.475 0.2 1.29008 -0.683217 0 0 255
0.5 0.2 1.30569 -0.668059 0 0 255
-0.5 0.175 -1.10407 -0.931508 0 0 255
-0.475 0.175 -1.08365 -0.946312 0 0 255
-0.45 0.175 -1.06052 -0.963383 0 0 255
-0.425 0.175 -1.03437 -0.983083 0 0 255
-0.4 0.175 -1.00487 -1.00581 0 0 255
-0.375 0.175 -0.971737 -1.03196 0 0 255
-0.35 0.175 -0.934817 -1.06192 0 0 255
-0.325 0.175 -0.894139 -1.09597 0 0 255
-0.3 0.175 -0.850054 -1.13419 0 0 255
-0.275 0.175 -0.803374 -1.17634 0 0 255
-0.25 0.175 -0.755502 -1.22166 0 0 255
-0.225 0.175 -0.708471 -1.26874 0 0 255
-0.2 0.175 -0.66479 -1.31548 0 0 255
-0.175 0.175 -0.627005 -1.35927 0 0 255
-0.15 0.175 -0.597029 -1.39738 0 0 255
-0.125 0.175 -0.575573 -1.42746 0 0 255
-0.1 0.175 -0.562407 -1.44737 0 0 255
-0.075 0.175 -0.387804 -1.27136 0 0 255
-0.05 0.175 -0.214681 -1.24969 0 0 255
-0.025 0.175 -0.041898 -1.2307 0 0 255
0 0.175 0.130759 -1.21201 0 0 255
0.025 0.175 0.303416 -1.19335 0 0 255
0.05 0.175 0.476198 -1.17498 0 0 255
0.075 0.175 0.64932 -1.15929 0 0 255
0.1 0.175 0.824009 -1.29823 0 0 255
0.125 0.175 0.834667 -1.2758 0 0 255
0.15 0.175 0.852052 -1.24163 0 0 255
0.175 0.175 0.876505 -1.19798 0 0 255
0.2 0.175 0.907571 -1.14746 0 0 255
0.225 0.175 0.943745 -1.0932 0 0 255
0.25 0.175 0.982935 -1.03828 0 0 255
0.275 0.175 1.02304 -0.985186 0 0 255
0.3 0.175 1.06231 -0.935636 0 0 255
0.325 0.175 1.09955 -0.890569 0 0 255
0.35 0.175 1.13403 -0.850325 0 0 255
0.375 0.175 1.16541 -0.814838 0 0 255
0.4 0.175 1.19364 -0.7838 0 0 255
0.425 0.175 1.21885 -0.756785 0 0 255
0.45 0.175 1.24124 -0.73333 0 0 255
0.475 0.175 1.26107 -0.712979 0 0 255
0.5 0.175 1.27862 -0.69531 0 0 255
-0.5 0.15 -1.07215 -0.955401 0 0 255
-0.475 0.15 -1.04979 -0.972142 0 0 255
-0.45 0.15 -1.0248 -0.991211 0 0 255
-0.425 0.15 -0.996944 -1.01291 0 0 255
-0.4 0.15 -0.966044 -1.03754 0 0 255
-0.375 0.15 -0.931999 -1.06536 0 0 255
-0.35 0.15 -0.894861 -1.09657 0 0 255
-0.325 0.15 -0.854905 -1.13122 0 0 255
-0.3 0.15 -0.812719 -1.16913 0 0 255
-0.275 0.15 -0.769285 -1.20977 0 0 255
-0.25 0.15 -0.726017 -1.2522 0 0 255
-0.225 0.15 -0.684704 -1.29499 0 0 255
-0.2 0.15 -0.647312 -1.33629 0 0 255
-0.175 0.15 -0.615618 -1.37403 0 0 255
-0.15 0.15 -0.590787 -1.40621 0 0 255
-0.125 0.15 -0.573125 -1.43117 0 0 255
-0.1 0.15 -0.562407 -1.44737 0 0 255
-0.075 0.15 -0.387804 -1.27136 0 0 255
-0.05 0.15 -0.214681 -1.24969 0 0 255
-0.025 0.15 -0.041898 -1.2307 0 0 255
0 0.15 0.130759 -1.21201 0 0 255
0.025 0.15 0.303416 -1.19335 0 0 255
0.05 0.15 0.476198 -1.17498 0 0 255
0.075 0.15 0.64932 -1.15929 0 0 255
0.1 0.15 0.824009 -1.29823 0 0 255
0.125 0.15 0.832685 -1.27997 0 0 255
0.15 0.15 0.846995 -1.25164 0 0 255
0.175 0.15 0.867227 -1.21485 0 0 255
0.2 0.15 0.893231 -1.17141 0 0 255
0.225 0.15 0.924115 -1.1236 0 0 255
0.25 0.15 0.958438 -1.07381 0 0 255
0.275 0.15 0.99457 -1.02424 0 0 255
0.3 0.15 1.031 -0.976592 0 0 255
0.325 0.15 1.06652 -0.932021 0 0 255
0.35 0.15 1.10027 -0.891173 0 0 255
0.375 0.15 1.13174 -0.854296 0 0 255
0.4 0.15 1.16066 -0.821359 0 0 255
0.425 0.15 1.18698 -0.792155 0 0 255
0.45 0.15 1.21075 -0.766384 0 0 255
0.475 0.15 1.23212 -0.743702 0 0 255
0.5 0.15 1.25128 -0.723765 0 0 255
-0.5 0.125 -1.04039 -0.979895 0 0 255
-0.475 0.125 -1.01651 -0.998312 0 0 255
-0.45 0.125 -0.99016 -1.01903 0 0 255
-0.425 0.125 -0.961218 -1.04227 0 0 255
-0.4 0.125 -0.929629 -1.06824 0 0 255
-0.375 0.125 -0.895448 -1.09706 0 0 255
-0.35 0.125 -0.858898 -1.12876 0 0 255
-0.325 0.125 -0.820417 -1.16321 0 0 255
-0.3 0.125 -0.780719 -1.20003 0 0 255
-0.275 0.125 -0.74082 -1.23856 0 0 255
-0.25 0.125 -0.702025 -1.2778 0 0 255
-0.225 0.125 -0.665822 -1.31642 0 0 255
-0.2 0.125 -0.6337 -1.35287 0 0 255
-0.175 0.125 -0.606877 -1.38553 0 0 255
-0.15 0.125 -0.586047 -1.41295 0 0 255
-0.125 0.125 -0.571292 -1.43394 0 0 255
-0.1 0.125 -0.562407 -1.44737 0 0 255
-0.075 0.125 -0.387804 -1.27136 0 0 255
-0.05 0.125 -0.214681 -1.24969 0 0 255
-0.025 0.125 -0.041898 -1.2307 0 0 255
0 0.125 0.130759 -1.21201 0 0 255
0.025 0.125 0.303416 -1.19335 0 0 255
0.05 0.125 0.476198 -1.17498 0 0 255
0.075 0.125 0.64932 -1.15929 0 0 255
0.1 0.125 0.824009 -1.29823 0 0 255
0.125 0.125 0.831201 -1.28309 0 0 255
0.15 0.125 0.843155 -1.25929 0 0 255
0.175 0.125 0.860112 -1.22799 0 0 255
0.2 0.125 0.882082 -1.19046 0 0 255
0.225 0.125 0.908554 -1.14835 0 0 255
0.25 0.125 0.938555 -1.10352 0 0 255
0.275 0.125 0.970864 -1.05779 0 0 255
0.3 0.125 1.00423 -1.01273 0 0 255
0.325 0.125 1.03756 -0.969543 0 0 255
0.35 0.125 1.06998 -0.929033 0 0 255
0.375 0.125 1.10086 -0.891665 0 0 255
0.4 0.125 1.12981 -0.857624 0 0 255
0.425 0.125 1.15664 -0.826901 0 0 255
0.45 0.125 1.18127 -0.799354 0 0 255
0.475 0.125 1.20374 -0.774764 0 0 255
0.5 0.125 1.22414 -0.752875 0 0 255
-0.5 0.1 -1.00926 -1.00457 0 0 255
-0.475 0.1 -0.984284 -1.02436 0 0 255
-0.45 0.1 -0.957075 -1.04635 0 0 255
-0.425 0.1 -0.927606 -1.07069 0 0 255
-0.4 0.1 -0.895936 -1.09747 0 0 255
-0.375 0.1 -0.862243 -1.1267 0 0 255
-0.35 0.1 -0.826866 -1.15827 0 0 255
-0.325 0.1 -0.79034 -1.19191 0 0 255
-0.3 0.1 -0.753417 -1.22715 0 0 255
-0.275 0.1 -0.717065 -1.26325 0 0 255
-0.25 0.1 -0.68242 -1.29926 0 0 255
-0.225 0.1 -0.65068 -1.33401 0 0 255
-0.2 0.1 -0.622949 -1.36621 0 0 255
-0.175 0.1 -0.600048 -1.39464 0 0 255
-0.15 0.1 -0.582371 -1.41821 0 0 255
-0.125 0.1 -0.569885 -1.43606 0 0 255
-0.1 0.1 -0.562407 -1.44737 0 0 255
-0.075 0.1 -0.387804 -1.27136 0 0 255
-0.05 0.1 -0.214681 -1.24969 0 0 255
-0.025 0.1 -0.041898 -1.2307 0 0 255
0 0.1 0.130759 -1.21201 0 0 255
0.025 0.1 0.303416 -1.19335 0 0 255
0.05 0.1 0.476198 -1.17498 0 0 255
0.075 0.1 0.64932 -1.15929 0 0 255
0.1 0.1 0.824009 -1.29823 0 0 255
0.125 0.1 0.830062 -1.28549 0 0 255
0.15 0.1 0.840177 -1.26525 0 0 255
0.175 0.1 0.854556 -1.23837 0 0 255
0.2 0.1 0.873288 -1.20577 0 0 255
0.225 0.1 0.896099 -1.16863 0 0 255
0.25 0.1 0.922344 -1.12838 0 0 255
0.275 0.1 0.951128 -1.0865 0 0 255
0.3 0.1 0.981457 -1.04437 0 0 255
0.325 0.1 1.01238 -1.00313 0 0 255
0.35 0.1 1.04307 -0.963655 0 0 255
0.375 0.1 1.07288 -0.92652 0 0 255
0.4 0.1 1.10135 -0.892072 0 0 255
0.425 0.1 1.12817 -0.860456 0 0 255
0.45 0.1 1.15319 -0.831671 0 0 255
0.475 0.1 1.17633 -0.805619 0 0 255
0.5 0.1 1.19762 -0.782138 0 0 255
-0.5 0.075 -0.979146 -1.02904 0 0 255
-0.475 0.075 -0.953478 -1.0499 0 0 255
-0.45 0.075 -0.92586 -1.0728 0 0 255
-0.425 0.075 -0.896347 -1.09781 0 0 255
-0.4 0.075 -0.865088 -1.12493 0 0 255
-0.375 0.075 -0.832349 -1.15408 0 0 255
-0.35 0.075 -0.79854 -1.18504 0 0 255
-0.325 0.075 -0.764233 -1.21747 0 0 255
-0.3 0.075 -0.730162 -1.25083 0 0 255
-0.275 0.075 -0.697202 -1.2844 0 0 255
-0.25 0.075 -0.666307 -1.3173 0 0 255
-0.225 0.075 -0.63842 -1.34854 0 0 255
-0.2 0.075 -0.614344 -1.37707 0 0 255
-0.175 0.075 -0.594625 -1.40195 0 0 255
-0.15 0.075 -0.579469 -1.42238 0 0 255
-0.125 0.075 -0.568783 -1.43773 0 0 255
-0.1 0.075 -0.562407 -1.44737 0 0 255
-0.075 0.075 -0.387804 -1.27136 0 0 255
-0.05 0.075 -0.214681 -1.24969 0 0 255
-0.025 0.075 -0.041898 -1.2307 0 0 255
0 0.075 0.130759 -1.21201 0 0 255
0.025 0.075 0.303416 -1.19335 0 0 255
0.05 0.075 0.476198 -1.17498 0 0 255
0.075 0.075 0.64932 -1.15929 0 0 255
0.1 0.075 0.824009 -1.29823 0 0 255
0.125 0.075 0.82917 -1.28737 0 0 255
0.15 0.075 0.837826 -1.26997 0 0 255
0.175 0.075 0.850147 -1.2467 0 0 255
0.2 0.075 0.866258 -1.2182 0 0 255
0.225 0.075 0.88603 -1.18536 0 0 255
0.25 0.075 0.909046 -1.14924 0 0 255
0.275 0.075 0.93466 -1.11106 0 0 255
0.3 0.075 0.962098 -1.07196 0 0 255
0.325 0.075 0.990564 -1.03299 0 0 255
0.35 0.075 1.01932 -0.995013 0 0 255
0.375 0.075 1.04774 -0.958662 0 0 255
0.4 0.075 1.07534 -0.924377 0 0 255
0.425 0.075 1.10176 -0.892417 0 0 255
0.45 0.075 1.12675 -0.862895 0 0 255
0.475 0.075 1.15019 -0.83582 0 0 255
0.5 0.075 1.17201 -0.811119 0 0 255
-0.5 0.05 -0.950325 -1.05302 0 0 255
-0.475 0.05 -0.924336 -1.07464 0 0 255
-0.45 0.05 -0.896699 -1.09811 0 0 255
-0.425 0.05 -0.867538 -1.12341 0 0 255
-0.4 0.05 -0.837067 -1.15048 0 0 255
-0.375 0.05 -0.805609 -1.17916 0 0 255
-0.35 0.05 -0.773605 -1.20918 0 0 255
-0.325 0.05 -0.741624 -1.24013 0 0 255
-0.3 0.05 -0.710347 -1.27148 0 0 255
-0.275 0.05 -0.680537 -1.30254 0 0 255
-0.25 0.05 -0.652977 -1.33254 0 0 255
-0.225 0.05 -0.628396 -1.36063 0 0 255
-0.2 0.05 -0.607372 -1.38599 0 0 255
-0.175 0.05 -0.590257 -1.40789 0 0 255
-0.15 0.05 -0.577142 -1.42573 0 0 255
-0.125 0.05 -0.567905 -1.43906 0 0 255
-0.1 0.05 -0.562407 -1.44737 0 0 255
-0.075 0.05 -0.387804 -1.27136 0 0 255
-0.05 0.05 -0.214681 -1.24969 0 0 255
-0.025 0.05 -0.041898 -1.2307 0 0 255
0 0.05 0.130759 -1.21201 0 0 255
0.025 0.05 0.303416 -1.19335 0 0 255
0.05 0.05 0.476198 -1.17498 0 0 255
0.075 0.05 0.64932 -1.15929 0 0 255
0.1 0.05 0.824009 -1.29823 0 0 255
0.125 0.05 0.82846 -1.28886 0 0 255
0.15 0.05 0.835941 -1.27377 0 0 255
0.175 0.05 0.846598 -1.25346 0 0 255
0.2 0.05 0.860567 -1.22841 0 0 255
0.225 0.05 0.877809 -1.19925 0 0 255
0.25 0.05 0.898063 -1.16683 0 0 255
0.275 0.05 0.920869 -1.13207 0 0 255
0.3 0.05 0.945636 -1.09596 0 0 255
0.325 0.05 0.971713 -1.05941 0 0 255
0.35 0.05 0.998464 -1.02323 0 0 255
0.375 0.05 1.02531 -0.988052 0 0 255
0.4 0.05 1.05177 -0.954374 0 0 255
0.425 0.05 1.07747 -0.922527 0 0 255
0.45 0.05 1.10211 -0.892711 0 0 255
0.475 0.05 1.12551 -0.865019 0 0 255
0.5 0.05 1.14756 -0.839461 0 0 255
-0.5 0.025 -0.922994 -1.07626 0 0 255
-0.475 0.025 -0.897004 -1.09836 0 0 255
-0.45 0.025 -0.869671 -1.12208 0 0 255
-0.425 0.025 -0.841172 -1.14735 0 0 255
-0.4 0.025 -0.811763 -1.17406 0 0 255
-0.375 0.025 -0.781793 -1.20199 0 0 255
-0.35 0.025 -0.75171 -1.23084 0 0 255
-0.325 0.025 -0.722053 -1.26017 0 0 255
-0.3 0.025 -0.693432 -1.28947 0 0 255
-0.275 0.025 -0.666494 -1.31813 0 0 255
-0.25 0.025 -0.641874 -1.34546 0 0 255
-0.225 0.025 -0.620125 -1.37076 0 0 255
-0.2 0.025 -0.601658 -1.39339 0 0 255
-0.175 0.025 -0.586694 -1.41278 0 0 255
-0.15 0.025 -0.57525 -1.42847 0 0 255
-0.125 0.025 -0.567194 -1.44013 0 0 255
-0.1 0.025 -0.562407 -1.44737 0 0 255
-0.075 0.025 -0.387804 -1.27136 0 0 255
-0.05 0.025 -0.214681 -1.24969 0 0 255
-0.025 0.025 -0.041898 -1.2307 0 0 255
0 0.025 0.130759 -1.21201 0 0 255
0.025 0.025 0.303416 -1.19335 0 0 255
0.05 0.025 0.476198 -1.17498 0 0 255
0.075 0.025 0.64932 -1.15929 0 0 255
0.1 0.025 0.824009 -1.29823 0 0 255
0.125 0.025 0.827884 -1.29007 0 0 255
0.15 0.025 0.834409 -1.27687 0 0 255
0.175 0.025 0.843704 -1.25902 0 0 255
0.2 0.025 0.855908 -1.23687 0 0 255
0.225 0.025 0.871034 -1.21089 0 0 255
0.25 0.025 0.888928 -1.18172 0 0 255
0.275 0.025 0.909268 -1.1501 0 0 255
0.3 0.025 0.931607 -1.11685 0 0 255
0.325 0.025 0.955426 -1.08274 0 0 255
0.35 0.025 0.980186 -1.0485 0 0 255
0.375 0.025 1.00537 -1.01476 0 0 255
0.4 0.025 1.03053 -0.98202 0 0 255
0.425 0.025 1.05528 -0.95065 0 0 255
0.45 0.025 1.07931 -0.920913 0 0 255
0.475 0.025 1.10241 -0.892966 0 0 255
0.5 0.025 1.12442 -0.866886 0 0 255
-0.5 0 -0.89727 -1.09858 0 0 255
-0.475 0 -0.871546 -1.1209 0 0 255
-0.45 0 -0.844776 -1.14461 0 0 255
-0.425 0 -0.817168 -1.1696 0 0 255
-0.4 0 -0.789003 -1.19571 0 0 255
-0.375 0 -0.760639 -1.22269 0 0 255
-0.35 0 -0.732507 -1.25021 0 0 255
-0.325 0 -0.705099 -1.27787 0 0 255
-0.3 0 -0.678951 -1.30517 0 0 255
-0.275 0 -0.654604 -1.33156 0 0 255
-0.25 0 -0.63256 -1.35647 0 0 255
-0.225 0 -0.613239 -1.37932 0 0 255
-0.2 0 -0.596928 -1.39959 0 0 255
-0.175 0 -0.583754 -1.41684 0 0 255
-0.15 0 -0.573693 -1.43073 0 0 255
-0.125 0 -0.566611 -1.44102 0 0 255
-0.1 0 -0.562407 -1.44737 0 0 255
-0.075 0 -0.387804 -1.27136 0 0 255
-0.05 0 -0.214681 -1.24969 0 0 255
-0.025 0 -0.041898 -1.2307 0 0 255
0 0 0.130759 -1.21201 0 0 255
0.025 0 0.303416 -1.19335 0 0 255
0.05 0 0.476198 -1.17498 0 0 255
0.075 0 0.64932 -1.15929 0 0 255
0.1 0 0.824009 -1.29823 0 0 255
0.125 0 0.827412 -1.29107 0 0 255
0.15 0 0.833148 -1.27943 0 0 255
0.175 0 0.841317 -1.26364 0 0 255
0.2 0 0.852052 -1.24394 0 0 255
0.225 0 0.8654 -1.2207 0 0 255
0.25 0 0.881275 -1.1944 0 0 255
0.275 0 0.899459 -1.16563 0 0 255
0.3 0 0.919618 -1.13504 0 0 255
0.325 0 0.941341 -1.10331 0 0 255
0.35 0 0.964182 -1.07108 0 0 255
0.375 0 0.987693 -1.03893 0 0 255
0.4 0 1.01146 -1.00736 0 0 255
0.425 0 1.03512 -0.976743 0 0 255
0.45 0 1.05836 -0.947386 0 0 255
0.475 0 1.08094 -0.919492 0 0 255
0.5 0 1.10268 -0.893189 0 0 255
